/*--------------------------------*- C++ -*----------------------------------*\
| =========                 |                                                 |
| \\      /  F ield         | OpenFOAM: The Open Source CFD Toolbox           |
|  \\    /   O peration     | Version:  2.3.0                                 |
|   \\  /    A nd           | Web:      www.OpenFOAM.org                      |
|    \\/     M anipulation  |                                                 |
\*---------------------------------------------------------------------------*/
FoamFile
{
    version     2.0;
    format      ascii;
    class       volScalarField;
    location    "9900/bottomAir";
    object      rho;
}
// * * * * * * * * * * * * * * * * * * * * * * * * * * * * * * * * * * * * * //

dimensions      [1 -3 0 0 0 0 0];

internalField   nonuniform List<scalar> 
4000
(
0.2890717
0.2891843
0.2893129
0.2892987
0.2892854
0.2892869
0.2892882
0.289288
0.2892878
0.2892878
0.2892878
0.2892877
0.2892877
0.2892876
0.2892876
0.2892875
0.2892875
0.2892875
0.2892874
0.2892874
0.2892873
0.2892873
0.2892872
0.2892872
0.2892871
0.2892871
0.2892871
0.289287
0.289287
0.2892869
0.2892869
0.2892868
0.2892868
0.2892868
0.2892867
0.2892867
0.2892866
0.2892866
0.2892865
0.2892865
0.2892864
0.2892864
0.2892864
0.2892863
0.2892863
0.2892862
0.2892862
0.2892861
0.2892861
0.289286
0.289286
0.289286
0.2892859
0.2892859
0.2892858
0.2892858
0.2892857
0.2892857
0.2892857
0.2892856
0.2892856
0.2892855
0.2892855
0.2892854
0.2892854
0.2892853
0.2892853
0.2892853
0.2892852
0.2892852
0.2892851
0.2892851
0.289285
0.289285
0.2892849
0.2892849
0.2892849
0.2892848
0.2892848
0.2892847
0.2892847
0.2892846
0.2892846
0.2892846
0.2892845
0.2892845
0.2892844
0.2892844
0.2892843
0.2892843
0.2892843
0.2892842
0.2892842
0.2892841
0.2892841
0.2892841
0.289284
0.289284
0.2892839
0.2892839
0.2890718
0.2891842
0.2893129
0.2892986
0.2892853
0.2892869
0.2892882
0.289288
0.2892878
0.2892877
0.2892877
0.2892877
0.2892876
0.2892876
0.2892875
0.2892875
0.2892875
0.2892874
0.2892874
0.2892873
0.2892873
0.2892872
0.2892872
0.2892872
0.2892871
0.2892871
0.289287
0.289287
0.2892869
0.2892869
0.2892869
0.2892868
0.2892868
0.2892867
0.2892867
0.2892866
0.2892866
0.2892866
0.2892865
0.2892865
0.2892864
0.2892864
0.2892863
0.2892863
0.2892862
0.2892862
0.2892862
0.2892861
0.2892861
0.289286
0.289286
0.2892859
0.2892859
0.2892858
0.2892858
0.2892858
0.2892857
0.2892857
0.2892856
0.2892856
0.2892855
0.2892855
0.2892854
0.2892854
0.2892854
0.2892853
0.2892853
0.2892852
0.2892852
0.2892851
0.2892851
0.2892851
0.289285
0.289285
0.2892849
0.2892849
0.2892848
0.2892848
0.2892847
0.2892847
0.2892847
0.2892846
0.2892846
0.2892845
0.2892845
0.2892844
0.2892844
0.2892844
0.2892843
0.2892843
0.2892842
0.2892842
0.2892841
0.2892841
0.2892841
0.289284
0.289284
0.2892839
0.2892839
0.2892839
0.2890718
0.2891842
0.2893129
0.2892986
0.2892853
0.2892869
0.2892882
0.289288
0.2892878
0.2892878
0.2892877
0.2892877
0.2892876
0.2892876
0.2892876
0.2892875
0.2892875
0.2892874
0.2892874
0.2892873
0.2892873
0.2892873
0.2892872
0.2892872
0.2892871
0.2892871
0.289287
0.289287
0.2892869
0.2892869
0.2892869
0.2892868
0.2892868
0.2892867
0.2892867
0.2892866
0.2892866
0.2892866
0.2892865
0.2892865
0.2892864
0.2892864
0.2892863
0.2892863
0.2892862
0.2892862
0.2892862
0.2892861
0.2892861
0.289286
0.289286
0.2892859
0.2892859
0.2892858
0.2892858
0.2892858
0.2892857
0.2892857
0.2892856
0.2892856
0.2892855
0.2892855
0.2892854
0.2892854
0.2892854
0.2892853
0.2892853
0.2892852
0.2892852
0.2892851
0.2892851
0.2892851
0.289285
0.289285
0.2892849
0.2892849
0.2892848
0.2892848
0.2892847
0.2892847
0.2892847
0.2892846
0.2892846
0.2892845
0.2892845
0.2892844
0.2892844
0.2892844
0.2892843
0.2892843
0.2892842
0.2892842
0.2892841
0.2892841
0.2892841
0.289284
0.289284
0.2892839
0.2892839
0.2892839
0.2890718
0.2891842
0.2893129
0.2892986
0.2892853
0.2892869
0.2892882
0.289288
0.2892878
0.2892878
0.2892877
0.2892877
0.2892876
0.2892876
0.2892876
0.2892875
0.2892875
0.2892874
0.2892874
0.2892873
0.2892873
0.2892873
0.2892872
0.2892872
0.2892871
0.2892871
0.289287
0.289287
0.2892869
0.2892869
0.2892869
0.2892868
0.2892868
0.2892867
0.2892867
0.2892866
0.2892866
0.2892866
0.2892865
0.2892865
0.2892864
0.2892864
0.2892863
0.2892863
0.2892862
0.2892862
0.2892862
0.2892861
0.2892861
0.289286
0.289286
0.2892859
0.2892859
0.2892858
0.2892858
0.2892858
0.2892857
0.2892857
0.2892856
0.2892856
0.2892855
0.2892855
0.2892854
0.2892854
0.2892854
0.2892853
0.2892853
0.2892852
0.2892852
0.2892851
0.2892851
0.2892851
0.289285
0.289285
0.2892849
0.2892849
0.2892848
0.2892848
0.2892847
0.2892847
0.2892847
0.2892846
0.2892846
0.2892845
0.2892845
0.2892844
0.2892844
0.2892844
0.2892843
0.2892843
0.2892842
0.2892842
0.2892842
0.2892841
0.2892841
0.289284
0.289284
0.2892839
0.2892839
0.2892839
0.2890718
0.2891842
0.2893129
0.2892986
0.2892853
0.2892869
0.2892882
0.289288
0.2892878
0.2892878
0.2892877
0.2892877
0.2892876
0.2892876
0.2892876
0.2892875
0.2892875
0.2892874
0.2892874
0.2892873
0.2892873
0.2892873
0.2892872
0.2892872
0.2892871
0.2892871
0.289287
0.289287
0.289287
0.2892869
0.2892869
0.2892868
0.2892868
0.2892867
0.2892867
0.2892866
0.2892866
0.2892866
0.2892865
0.2892865
0.2892864
0.2892864
0.2892863
0.2892863
0.2892862
0.2892862
0.2892862
0.2892861
0.2892861
0.289286
0.289286
0.2892859
0.2892859
0.2892858
0.2892858
0.2892858
0.2892857
0.2892857
0.2892856
0.2892856
0.2892855
0.2892855
0.2892854
0.2892854
0.2892854
0.2892853
0.2892853
0.2892852
0.2892852
0.2892851
0.2892851
0.2892851
0.289285
0.289285
0.2892849
0.2892849
0.2892848
0.2892848
0.2892847
0.2892847
0.2892847
0.2892846
0.2892846
0.2892845
0.2892845
0.2892844
0.2892844
0.2892844
0.2892843
0.2892843
0.2892842
0.2892842
0.2892842
0.2892841
0.2892841
0.289284
0.289284
0.2892839
0.2892839
0.2892839
0.2890719
0.2891842
0.2893129
0.2892986
0.2892853
0.2892869
0.2892882
0.289288
0.2892878
0.2892878
0.2892877
0.2892877
0.2892876
0.2892876
0.2892876
0.2892875
0.2892875
0.2892874
0.2892874
0.2892873
0.2892873
0.2892873
0.2892872
0.2892872
0.2892871
0.2892871
0.289287
0.289287
0.289287
0.2892869
0.2892869
0.2892868
0.2892868
0.2892867
0.2892867
0.2892866
0.2892866
0.2892866
0.2892865
0.2892865
0.2892864
0.2892864
0.2892863
0.2892863
0.2892862
0.2892862
0.2892862
0.2892861
0.2892861
0.289286
0.289286
0.2892859
0.2892859
0.2892858
0.2892858
0.2892858
0.2892857
0.2892857
0.2892856
0.2892856
0.2892855
0.2892855
0.2892855
0.2892854
0.2892854
0.2892853
0.2892853
0.2892852
0.2892852
0.2892851
0.2892851
0.2892851
0.289285
0.289285
0.2892849
0.2892849
0.2892848
0.2892848
0.2892847
0.2892847
0.2892847
0.2892846
0.2892846
0.2892845
0.2892845
0.2892844
0.2892844
0.2892844
0.2892843
0.2892843
0.2892842
0.2892842
0.2892842
0.2892841
0.2892841
0.289284
0.289284
0.2892839
0.2892839
0.2892839
0.2890719
0.2891842
0.2893129
0.2892986
0.2892853
0.2892869
0.2892882
0.289288
0.2892878
0.2892878
0.2892877
0.2892877
0.2892876
0.2892876
0.2892876
0.2892875
0.2892875
0.2892874
0.2892874
0.2892873
0.2892873
0.2892873
0.2892872
0.2892872
0.2892871
0.2892871
0.289287
0.289287
0.289287
0.2892869
0.2892869
0.2892868
0.2892868
0.2892867
0.2892867
0.2892866
0.2892866
0.2892866
0.2892865
0.2892865
0.2892864
0.2892864
0.2892863
0.2892863
0.2892862
0.2892862
0.2892862
0.2892861
0.2892861
0.289286
0.289286
0.2892859
0.2892859
0.2892858
0.2892858
0.2892858
0.2892857
0.2892857
0.2892856
0.2892856
0.2892855
0.2892855
0.2892855
0.2892854
0.2892854
0.2892853
0.2892853
0.2892852
0.2892852
0.2892851
0.2892851
0.2892851
0.289285
0.289285
0.2892849
0.2892849
0.2892848
0.2892848
0.2892847
0.2892847
0.2892847
0.2892846
0.2892846
0.2892845
0.2892845
0.2892844
0.2892844
0.2892844
0.2892843
0.2892843
0.2892842
0.2892842
0.2892842
0.2892841
0.2892841
0.289284
0.289284
0.2892839
0.2892839
0.2892839
0.2890719
0.2891842
0.2893129
0.2892986
0.2892853
0.2892869
0.2892882
0.289288
0.2892878
0.2892878
0.2892877
0.2892877
0.2892876
0.2892876
0.2892876
0.2892875
0.2892875
0.2892874
0.2892874
0.2892873
0.2892873
0.2892873
0.2892872
0.2892872
0.2892871
0.2892871
0.289287
0.289287
0.289287
0.2892869
0.2892869
0.2892868
0.2892868
0.2892867
0.2892867
0.2892866
0.2892866
0.2892866
0.2892865
0.2892865
0.2892864
0.2892864
0.2892863
0.2892863
0.2892862
0.2892862
0.2892862
0.2892861
0.2892861
0.289286
0.289286
0.2892859
0.2892859
0.2892858
0.2892858
0.2892858
0.2892857
0.2892857
0.2892856
0.2892856
0.2892855
0.2892855
0.2892855
0.2892854
0.2892854
0.2892853
0.2892853
0.2892852
0.2892852
0.2892851
0.2892851
0.2892851
0.289285
0.289285
0.2892849
0.2892849
0.2892848
0.2892848
0.2892847
0.2892847
0.2892847
0.2892846
0.2892846
0.2892845
0.2892845
0.2892844
0.2892844
0.2892844
0.2892843
0.2892843
0.2892842
0.2892842
0.2892842
0.2892841
0.2892841
0.289284
0.289284
0.2892839
0.2892839
0.2892839
0.2890719
0.2891842
0.2893129
0.2892986
0.2892853
0.2892869
0.2892882
0.289288
0.2892878
0.2892878
0.2892877
0.2892877
0.2892876
0.2892876
0.2892876
0.2892875
0.2892875
0.2892874
0.2892874
0.2892873
0.2892873
0.2892873
0.2892872
0.2892872
0.2892871
0.2892871
0.289287
0.289287
0.289287
0.2892869
0.2892869
0.2892868
0.2892868
0.2892867
0.2892867
0.2892866
0.2892866
0.2892866
0.2892865
0.2892865
0.2892864
0.2892864
0.2892863
0.2892863
0.2892862
0.2892862
0.2892862
0.2892861
0.2892861
0.289286
0.289286
0.2892859
0.2892859
0.2892858
0.2892858
0.2892858
0.2892857
0.2892857
0.2892856
0.2892856
0.2892855
0.2892855
0.2892855
0.2892854
0.2892854
0.2892853
0.2892853
0.2892852
0.2892852
0.2892851
0.2892851
0.2892851
0.289285
0.289285
0.2892849
0.2892849
0.2892848
0.2892848
0.2892847
0.2892847
0.2892847
0.2892846
0.2892846
0.2892845
0.2892845
0.2892844
0.2892844
0.2892844
0.2892843
0.2892843
0.2892842
0.2892842
0.2892841
0.2892841
0.2892841
0.289284
0.289284
0.2892839
0.2892839
0.2892839
0.2890719
0.2891842
0.2893129
0.2892986
0.2892853
0.2892869
0.2892882
0.289288
0.2892878
0.2892878
0.2892877
0.2892877
0.2892876
0.2892876
0.2892876
0.2892875
0.2892875
0.2892874
0.2892874
0.2892873
0.2892873
0.2892873
0.2892872
0.2892872
0.2892871
0.2892871
0.289287
0.289287
0.289287
0.2892869
0.2892869
0.2892868
0.2892868
0.2892867
0.2892867
0.2892866
0.2892866
0.2892866
0.2892865
0.2892865
0.2892864
0.2892864
0.2892863
0.2892863
0.2892862
0.2892862
0.2892862
0.2892861
0.2892861
0.289286
0.289286
0.2892859
0.2892859
0.2892859
0.2892858
0.2892858
0.2892857
0.2892857
0.2892856
0.2892856
0.2892855
0.2892855
0.2892855
0.2892854
0.2892854
0.2892853
0.2892853
0.2892852
0.2892852
0.2892851
0.2892851
0.2892851
0.289285
0.289285
0.2892849
0.2892849
0.2892848
0.2892848
0.2892847
0.2892847
0.2892847
0.2892846
0.2892846
0.2892845
0.2892845
0.2892844
0.2892844
0.2892844
0.2892843
0.2892843
0.2892842
0.2892842
0.2892841
0.2892841
0.2892841
0.289284
0.289284
0.2892839
0.2892839
0.2892839
0.2890719
0.2891842
0.2893129
0.2892986
0.2892853
0.2892869
0.2892882
0.289288
0.2892878
0.2892878
0.2892877
0.2892877
0.2892876
0.2892876
0.2892876
0.2892875
0.2892875
0.2892874
0.2892874
0.2892873
0.2892873
0.2892873
0.2892872
0.2892872
0.2892871
0.2892871
0.289287
0.289287
0.289287
0.2892869
0.2892869
0.2892868
0.2892868
0.2892867
0.2892867
0.2892866
0.2892866
0.2892866
0.2892865
0.2892865
0.2892864
0.2892864
0.2892863
0.2892863
0.2892862
0.2892862
0.2892862
0.2892861
0.2892861
0.289286
0.289286
0.2892859
0.2892859
0.2892859
0.2892858
0.2892858
0.2892857
0.2892857
0.2892856
0.2892856
0.2892855
0.2892855
0.2892855
0.2892854
0.2892854
0.2892853
0.2892853
0.2892852
0.2892852
0.2892851
0.2892851
0.2892851
0.289285
0.289285
0.2892849
0.2892849
0.2892848
0.2892848
0.2892847
0.2892847
0.2892847
0.2892846
0.2892846
0.2892845
0.2892845
0.2892844
0.2892844
0.2892844
0.2892843
0.2892843
0.2892842
0.2892842
0.2892841
0.2892841
0.2892841
0.289284
0.289284
0.2892839
0.2892839
0.2892839
0.2890719
0.2891842
0.2893129
0.2892986
0.2892853
0.2892869
0.2892882
0.289288
0.2892878
0.2892878
0.2892877
0.2892877
0.2892877
0.2892876
0.2892876
0.2892875
0.2892875
0.2892874
0.2892874
0.2892874
0.2892873
0.2892873
0.2892872
0.2892872
0.2892871
0.2892871
0.289287
0.289287
0.289287
0.2892869
0.2892869
0.2892868
0.2892868
0.2892867
0.2892867
0.2892866
0.2892866
0.2892866
0.2892865
0.2892865
0.2892864
0.2892864
0.2892863
0.2892863
0.2892863
0.2892862
0.2892862
0.2892861
0.2892861
0.289286
0.289286
0.2892859
0.2892859
0.2892859
0.2892858
0.2892858
0.2892857
0.2892857
0.2892856
0.2892856
0.2892855
0.2892855
0.2892855
0.2892854
0.2892854
0.2892853
0.2892853
0.2892852
0.2892852
0.2892851
0.2892851
0.2892851
0.289285
0.289285
0.2892849
0.2892849
0.2892848
0.2892848
0.2892847
0.2892847
0.2892847
0.2892846
0.2892846
0.2892845
0.2892845
0.2892844
0.2892844
0.2892844
0.2892843
0.2892843
0.2892842
0.2892842
0.2892841
0.2892841
0.2892841
0.289284
0.289284
0.2892839
0.2892839
0.2892839
0.2890719
0.2891842
0.2893129
0.2892986
0.2892853
0.2892869
0.2892882
0.289288
0.2892878
0.2892878
0.2892877
0.2892877
0.2892877
0.2892876
0.2892876
0.2892875
0.2892875
0.2892874
0.2892874
0.2892874
0.2892873
0.2892873
0.2892872
0.2892872
0.2892871
0.2892871
0.289287
0.289287
0.289287
0.2892869
0.2892869
0.2892868
0.2892868
0.2892867
0.2892867
0.2892866
0.2892866
0.2892866
0.2892865
0.2892865
0.2892864
0.2892864
0.2892863
0.2892863
0.2892863
0.2892862
0.2892862
0.2892861
0.2892861
0.289286
0.289286
0.2892859
0.2892859
0.2892859
0.2892858
0.2892858
0.2892857
0.2892857
0.2892856
0.2892856
0.2892855
0.2892855
0.2892855
0.2892854
0.2892854
0.2892853
0.2892853
0.2892852
0.2892852
0.2892851
0.2892851
0.2892851
0.289285
0.289285
0.2892849
0.2892849
0.2892848
0.2892848
0.2892847
0.2892847
0.2892847
0.2892846
0.2892846
0.2892845
0.2892845
0.2892844
0.2892844
0.2892844
0.2892843
0.2892843
0.2892842
0.2892842
0.2892841
0.2892841
0.2892841
0.289284
0.289284
0.2892839
0.2892839
0.2892839
0.2890719
0.2891842
0.2893129
0.2892987
0.2892853
0.2892869
0.2892882
0.289288
0.2892878
0.2892878
0.2892877
0.2892877
0.2892877
0.2892876
0.2892876
0.2892875
0.2892875
0.2892874
0.2892874
0.2892874
0.2892873
0.2892873
0.2892872
0.2892872
0.2892871
0.2892871
0.289287
0.289287
0.289287
0.2892869
0.2892869
0.2892868
0.2892868
0.2892867
0.2892867
0.2892867
0.2892866
0.2892866
0.2892865
0.2892865
0.2892864
0.2892864
0.2892863
0.2892863
0.2892863
0.2892862
0.2892862
0.2892861
0.2892861
0.289286
0.289286
0.2892859
0.2892859
0.2892859
0.2892858
0.2892858
0.2892857
0.2892857
0.2892856
0.2892856
0.2892855
0.2892855
0.2892855
0.2892854
0.2892854
0.2892853
0.2892853
0.2892852
0.2892852
0.2892851
0.2892851
0.2892851
0.289285
0.289285
0.2892849
0.2892849
0.2892848
0.2892848
0.2892847
0.2892847
0.2892847
0.2892846
0.2892846
0.2892845
0.2892845
0.2892844
0.2892844
0.2892844
0.2892843
0.2892843
0.2892842
0.2892842
0.2892841
0.2892841
0.2892841
0.289284
0.289284
0.2892839
0.2892839
0.2892839
0.2890719
0.2891842
0.2893129
0.2892987
0.2892853
0.2892869
0.2892882
0.289288
0.2892878
0.2892878
0.2892877
0.2892877
0.2892877
0.2892876
0.2892876
0.2892875
0.2892875
0.2892874
0.2892874
0.2892874
0.2892873
0.2892873
0.2892872
0.2892872
0.2892871
0.2892871
0.289287
0.289287
0.289287
0.2892869
0.2892869
0.2892868
0.2892868
0.2892867
0.2892867
0.2892867
0.2892866
0.2892866
0.2892865
0.2892865
0.2892864
0.2892864
0.2892863
0.2892863
0.2892863
0.2892862
0.2892862
0.2892861
0.2892861
0.289286
0.289286
0.2892859
0.2892859
0.2892859
0.2892858
0.2892858
0.2892857
0.2892857
0.2892856
0.2892856
0.2892855
0.2892855
0.2892855
0.2892854
0.2892854
0.2892853
0.2892853
0.2892852
0.2892852
0.2892851
0.2892851
0.2892851
0.289285
0.289285
0.2892849
0.2892849
0.2892848
0.2892848
0.2892847
0.2892847
0.2892847
0.2892846
0.2892846
0.2892845
0.2892845
0.2892844
0.2892844
0.2892844
0.2892843
0.2892843
0.2892842
0.2892842
0.2892841
0.2892841
0.2892841
0.289284
0.289284
0.2892839
0.2892839
0.2892839
0.2890719
0.2891842
0.2893129
0.2892987
0.2892853
0.2892869
0.2892882
0.289288
0.2892878
0.2892878
0.2892877
0.2892877
0.2892877
0.2892876
0.2892876
0.2892875
0.2892875
0.2892874
0.2892874
0.2892874
0.2892873
0.2892873
0.2892872
0.2892872
0.2892871
0.2892871
0.2892871
0.289287
0.289287
0.2892869
0.2892869
0.2892868
0.2892868
0.2892867
0.2892867
0.2892867
0.2892866
0.2892866
0.2892865
0.2892865
0.2892864
0.2892864
0.2892863
0.2892863
0.2892863
0.2892862
0.2892862
0.2892861
0.2892861
0.289286
0.289286
0.2892859
0.2892859
0.2892859
0.2892858
0.2892858
0.2892857
0.2892857
0.2892856
0.2892856
0.2892855
0.2892855
0.2892855
0.2892854
0.2892854
0.2892853
0.2892853
0.2892852
0.2892852
0.2892851
0.2892851
0.2892851
0.289285
0.289285
0.2892849
0.2892849
0.2892848
0.2892848
0.2892847
0.2892847
0.2892847
0.2892846
0.2892846
0.2892845
0.2892845
0.2892844
0.2892844
0.2892844
0.2892843
0.2892843
0.2892842
0.2892842
0.2892841
0.2892841
0.2892841
0.289284
0.289284
0.2892839
0.2892839
0.2892838
0.2890719
0.2891843
0.2893129
0.2892987
0.2892854
0.2892869
0.2892882
0.289288
0.2892878
0.2892878
0.2892878
0.2892877
0.2892877
0.2892876
0.2892876
0.2892875
0.2892875
0.2892874
0.2892874
0.2892874
0.2892873
0.2892873
0.2892872
0.2892872
0.2892871
0.2892871
0.2892871
0.289287
0.289287
0.2892869
0.2892869
0.2892868
0.2892868
0.2892867
0.2892867
0.2892867
0.2892866
0.2892866
0.2892865
0.2892865
0.2892864
0.2892864
0.2892863
0.2892863
0.2892863
0.2892862
0.2892862
0.2892861
0.2892861
0.289286
0.289286
0.2892859
0.2892859
0.2892859
0.2892858
0.2892858
0.2892857
0.2892857
0.2892856
0.2892856
0.2892855
0.2892855
0.2892855
0.2892854
0.2892854
0.2892853
0.2892853
0.2892852
0.2892852
0.2892851
0.2892851
0.2892851
0.289285
0.289285
0.2892849
0.2892849
0.2892848
0.2892848
0.2892847
0.2892847
0.2892847
0.2892846
0.2892846
0.2892845
0.2892845
0.2892844
0.2892844
0.2892844
0.2892843
0.2892843
0.2892842
0.2892842
0.2892841
0.2892841
0.2892841
0.289284
0.289284
0.2892839
0.2892839
0.2892838
0.2890719
0.2891843
0.2893129
0.2892987
0.2892854
0.2892869
0.2892882
0.289288
0.2892878
0.2892878
0.2892878
0.2892877
0.2892877
0.2892876
0.2892876
0.2892875
0.2892875
0.2892874
0.2892874
0.2892874
0.2892873
0.2892873
0.2892872
0.2892872
0.2892871
0.2892871
0.2892871
0.289287
0.289287
0.2892869
0.2892869
0.2892868
0.2892868
0.2892867
0.2892867
0.2892867
0.2892866
0.2892866
0.2892865
0.2892865
0.2892864
0.2892864
0.2892863
0.2892863
0.2892863
0.2892862
0.2892862
0.2892861
0.2892861
0.289286
0.289286
0.2892859
0.2892859
0.2892859
0.2892858
0.2892858
0.2892857
0.2892857
0.2892856
0.2892856
0.2892855
0.2892855
0.2892855
0.2892854
0.2892854
0.2892853
0.2892853
0.2892852
0.2892852
0.2892851
0.2892851
0.2892851
0.289285
0.289285
0.2892849
0.2892849
0.2892848
0.2892848
0.2892847
0.2892847
0.2892847
0.2892846
0.2892846
0.2892845
0.2892845
0.2892844
0.2892844
0.2892843
0.2892843
0.2892843
0.2892842
0.2892842
0.2892841
0.2892841
0.2892841
0.289284
0.289284
0.2892839
0.2892839
0.2892838
0.2890719
0.2891843
0.2893129
0.2892987
0.2892854
0.2892869
0.2892882
0.289288
0.2892878
0.2892878
0.2892878
0.2892877
0.2892877
0.2892876
0.2892876
0.2892875
0.2892875
0.2892875
0.2892874
0.2892874
0.2892873
0.2892873
0.2892872
0.2892872
0.2892871
0.2892871
0.2892871
0.289287
0.289287
0.2892869
0.2892869
0.2892868
0.2892868
0.2892867
0.2892867
0.2892867
0.2892866
0.2892866
0.2892865
0.2892865
0.2892864
0.2892864
0.2892863
0.2892863
0.2892863
0.2892862
0.2892862
0.2892861
0.2892861
0.289286
0.289286
0.2892859
0.2892859
0.2892859
0.2892858
0.2892858
0.2892857
0.2892857
0.2892856
0.2892856
0.2892855
0.2892855
0.2892855
0.2892854
0.2892854
0.2892853
0.2892853
0.2892852
0.2892852
0.2892851
0.2892851
0.2892851
0.289285
0.289285
0.2892849
0.2892849
0.2892848
0.2892848
0.2892847
0.2892847
0.2892847
0.2892846
0.2892846
0.2892845
0.2892845
0.2892844
0.2892844
0.2892843
0.2892843
0.2892843
0.2892842
0.2892842
0.2892841
0.2892841
0.289284
0.289284
0.289284
0.2892839
0.2892839
0.2892838
0.2890719
0.2891843
0.2893129
0.2892987
0.2892854
0.2892869
0.2892882
0.289288
0.2892878
0.2892878
0.2892878
0.2892877
0.2892877
0.2892876
0.2892876
0.2892875
0.2892875
0.2892875
0.2892874
0.2892874
0.2892873
0.2892873
0.2892872
0.2892872
0.2892871
0.2892871
0.2892871
0.289287
0.289287
0.2892869
0.2892869
0.2892868
0.2892868
0.2892867
0.2892867
0.2892867
0.2892866
0.2892866
0.2892865
0.2892865
0.2892864
0.2892864
0.2892863
0.2892863
0.2892863
0.2892862
0.2892862
0.2892861
0.2892861
0.289286
0.289286
0.2892859
0.2892859
0.2892859
0.2892858
0.2892858
0.2892857
0.2892857
0.2892856
0.2892856
0.2892855
0.2892855
0.2892855
0.2892854
0.2892854
0.2892853
0.2892853
0.2892852
0.2892852
0.2892851
0.2892851
0.2892851
0.289285
0.289285
0.2892849
0.2892849
0.2892848
0.2892848
0.2892847
0.2892847
0.2892847
0.2892846
0.2892846
0.2892845
0.2892845
0.2892844
0.2892844
0.2892843
0.2892843
0.2892843
0.2892842
0.2892842
0.2892841
0.2892841
0.289284
0.289284
0.289284
0.2892839
0.2892839
0.2892838
0.2890719
0.2891843
0.2893129
0.2892987
0.2892854
0.2892869
0.2892882
0.289288
0.2892878
0.2892878
0.2892878
0.2892877
0.2892877
0.2892876
0.2892876
0.2892875
0.2892875
0.2892875
0.2892874
0.2892874
0.2892873
0.2892873
0.2892872
0.2892872
0.2892871
0.2892871
0.2892871
0.289287
0.289287
0.2892869
0.2892869
0.2892868
0.2892868
0.2892867
0.2892867
0.2892867
0.2892866
0.2892866
0.2892865
0.2892865
0.2892864
0.2892864
0.2892863
0.2892863
0.2892863
0.2892862
0.2892862
0.2892861
0.2892861
0.289286
0.289286
0.2892859
0.2892859
0.2892859
0.2892858
0.2892858
0.2892857
0.2892857
0.2892856
0.2892856
0.2892855
0.2892855
0.2892855
0.2892854
0.2892854
0.2892853
0.2892853
0.2892852
0.2892852
0.2892851
0.2892851
0.2892851
0.289285
0.289285
0.2892849
0.2892849
0.2892848
0.2892848
0.2892847
0.2892847
0.2892847
0.2892846
0.2892846
0.2892845
0.2892845
0.2892844
0.2892844
0.2892843
0.2892843
0.2892843
0.2892842
0.2892842
0.2892841
0.2892841
0.289284
0.289284
0.289284
0.2892839
0.2892839
0.2892838
0.2890719
0.2891843
0.2893129
0.2892987
0.2892854
0.2892869
0.2892882
0.289288
0.2892878
0.2892878
0.2892878
0.2892877
0.2892877
0.2892876
0.2892876
0.2892875
0.2892875
0.2892875
0.2892874
0.2892874
0.2892873
0.2892873
0.2892872
0.2892872
0.2892871
0.2892871
0.2892871
0.289287
0.289287
0.2892869
0.2892869
0.2892868
0.2892868
0.2892867
0.2892867
0.2892867
0.2892866
0.2892866
0.2892865
0.2892865
0.2892864
0.2892864
0.2892863
0.2892863
0.2892863
0.2892862
0.2892862
0.2892861
0.2892861
0.289286
0.289286
0.2892859
0.2892859
0.2892859
0.2892858
0.2892858
0.2892857
0.2892857
0.2892856
0.2892856
0.2892855
0.2892855
0.2892855
0.2892854
0.2892854
0.2892853
0.2892853
0.2892852
0.2892852
0.2892851
0.2892851
0.2892851
0.289285
0.289285
0.2892849
0.2892849
0.2892848
0.2892848
0.2892847
0.2892847
0.2892847
0.2892846
0.2892846
0.2892845
0.2892845
0.2892844
0.2892844
0.2892843
0.2892843
0.2892843
0.2892842
0.2892842
0.2892841
0.2892841
0.289284
0.289284
0.289284
0.2892839
0.2892839
0.2892838
0.2890719
0.2891843
0.2893129
0.2892987
0.2892854
0.2892869
0.2892882
0.289288
0.2892878
0.2892878
0.2892878
0.2892877
0.2892877
0.2892876
0.2892876
0.2892876
0.2892875
0.2892875
0.2892874
0.2892874
0.2892873
0.2892873
0.2892872
0.2892872
0.2892872
0.2892871
0.2892871
0.289287
0.289287
0.2892869
0.2892869
0.2892868
0.2892868
0.2892868
0.2892867
0.2892867
0.2892866
0.2892866
0.2892865
0.2892865
0.2892864
0.2892864
0.2892863
0.2892863
0.2892863
0.2892862
0.2892862
0.2892861
0.2892861
0.289286
0.289286
0.2892859
0.2892859
0.2892859
0.2892858
0.2892858
0.2892857
0.2892857
0.2892856
0.2892856
0.2892855
0.2892855
0.2892855
0.2892854
0.2892854
0.2892853
0.2892853
0.2892852
0.2892852
0.2892851
0.2892851
0.2892851
0.289285
0.289285
0.2892849
0.2892849
0.2892848
0.2892848
0.2892847
0.2892847
0.2892847
0.2892846
0.2892846
0.2892845
0.2892845
0.2892844
0.2892844
0.2892843
0.2892843
0.2892843
0.2892842
0.2892842
0.2892841
0.2892841
0.289284
0.289284
0.2892839
0.2892839
0.2892839
0.2892838
0.289072
0.2891843
0.2893129
0.2892987
0.2892854
0.2892869
0.2892882
0.289288
0.2892878
0.2892878
0.2892878
0.2892877
0.2892877
0.2892876
0.2892876
0.2892876
0.2892875
0.2892875
0.2892874
0.2892874
0.2892873
0.2892873
0.2892872
0.2892872
0.2892872
0.2892871
0.2892871
0.289287
0.289287
0.2892869
0.2892869
0.2892868
0.2892868
0.2892868
0.2892867
0.2892867
0.2892866
0.2892866
0.2892865
0.2892865
0.2892864
0.2892864
0.2892864
0.2892863
0.2892863
0.2892862
0.2892862
0.2892861
0.2892861
0.289286
0.289286
0.2892859
0.2892859
0.2892859
0.2892858
0.2892858
0.2892857
0.2892857
0.2892856
0.2892856
0.2892855
0.2892855
0.2892855
0.2892854
0.2892854
0.2892853
0.2892853
0.2892852
0.2892852
0.2892851
0.2892851
0.2892851
0.289285
0.289285
0.2892849
0.2892849
0.2892848
0.2892848
0.2892847
0.2892847
0.2892847
0.2892846
0.2892846
0.2892845
0.2892845
0.2892844
0.2892844
0.2892843
0.2892843
0.2892842
0.2892842
0.2892842
0.2892841
0.2892841
0.289284
0.289284
0.2892839
0.2892839
0.2892839
0.2892838
0.289072
0.2891843
0.2893129
0.2892987
0.2892854
0.2892869
0.2892882
0.289288
0.2892878
0.2892878
0.2892878
0.2892877
0.2892877
0.2892876
0.2892876
0.2892876
0.2892875
0.2892875
0.2892874
0.2892874
0.2892873
0.2892873
0.2892872
0.2892872
0.2892872
0.2892871
0.2892871
0.289287
0.289287
0.2892869
0.2892869
0.2892868
0.2892868
0.2892868
0.2892867
0.2892867
0.2892866
0.2892866
0.2892865
0.2892865
0.2892864
0.2892864
0.2892864
0.2892863
0.2892863
0.2892862
0.2892862
0.2892861
0.2892861
0.289286
0.289286
0.2892859
0.2892859
0.2892859
0.2892858
0.2892858
0.2892857
0.2892857
0.2892856
0.2892856
0.2892855
0.2892855
0.2892855
0.2892854
0.2892854
0.2892853
0.2892853
0.2892852
0.2892852
0.2892851
0.2892851
0.2892851
0.289285
0.289285
0.2892849
0.2892849
0.2892848
0.2892848
0.2892847
0.2892847
0.2892846
0.2892846
0.2892846
0.2892845
0.2892845
0.2892844
0.2892844
0.2892843
0.2892843
0.2892842
0.2892842
0.2892842
0.2892841
0.2892841
0.289284
0.289284
0.2892839
0.2892839
0.2892839
0.2892838
0.289072
0.2891843
0.2893129
0.2892987
0.2892854
0.2892869
0.2892882
0.289288
0.2892878
0.2892878
0.2892878
0.2892877
0.2892877
0.2892877
0.2892876
0.2892876
0.2892875
0.2892875
0.2892874
0.2892874
0.2892873
0.2892873
0.2892872
0.2892872
0.2892872
0.2892871
0.2892871
0.289287
0.289287
0.2892869
0.2892869
0.2892868
0.2892868
0.2892868
0.2892867
0.2892867
0.2892866
0.2892866
0.2892865
0.2892865
0.2892864
0.2892864
0.2892864
0.2892863
0.2892863
0.2892862
0.2892862
0.2892861
0.2892861
0.289286
0.289286
0.289286
0.2892859
0.2892859
0.2892858
0.2892858
0.2892857
0.2892857
0.2892856
0.2892856
0.2892855
0.2892855
0.2892855
0.2892854
0.2892854
0.2892853
0.2892853
0.2892852
0.2892852
0.2892851
0.2892851
0.2892851
0.289285
0.289285
0.2892849
0.2892849
0.2892848
0.2892848
0.2892847
0.2892847
0.2892846
0.2892846
0.2892846
0.2892845
0.2892845
0.2892844
0.2892844
0.2892843
0.2892843
0.2892842
0.2892842
0.2892842
0.2892841
0.2892841
0.289284
0.289284
0.2892839
0.2892839
0.2892839
0.2892838
0.289072
0.2891843
0.2893129
0.2892987
0.2892854
0.2892869
0.2892883
0.289288
0.2892879
0.2892878
0.2892878
0.2892877
0.2892877
0.2892877
0.2892876
0.2892876
0.2892875
0.2892875
0.2892874
0.2892874
0.2892873
0.2892873
0.2892873
0.2892872
0.2892872
0.2892871
0.2892871
0.289287
0.289287
0.2892869
0.2892869
0.2892868
0.2892868
0.2892868
0.2892867
0.2892867
0.2892866
0.2892866
0.2892865
0.2892865
0.2892864
0.2892864
0.2892864
0.2892863
0.2892863
0.2892862
0.2892862
0.2892861
0.2892861
0.289286
0.289286
0.289286
0.2892859
0.2892859
0.2892858
0.2892858
0.2892857
0.2892857
0.2892856
0.2892856
0.2892855
0.2892855
0.2892855
0.2892854
0.2892854
0.2892853
0.2892853
0.2892852
0.2892852
0.2892851
0.2892851
0.2892851
0.289285
0.289285
0.2892849
0.2892849
0.2892848
0.2892848
0.2892847
0.2892847
0.2892846
0.2892846
0.2892846
0.2892845
0.2892845
0.2892844
0.2892844
0.2892843
0.2892843
0.2892842
0.2892842
0.2892842
0.2892841
0.2892841
0.289284
0.289284
0.2892839
0.2892839
0.2892838
0.2892838
0.289072
0.2891843
0.289313
0.2892987
0.2892854
0.2892869
0.2892883
0.289288
0.2892879
0.2892878
0.2892878
0.2892878
0.2892877
0.2892877
0.2892876
0.2892876
0.2892875
0.2892875
0.2892874
0.2892874
0.2892873
0.2892873
0.2892873
0.2892872
0.2892872
0.2892871
0.2892871
0.289287
0.289287
0.2892869
0.2892869
0.2892869
0.2892868
0.2892868
0.2892867
0.2892867
0.2892866
0.2892866
0.2892865
0.2892865
0.2892864
0.2892864
0.2892864
0.2892863
0.2892863
0.2892862
0.2892862
0.2892861
0.2892861
0.289286
0.289286
0.289286
0.2892859
0.2892859
0.2892858
0.2892858
0.2892857
0.2892857
0.2892856
0.2892856
0.2892856
0.2892855
0.2892855
0.2892854
0.2892854
0.2892853
0.2892853
0.2892852
0.2892852
0.2892851
0.2892851
0.2892851
0.289285
0.289285
0.2892849
0.2892849
0.2892848
0.2892848
0.2892847
0.2892847
0.2892846
0.2892846
0.2892846
0.2892845
0.2892845
0.2892844
0.2892844
0.2892843
0.2892843
0.2892842
0.2892842
0.2892841
0.2892841
0.2892841
0.289284
0.289284
0.2892839
0.2892839
0.2892838
0.2892838
0.289072
0.2891844
0.289313
0.2892987
0.2892854
0.289287
0.2892883
0.289288
0.2892879
0.2892878
0.2892878
0.2892878
0.2892877
0.2892877
0.2892876
0.2892876
0.2892875
0.2892875
0.2892874
0.2892874
0.2892873
0.2892873
0.2892873
0.2892872
0.2892872
0.2892871
0.2892871
0.289287
0.289287
0.2892869
0.2892869
0.2892869
0.2892868
0.2892868
0.2892867
0.2892867
0.2892866
0.2892866
0.2892865
0.2892865
0.2892864
0.2892864
0.2892864
0.2892863
0.2892863
0.2892862
0.2892862
0.2892861
0.2892861
0.289286
0.289286
0.289286
0.2892859
0.2892859
0.2892858
0.2892858
0.2892857
0.2892857
0.2892856
0.2892856
0.2892856
0.2892855
0.2892855
0.2892854
0.2892854
0.2892853
0.2892853
0.2892852
0.2892852
0.2892851
0.2892851
0.2892851
0.289285
0.289285
0.2892849
0.2892849
0.2892848
0.2892848
0.2892847
0.2892847
0.2892846
0.2892846
0.2892846
0.2892845
0.2892845
0.2892844
0.2892844
0.2892843
0.2892843
0.2892842
0.2892842
0.2892841
0.2892841
0.2892841
0.289284
0.289284
0.2892839
0.2892839
0.2892838
0.2892838
0.289072
0.2891844
0.289313
0.2892987
0.2892854
0.289287
0.2892883
0.2892881
0.2892879
0.2892878
0.2892878
0.2892878
0.2892877
0.2892877
0.2892876
0.2892876
0.2892875
0.2892875
0.2892874
0.2892874
0.2892874
0.2892873
0.2892873
0.2892872
0.2892872
0.2892871
0.2892871
0.289287
0.289287
0.2892869
0.2892869
0.2892869
0.2892868
0.2892868
0.2892867
0.2892867
0.2892866
0.2892866
0.2892865
0.2892865
0.2892865
0.2892864
0.2892864
0.2892863
0.2892863
0.2892862
0.2892862
0.2892861
0.2892861
0.289286
0.289286
0.289286
0.2892859
0.2892859
0.2892858
0.2892858
0.2892857
0.2892857
0.2892856
0.2892856
0.2892856
0.2892855
0.2892855
0.2892854
0.2892854
0.2892853
0.2892853
0.2892852
0.2892852
0.2892851
0.2892851
0.2892851
0.289285
0.289285
0.2892849
0.2892849
0.2892848
0.2892848
0.2892847
0.2892847
0.2892846
0.2892846
0.2892846
0.2892845
0.2892845
0.2892844
0.2892844
0.2892843
0.2892843
0.2892842
0.2892842
0.2892841
0.2892841
0.2892841
0.289284
0.289284
0.2892839
0.2892839
0.2892838
0.2892838
0.289072
0.2891844
0.289313
0.2892988
0.2892854
0.289287
0.2892883
0.2892881
0.2892879
0.2892879
0.2892878
0.2892878
0.2892877
0.2892877
0.2892876
0.2892876
0.2892875
0.2892875
0.2892874
0.2892874
0.2892874
0.2892873
0.2892873
0.2892872
0.2892872
0.2892871
0.2892871
0.289287
0.289287
0.2892869
0.2892869
0.2892869
0.2892868
0.2892868
0.2892867
0.2892867
0.2892866
0.2892866
0.2892865
0.2892865
0.2892865
0.2892864
0.2892864
0.2892863
0.2892863
0.2892862
0.2892862
0.2892861
0.2892861
0.289286
0.289286
0.289286
0.2892859
0.2892859
0.2892858
0.2892858
0.2892857
0.2892857
0.2892856
0.2892856
0.2892856
0.2892855
0.2892855
0.2892854
0.2892854
0.2892853
0.2892853
0.2892852
0.2892852
0.2892851
0.2892851
0.2892851
0.289285
0.289285
0.2892849
0.2892849
0.2892848
0.2892848
0.2892847
0.2892847
0.2892846
0.2892846
0.2892846
0.2892845
0.2892845
0.2892844
0.2892844
0.2892843
0.2892843
0.2892842
0.2892842
0.2892841
0.2892841
0.289284
0.289284
0.289284
0.2892839
0.2892839
0.2892838
0.2892838
0.2890721
0.2891844
0.289313
0.2892988
0.2892855
0.289287
0.2892883
0.2892881
0.2892879
0.2892879
0.2892878
0.2892878
0.2892877
0.2892877
0.2892876
0.2892876
0.2892875
0.2892875
0.2892875
0.2892874
0.2892874
0.2892873
0.2892873
0.2892872
0.2892872
0.2892871
0.2892871
0.289287
0.289287
0.289287
0.2892869
0.2892869
0.2892868
0.2892868
0.2892867
0.2892867
0.2892866
0.2892866
0.2892865
0.2892865
0.2892865
0.2892864
0.2892864
0.2892863
0.2892863
0.2892862
0.2892862
0.2892861
0.2892861
0.2892861
0.289286
0.289286
0.2892859
0.2892859
0.2892858
0.2892858
0.2892857
0.2892857
0.2892856
0.2892856
0.2892856
0.2892855
0.2892855
0.2892854
0.2892854
0.2892853
0.2892853
0.2892852
0.2892852
0.2892852
0.2892851
0.2892851
0.289285
0.289285
0.2892849
0.2892849
0.2892848
0.2892848
0.2892847
0.2892847
0.2892846
0.2892846
0.2892846
0.2892845
0.2892845
0.2892844
0.2892844
0.2892843
0.2892843
0.2892842
0.2892842
0.2892841
0.2892841
0.289284
0.289284
0.2892839
0.2892839
0.2892839
0.2892838
0.2892838
0.2890721
0.2891844
0.289313
0.2892988
0.2892855
0.289287
0.2892883
0.2892881
0.2892879
0.2892879
0.2892878
0.2892878
0.2892877
0.2892877
0.2892876
0.2892876
0.2892875
0.2892875
0.2892875
0.2892874
0.2892874
0.2892873
0.2892873
0.2892872
0.2892872
0.2892871
0.2892871
0.289287
0.289287
0.289287
0.2892869
0.2892869
0.2892868
0.2892868
0.2892867
0.2892867
0.2892866
0.2892866
0.2892865
0.2892865
0.2892865
0.2892864
0.2892864
0.2892863
0.2892863
0.2892862
0.2892862
0.2892861
0.2892861
0.2892861
0.289286
0.289286
0.2892859
0.2892859
0.2892858
0.2892858
0.2892857
0.2892857
0.2892856
0.2892856
0.2892856
0.2892855
0.2892855
0.2892854
0.2892854
0.2892853
0.2892853
0.2892852
0.2892852
0.2892852
0.2892851
0.2892851
0.289285
0.289285
0.2892849
0.2892849
0.2892848
0.2892848
0.2892847
0.2892847
0.2892847
0.2892846
0.2892846
0.2892845
0.2892845
0.2892844
0.2892844
0.2892843
0.2892843
0.2892842
0.2892842
0.2892841
0.2892841
0.289284
0.289284
0.2892839
0.2892839
0.2892838
0.2892838
0.2892838
0.2890721
0.2891844
0.289313
0.2892988
0.2892855
0.289287
0.2892883
0.2892881
0.2892879
0.2892879
0.2892878
0.2892878
0.2892877
0.2892877
0.2892876
0.2892876
0.2892876
0.2892875
0.2892875
0.2892874
0.2892874
0.2892873
0.2892873
0.2892872
0.2892872
0.2892871
0.2892871
0.289287
0.289287
0.289287
0.2892869
0.2892869
0.2892868
0.2892868
0.2892867
0.2892867
0.2892866
0.2892866
0.2892866
0.2892865
0.2892865
0.2892864
0.2892864
0.2892863
0.2892863
0.2892862
0.2892862
0.2892861
0.2892861
0.2892861
0.289286
0.289286
0.2892859
0.2892859
0.2892858
0.2892858
0.2892857
0.2892857
0.2892857
0.2892856
0.2892856
0.2892855
0.2892855
0.2892854
0.2892854
0.2892853
0.2892853
0.2892852
0.2892852
0.2892852
0.2892851
0.2892851
0.289285
0.289285
0.2892849
0.2892849
0.2892848
0.2892848
0.2892847
0.2892847
0.2892847
0.2892846
0.2892846
0.2892845
0.2892845
0.2892844
0.2892844
0.2892843
0.2892843
0.2892842
0.2892842
0.2892841
0.2892841
0.289284
0.289284
0.2892839
0.2892839
0.2892838
0.2892838
0.2892837
0.2890721
0.2891845
0.289313
0.2892988
0.2892855
0.289287
0.2892883
0.2892881
0.2892879
0.2892879
0.2892878
0.2892878
0.2892877
0.2892877
0.2892877
0.2892876
0.2892876
0.2892875
0.2892875
0.2892874
0.2892874
0.2892873
0.2892873
0.2892872
0.2892872
0.2892871
0.2892871
0.2892871
0.289287
0.289287
0.2892869
0.2892869
0.2892868
0.2892868
0.2892867
0.2892867
0.2892866
0.2892866
0.2892866
0.2892865
0.2892865
0.2892864
0.2892864
0.2892863
0.2892863
0.2892862
0.2892862
0.2892862
0.2892861
0.2892861
0.289286
0.289286
0.2892859
0.2892859
0.2892858
0.2892858
0.2892857
0.2892857
0.2892857
0.2892856
0.2892856
0.2892855
0.2892855
0.2892854
0.2892854
0.2892853
0.2892853
0.2892853
0.2892852
0.2892852
0.2892851
0.2892851
0.289285
0.289285
0.2892849
0.2892849
0.2892848
0.2892848
0.2892847
0.2892847
0.2892847
0.2892846
0.2892846
0.2892845
0.2892845
0.2892844
0.2892844
0.2892843
0.2892843
0.2892842
0.2892842
0.2892841
0.2892841
0.289284
0.289284
0.2892839
0.2892839
0.2892838
0.2892838
0.2892837
0.2890722
0.2891845
0.2893131
0.2892988
0.2892855
0.289287
0.2892883
0.2892881
0.2892879
0.2892879
0.2892879
0.2892878
0.2892878
0.2892877
0.2892877
0.2892876
0.2892876
0.2892875
0.2892875
0.2892874
0.2892874
0.2892873
0.2892873
0.2892872
0.2892872
0.2892871
0.2892871
0.2892871
0.289287
0.289287
0.2892869
0.2892869
0.2892868
0.2892868
0.2892867
0.2892867
0.2892866
0.2892866
0.2892866
0.2892865
0.2892865
0.2892864
0.2892864
0.2892863
0.2892863
0.2892862
0.2892862
0.2892862
0.2892861
0.2892861
0.289286
0.289286
0.2892859
0.2892859
0.2892858
0.2892858
0.2892857
0.2892857
0.2892857
0.2892856
0.2892856
0.2892855
0.2892855
0.2892854
0.2892854
0.2892853
0.2892853
0.2892853
0.2892852
0.2892852
0.2892851
0.2892851
0.289285
0.289285
0.2892849
0.2892849
0.2892848
0.2892848
0.2892848
0.2892847
0.2892847
0.2892846
0.2892846
0.2892845
0.2892845
0.2892844
0.2892844
0.2892843
0.2892843
0.2892842
0.2892842
0.2892841
0.2892841
0.289284
0.289284
0.2892839
0.2892839
0.2892838
0.2892838
0.2892837
0.2890722
0.2891845
0.2893131
0.2892988
0.2892855
0.289287
0.2892883
0.2892881
0.2892879
0.2892879
0.2892879
0.2892878
0.2892878
0.2892877
0.2892877
0.2892876
0.2892876
0.2892875
0.2892875
0.2892874
0.2892874
0.2892873
0.2892873
0.2892872
0.2892872
0.2892872
0.2892871
0.2892871
0.289287
0.289287
0.2892869
0.2892869
0.2892868
0.2892868
0.2892867
0.2892867
0.2892867
0.2892866
0.2892866
0.2892865
0.2892865
0.2892864
0.2892864
0.2892863
0.2892863
0.2892862
0.2892862
0.2892862
0.2892861
0.2892861
0.289286
0.289286
0.2892859
0.2892859
0.2892858
0.2892858
0.2892858
0.2892857
0.2892857
0.2892856
0.2892856
0.2892855
0.2892855
0.2892854
0.2892854
0.2892854
0.2892853
0.2892853
0.2892852
0.2892852
0.2892851
0.2892851
0.289285
0.289285
0.2892849
0.2892849
0.2892848
0.2892848
0.2892848
0.2892847
0.2892847
0.2892846
0.2892846
0.2892845
0.2892845
0.2892844
0.2892844
0.2892843
0.2892843
0.2892842
0.2892842
0.2892841
0.2892841
0.289284
0.289284
0.2892839
0.2892839
0.2892838
0.2892838
0.2892837
0.2890723
0.2891846
0.2893131
0.2892989
0.2892855
0.2892871
0.2892884
0.2892881
0.2892879
0.2892879
0.2892879
0.2892878
0.2892878
0.2892877
0.2892877
0.2892876
0.2892876
0.2892875
0.2892875
0.2892874
0.2892874
0.2892873
0.2892873
0.2892873
0.2892872
0.2892872
0.2892871
0.2892871
0.289287
0.289287
0.2892869
0.2892869
0.2892868
0.2892868
0.2892868
0.2892867
0.2892867
0.2892866
0.2892866
0.2892865
0.2892865
0.2892864
0.2892864
0.2892863
0.2892863
0.2892863
0.2892862
0.2892862
0.2892861
0.2892861
0.289286
0.289286
0.2892859
0.2892859
0.2892859
0.2892858
0.2892858
0.2892857
0.2892857
0.2892856
0.2892856
0.2892855
0.2892855
0.2892854
0.2892854
0.2892854
0.2892853
0.2892853
0.2892852
0.2892852
0.2892851
0.2892851
0.289285
0.289285
0.2892849
0.2892849
0.2892849
0.2892848
0.2892848
0.2892847
0.2892847
0.2892846
0.2892846
0.2892845
0.2892845
0.2892844
0.2892844
0.2892843
0.2892843
0.2892842
0.2892842
0.2892841
0.2892841
0.289284
0.289284
0.2892839
0.2892838
0.2892838
0.2892837
0.2892837
0.2890722
0.2891847
0.2893132
0.2892989
0.2892856
0.2892871
0.2892884
0.2892882
0.289288
0.289288
0.2892879
0.2892879
0.2892878
0.2892878
0.2892877
0.2892877
0.2892876
0.2892876
0.2892875
0.2892875
0.2892874
0.2892874
0.2892873
0.2892873
0.2892872
0.2892872
0.2892871
0.2892871
0.289287
0.289287
0.2892869
0.2892869
0.2892869
0.2892868
0.2892868
0.2892867
0.2892867
0.2892866
0.2892866
0.2892865
0.2892865
0.2892864
0.2892864
0.2892863
0.2892863
0.2892862
0.2892862
0.2892861
0.2892861
0.289286
0.289286
0.2892859
0.2892859
0.2892858
0.2892858
0.2892857
0.2892857
0.2892856
0.2892856
0.2892855
0.2892855
0.2892854
0.2892854
0.2892853
0.2892853
0.2892852
0.2892852
0.2892851
0.2892851
0.289285
0.289285
0.2892849
0.2892849
0.2892848
0.2892848
0.2892847
0.2892847
0.2892846
0.2892846
0.2892845
0.2892845
0.2892844
0.2892844
0.2892843
0.2892843
0.2892842
0.2892842
0.2892841
0.289284
0.289284
0.2892839
0.2892839
0.2892838
0.2892838
0.2892837
0.2892836
0.2892836
0.2892835
0.2892834
0.2892833
0.2890725
0.2891846
0.2893129
0.2892986
0.2892852
0.2892867
0.2892879
0.2892876
0.2892873
0.2892872
0.2892871
0.289287
0.2892869
0.2892868
0.2892867
0.2892866
0.2892865
0.2892864
0.2892862
0.2892861
0.289286
0.2892859
0.2892858
0.2892857
0.2892856
0.2892855
0.2892854
0.2892853
0.2892852
0.289285
0.2892849
0.2892848
0.2892847
0.2892846
0.2892845
0.2892844
0.2892843
0.2892842
0.2892841
0.289284
0.2892839
0.2892838
0.2892837
0.2892836
0.2892834
0.2892833
0.2892832
0.2892831
0.289283
0.2892829
0.2892828
0.2892827
0.2892826
0.2892825
0.2892824
0.2892823
0.2892822
0.2892821
0.289282
0.2892819
0.2892818
0.2892817
0.2892816
0.2892815
0.2892814
0.2892812
0.2892811
0.289281
0.2892809
0.2892808
0.2892807
0.2892806
0.2892805
0.2892804
0.2892803
0.2892802
0.2892801
0.28928
0.2892799
0.2892798
0.2892797
0.2892796
0.2892795
0.2892794
0.2892793
0.2892792
0.2892791
0.2892789
0.2892788
0.2892787
0.2892786
0.2892785
0.2892784
0.2892783
0.2892782
0.2892781
0.2892779
0.2892778
0.2892777
0.2892775
)
;

boundaryField
{
    bottomAir_bottom
    {
        type            symmetryPlane;
    }
    leftLet
    {
        type            calculated;
        value           uniform 0.2896557;
    }
    rightLet
    {
        type            calculated;
        value           nonuniform List<scalar> 
40
(
0.2892839
0.2892838
0.2892838
0.2892838
0.2892838
0.2892838
0.2892838
0.2892838
0.2892838
0.2892838
0.2892838
0.2892838
0.2892838
0.2892838
0.2892838
0.2892838
0.2892838
0.2892838
0.2892838
0.2892838
0.2892838
0.2892838
0.2892838
0.2892838
0.2892838
0.2892838
0.2892838
0.2892838
0.2892838
0.2892838
0.2892838
0.2892837
0.2892837
0.2892837
0.2892837
0.2892837
0.2892837
0.2892836
0.2892833
0.2892775
)
;
    }
    frontAndBack
    {
        type            empty;
    }
    bottomAir_to_wall
    {
        type            calculated;
        value           nonuniform List<scalar> 
100
(
0.2890788
0.2891909
0.2893192
0.2893049
0.2892915
0.289293
0.2892942
0.2892939
0.2892937
0.2892936
0.2892935
0.2892933
0.2892932
0.2892931
0.289293
0.2892929
0.2892928
0.2892927
0.2892926
0.2892925
0.2892923
0.2892922
0.2892921
0.289292
0.2892919
0.2892918
0.2892917
0.2892916
0.2892915
0.2892914
0.2892913
0.2892912
0.289291
0.2892909
0.2892908
0.2892907
0.2892906
0.2892905
0.2892904
0.2892903
0.2892902
0.2892901
0.28929
0.2892899
0.2892898
0.2892897
0.2892896
0.2892895
0.2892893
0.2892892
0.2892891
0.289289
0.2892889
0.2892888
0.2892887
0.2892886
0.2892885
0.2892884
0.2892883
0.2892882
0.2892881
0.289288
0.2892879
0.2892878
0.2892877
0.2892876
0.2892875
0.2892874
0.2892873
0.2892872
0.289287
0.2892869
0.2892868
0.2892867
0.2892866
0.2892865
0.2892864
0.2892863
0.2892862
0.2892861
0.289286
0.2892859
0.2892858
0.2892857
0.2892856
0.2892855
0.2892854
0.2892853
0.2892852
0.2892851
0.2892849
0.2892848
0.2892847
0.2892846
0.2892845
0.2892844
0.2892843
0.2892841
0.289284
0.2892838
)
;
    }
}


// ************************************************************************* //
