/*--------------------------------*- C++ -*----------------------------------*\
| =========                 |                                                 |
| \\      /  F ield         | OpenFOAM: The Open Source CFD Toolbox           |
|  \\    /   O peration     | Version:  2.3.0                                 |
|   \\  /    A nd           | Web:      www.OpenFOAM.org                      |
|    \\/     M anipulation  |                                                 |
\*---------------------------------------------------------------------------*/
FoamFile
{
    version     2.0;
    format      ascii;
    class       volScalarField;
    location    "9900/bottomAir";
    object      p_rgh;
}
// * * * * * * * * * * * * * * * * * * * * * * * * * * * * * * * * * * * * * //

dimensions      [1 -1 -2 0 0 0 0];

internalField   nonuniform List<scalar> 
4000
(
99824.8
99866.46
99902.35
99897.7
99894.01
99894.51
99894.88
99894.81
99894.77
99894.76
99894.76
99894.75
99894.74
99894.73
99894.72
99894.72
99894.71
99894.7
99894.69
99894.68
99894.67
99894.66
99894.65
99894.64
99894.64
99894.63
99894.62
99894.61
99894.6
99894.59
99894.58
99894.57
99894.56
99894.55
99894.54
99894.54
99894.53
99894.52
99894.51
99894.5
99894.49
99894.48
99894.47
99894.46
99894.45
99894.44
99894.44
99894.43
99894.42
99894.41
99894.4
99894.39
99894.38
99894.37
99894.36
99894.35
99894.34
99894.34
99894.33
99894.32
99894.31
99894.3
99894.29
99894.28
99894.27
99894.26
99894.25
99894.24
99894.24
99894.23
99894.22
99894.21
99894.2
99894.19
99894.18
99894.17
99894.16
99894.15
99894.15
99894.14
99894.13
99894.12
99894.11
99894.1
99894.09
99894.08
99894.07
99894.07
99894.06
99894.05
99894.04
99894.03
99894.02
99894.01
99894.01
99894
99893.99
99893.98
99893.97
99893.96
99824.84
99866.45
99902.34
99897.69
99894.01
99894.51
99894.88
99894.81
99894.77
99894.76
99894.76
99894.75
99894.74
99894.73
99894.72
99894.72
99894.71
99894.7
99894.69
99894.68
99894.67
99894.66
99894.65
99894.64
99894.64
99894.63
99894.62
99894.61
99894.6
99894.59
99894.58
99894.57
99894.56
99894.55
99894.54
99894.54
99894.53
99894.52
99894.51
99894.5
99894.49
99894.48
99894.47
99894.46
99894.45
99894.44
99894.44
99894.43
99894.42
99894.41
99894.4
99894.39
99894.38
99894.37
99894.36
99894.35
99894.34
99894.34
99894.33
99894.32
99894.31
99894.3
99894.29
99894.28
99894.27
99894.26
99894.25
99894.24
99894.24
99894.23
99894.22
99894.21
99894.2
99894.19
99894.18
99894.17
99894.16
99894.15
99894.15
99894.14
99894.13
99894.12
99894.11
99894.1
99894.09
99894.08
99894.07
99894.07
99894.06
99894.05
99894.04
99894.03
99894.02
99894.01
99894.01
99894
99893.99
99893.98
99893.97
99893.96
99824.85
99866.44
99902.34
99897.69
99894.01
99894.51
99894.88
99894.81
99894.77
99894.76
99894.76
99894.75
99894.74
99894.73
99894.72
99894.72
99894.71
99894.7
99894.69
99894.68
99894.67
99894.66
99894.65
99894.64
99894.64
99894.63
99894.62
99894.61
99894.6
99894.59
99894.58
99894.57
99894.56
99894.55
99894.55
99894.54
99894.53
99894.52
99894.51
99894.5
99894.49
99894.48
99894.47
99894.46
99894.45
99894.44
99894.44
99894.43
99894.42
99894.41
99894.4
99894.39
99894.38
99894.37
99894.36
99894.35
99894.34
99894.34
99894.33
99894.32
99894.31
99894.3
99894.29
99894.28
99894.27
99894.26
99894.25
99894.24
99894.24
99894.23
99894.22
99894.21
99894.2
99894.19
99894.18
99894.17
99894.16
99894.15
99894.15
99894.14
99894.13
99894.12
99894.11
99894.1
99894.09
99894.08
99894.07
99894.07
99894.06
99894.05
99894.04
99894.03
99894.02
99894.01
99894.01
99894
99893.99
99893.98
99893.97
99893.96
99824.85
99866.44
99902.33
99897.69
99894.01
99894.51
99894.88
99894.81
99894.77
99894.76
99894.76
99894.75
99894.74
99894.73
99894.72
99894.72
99894.71
99894.7
99894.69
99894.68
99894.67
99894.66
99894.65
99894.64
99894.64
99894.63
99894.62
99894.61
99894.6
99894.59
99894.58
99894.57
99894.56
99894.55
99894.55
99894.54
99894.53
99894.52
99894.51
99894.5
99894.49
99894.48
99894.47
99894.46
99894.45
99894.44
99894.44
99894.43
99894.42
99894.41
99894.4
99894.39
99894.38
99894.37
99894.36
99894.35
99894.34
99894.34
99894.33
99894.32
99894.31
99894.3
99894.29
99894.28
99894.27
99894.26
99894.25
99894.24
99894.24
99894.23
99894.22
99894.21
99894.2
99894.19
99894.18
99894.17
99894.16
99894.15
99894.15
99894.14
99894.13
99894.12
99894.11
99894.1
99894.09
99894.08
99894.07
99894.07
99894.06
99894.05
99894.04
99894.03
99894.02
99894.01
99894.01
99894
99893.99
99893.98
99893.97
99893.96
99824.86
99866.44
99902.33
99897.69
99894.01
99894.51
99894.88
99894.81
99894.77
99894.76
99894.76
99894.75
99894.74
99894.73
99894.72
99894.72
99894.71
99894.7
99894.69
99894.68
99894.67
99894.66
99894.65
99894.64
99894.64
99894.63
99894.62
99894.61
99894.6
99894.59
99894.58
99894.57
99894.56
99894.55
99894.55
99894.54
99894.53
99894.52
99894.51
99894.5
99894.49
99894.48
99894.47
99894.46
99894.45
99894.44
99894.44
99894.43
99894.42
99894.41
99894.4
99894.39
99894.38
99894.37
99894.36
99894.35
99894.34
99894.34
99894.33
99894.32
99894.31
99894.3
99894.29
99894.28
99894.27
99894.26
99894.25
99894.24
99894.24
99894.23
99894.22
99894.21
99894.2
99894.19
99894.18
99894.17
99894.16
99894.15
99894.15
99894.14
99894.13
99894.12
99894.11
99894.1
99894.09
99894.08
99894.07
99894.07
99894.06
99894.05
99894.04
99894.03
99894.02
99894.01
99894.01
99894
99893.99
99893.98
99893.97
99893.96
99824.86
99866.44
99902.33
99897.69
99894.01
99894.51
99894.88
99894.81
99894.77
99894.76
99894.76
99894.75
99894.74
99894.73
99894.72
99894.72
99894.71
99894.7
99894.69
99894.68
99894.67
99894.66
99894.65
99894.64
99894.64
99894.63
99894.62
99894.61
99894.6
99894.59
99894.58
99894.57
99894.56
99894.55
99894.55
99894.54
99894.53
99894.52
99894.51
99894.5
99894.49
99894.48
99894.47
99894.46
99894.45
99894.44
99894.44
99894.43
99894.42
99894.41
99894.4
99894.39
99894.38
99894.37
99894.36
99894.35
99894.34
99894.34
99894.33
99894.32
99894.31
99894.3
99894.29
99894.28
99894.27
99894.26
99894.25
99894.24
99894.24
99894.23
99894.22
99894.21
99894.2
99894.19
99894.18
99894.17
99894.16
99894.15
99894.14
99894.14
99894.13
99894.12
99894.11
99894.1
99894.09
99894.08
99894.07
99894.07
99894.06
99894.05
99894.04
99894.03
99894.02
99894.01
99894.01
99894
99893.99
99893.98
99893.97
99893.96
99824.86
99866.44
99902.33
99897.69
99894.01
99894.51
99894.88
99894.81
99894.77
99894.76
99894.76
99894.75
99894.74
99894.73
99894.72
99894.72
99894.71
99894.7
99894.69
99894.68
99894.67
99894.66
99894.65
99894.64
99894.64
99894.63
99894.62
99894.61
99894.6
99894.59
99894.58
99894.57
99894.56
99894.55
99894.55
99894.54
99894.53
99894.52
99894.51
99894.5
99894.49
99894.48
99894.47
99894.46
99894.45
99894.44
99894.44
99894.43
99894.42
99894.41
99894.4
99894.39
99894.38
99894.37
99894.36
99894.35
99894.34
99894.34
99894.33
99894.32
99894.31
99894.3
99894.29
99894.28
99894.27
99894.26
99894.25
99894.24
99894.24
99894.23
99894.22
99894.21
99894.2
99894.19
99894.18
99894.17
99894.16
99894.15
99894.14
99894.14
99894.13
99894.12
99894.11
99894.1
99894.09
99894.08
99894.07
99894.07
99894.06
99894.05
99894.04
99894.03
99894.02
99894.01
99894
99894
99893.99
99893.98
99893.97
99893.96
99824.86
99866.44
99902.33
99897.69
99894.01
99894.51
99894.88
99894.81
99894.77
99894.77
99894.76
99894.75
99894.74
99894.73
99894.72
99894.72
99894.71
99894.7
99894.69
99894.68
99894.67
99894.66
99894.65
99894.64
99894.64
99894.63
99894.62
99894.61
99894.6
99894.59
99894.58
99894.57
99894.56
99894.55
99894.55
99894.54
99894.53
99894.52
99894.51
99894.5
99894.49
99894.48
99894.47
99894.46
99894.45
99894.44
99894.44
99894.43
99894.42
99894.41
99894.4
99894.39
99894.38
99894.37
99894.36
99894.35
99894.34
99894.34
99894.33
99894.32
99894.31
99894.3
99894.29
99894.28
99894.27
99894.26
99894.25
99894.24
99894.23
99894.23
99894.22
99894.21
99894.2
99894.19
99894.18
99894.17
99894.16
99894.15
99894.14
99894.14
99894.13
99894.12
99894.11
99894.1
99894.09
99894.08
99894.07
99894.07
99894.06
99894.05
99894.04
99894.03
99894.02
99894.01
99894
99894
99893.99
99893.98
99893.97
99893.96
99824.86
99866.44
99902.33
99897.69
99894.01
99894.51
99894.88
99894.81
99894.77
99894.77
99894.76
99894.75
99894.74
99894.73
99894.72
99894.72
99894.71
99894.7
99894.69
99894.68
99894.67
99894.66
99894.65
99894.64
99894.64
99894.63
99894.62
99894.61
99894.6
99894.59
99894.58
99894.57
99894.56
99894.55
99894.55
99894.54
99894.53
99894.52
99894.51
99894.5
99894.49
99894.48
99894.47
99894.46
99894.45
99894.44
99894.44
99894.43
99894.42
99894.41
99894.4
99894.39
99894.38
99894.37
99894.36
99894.35
99894.34
99894.34
99894.33
99894.32
99894.31
99894.3
99894.29
99894.28
99894.27
99894.26
99894.25
99894.24
99894.23
99894.23
99894.22
99894.21
99894.2
99894.19
99894.18
99894.17
99894.16
99894.15
99894.14
99894.14
99894.13
99894.12
99894.11
99894.1
99894.09
99894.08
99894.07
99894.06
99894.06
99894.05
99894.04
99894.03
99894.02
99894.01
99894
99894
99893.99
99893.98
99893.97
99893.96
99824.87
99866.44
99902.33
99897.69
99894.01
99894.51
99894.88
99894.81
99894.77
99894.77
99894.76
99894.75
99894.74
99894.73
99894.72
99894.72
99894.71
99894.7
99894.69
99894.68
99894.67
99894.66
99894.65
99894.64
99894.64
99894.63
99894.62
99894.61
99894.6
99894.59
99894.58
99894.57
99894.56
99894.55
99894.55
99894.54
99894.53
99894.52
99894.51
99894.5
99894.49
99894.48
99894.47
99894.46
99894.45
99894.44
99894.44
99894.43
99894.42
99894.41
99894.4
99894.39
99894.38
99894.37
99894.36
99894.35
99894.34
99894.34
99894.33
99894.32
99894.31
99894.3
99894.29
99894.28
99894.27
99894.26
99894.25
99894.24
99894.23
99894.23
99894.22
99894.21
99894.2
99894.19
99894.18
99894.17
99894.16
99894.15
99894.14
99894.14
99894.13
99894.12
99894.11
99894.1
99894.09
99894.08
99894.07
99894.06
99894.06
99894.05
99894.04
99894.03
99894.02
99894.01
99894
99894
99893.99
99893.98
99893.97
99893.96
99824.87
99866.44
99902.33
99897.69
99894.01
99894.51
99894.88
99894.82
99894.77
99894.77
99894.76
99894.75
99894.74
99894.73
99894.73
99894.72
99894.71
99894.7
99894.69
99894.68
99894.67
99894.66
99894.65
99894.65
99894.64
99894.63
99894.62
99894.61
99894.6
99894.59
99894.58
99894.57
99894.56
99894.55
99894.55
99894.54
99894.53
99894.52
99894.51
99894.5
99894.49
99894.48
99894.47
99894.46
99894.45
99894.44
99894.44
99894.43
99894.42
99894.41
99894.4
99894.39
99894.38
99894.37
99894.36
99894.35
99894.34
99894.34
99894.33
99894.32
99894.31
99894.3
99894.29
99894.28
99894.27
99894.26
99894.25
99894.24
99894.23
99894.23
99894.22
99894.21
99894.2
99894.19
99894.18
99894.17
99894.16
99894.15
99894.14
99894.14
99894.13
99894.12
99894.11
99894.1
99894.09
99894.08
99894.07
99894.06
99894.06
99894.05
99894.04
99894.03
99894.02
99894.01
99894
99894
99893.99
99893.98
99893.97
99893.96
99824.87
99866.44
99902.33
99897.69
99894.01
99894.51
99894.88
99894.82
99894.77
99894.77
99894.76
99894.75
99894.74
99894.73
99894.73
99894.72
99894.71
99894.7
99894.69
99894.68
99894.67
99894.66
99894.65
99894.65
99894.64
99894.63
99894.62
99894.61
99894.6
99894.59
99894.58
99894.57
99894.56
99894.55
99894.55
99894.54
99894.53
99894.52
99894.51
99894.5
99894.49
99894.48
99894.47
99894.46
99894.45
99894.44
99894.44
99894.43
99894.42
99894.41
99894.4
99894.39
99894.38
99894.37
99894.36
99894.35
99894.34
99894.34
99894.33
99894.32
99894.31
99894.3
99894.29
99894.28
99894.27
99894.26
99894.25
99894.24
99894.23
99894.23
99894.22
99894.21
99894.2
99894.19
99894.18
99894.17
99894.16
99894.15
99894.14
99894.14
99894.13
99894.12
99894.11
99894.1
99894.09
99894.08
99894.07
99894.06
99894.06
99894.05
99894.04
99894.03
99894.02
99894.01
99894
99893.99
99893.99
99893.98
99893.97
99893.96
99824.87
99866.44
99902.34
99897.7
99894.01
99894.51
99894.88
99894.82
99894.77
99894.77
99894.76
99894.75
99894.74
99894.73
99894.73
99894.72
99894.71
99894.7
99894.69
99894.68
99894.67
99894.66
99894.65
99894.65
99894.64
99894.63
99894.62
99894.61
99894.6
99894.59
99894.58
99894.57
99894.56
99894.55
99894.55
99894.54
99894.53
99894.52
99894.51
99894.5
99894.49
99894.48
99894.47
99894.46
99894.45
99894.44
99894.44
99894.43
99894.42
99894.41
99894.4
99894.39
99894.38
99894.37
99894.36
99894.35
99894.34
99894.34
99894.33
99894.32
99894.31
99894.3
99894.29
99894.28
99894.27
99894.26
99894.25
99894.24
99894.23
99894.23
99894.22
99894.21
99894.2
99894.19
99894.18
99894.17
99894.16
99894.15
99894.14
99894.13
99894.13
99894.12
99894.11
99894.1
99894.09
99894.08
99894.07
99894.06
99894.05
99894.05
99894.04
99894.03
99894.02
99894.01
99894
99893.99
99893.99
99893.98
99893.97
99893.96
99824.87
99866.44
99902.34
99897.7
99894.01
99894.51
99894.88
99894.82
99894.77
99894.77
99894.76
99894.75
99894.74
99894.73
99894.73
99894.72
99894.71
99894.7
99894.69
99894.68
99894.67
99894.66
99894.65
99894.65
99894.64
99894.63
99894.62
99894.61
99894.6
99894.59
99894.58
99894.57
99894.56
99894.55
99894.55
99894.54
99894.53
99894.52
99894.51
99894.5
99894.49
99894.48
99894.47
99894.46
99894.45
99894.45
99894.44
99894.43
99894.42
99894.41
99894.4
99894.39
99894.38
99894.37
99894.36
99894.35
99894.34
99894.34
99894.33
99894.32
99894.31
99894.3
99894.29
99894.28
99894.27
99894.26
99894.25
99894.24
99894.23
99894.23
99894.22
99894.21
99894.2
99894.19
99894.18
99894.17
99894.16
99894.15
99894.14
99894.13
99894.13
99894.12
99894.11
99894.1
99894.09
99894.08
99894.07
99894.06
99894.05
99894.05
99894.04
99894.03
99894.02
99894.01
99894
99893.99
99893.99
99893.98
99893.97
99893.96
99824.87
99866.44
99902.34
99897.7
99894.01
99894.51
99894.88
99894.82
99894.77
99894.77
99894.76
99894.75
99894.74
99894.74
99894.73
99894.72
99894.71
99894.7
99894.69
99894.68
99894.67
99894.66
99894.65
99894.65
99894.64
99894.63
99894.62
99894.61
99894.6
99894.59
99894.58
99894.57
99894.56
99894.55
99894.55
99894.54
99894.53
99894.52
99894.51
99894.5
99894.49
99894.48
99894.47
99894.46
99894.45
99894.45
99894.44
99894.43
99894.42
99894.41
99894.4
99894.39
99894.38
99894.37
99894.36
99894.35
99894.34
99894.33
99894.33
99894.32
99894.31
99894.3
99894.29
99894.28
99894.27
99894.26
99894.25
99894.24
99894.23
99894.23
99894.22
99894.21
99894.2
99894.19
99894.18
99894.17
99894.16
99894.15
99894.14
99894.13
99894.13
99894.12
99894.11
99894.1
99894.09
99894.08
99894.07
99894.06
99894.05
99894.05
99894.04
99894.03
99894.02
99894.01
99894
99893.99
99893.98
99893.98
99893.97
99893.96
99824.87
99866.45
99902.34
99897.7
99894.01
99894.51
99894.88
99894.82
99894.77
99894.77
99894.76
99894.75
99894.74
99894.74
99894.73
99894.72
99894.71
99894.7
99894.69
99894.68
99894.67
99894.66
99894.66
99894.65
99894.64
99894.63
99894.62
99894.61
99894.6
99894.59
99894.58
99894.57
99894.56
99894.55
99894.55
99894.54
99894.53
99894.52
99894.51
99894.5
99894.49
99894.48
99894.47
99894.46
99894.45
99894.45
99894.44
99894.43
99894.42
99894.41
99894.4
99894.39
99894.38
99894.37
99894.36
99894.35
99894.34
99894.33
99894.33
99894.32
99894.31
99894.3
99894.29
99894.28
99894.27
99894.26
99894.25
99894.24
99894.23
99894.23
99894.22
99894.21
99894.2
99894.19
99894.18
99894.17
99894.16
99894.15
99894.14
99894.13
99894.13
99894.12
99894.11
99894.1
99894.09
99894.08
99894.07
99894.06
99894.05
99894.04
99894.04
99894.03
99894.02
99894.01
99894
99893.99
99893.98
99893.98
99893.97
99893.96
99824.87
99866.45
99902.34
99897.7
99894.01
99894.52
99894.88
99894.82
99894.77
99894.77
99894.76
99894.75
99894.74
99894.74
99894.73
99894.72
99894.71
99894.7
99894.69
99894.68
99894.67
99894.66
99894.66
99894.65
99894.64
99894.63
99894.62
99894.61
99894.6
99894.59
99894.58
99894.57
99894.56
99894.56
99894.55
99894.54
99894.53
99894.52
99894.51
99894.5
99894.49
99894.48
99894.47
99894.46
99894.45
99894.45
99894.44
99894.43
99894.42
99894.41
99894.4
99894.39
99894.38
99894.37
99894.36
99894.35
99894.34
99894.33
99894.33
99894.32
99894.31
99894.3
99894.29
99894.28
99894.27
99894.26
99894.25
99894.24
99894.23
99894.22
99894.22
99894.21
99894.2
99894.19
99894.18
99894.17
99894.16
99894.15
99894.14
99894.13
99894.12
99894.12
99894.11
99894.1
99894.09
99894.08
99894.07
99894.06
99894.05
99894.04
99894.04
99894.03
99894.02
99894.01
99894
99893.99
99893.98
99893.97
99893.97
99893.96
99824.87
99866.45
99902.34
99897.7
99894.01
99894.52
99894.88
99894.82
99894.77
99894.77
99894.76
99894.75
99894.75
99894.74
99894.73
99894.72
99894.71
99894.7
99894.69
99894.68
99894.67
99894.66
99894.66
99894.65
99894.64
99894.63
99894.62
99894.61
99894.6
99894.59
99894.58
99894.57
99894.56
99894.56
99894.55
99894.54
99894.53
99894.52
99894.51
99894.5
99894.49
99894.48
99894.47
99894.46
99894.45
99894.45
99894.44
99894.43
99894.42
99894.41
99894.4
99894.39
99894.38
99894.37
99894.36
99894.35
99894.34
99894.33
99894.33
99894.32
99894.31
99894.3
99894.29
99894.28
99894.27
99894.26
99894.25
99894.24
99894.23
99894.22
99894.22
99894.21
99894.2
99894.19
99894.18
99894.17
99894.16
99894.15
99894.14
99894.13
99894.12
99894.12
99894.11
99894.1
99894.09
99894.08
99894.07
99894.06
99894.05
99894.04
99894.03
99894.03
99894.02
99894.01
99894
99893.99
99893.98
99893.97
99893.97
99893.96
99824.87
99866.45
99902.34
99897.7
99894.01
99894.52
99894.88
99894.82
99894.77
99894.77
99894.76
99894.76
99894.75
99894.74
99894.73
99894.72
99894.71
99894.7
99894.69
99894.68
99894.67
99894.66
99894.66
99894.65
99894.64
99894.63
99894.62
99894.61
99894.6
99894.59
99894.58
99894.57
99894.56
99894.56
99894.55
99894.54
99894.53
99894.52
99894.51
99894.5
99894.49
99894.48
99894.47
99894.46
99894.45
99894.45
99894.44
99894.43
99894.42
99894.41
99894.4
99894.39
99894.38
99894.37
99894.36
99894.35
99894.34
99894.33
99894.33
99894.32
99894.31
99894.3
99894.29
99894.28
99894.27
99894.26
99894.25
99894.24
99894.23
99894.22
99894.22
99894.21
99894.2
99894.19
99894.18
99894.17
99894.16
99894.15
99894.14
99894.13
99894.12
99894.11
99894.11
99894.1
99894.09
99894.08
99894.07
99894.06
99894.05
99894.04
99894.03
99894.03
99894.02
99894.01
99894
99893.99
99893.98
99893.97
99893.96
99893.96
99824.88
99866.45
99902.34
99897.7
99894.01
99894.52
99894.89
99894.82
99894.77
99894.77
99894.77
99894.76
99894.75
99894.74
99894.73
99894.72
99894.71
99894.7
99894.69
99894.68
99894.67
99894.67
99894.66
99894.65
99894.64
99894.63
99894.62
99894.61
99894.6
99894.59
99894.58
99894.57
99894.56
99894.56
99894.55
99894.54
99894.53
99894.52
99894.51
99894.5
99894.49
99894.48
99894.47
99894.46
99894.45
99894.45
99894.44
99894.43
99894.42
99894.41
99894.4
99894.39
99894.38
99894.37
99894.36
99894.35
99894.34
99894.33
99894.33
99894.32
99894.31
99894.3
99894.29
99894.28
99894.27
99894.26
99894.25
99894.24
99894.23
99894.22
99894.22
99894.21
99894.2
99894.19
99894.18
99894.17
99894.16
99894.15
99894.14
99894.13
99894.12
99894.11
99894.11
99894.1
99894.09
99894.08
99894.07
99894.06
99894.05
99894.04
99894.03
99894.02
99894.02
99894.01
99894
99893.99
99893.98
99893.97
99893.96
99893.96
99824.88
99866.45
99902.34
99897.7
99894.01
99894.52
99894.89
99894.82
99894.77
99894.77
99894.77
99894.76
99894.75
99894.74
99894.73
99894.72
99894.71
99894.7
99894.69
99894.68
99894.67
99894.67
99894.66
99894.65
99894.64
99894.63
99894.62
99894.61
99894.6
99894.59
99894.58
99894.57
99894.56
99894.56
99894.55
99894.54
99894.53
99894.52
99894.51
99894.5
99894.49
99894.48
99894.47
99894.46
99894.45
99894.45
99894.44
99894.43
99894.42
99894.41
99894.4
99894.39
99894.38
99894.37
99894.36
99894.35
99894.34
99894.33
99894.33
99894.32
99894.31
99894.3
99894.29
99894.28
99894.27
99894.26
99894.25
99894.24
99894.23
99894.22
99894.22
99894.21
99894.2
99894.19
99894.18
99894.17
99894.16
99894.15
99894.14
99894.13
99894.12
99894.11
99894.1
99894.1
99894.09
99894.08
99894.07
99894.06
99894.05
99894.04
99894.03
99894.02
99894.01
99894.01
99894
99893.99
99893.98
99893.97
99893.96
99893.95
99824.88
99866.45
99902.34
99897.7
99894.01
99894.52
99894.89
99894.82
99894.77
99894.77
99894.77
99894.76
99894.75
99894.74
99894.73
99894.72
99894.71
99894.7
99894.69
99894.68
99894.68
99894.67
99894.66
99894.65
99894.64
99894.63
99894.62
99894.61
99894.6
99894.59
99894.58
99894.57
99894.56
99894.56
99894.55
99894.54
99894.53
99894.52
99894.51
99894.5
99894.49
99894.48
99894.47
99894.46
99894.45
99894.45
99894.44
99894.43
99894.42
99894.41
99894.4
99894.39
99894.38
99894.37
99894.36
99894.35
99894.34
99894.33
99894.33
99894.32
99894.31
99894.3
99894.29
99894.28
99894.27
99894.26
99894.25
99894.24
99894.23
99894.22
99894.21
99894.21
99894.2
99894.19
99894.18
99894.17
99894.16
99894.15
99894.14
99894.13
99894.12
99894.11
99894.1
99894.1
99894.09
99894.08
99894.07
99894.06
99894.05
99894.04
99894.03
99894.02
99894.01
99894.01
99894
99893.99
99893.98
99893.97
99893.96
99893.95
99824.88
99866.45
99902.34
99897.7
99894.02
99894.52
99894.89
99894.82
99894.78
99894.77
99894.77
99894.76
99894.75
99894.74
99894.73
99894.72
99894.71
99894.7
99894.69
99894.68
99894.68
99894.67
99894.66
99894.65
99894.64
99894.63
99894.62
99894.61
99894.6
99894.59
99894.58
99894.57
99894.56
99894.56
99894.55
99894.54
99894.53
99894.52
99894.51
99894.5
99894.49
99894.48
99894.47
99894.46
99894.45
99894.45
99894.44
99894.43
99894.42
99894.41
99894.4
99894.39
99894.38
99894.37
99894.36
99894.35
99894.34
99894.33
99894.33
99894.32
99894.31
99894.3
99894.29
99894.28
99894.27
99894.26
99894.25
99894.24
99894.23
99894.22
99894.21
99894.21
99894.2
99894.19
99894.18
99894.17
99894.16
99894.15
99894.14
99894.13
99894.12
99894.11
99894.1
99894.09
99894.09
99894.08
99894.07
99894.06
99894.05
99894.04
99894.03
99894.02
99894.01
99894
99894
99893.99
99893.98
99893.97
99893.96
99893.95
99824.88
99866.45
99902.34
99897.7
99894.02
99894.52
99894.89
99894.82
99894.78
99894.77
99894.77
99894.76
99894.75
99894.74
99894.73
99894.72
99894.71
99894.7
99894.69
99894.69
99894.68
99894.67
99894.66
99894.65
99894.64
99894.63
99894.62
99894.61
99894.6
99894.59
99894.58
99894.57
99894.57
99894.56
99894.55
99894.54
99894.53
99894.52
99894.51
99894.5
99894.49
99894.48
99894.47
99894.46
99894.45
99894.45
99894.44
99894.43
99894.42
99894.41
99894.4
99894.39
99894.38
99894.37
99894.36
99894.35
99894.34
99894.33
99894.33
99894.32
99894.31
99894.3
99894.29
99894.28
99894.27
99894.26
99894.25
99894.24
99894.23
99894.22
99894.21
99894.21
99894.2
99894.19
99894.18
99894.17
99894.16
99894.15
99894.14
99894.13
99894.12
99894.11
99894.1
99894.09
99894.09
99894.08
99894.07
99894.06
99894.05
99894.04
99894.03
99894.02
99894.01
99894
99893.99
99893.99
99893.98
99893.97
99893.96
99893.95
99824.88
99866.46
99902.35
99897.71
99894.02
99894.52
99894.89
99894.82
99894.78
99894.77
99894.77
99894.76
99894.75
99894.74
99894.73
99894.72
99894.71
99894.7
99894.69
99894.69
99894.68
99894.67
99894.66
99894.65
99894.64
99894.63
99894.62
99894.61
99894.6
99894.59
99894.58
99894.57
99894.57
99894.56
99894.55
99894.54
99894.53
99894.52
99894.51
99894.5
99894.49
99894.48
99894.47
99894.46
99894.45
99894.45
99894.44
99894.43
99894.42
99894.41
99894.4
99894.39
99894.38
99894.37
99894.36
99894.35
99894.34
99894.33
99894.33
99894.32
99894.31
99894.3
99894.29
99894.28
99894.27
99894.26
99894.25
99894.24
99894.23
99894.22
99894.21
99894.21
99894.2
99894.19
99894.18
99894.17
99894.16
99894.15
99894.14
99894.13
99894.12
99894.11
99894.1
99894.09
99894.08
99894.08
99894.07
99894.06
99894.05
99894.04
99894.03
99894.02
99894.01
99894
99893.99
99893.98
99893.98
99893.97
99893.96
99893.95
99824.89
99866.46
99902.35
99897.71
99894.02
99894.52
99894.89
99894.83
99894.78
99894.78
99894.77
99894.76
99894.75
99894.74
99894.73
99894.72
99894.71
99894.7
99894.7
99894.69
99894.68
99894.67
99894.66
99894.65
99894.64
99894.63
99894.62
99894.61
99894.6
99894.59
99894.58
99894.57
99894.57
99894.56
99894.55
99894.54
99894.53
99894.52
99894.51
99894.5
99894.49
99894.48
99894.47
99894.46
99894.45
99894.45
99894.44
99894.43
99894.42
99894.41
99894.4
99894.39
99894.38
99894.37
99894.36
99894.35
99894.34
99894.33
99894.33
99894.32
99894.31
99894.3
99894.29
99894.28
99894.27
99894.26
99894.25
99894.24
99894.23
99894.22
99894.21
99894.21
99894.2
99894.19
99894.18
99894.17
99894.16
99894.15
99894.14
99894.13
99894.12
99894.11
99894.1
99894.09
99894.08
99894.07
99894.07
99894.06
99894.05
99894.04
99894.03
99894.02
99894.01
99894
99893.99
99893.98
99893.97
99893.97
99893.96
99893.95
99824.89
99866.46
99902.35
99897.71
99894.02
99894.53
99894.89
99894.83
99894.78
99894.78
99894.77
99894.76
99894.75
99894.74
99894.73
99894.72
99894.71
99894.7
99894.7
99894.69
99894.68
99894.67
99894.66
99894.65
99894.64
99894.63
99894.62
99894.61
99894.6
99894.59
99894.58
99894.57
99894.57
99894.56
99894.55
99894.54
99894.53
99894.52
99894.51
99894.5
99894.49
99894.48
99894.47
99894.46
99894.45
99894.45
99894.44
99894.43
99894.42
99894.41
99894.4
99894.39
99894.38
99894.37
99894.36
99894.35
99894.34
99894.33
99894.33
99894.32
99894.31
99894.3
99894.29
99894.28
99894.27
99894.26
99894.25
99894.24
99894.23
99894.22
99894.21
99894.2
99894.2
99894.19
99894.18
99894.17
99894.16
99894.15
99894.14
99894.13
99894.12
99894.11
99894.1
99894.09
99894.08
99894.07
99894.06
99894.06
99894.05
99894.04
99894.03
99894.02
99894.01
99894
99893.99
99893.98
99893.97
99893.96
99893.96
99893.95
99824.89
99866.46
99902.35
99897.71
99894.02
99894.53
99894.89
99894.83
99894.78
99894.78
99894.77
99894.76
99894.75
99894.74
99894.73
99894.72
99894.71
99894.71
99894.7
99894.69
99894.68
99894.67
99894.66
99894.65
99894.64
99894.63
99894.62
99894.61
99894.6
99894.59
99894.58
99894.58
99894.57
99894.56
99894.55
99894.54
99894.53
99894.52
99894.51
99894.5
99894.49
99894.48
99894.47
99894.46
99894.45
99894.45
99894.44
99894.43
99894.42
99894.41
99894.4
99894.39
99894.38
99894.37
99894.36
99894.35
99894.34
99894.33
99894.33
99894.32
99894.31
99894.3
99894.29
99894.28
99894.27
99894.26
99894.25
99894.24
99894.23
99894.22
99894.21
99894.2
99894.2
99894.19
99894.18
99894.17
99894.16
99894.15
99894.14
99894.13
99894.12
99894.11
99894.1
99894.09
99894.08
99894.07
99894.06
99894.05
99894.05
99894.04
99894.03
99894.02
99894.01
99894
99893.99
99893.98
99893.97
99893.96
99893.95
99893.95
99824.89
99866.46
99902.35
99897.71
99894.02
99894.53
99894.9
99894.83
99894.78
99894.78
99894.77
99894.76
99894.75
99894.74
99894.73
99894.72
99894.72
99894.71
99894.7
99894.69
99894.68
99894.67
99894.66
99894.65
99894.64
99894.63
99894.62
99894.61
99894.6
99894.59
99894.58
99894.57
99894.57
99894.56
99894.55
99894.54
99894.53
99894.52
99894.51
99894.5
99894.49
99894.48
99894.47
99894.46
99894.45
99894.45
99894.44
99894.43
99894.42
99894.41
99894.4
99894.39
99894.38
99894.37
99894.36
99894.35
99894.34
99894.33
99894.33
99894.32
99894.31
99894.3
99894.29
99894.28
99894.27
99894.26
99894.25
99894.24
99894.23
99894.22
99894.21
99894.2
99894.2
99894.19
99894.18
99894.17
99894.16
99894.15
99894.14
99894.13
99894.12
99894.11
99894.1
99894.09
99894.08
99894.07
99894.06
99894.05
99894.04
99894.03
99894.03
99894.02
99894.01
99894
99893.99
99893.98
99893.97
99893.96
99893.95
99893.94
99824.9
99866.47
99902.35
99897.71
99894.03
99894.53
99894.9
99894.83
99894.78
99894.78
99894.77
99894.76
99894.75
99894.74
99894.74
99894.73
99894.72
99894.71
99894.7
99894.69
99894.68
99894.67
99894.66
99894.65
99894.64
99894.63
99894.62
99894.61
99894.6
99894.59
99894.58
99894.58
99894.57
99894.56
99894.55
99894.54
99894.53
99894.52
99894.51
99894.5
99894.49
99894.48
99894.47
99894.46
99894.45
99894.45
99894.44
99894.43
99894.42
99894.41
99894.4
99894.39
99894.38
99894.37
99894.36
99894.35
99894.34
99894.33
99894.33
99894.32
99894.31
99894.3
99894.29
99894.28
99894.27
99894.26
99894.25
99894.24
99894.23
99894.22
99894.21
99894.2
99894.2
99894.19
99894.18
99894.17
99894.16
99894.15
99894.14
99894.13
99894.12
99894.11
99894.1
99894.09
99894.08
99894.07
99894.06
99894.05
99894.04
99894.03
99894.02
99894.01
99894.01
99894
99893.99
99893.98
99893.97
99893.96
99893.95
99893.94
99824.9
99866.47
99902.36
99897.71
99894.03
99894.53
99894.9
99894.83
99894.78
99894.78
99894.77
99894.76
99894.75
99894.74
99894.74
99894.73
99894.72
99894.71
99894.7
99894.69
99894.68
99894.67
99894.66
99894.65
99894.64
99894.63
99894.62
99894.61
99894.6
99894.59
99894.58
99894.58
99894.57
99894.56
99894.55
99894.54
99894.53
99894.52
99894.51
99894.5
99894.49
99894.48
99894.47
99894.46
99894.45
99894.45
99894.44
99894.43
99894.42
99894.41
99894.4
99894.39
99894.38
99894.37
99894.36
99894.35
99894.34
99894.33
99894.33
99894.32
99894.31
99894.3
99894.29
99894.28
99894.27
99894.26
99894.25
99894.24
99894.23
99894.22
99894.21
99894.2
99894.19
99894.19
99894.18
99894.17
99894.16
99894.15
99894.14
99894.13
99894.12
99894.11
99894.1
99894.09
99894.08
99894.07
99894.06
99894.05
99894.04
99894.03
99894.02
99894.01
99894
99893.99
99893.98
99893.98
99893.97
99893.96
99893.95
99893.94
99824.9
99866.47
99902.36
99897.72
99894.03
99894.53
99894.9
99894.83
99894.79
99894.78
99894.78
99894.77
99894.76
99894.75
99894.74
99894.73
99894.72
99894.71
99894.7
99894.69
99894.68
99894.67
99894.66
99894.65
99894.64
99894.63
99894.62
99894.61
99894.6
99894.59
99894.59
99894.58
99894.57
99894.56
99894.55
99894.54
99894.53
99894.52
99894.51
99894.5
99894.49
99894.48
99894.47
99894.46
99894.46
99894.45
99894.44
99894.43
99894.42
99894.41
99894.4
99894.39
99894.38
99894.37
99894.36
99894.35
99894.34
99894.33
99894.33
99894.32
99894.31
99894.3
99894.29
99894.28
99894.27
99894.26
99894.25
99894.24
99894.23
99894.22
99894.21
99894.2
99894.19
99894.19
99894.18
99894.17
99894.16
99894.15
99894.14
99894.13
99894.12
99894.11
99894.1
99894.09
99894.08
99894.07
99894.06
99894.05
99894.04
99894.03
99894.02
99894.01
99894
99893.99
99893.98
99893.97
99893.96
99893.95
99893.95
99893.94
99824.91
99866.48
99902.36
99897.72
99894.03
99894.53
99894.9
99894.83
99894.79
99894.78
99894.78
99894.77
99894.76
99894.75
99894.74
99894.73
99894.72
99894.71
99894.7
99894.69
99894.68
99894.67
99894.66
99894.65
99894.64
99894.63
99894.62
99894.61
99894.6
99894.59
99894.58
99894.58
99894.57
99894.56
99894.55
99894.54
99894.53
99894.52
99894.51
99894.5
99894.49
99894.48
99894.47
99894.46
99894.45
99894.45
99894.44
99894.43
99894.42
99894.41
99894.4
99894.39
99894.38
99894.37
99894.36
99894.35
99894.34
99894.33
99894.33
99894.32
99894.31
99894.3
99894.29
99894.28
99894.27
99894.26
99894.25
99894.24
99894.23
99894.22
99894.21
99894.2
99894.19
99894.18
99894.18
99894.17
99894.16
99894.15
99894.14
99894.13
99894.12
99894.11
99894.1
99894.09
99894.08
99894.07
99894.06
99894.05
99894.04
99894.03
99894.02
99894.01
99894
99893.99
99893.98
99893.97
99893.96
99893.95
99893.94
99893.93
99824.91
99866.48
99902.36
99897.72
99894.03
99894.54
99894.9
99894.84
99894.79
99894.78
99894.78
99894.77
99894.76
99894.75
99894.74
99894.73
99894.72
99894.71
99894.7
99894.69
99894.68
99894.67
99894.66
99894.65
99894.64
99894.63
99894.62
99894.61
99894.6
99894.59
99894.59
99894.58
99894.57
99894.56
99894.55
99894.54
99894.53
99894.52
99894.51
99894.5
99894.49
99894.48
99894.47
99894.46
99894.46
99894.45
99894.44
99894.43
99894.42
99894.41
99894.4
99894.39
99894.38
99894.37
99894.36
99894.35
99894.34
99894.33
99894.33
99894.32
99894.31
99894.3
99894.29
99894.28
99894.27
99894.26
99894.25
99894.24
99894.23
99894.22
99894.21
99894.2
99894.19
99894.19
99894.18
99894.17
99894.16
99894.15
99894.14
99894.13
99894.12
99894.11
99894.1
99894.09
99894.08
99894.07
99894.06
99894.05
99894.04
99894.03
99894.02
99894.01
99894
99893.99
99893.98
99893.97
99893.96
99893.95
99893.94
99893.93
99824.92
99866.49
99902.37
99897.72
99894.03
99894.54
99894.9
99894.84
99894.79
99894.78
99894.78
99894.77
99894.76
99894.75
99894.74
99894.73
99894.72
99894.71
99894.7
99894.69
99894.68
99894.67
99894.66
99894.65
99894.64
99894.63
99894.62
99894.61
99894.6
99894.59
99894.58
99894.58
99894.57
99894.56
99894.55
99894.54
99894.53
99894.52
99894.51
99894.5
99894.49
99894.48
99894.47
99894.46
99894.45
99894.45
99894.44
99894.43
99894.42
99894.41
99894.4
99894.39
99894.38
99894.37
99894.36
99894.35
99894.34
99894.33
99894.33
99894.32
99894.31
99894.3
99894.29
99894.28
99894.27
99894.26
99894.25
99894.24
99894.23
99894.22
99894.21
99894.2
99894.19
99894.18
99894.18
99894.17
99894.16
99894.15
99894.14
99894.13
99894.12
99894.11
99894.1
99894.09
99894.08
99894.07
99894.06
99894.05
99894.04
99894.03
99894.02
99894.01
99894
99893.99
99893.98
99893.97
99893.96
99893.95
99893.94
99893.93
99824.92
99866.49
99902.37
99897.73
99894.04
99894.54
99894.91
99894.84
99894.79
99894.79
99894.78
99894.77
99894.76
99894.75
99894.74
99894.73
99894.72
99894.71
99894.7
99894.69
99894.68
99894.67
99894.66
99894.65
99894.64
99894.63
99894.62
99894.61
99894.6
99894.59
99894.59
99894.58
99894.57
99894.56
99894.55
99894.54
99894.53
99894.52
99894.51
99894.5
99894.49
99894.48
99894.47
99894.46
99894.46
99894.45
99894.44
99894.43
99894.42
99894.41
99894.4
99894.39
99894.38
99894.37
99894.36
99894.35
99894.34
99894.33
99894.33
99894.32
99894.31
99894.3
99894.29
99894.28
99894.27
99894.26
99894.25
99894.24
99894.23
99894.22
99894.21
99894.2
99894.19
99894.18
99894.18
99894.17
99894.16
99894.15
99894.14
99894.13
99894.12
99894.11
99894.1
99894.09
99894.08
99894.07
99894.06
99894.05
99894.04
99894.03
99894.02
99894.01
99894
99893.99
99893.98
99893.96
99893.95
99893.94
99893.93
99893.92
99824.93
99866.5
99902.37
99897.73
99894.04
99894.54
99894.91
99894.84
99894.79
99894.79
99894.78
99894.77
99894.76
99894.75
99894.74
99894.73
99894.72
99894.71
99894.7
99894.69
99894.68
99894.67
99894.66
99894.65
99894.64
99894.63
99894.62
99894.61
99894.6
99894.59
99894.59
99894.58
99894.57
99894.56
99894.55
99894.54
99894.53
99894.52
99894.51
99894.5
99894.49
99894.48
99894.47
99894.46
99894.45
99894.45
99894.44
99894.43
99894.42
99894.41
99894.4
99894.39
99894.38
99894.37
99894.36
99894.35
99894.34
99894.33
99894.33
99894.32
99894.31
99894.3
99894.29
99894.28
99894.27
99894.26
99894.25
99894.24
99894.23
99894.22
99894.21
99894.2
99894.19
99894.18
99894.18
99894.17
99894.16
99894.15
99894.14
99894.13
99894.12
99894.11
99894.1
99894.09
99894.08
99894.07
99894.06
99894.05
99894.04
99894.03
99894.02
99894.01
99894
99893.98
99893.97
99893.96
99893.95
99893.94
99893.93
99893.92
99824.94
99866.51
99902.38
99897.73
99894.04
99894.55
99894.91
99894.84
99894.79
99894.79
99894.78
99894.77
99894.76
99894.75
99894.74
99894.73
99894.72
99894.71
99894.7
99894.69
99894.68
99894.67
99894.66
99894.65
99894.64
99894.63
99894.62
99894.61
99894.6
99894.59
99894.59
99894.58
99894.57
99894.56
99894.55
99894.54
99894.53
99894.52
99894.51
99894.5
99894.49
99894.48
99894.47
99894.46
99894.46
99894.45
99894.44
99894.43
99894.42
99894.41
99894.4
99894.39
99894.38
99894.37
99894.36
99894.35
99894.34
99894.33
99894.33
99894.32
99894.31
99894.3
99894.29
99894.28
99894.27
99894.26
99894.25
99894.24
99894.23
99894.22
99894.21
99894.2
99894.19
99894.18
99894.18
99894.17
99894.16
99894.15
99894.14
99894.13
99894.12
99894.11
99894.1
99894.09
99894.08
99894.07
99894.06
99894.05
99894.04
99894.03
99894.02
99894.01
99893.99
99893.98
99893.97
99893.96
99893.95
99893.94
99893.92
99893.91
99824.93
99866.52
99902.38
99897.73
99894.04
99894.54
99894.91
99894.84
99894.79
99894.79
99894.78
99894.77
99894.76
99894.75
99894.74
99894.73
99894.72
99894.71
99894.7
99894.69
99894.68
99894.67
99894.66
99894.65
99894.64
99894.63
99894.62
99894.61
99894.6
99894.59
99894.59
99894.58
99894.57
99894.56
99894.55
99894.54
99894.53
99894.52
99894.51
99894.5
99894.49
99894.48
99894.47
99894.46
99894.45
99894.45
99894.44
99894.43
99894.42
99894.41
99894.4
99894.39
99894.38
99894.37
99894.36
99894.35
99894.34
99894.33
99894.33
99894.32
99894.31
99894.3
99894.29
99894.28
99894.27
99894.26
99894.25
99894.24
99894.23
99894.22
99894.21
99894.2
99894.19
99894.18
99894.18
99894.17
99894.16
99894.15
99894.14
99894.13
99894.12
99894.11
99894.1
99894.09
99894.08
99894.07
99894.06
99894.05
99894.04
99894.03
99894.02
99894.01
99893.99
99893.98
99893.97
99893.96
99893.95
99893.93
99893.92
99893.9
99825
99866.54
99902.37
99897.73
99894.05
99894.55
99894.91
99894.84
99894.79
99894.79
99894.78
99894.77
99894.76
99894.75
99894.74
99894.73
99894.72
99894.71
99894.7
99894.69
99894.68
99894.67
99894.66
99894.65
99894.64
99894.63
99894.62
99894.61
99894.6
99894.59
99894.59
99894.58
99894.57
99894.56
99894.55
99894.54
99894.53
99894.52
99894.51
99894.5
99894.49
99894.48
99894.47
99894.46
99894.46
99894.45
99894.44
99894.43
99894.42
99894.41
99894.4
99894.39
99894.38
99894.37
99894.36
99894.35
99894.34
99894.33
99894.33
99894.32
99894.31
99894.3
99894.29
99894.28
99894.27
99894.26
99894.25
99894.24
99894.23
99894.22
99894.21
99894.2
99894.19
99894.18
99894.18
99894.17
99894.16
99894.15
99894.14
99894.13
99894.12
99894.11
99894.1
99894.09
99894.08
99894.07
99894.06
99894.05
99894.04
99894.03
99894.02
99894
99893.99
99893.98
99893.97
99893.96
99893.94
99893.93
99893.91
99893.89
)
;

boundaryField
{
    bottomAir_bottom
    {
        type            symmetryPlane;
    }
    leftLet
    {
        type            fixedValue;
        value           uniform 100000;
    }
    rightLet
    {
        type            fixedFluxPressure;
        gradient        nonuniform List<scalar> 
40
(
-0.8300104
-0.8293978
-0.8296144
-0.829627
-0.829748
-0.8298341
-0.8299976
-0.8301401
-0.8303639
-0.8305689
-0.830863
-0.8311453
-0.8315228
-0.8319048
-0.8323849
-0.8328993
-0.8335116
-0.8342052
-0.8349962
-0.8359373
-0.8369821
-0.8382742
-0.8396965
-0.8415047
-0.8435154
-0.8461196
-0.8490941
-0.8530063
-0.8576534
-0.8638998
-0.8716705
-0.8825645
-0.8967662
-0.9184202
-0.9477629
-1.00036
-1.072199
-1.24661
-1.454693
-2.367612
)
;
        value           nonuniform List<scalar> 
40
(
99893.96
99893.96
99893.96
99893.96
99893.96
99893.96
99893.96
99893.96
99893.96
99893.96
99893.96
99893.96
99893.96
99893.96
99893.96
99893.95
99893.95
99893.95
99893.95
99893.95
99893.95
99893.95
99893.95
99893.95
99893.95
99893.94
99893.94
99893.94
99893.94
99893.94
99893.93
99893.93
99893.93
99893.93
99893.92
99893.92
99893.91
99893.9
99893.9
99893.88
)
;
    }
    frontAndBack
    {
        type            empty;
    }
    bottomAir_to_wall
    {
        type            fixedFluxPressure;
        gradient        uniform 0;
        value           nonuniform List<scalar> 
100
(
99825
99866.54
99902.37
99897.73
99894.05
99894.55
99894.91
99894.84
99894.79
99894.79
99894.78
99894.77
99894.76
99894.75
99894.74
99894.73
99894.72
99894.71
99894.7
99894.69
99894.68
99894.67
99894.66
99894.65
99894.64
99894.63
99894.62
99894.61
99894.6
99894.59
99894.59
99894.58
99894.57
99894.56
99894.55
99894.54
99894.53
99894.52
99894.51
99894.5
99894.49
99894.48
99894.47
99894.46
99894.46
99894.45
99894.44
99894.43
99894.42
99894.41
99894.4
99894.39
99894.38
99894.37
99894.36
99894.35
99894.34
99894.33
99894.33
99894.32
99894.31
99894.3
99894.29
99894.28
99894.27
99894.26
99894.25
99894.24
99894.23
99894.22
99894.21
99894.2
99894.19
99894.18
99894.18
99894.17
99894.16
99894.15
99894.14
99894.13
99894.12
99894.11
99894.1
99894.09
99894.08
99894.07
99894.06
99894.05
99894.04
99894.03
99894.02
99894
99893.99
99893.98
99893.97
99893.96
99893.94
99893.93
99893.91
99893.89
)
;
    }
}


// ************************************************************************* //
