/*--------------------------------*- C++ -*----------------------------------*\
| =========                 |                                                 |
| \\      /  F ield         | OpenFOAM: The Open Source CFD Toolbox           |
|  \\    /   O peration     | Version:  2.3.0                                 |
|   \\  /    A nd           | Web:      www.OpenFOAM.org                      |
|    \\/     M anipulation  |                                                 |
\*---------------------------------------------------------------------------*/
FoamFile
{
    version     2.0;
    format      ascii;
    class       volScalarField;
    location    "10000/topAir";
    object      p_rgh;
}
// * * * * * * * * * * * * * * * * * * * * * * * * * * * * * * * * * * * * * //

dimensions      [1 -1 -2 0 0 0 0];

internalField   nonuniform List<scalar> 
4000
(
99883.02
99910.79
99934.74
99931.63
99929.16
99929.49
99929.72
99929.67
99929.63
99929.63
99929.62
99929.6
99929.59
99929.58
99929.57
99929.55
99929.54
99929.53
99929.52
99929.51
99929.5
99929.48
99929.47
99929.46
99929.45
99929.44
99929.43
99929.41
99929.4
99929.39
99929.38
99929.37
99929.36
99929.34
99929.33
99929.32
99929.31
99929.3
99929.29
99929.28
99929.26
99929.25
99929.24
99929.23
99929.22
99929.21
99929.2
99929.18
99929.17
99929.16
99929.15
99929.14
99929.13
99929.12
99929.1
99929.09
99929.08
99929.07
99929.06
99929.05
99929.04
99929.02
99929.01
99929
99928.99
99928.98
99928.97
99928.95
99928.94
99928.93
99928.92
99928.91
99928.9
99928.88
99928.87
99928.86
99928.85
99928.84
99928.83
99928.81
99928.8
99928.79
99928.78
99928.77
99928.76
99928.74
99928.73
99928.72
99928.71
99928.69
99928.68
99928.67
99928.66
99928.64
99928.63
99928.62
99928.6
99928.59
99928.57
99928.55
99882.97
99910.78
99934.74
99931.63
99929.16
99929.49
99929.72
99929.67
99929.63
99929.63
99929.62
99929.6
99929.59
99929.58
99929.57
99929.55
99929.54
99929.53
99929.52
99929.51
99929.5
99929.48
99929.47
99929.46
99929.45
99929.44
99929.43
99929.41
99929.4
99929.39
99929.38
99929.37
99929.36
99929.34
99929.33
99929.32
99929.31
99929.3
99929.29
99929.28
99929.26
99929.25
99929.24
99929.23
99929.22
99929.21
99929.2
99929.18
99929.17
99929.16
99929.15
99929.14
99929.13
99929.12
99929.1
99929.09
99929.08
99929.07
99929.06
99929.05
99929.03
99929.02
99929.01
99929
99928.99
99928.98
99928.97
99928.95
99928.94
99928.93
99928.92
99928.91
99928.9
99928.88
99928.87
99928.86
99928.85
99928.84
99928.83
99928.81
99928.8
99928.79
99928.78
99928.77
99928.76
99928.74
99928.73
99928.72
99928.71
99928.69
99928.68
99928.67
99928.66
99928.64
99928.63
99928.62
99928.6
99928.59
99928.57
99928.56
99882.98
99910.77
99934.74
99931.63
99929.15
99929.49
99929.72
99929.67
99929.63
99929.63
99929.62
99929.6
99929.59
99929.58
99929.57
99929.55
99929.54
99929.53
99929.52
99929.51
99929.5
99929.48
99929.47
99929.46
99929.45
99929.44
99929.43
99929.41
99929.4
99929.39
99929.38
99929.37
99929.36
99929.34
99929.33
99929.32
99929.31
99929.3
99929.29
99929.28
99929.26
99929.25
99929.24
99929.23
99929.22
99929.21
99929.2
99929.18
99929.17
99929.16
99929.15
99929.14
99929.13
99929.12
99929.1
99929.09
99929.08
99929.07
99929.06
99929.05
99929.04
99929.02
99929.01
99929
99928.99
99928.98
99928.97
99928.95
99928.94
99928.93
99928.92
99928.91
99928.9
99928.89
99928.87
99928.86
99928.85
99928.84
99928.83
99928.82
99928.8
99928.79
99928.78
99928.77
99928.76
99928.74
99928.73
99928.72
99928.71
99928.7
99928.68
99928.67
99928.66
99928.64
99928.63
99928.62
99928.6
99928.59
99928.58
99928.56
99882.97
99910.76
99934.74
99931.62
99929.15
99929.48
99929.72
99929.67
99929.63
99929.62
99929.62
99929.6
99929.59
99929.58
99929.57
99929.55
99929.54
99929.53
99929.52
99929.51
99929.5
99929.48
99929.47
99929.46
99929.45
99929.44
99929.43
99929.41
99929.4
99929.39
99929.38
99929.37
99929.36
99929.34
99929.33
99929.32
99929.31
99929.3
99929.29
99929.28
99929.26
99929.25
99929.24
99929.23
99929.22
99929.21
99929.2
99929.18
99929.17
99929.16
99929.15
99929.14
99929.13
99929.12
99929.1
99929.09
99929.08
99929.07
99929.06
99929.05
99929.03
99929.02
99929.01
99929
99928.99
99928.98
99928.97
99928.95
99928.94
99928.93
99928.92
99928.91
99928.9
99928.89
99928.87
99928.86
99928.85
99928.84
99928.83
99928.82
99928.8
99928.79
99928.78
99928.77
99928.76
99928.74
99928.73
99928.72
99928.71
99928.7
99928.68
99928.67
99928.66
99928.65
99928.63
99928.62
99928.61
99928.59
99928.58
99928.57
99882.96
99910.76
99934.74
99931.62
99929.15
99929.48
99929.72
99929.67
99929.63
99929.63
99929.62
99929.6
99929.59
99929.58
99929.57
99929.55
99929.54
99929.53
99929.52
99929.51
99929.5
99929.48
99929.47
99929.46
99929.45
99929.44
99929.43
99929.41
99929.4
99929.39
99929.38
99929.37
99929.36
99929.34
99929.33
99929.32
99929.31
99929.3
99929.29
99929.28
99929.26
99929.25
99929.24
99929.23
99929.22
99929.21
99929.2
99929.18
99929.17
99929.16
99929.15
99929.14
99929.13
99929.12
99929.1
99929.09
99929.08
99929.07
99929.06
99929.05
99929.04
99929.02
99929.01
99929
99928.99
99928.98
99928.97
99928.95
99928.94
99928.93
99928.92
99928.91
99928.9
99928.89
99928.87
99928.86
99928.85
99928.84
99928.83
99928.82
99928.8
99928.79
99928.78
99928.77
99928.76
99928.74
99928.73
99928.72
99928.71
99928.7
99928.68
99928.67
99928.66
99928.65
99928.63
99928.62
99928.61
99928.6
99928.58
99928.57
99882.96
99910.75
99934.73
99931.62
99929.15
99929.48
99929.72
99929.67
99929.63
99929.62
99929.61
99929.6
99929.59
99929.58
99929.57
99929.55
99929.54
99929.53
99929.52
99929.51
99929.5
99929.48
99929.47
99929.46
99929.45
99929.44
99929.43
99929.41
99929.4
99929.39
99929.38
99929.37
99929.36
99929.34
99929.33
99929.32
99929.31
99929.3
99929.29
99929.28
99929.26
99929.25
99929.24
99929.23
99929.22
99929.21
99929.2
99929.18
99929.17
99929.16
99929.15
99929.14
99929.13
99929.12
99929.1
99929.09
99929.08
99929.07
99929.06
99929.05
99929.03
99929.02
99929.01
99929
99928.99
99928.98
99928.97
99928.95
99928.94
99928.93
99928.92
99928.91
99928.9
99928.89
99928.87
99928.86
99928.85
99928.84
99928.83
99928.82
99928.8
99928.79
99928.78
99928.77
99928.76
99928.74
99928.73
99928.72
99928.71
99928.7
99928.68
99928.67
99928.66
99928.65
99928.64
99928.62
99928.61
99928.6
99928.59
99928.57
99882.96
99910.75
99934.73
99931.62
99929.15
99929.48
99929.72
99929.67
99929.63
99929.62
99929.61
99929.6
99929.59
99929.58
99929.57
99929.55
99929.54
99929.53
99929.52
99929.51
99929.5
99929.48
99929.47
99929.46
99929.45
99929.44
99929.43
99929.41
99929.4
99929.39
99929.38
99929.37
99929.36
99929.34
99929.33
99929.32
99929.31
99929.3
99929.29
99929.28
99929.26
99929.25
99929.24
99929.23
99929.22
99929.21
99929.2
99929.18
99929.17
99929.16
99929.15
99929.14
99929.13
99929.12
99929.1
99929.09
99929.08
99929.07
99929.06
99929.05
99929.04
99929.02
99929.01
99929
99928.99
99928.98
99928.97
99928.95
99928.94
99928.93
99928.92
99928.91
99928.9
99928.89
99928.87
99928.86
99928.85
99928.84
99928.83
99928.82
99928.8
99928.79
99928.78
99928.77
99928.76
99928.75
99928.73
99928.72
99928.71
99928.7
99928.69
99928.67
99928.66
99928.65
99928.64
99928.62
99928.61
99928.6
99928.59
99928.58
99882.95
99910.74
99934.73
99931.62
99929.15
99929.48
99929.72
99929.67
99929.63
99929.62
99929.61
99929.6
99929.59
99929.58
99929.56
99929.55
99929.54
99929.53
99929.52
99929.51
99929.49
99929.48
99929.47
99929.46
99929.45
99929.44
99929.43
99929.41
99929.4
99929.39
99929.38
99929.37
99929.36
99929.34
99929.33
99929.32
99929.31
99929.3
99929.29
99929.28
99929.26
99929.25
99929.24
99929.23
99929.22
99929.21
99929.2
99929.18
99929.17
99929.16
99929.15
99929.14
99929.13
99929.12
99929.1
99929.09
99929.08
99929.07
99929.06
99929.05
99929.04
99929.02
99929.01
99929
99928.99
99928.98
99928.97
99928.95
99928.94
99928.93
99928.92
99928.91
99928.9
99928.89
99928.87
99928.86
99928.85
99928.84
99928.83
99928.82
99928.8
99928.79
99928.78
99928.77
99928.76
99928.75
99928.73
99928.72
99928.71
99928.7
99928.69
99928.67
99928.66
99928.65
99928.64
99928.63
99928.61
99928.6
99928.59
99928.58
99882.95
99910.74
99934.73
99931.61
99929.14
99929.48
99929.72
99929.67
99929.63
99929.62
99929.61
99929.6
99929.59
99929.58
99929.56
99929.55
99929.54
99929.53
99929.52
99929.51
99929.49
99929.48
99929.47
99929.46
99929.45
99929.44
99929.43
99929.41
99929.4
99929.39
99929.38
99929.37
99929.36
99929.34
99929.33
99929.32
99929.31
99929.3
99929.29
99929.28
99929.26
99929.25
99929.24
99929.23
99929.22
99929.21
99929.2
99929.18
99929.17
99929.16
99929.15
99929.14
99929.13
99929.12
99929.1
99929.09
99929.08
99929.07
99929.06
99929.05
99929.04
99929.02
99929.01
99929
99928.99
99928.98
99928.97
99928.95
99928.94
99928.93
99928.92
99928.91
99928.9
99928.89
99928.87
99928.86
99928.85
99928.84
99928.83
99928.82
99928.8
99928.79
99928.78
99928.77
99928.76
99928.75
99928.73
99928.72
99928.71
99928.7
99928.69
99928.67
99928.66
99928.65
99928.64
99928.63
99928.62
99928.6
99928.59
99928.58
99882.95
99910.74
99934.73
99931.61
99929.14
99929.48
99929.72
99929.67
99929.63
99929.62
99929.61
99929.6
99929.59
99929.58
99929.56
99929.55
99929.54
99929.53
99929.52
99929.51
99929.49
99929.48
99929.47
99929.46
99929.45
99929.44
99929.42
99929.41
99929.4
99929.39
99929.38
99929.37
99929.36
99929.34
99929.33
99929.32
99929.31
99929.3
99929.29
99929.28
99929.26
99929.25
99929.24
99929.23
99929.22
99929.21
99929.2
99929.18
99929.17
99929.16
99929.15
99929.14
99929.13
99929.12
99929.1
99929.09
99929.08
99929.07
99929.06
99929.05
99929.04
99929.02
99929.01
99929
99928.99
99928.98
99928.97
99928.95
99928.94
99928.93
99928.92
99928.91
99928.9
99928.89
99928.87
99928.86
99928.85
99928.84
99928.83
99928.82
99928.8
99928.79
99928.78
99928.77
99928.76
99928.75
99928.73
99928.72
99928.71
99928.7
99928.69
99928.68
99928.66
99928.65
99928.64
99928.63
99928.62
99928.61
99928.59
99928.58
99882.94
99910.74
99934.72
99931.61
99929.14
99929.47
99929.71
99929.66
99929.63
99929.62
99929.61
99929.6
99929.59
99929.58
99929.56
99929.55
99929.54
99929.53
99929.52
99929.51
99929.49
99929.48
99929.47
99929.46
99929.45
99929.44
99929.43
99929.41
99929.4
99929.39
99929.38
99929.37
99929.36
99929.34
99929.33
99929.32
99929.31
99929.3
99929.29
99929.28
99929.26
99929.25
99929.24
99929.23
99929.22
99929.21
99929.2
99929.18
99929.17
99929.16
99929.15
99929.14
99929.13
99929.12
99929.1
99929.09
99929.08
99929.07
99929.06
99929.05
99929.04
99929.02
99929.01
99929
99928.99
99928.98
99928.97
99928.95
99928.94
99928.93
99928.92
99928.91
99928.9
99928.89
99928.87
99928.86
99928.85
99928.84
99928.83
99928.82
99928.8
99928.79
99928.78
99928.77
99928.76
99928.75
99928.74
99928.72
99928.71
99928.7
99928.69
99928.68
99928.67
99928.65
99928.64
99928.63
99928.62
99928.61
99928.6
99928.59
99882.94
99910.74
99934.72
99931.61
99929.14
99929.47
99929.71
99929.66
99929.63
99929.62
99929.61
99929.6
99929.59
99929.57
99929.56
99929.55
99929.54
99929.53
99929.52
99929.51
99929.49
99929.48
99929.47
99929.46
99929.45
99929.44
99929.42
99929.41
99929.4
99929.39
99929.38
99929.37
99929.36
99929.34
99929.33
99929.32
99929.31
99929.3
99929.29
99929.28
99929.26
99929.25
99929.24
99929.23
99929.22
99929.21
99929.2
99929.18
99929.17
99929.16
99929.15
99929.14
99929.13
99929.12
99929.1
99929.09
99929.08
99929.07
99929.06
99929.05
99929.04
99929.02
99929.01
99929
99928.99
99928.98
99928.97
99928.95
99928.94
99928.93
99928.92
99928.91
99928.9
99928.89
99928.87
99928.86
99928.85
99928.84
99928.83
99928.82
99928.81
99928.79
99928.78
99928.77
99928.76
99928.75
99928.74
99928.72
99928.71
99928.7
99928.69
99928.68
99928.67
99928.65
99928.64
99928.63
99928.62
99928.61
99928.6
99928.59
99882.94
99910.73
99934.72
99931.61
99929.14
99929.47
99929.71
99929.66
99929.63
99929.62
99929.61
99929.6
99929.59
99929.57
99929.56
99929.55
99929.54
99929.53
99929.52
99929.51
99929.49
99929.48
99929.47
99929.46
99929.45
99929.44
99929.42
99929.41
99929.4
99929.39
99929.38
99929.37
99929.36
99929.34
99929.33
99929.32
99929.31
99929.3
99929.29
99929.28
99929.26
99929.25
99929.24
99929.23
99929.22
99929.21
99929.2
99929.18
99929.17
99929.16
99929.15
99929.14
99929.13
99929.12
99929.1
99929.09
99929.08
99929.07
99929.06
99929.05
99929.04
99929.02
99929.01
99929
99928.99
99928.98
99928.97
99928.96
99928.94
99928.93
99928.92
99928.91
99928.9
99928.89
99928.87
99928.86
99928.85
99928.84
99928.83
99928.82
99928.81
99928.79
99928.78
99928.77
99928.76
99928.75
99928.74
99928.72
99928.71
99928.7
99928.69
99928.68
99928.67
99928.66
99928.64
99928.63
99928.62
99928.61
99928.6
99928.59
99882.94
99910.73
99934.72
99931.61
99929.14
99929.47
99929.71
99929.66
99929.63
99929.62
99929.61
99929.6
99929.59
99929.57
99929.56
99929.55
99929.54
99929.53
99929.52
99929.5
99929.49
99929.48
99929.47
99929.46
99929.45
99929.44
99929.42
99929.41
99929.4
99929.39
99929.38
99929.37
99929.36
99929.34
99929.33
99929.32
99929.31
99929.3
99929.29
99929.28
99929.26
99929.25
99929.24
99929.23
99929.22
99929.21
99929.2
99929.18
99929.17
99929.16
99929.15
99929.14
99929.13
99929.12
99929.1
99929.09
99929.08
99929.07
99929.06
99929.05
99929.04
99929.02
99929.01
99929
99928.99
99928.98
99928.97
99928.96
99928.94
99928.93
99928.92
99928.91
99928.9
99928.89
99928.87
99928.86
99928.85
99928.84
99928.83
99928.82
99928.81
99928.79
99928.78
99928.77
99928.76
99928.75
99928.74
99928.73
99928.71
99928.7
99928.69
99928.68
99928.67
99928.66
99928.65
99928.63
99928.62
99928.61
99928.6
99928.59
99882.94
99910.73
99934.72
99931.61
99929.14
99929.47
99929.71
99929.66
99929.62
99929.62
99929.61
99929.6
99929.58
99929.57
99929.56
99929.55
99929.54
99929.53
99929.52
99929.5
99929.49
99929.48
99929.47
99929.46
99929.45
99929.44
99929.42
99929.41
99929.4
99929.39
99929.38
99929.37
99929.36
99929.34
99929.33
99929.32
99929.31
99929.3
99929.29
99929.28
99929.26
99929.25
99929.24
99929.23
99929.22
99929.21
99929.2
99929.18
99929.17
99929.16
99929.15
99929.14
99929.13
99929.12
99929.1
99929.09
99929.08
99929.07
99929.06
99929.05
99929.04
99929.02
99929.01
99929
99928.99
99928.98
99928.97
99928.96
99928.94
99928.93
99928.92
99928.91
99928.9
99928.89
99928.87
99928.86
99928.85
99928.84
99928.83
99928.82
99928.81
99928.79
99928.78
99928.77
99928.76
99928.75
99928.74
99928.73
99928.71
99928.7
99928.69
99928.68
99928.67
99928.66
99928.65
99928.63
99928.62
99928.61
99928.6
99928.59
99882.94
99910.73
99934.72
99931.61
99929.14
99929.47
99929.71
99929.66
99929.62
99929.62
99929.61
99929.6
99929.58
99929.57
99929.56
99929.55
99929.54
99929.53
99929.52
99929.5
99929.49
99929.48
99929.47
99929.46
99929.45
99929.44
99929.42
99929.41
99929.4
99929.39
99929.38
99929.37
99929.36
99929.34
99929.33
99929.32
99929.31
99929.3
99929.29
99929.28
99929.26
99929.25
99929.24
99929.23
99929.22
99929.21
99929.2
99929.18
99929.17
99929.16
99929.15
99929.14
99929.13
99929.12
99929.1
99929.09
99929.08
99929.07
99929.06
99929.05
99929.04
99929.02
99929.01
99929
99928.99
99928.98
99928.97
99928.96
99928.94
99928.93
99928.92
99928.91
99928.9
99928.89
99928.88
99928.86
99928.85
99928.84
99928.83
99928.82
99928.81
99928.79
99928.78
99928.77
99928.76
99928.75
99928.74
99928.73
99928.71
99928.7
99928.69
99928.68
99928.67
99928.66
99928.65
99928.64
99928.62
99928.61
99928.6
99928.59
99882.93
99910.73
99934.72
99931.61
99929.14
99929.47
99929.71
99929.66
99929.62
99929.62
99929.61
99929.6
99929.58
99929.57
99929.56
99929.55
99929.54
99929.53
99929.52
99929.5
99929.49
99929.48
99929.47
99929.46
99929.45
99929.44
99929.42
99929.41
99929.4
99929.39
99929.38
99929.37
99929.36
99929.34
99929.33
99929.32
99929.31
99929.3
99929.29
99929.28
99929.26
99929.25
99929.24
99929.23
99929.22
99929.21
99929.2
99929.18
99929.17
99929.16
99929.15
99929.14
99929.13
99929.12
99929.1
99929.09
99929.08
99929.07
99929.06
99929.05
99929.04
99929.02
99929.01
99929
99928.99
99928.98
99928.97
99928.96
99928.94
99928.93
99928.92
99928.91
99928.9
99928.89
99928.88
99928.86
99928.85
99928.84
99928.83
99928.82
99928.81
99928.8
99928.78
99928.77
99928.76
99928.75
99928.74
99928.73
99928.72
99928.7
99928.69
99928.68
99928.67
99928.66
99928.65
99928.64
99928.63
99928.61
99928.6
99928.59
99882.93
99910.73
99934.72
99931.6
99929.13
99929.47
99929.71
99929.66
99929.62
99929.62
99929.61
99929.59
99929.58
99929.57
99929.56
99929.55
99929.54
99929.53
99929.52
99929.5
99929.49
99929.48
99929.47
99929.46
99929.45
99929.44
99929.42
99929.41
99929.4
99929.39
99929.38
99929.37
99929.36
99929.34
99929.33
99929.32
99929.31
99929.3
99929.29
99929.28
99929.26
99929.25
99929.24
99929.23
99929.22
99929.21
99929.2
99929.18
99929.17
99929.16
99929.15
99929.14
99929.13
99929.12
99929.1
99929.09
99929.08
99929.07
99929.06
99929.05
99929.04
99929.02
99929.01
99929
99928.99
99928.98
99928.97
99928.96
99928.94
99928.93
99928.92
99928.91
99928.9
99928.89
99928.88
99928.86
99928.85
99928.84
99928.83
99928.82
99928.81
99928.8
99928.78
99928.77
99928.76
99928.75
99928.74
99928.73
99928.72
99928.7
99928.69
99928.68
99928.67
99928.66
99928.65
99928.64
99928.63
99928.62
99928.6
99928.59
99882.93
99910.73
99934.72
99931.6
99929.13
99929.47
99929.71
99929.66
99929.62
99929.61
99929.61
99929.59
99929.58
99929.57
99929.56
99929.55
99929.54
99929.53
99929.51
99929.5
99929.49
99929.48
99929.47
99929.46
99929.45
99929.44
99929.42
99929.41
99929.4
99929.39
99929.38
99929.37
99929.36
99929.34
99929.33
99929.32
99929.31
99929.3
99929.29
99929.28
99929.26
99929.25
99929.24
99929.23
99929.22
99929.21
99929.2
99929.18
99929.17
99929.16
99929.15
99929.14
99929.13
99929.12
99929.1
99929.09
99929.08
99929.07
99929.06
99929.05
99929.04
99929.02
99929.01
99929
99928.99
99928.98
99928.97
99928.96
99928.94
99928.93
99928.92
99928.91
99928.9
99928.89
99928.88
99928.86
99928.85
99928.84
99928.83
99928.82
99928.81
99928.8
99928.78
99928.77
99928.76
99928.75
99928.74
99928.73
99928.72
99928.71
99928.69
99928.68
99928.67
99928.66
99928.65
99928.64
99928.63
99928.62
99928.61
99928.59
99882.93
99910.72
99934.71
99931.6
99929.13
99929.47
99929.71
99929.66
99929.62
99929.61
99929.61
99929.59
99929.58
99929.57
99929.56
99929.55
99929.54
99929.53
99929.51
99929.5
99929.49
99929.48
99929.47
99929.46
99929.45
99929.43
99929.42
99929.41
99929.4
99929.39
99929.38
99929.37
99929.36
99929.34
99929.33
99929.32
99929.31
99929.3
99929.29
99929.28
99929.26
99929.25
99929.24
99929.23
99929.22
99929.21
99929.2
99929.18
99929.17
99929.16
99929.15
99929.14
99929.13
99929.12
99929.1
99929.09
99929.08
99929.07
99929.06
99929.05
99929.04
99929.02
99929.01
99929
99928.99
99928.98
99928.97
99928.96
99928.94
99928.93
99928.92
99928.91
99928.9
99928.89
99928.88
99928.86
99928.85
99928.84
99928.83
99928.82
99928.81
99928.8
99928.78
99928.77
99928.76
99928.75
99928.74
99928.73
99928.72
99928.71
99928.69
99928.68
99928.67
99928.66
99928.65
99928.64
99928.63
99928.62
99928.61
99928.6
99882.93
99910.72
99934.71
99931.6
99929.13
99929.47
99929.71
99929.66
99929.62
99929.61
99929.6
99929.59
99929.58
99929.57
99929.56
99929.55
99929.54
99929.53
99929.51
99929.5
99929.49
99929.48
99929.47
99929.46
99929.45
99929.43
99929.42
99929.41
99929.4
99929.39
99929.38
99929.37
99929.36
99929.34
99929.33
99929.32
99929.31
99929.3
99929.29
99929.28
99929.26
99929.25
99929.24
99929.23
99929.22
99929.21
99929.2
99929.18
99929.17
99929.16
99929.15
99929.14
99929.13
99929.12
99929.1
99929.09
99929.08
99929.07
99929.06
99929.05
99929.04
99929.02
99929.01
99929
99928.99
99928.98
99928.97
99928.96
99928.94
99928.93
99928.92
99928.91
99928.9
99928.89
99928.88
99928.86
99928.85
99928.84
99928.83
99928.82
99928.81
99928.8
99928.79
99928.77
99928.76
99928.75
99928.74
99928.73
99928.72
99928.71
99928.69
99928.68
99928.67
99928.66
99928.65
99928.64
99928.63
99928.62
99928.61
99928.6
99882.93
99910.72
99934.71
99931.6
99929.13
99929.46
99929.71
99929.66
99929.62
99929.61
99929.6
99929.59
99929.58
99929.57
99929.56
99929.55
99929.54
99929.53
99929.51
99929.5
99929.49
99929.48
99929.47
99929.46
99929.45
99929.43
99929.42
99929.41
99929.4
99929.39
99929.38
99929.37
99929.35
99929.34
99929.33
99929.32
99929.31
99929.3
99929.29
99929.28
99929.26
99929.25
99929.24
99929.23
99929.22
99929.21
99929.2
99929.18
99929.17
99929.16
99929.15
99929.14
99929.13
99929.12
99929.1
99929.09
99929.08
99929.07
99929.06
99929.05
99929.04
99929.02
99929.01
99929
99928.99
99928.98
99928.97
99928.96
99928.94
99928.93
99928.92
99928.91
99928.9
99928.89
99928.88
99928.86
99928.85
99928.84
99928.83
99928.82
99928.81
99928.8
99928.79
99928.77
99928.76
99928.75
99928.74
99928.73
99928.72
99928.71
99928.7
99928.68
99928.67
99928.66
99928.65
99928.64
99928.63
99928.62
99928.61
99928.6
99882.93
99910.72
99934.71
99931.6
99929.13
99929.46
99929.71
99929.66
99929.62
99929.61
99929.6
99929.59
99929.58
99929.57
99929.56
99929.55
99929.54
99929.52
99929.51
99929.5
99929.49
99929.48
99929.47
99929.46
99929.45
99929.43
99929.42
99929.41
99929.4
99929.39
99929.38
99929.37
99929.35
99929.34
99929.33
99929.32
99929.31
99929.3
99929.29
99929.28
99929.26
99929.25
99929.24
99929.23
99929.22
99929.21
99929.2
99929.18
99929.17
99929.16
99929.15
99929.14
99929.13
99929.12
99929.1
99929.09
99929.08
99929.07
99929.06
99929.05
99929.04
99929.02
99929.01
99929
99928.99
99928.98
99928.97
99928.96
99928.94
99928.93
99928.92
99928.91
99928.9
99928.89
99928.88
99928.86
99928.85
99928.84
99928.83
99928.82
99928.81
99928.8
99928.79
99928.77
99928.76
99928.75
99928.74
99928.73
99928.72
99928.71
99928.7
99928.68
99928.67
99928.66
99928.65
99928.64
99928.63
99928.62
99928.61
99928.6
99882.93
99910.72
99934.71
99931.6
99929.13
99929.46
99929.7
99929.66
99929.62
99929.61
99929.6
99929.59
99929.58
99929.57
99929.56
99929.55
99929.54
99929.52
99929.51
99929.5
99929.49
99929.48
99929.47
99929.46
99929.45
99929.43
99929.42
99929.41
99929.4
99929.39
99929.38
99929.37
99929.35
99929.34
99929.33
99929.32
99929.31
99929.3
99929.29
99929.28
99929.26
99929.25
99929.24
99929.23
99929.22
99929.21
99929.2
99929.18
99929.17
99929.16
99929.15
99929.14
99929.13
99929.12
99929.1
99929.09
99929.08
99929.07
99929.06
99929.05
99929.04
99929.02
99929.01
99929
99928.99
99928.98
99928.97
99928.96
99928.94
99928.93
99928.92
99928.91
99928.9
99928.89
99928.88
99928.87
99928.85
99928.84
99928.83
99928.82
99928.81
99928.8
99928.79
99928.77
99928.76
99928.75
99928.74
99928.73
99928.72
99928.71
99928.7
99928.69
99928.67
99928.66
99928.65
99928.64
99928.63
99928.62
99928.61
99928.6
99882.93
99910.72
99934.71
99931.6
99929.13
99929.46
99929.7
99929.66
99929.62
99929.61
99929.6
99929.59
99929.58
99929.57
99929.56
99929.55
99929.54
99929.52
99929.51
99929.5
99929.49
99929.48
99929.47
99929.46
99929.45
99929.43
99929.42
99929.41
99929.4
99929.39
99929.38
99929.37
99929.35
99929.34
99929.33
99929.32
99929.31
99929.3
99929.29
99929.28
99929.26
99929.25
99929.24
99929.23
99929.22
99929.21
99929.2
99929.18
99929.17
99929.16
99929.15
99929.14
99929.13
99929.12
99929.1
99929.09
99929.08
99929.07
99929.06
99929.05
99929.04
99929.02
99929.01
99929
99928.99
99928.98
99928.97
99928.96
99928.94
99928.93
99928.92
99928.91
99928.9
99928.89
99928.88
99928.87
99928.85
99928.84
99928.83
99928.82
99928.81
99928.8
99928.79
99928.77
99928.76
99928.75
99928.74
99928.73
99928.72
99928.71
99928.7
99928.69
99928.67
99928.66
99928.65
99928.64
99928.63
99928.62
99928.61
99928.6
99882.93
99910.72
99934.71
99931.6
99929.13
99929.46
99929.7
99929.65
99929.62
99929.61
99929.6
99929.59
99929.58
99929.57
99929.56
99929.55
99929.54
99929.52
99929.51
99929.5
99929.49
99929.48
99929.47
99929.46
99929.45
99929.43
99929.42
99929.41
99929.4
99929.39
99929.38
99929.37
99929.35
99929.34
99929.33
99929.32
99929.31
99929.3
99929.29
99929.27
99929.26
99929.25
99929.24
99929.23
99929.22
99929.21
99929.2
99929.18
99929.17
99929.16
99929.15
99929.14
99929.13
99929.12
99929.1
99929.09
99929.08
99929.07
99929.06
99929.05
99929.04
99929.02
99929.01
99929
99928.99
99928.98
99928.97
99928.96
99928.94
99928.93
99928.92
99928.91
99928.9
99928.89
99928.88
99928.87
99928.85
99928.84
99928.83
99928.82
99928.81
99928.8
99928.79
99928.78
99928.76
99928.75
99928.74
99928.73
99928.72
99928.71
99928.7
99928.69
99928.68
99928.66
99928.65
99928.64
99928.63
99928.62
99928.61
99928.6
99882.92
99910.72
99934.71
99931.6
99929.13
99929.46
99929.7
99929.65
99929.62
99929.61
99929.6
99929.59
99929.58
99929.57
99929.56
99929.55
99929.54
99929.52
99929.51
99929.5
99929.49
99929.48
99929.47
99929.46
99929.45
99929.43
99929.42
99929.41
99929.4
99929.39
99929.38
99929.37
99929.35
99929.34
99929.33
99929.32
99929.31
99929.3
99929.29
99929.27
99929.26
99929.25
99929.24
99929.23
99929.22
99929.21
99929.2
99929.18
99929.17
99929.16
99929.15
99929.14
99929.13
99929.12
99929.1
99929.09
99929.08
99929.07
99929.06
99929.05
99929.04
99929.02
99929.01
99929
99928.99
99928.98
99928.97
99928.96
99928.94
99928.93
99928.92
99928.91
99928.9
99928.89
99928.88
99928.87
99928.85
99928.84
99928.83
99928.82
99928.81
99928.8
99928.79
99928.78
99928.76
99928.75
99928.74
99928.73
99928.72
99928.71
99928.7
99928.69
99928.68
99928.66
99928.65
99928.64
99928.63
99928.62
99928.61
99928.6
99882.92
99910.72
99934.71
99931.6
99929.13
99929.46
99929.7
99929.65
99929.62
99929.61
99929.6
99929.59
99929.58
99929.57
99929.56
99929.55
99929.53
99929.52
99929.51
99929.5
99929.49
99929.48
99929.47
99929.46
99929.44
99929.43
99929.42
99929.41
99929.4
99929.39
99929.38
99929.37
99929.35
99929.34
99929.33
99929.32
99929.31
99929.3
99929.29
99929.27
99929.26
99929.25
99929.24
99929.23
99929.22
99929.21
99929.2
99929.18
99929.17
99929.16
99929.15
99929.14
99929.13
99929.12
99929.1
99929.09
99929.08
99929.07
99929.06
99929.05
99929.04
99929.02
99929.01
99929
99928.99
99928.98
99928.97
99928.96
99928.95
99928.93
99928.92
99928.91
99928.9
99928.89
99928.88
99928.87
99928.85
99928.84
99928.83
99928.82
99928.81
99928.8
99928.79
99928.78
99928.76
99928.75
99928.74
99928.73
99928.72
99928.71
99928.7
99928.69
99928.68
99928.66
99928.65
99928.64
99928.63
99928.62
99928.61
99928.6
99882.92
99910.72
99934.71
99931.6
99929.13
99929.46
99929.7
99929.65
99929.62
99929.61
99929.6
99929.59
99929.58
99929.57
99929.56
99929.55
99929.53
99929.52
99929.51
99929.5
99929.49
99929.48
99929.47
99929.46
99929.44
99929.43
99929.42
99929.41
99929.4
99929.39
99929.38
99929.37
99929.35
99929.34
99929.33
99929.32
99929.31
99929.3
99929.29
99929.27
99929.26
99929.25
99929.24
99929.23
99929.22
99929.21
99929.2
99929.18
99929.17
99929.16
99929.15
99929.14
99929.13
99929.12
99929.1
99929.09
99929.08
99929.07
99929.06
99929.05
99929.04
99929.02
99929.01
99929
99928.99
99928.98
99928.97
99928.96
99928.95
99928.93
99928.92
99928.91
99928.9
99928.89
99928.88
99928.87
99928.85
99928.84
99928.83
99928.82
99928.81
99928.8
99928.79
99928.78
99928.76
99928.75
99928.74
99928.73
99928.72
99928.71
99928.7
99928.69
99928.68
99928.67
99928.65
99928.64
99928.63
99928.62
99928.61
99928.6
99882.92
99910.72
99934.71
99931.6
99929.13
99929.46
99929.7
99929.65
99929.62
99929.61
99929.6
99929.59
99929.58
99929.57
99929.56
99929.55
99929.53
99929.52
99929.51
99929.5
99929.49
99929.48
99929.47
99929.46
99929.44
99929.43
99929.42
99929.41
99929.4
99929.39
99929.38
99929.37
99929.35
99929.34
99929.33
99929.32
99929.31
99929.3
99929.29
99929.27
99929.26
99929.25
99929.24
99929.23
99929.22
99929.21
99929.2
99929.18
99929.17
99929.16
99929.15
99929.14
99929.13
99929.12
99929.1
99929.09
99929.08
99929.07
99929.06
99929.05
99929.04
99929.02
99929.01
99929
99928.99
99928.98
99928.97
99928.96
99928.95
99928.93
99928.92
99928.91
99928.9
99928.89
99928.88
99928.87
99928.85
99928.84
99928.83
99928.82
99928.81
99928.8
99928.79
99928.78
99928.76
99928.75
99928.74
99928.73
99928.72
99928.71
99928.7
99928.69
99928.68
99928.67
99928.65
99928.64
99928.63
99928.62
99928.61
99928.6
99882.92
99910.72
99934.71
99931.6
99929.13
99929.46
99929.7
99929.65
99929.62
99929.61
99929.6
99929.59
99929.58
99929.57
99929.56
99929.55
99929.53
99929.52
99929.51
99929.5
99929.49
99929.48
99929.47
99929.46
99929.44
99929.43
99929.42
99929.41
99929.4
99929.39
99929.38
99929.37
99929.35
99929.34
99929.33
99929.32
99929.31
99929.3
99929.29
99929.27
99929.26
99929.25
99929.24
99929.23
99929.22
99929.21
99929.2
99929.18
99929.17
99929.16
99929.15
99929.14
99929.13
99929.12
99929.1
99929.09
99929.08
99929.07
99929.06
99929.05
99929.04
99929.02
99929.01
99929
99928.99
99928.98
99928.97
99928.96
99928.95
99928.93
99928.92
99928.91
99928.9
99928.89
99928.88
99928.87
99928.85
99928.84
99928.83
99928.82
99928.81
99928.8
99928.79
99928.78
99928.77
99928.75
99928.74
99928.73
99928.72
99928.71
99928.7
99928.69
99928.68
99928.67
99928.65
99928.64
99928.63
99928.62
99928.61
99928.6
99882.92
99910.72
99934.71
99931.6
99929.13
99929.46
99929.7
99929.65
99929.62
99929.61
99929.6
99929.59
99929.58
99929.57
99929.56
99929.55
99929.53
99929.52
99929.51
99929.5
99929.49
99929.48
99929.47
99929.46
99929.44
99929.43
99929.42
99929.41
99929.4
99929.39
99929.38
99929.37
99929.35
99929.34
99929.33
99929.32
99929.31
99929.3
99929.29
99929.27
99929.26
99929.25
99929.24
99929.23
99929.22
99929.21
99929.2
99929.18
99929.17
99929.16
99929.15
99929.14
99929.13
99929.12
99929.1
99929.09
99929.08
99929.07
99929.06
99929.05
99929.04
99929.02
99929.01
99929
99928.99
99928.98
99928.97
99928.96
99928.95
99928.93
99928.92
99928.91
99928.9
99928.89
99928.88
99928.87
99928.85
99928.84
99928.83
99928.82
99928.81
99928.8
99928.79
99928.78
99928.77
99928.75
99928.74
99928.73
99928.72
99928.71
99928.7
99928.69
99928.68
99928.67
99928.65
99928.64
99928.63
99928.62
99928.61
99928.6
99882.92
99910.72
99934.71
99931.6
99929.13
99929.46
99929.7
99929.65
99929.62
99929.61
99929.6
99929.59
99929.58
99929.57
99929.56
99929.55
99929.53
99929.52
99929.51
99929.5
99929.49
99929.48
99929.47
99929.46
99929.44
99929.43
99929.42
99929.41
99929.4
99929.39
99929.38
99929.37
99929.35
99929.34
99929.33
99929.32
99929.31
99929.3
99929.29
99929.27
99929.26
99929.25
99929.24
99929.23
99929.22
99929.21
99929.2
99929.18
99929.17
99929.16
99929.15
99929.14
99929.13
99929.12
99929.1
99929.09
99929.08
99929.07
99929.06
99929.05
99929.04
99929.02
99929.01
99929
99928.99
99928.98
99928.97
99928.96
99928.95
99928.93
99928.92
99928.91
99928.9
99928.89
99928.88
99928.87
99928.86
99928.84
99928.83
99928.82
99928.81
99928.8
99928.79
99928.78
99928.77
99928.75
99928.74
99928.73
99928.72
99928.71
99928.7
99928.69
99928.68
99928.67
99928.66
99928.64
99928.63
99928.62
99928.61
99928.6
99882.92
99910.72
99934.71
99931.6
99929.13
99929.46
99929.7
99929.65
99929.62
99929.61
99929.6
99929.59
99929.58
99929.57
99929.56
99929.55
99929.53
99929.52
99929.51
99929.5
99929.49
99929.48
99929.47
99929.46
99929.44
99929.43
99929.42
99929.41
99929.4
99929.39
99929.38
99929.37
99929.35
99929.34
99929.33
99929.32
99929.31
99929.3
99929.29
99929.27
99929.26
99929.25
99929.24
99929.23
99929.22
99929.21
99929.2
99929.18
99929.17
99929.16
99929.15
99929.14
99929.13
99929.12
99929.1
99929.09
99929.08
99929.07
99929.06
99929.05
99929.04
99929.02
99929.01
99929
99928.99
99928.98
99928.97
99928.96
99928.95
99928.93
99928.92
99928.91
99928.9
99928.89
99928.88
99928.87
99928.86
99928.84
99928.83
99928.82
99928.81
99928.8
99928.79
99928.78
99928.77
99928.75
99928.74
99928.73
99928.72
99928.71
99928.7
99928.69
99928.68
99928.67
99928.66
99928.64
99928.63
99928.62
99928.61
99928.6
99882.92
99910.72
99934.71
99931.6
99929.13
99929.46
99929.7
99929.65
99929.62
99929.61
99929.6
99929.59
99929.58
99929.57
99929.56
99929.54
99929.53
99929.52
99929.51
99929.5
99929.49
99929.48
99929.47
99929.46
99929.44
99929.43
99929.42
99929.41
99929.4
99929.39
99929.38
99929.37
99929.35
99929.34
99929.33
99929.32
99929.31
99929.3
99929.29
99929.27
99929.26
99929.25
99929.24
99929.23
99929.22
99929.21
99929.2
99929.18
99929.17
99929.16
99929.15
99929.14
99929.13
99929.12
99929.1
99929.09
99929.08
99929.07
99929.06
99929.05
99929.04
99929.02
99929.01
99929
99928.99
99928.98
99928.97
99928.96
99928.95
99928.93
99928.92
99928.91
99928.9
99928.89
99928.88
99928.87
99928.86
99928.84
99928.83
99928.82
99928.81
99928.8
99928.79
99928.78
99928.77
99928.75
99928.74
99928.73
99928.72
99928.71
99928.7
99928.69
99928.68
99928.67
99928.66
99928.64
99928.63
99928.62
99928.61
99928.6
99882.92
99910.72
99934.71
99931.6
99929.13
99929.46
99929.7
99929.65
99929.62
99929.61
99929.6
99929.59
99929.58
99929.57
99929.56
99929.54
99929.53
99929.52
99929.51
99929.5
99929.49
99929.48
99929.47
99929.46
99929.44
99929.43
99929.42
99929.41
99929.4
99929.39
99929.38
99929.37
99929.35
99929.34
99929.33
99929.32
99929.31
99929.3
99929.29
99929.27
99929.26
99929.25
99929.24
99929.23
99929.22
99929.21
99929.2
99929.18
99929.17
99929.16
99929.15
99929.14
99929.13
99929.12
99929.1
99929.09
99929.08
99929.07
99929.06
99929.05
99929.04
99929.02
99929.01
99929
99928.99
99928.98
99928.97
99928.96
99928.95
99928.93
99928.92
99928.91
99928.9
99928.89
99928.88
99928.87
99928.86
99928.84
99928.83
99928.82
99928.81
99928.8
99928.79
99928.78
99928.77
99928.75
99928.74
99928.73
99928.72
99928.71
99928.7
99928.69
99928.68
99928.67
99928.66
99928.64
99928.63
99928.62
99928.61
99928.6
99882.92
99910.72
99934.71
99931.6
99929.13
99929.46
99929.7
99929.65
99929.62
99929.61
99929.6
99929.59
99929.58
99929.57
99929.56
99929.54
99929.53
99929.52
99929.51
99929.5
99929.49
99929.48
99929.47
99929.46
99929.44
99929.43
99929.42
99929.41
99929.4
99929.39
99929.38
99929.37
99929.35
99929.34
99929.33
99929.32
99929.31
99929.3
99929.29
99929.27
99929.26
99929.25
99929.24
99929.23
99929.22
99929.21
99929.2
99929.18
99929.17
99929.16
99929.15
99929.14
99929.13
99929.12
99929.1
99929.09
99929.08
99929.07
99929.06
99929.05
99929.04
99929.02
99929.01
99929
99928.99
99928.98
99928.97
99928.96
99928.95
99928.93
99928.92
99928.91
99928.9
99928.89
99928.88
99928.87
99928.86
99928.84
99928.83
99928.82
99928.81
99928.8
99928.79
99928.78
99928.77
99928.75
99928.74
99928.73
99928.72
99928.71
99928.7
99928.69
99928.68
99928.67
99928.66
99928.64
99928.63
99928.62
99928.61
99928.6
99882.91
99910.72
99934.71
99931.6
99929.13
99929.46
99929.7
99929.65
99929.62
99929.61
99929.6
99929.59
99929.58
99929.57
99929.56
99929.54
99929.53
99929.52
99929.51
99929.5
99929.49
99929.48
99929.47
99929.46
99929.44
99929.43
99929.42
99929.41
99929.4
99929.39
99929.38
99929.37
99929.35
99929.34
99929.33
99929.32
99929.31
99929.3
99929.29
99929.27
99929.26
99929.25
99929.24
99929.23
99929.22
99929.21
99929.2
99929.18
99929.17
99929.16
99929.15
99929.14
99929.13
99929.12
99929.1
99929.09
99929.08
99929.07
99929.06
99929.05
99929.04
99929.02
99929.01
99929
99928.99
99928.98
99928.97
99928.96
99928.95
99928.93
99928.92
99928.91
99928.9
99928.89
99928.88
99928.87
99928.86
99928.84
99928.83
99928.82
99928.81
99928.8
99928.79
99928.78
99928.77
99928.75
99928.74
99928.73
99928.72
99928.71
99928.7
99928.69
99928.68
99928.67
99928.66
99928.65
99928.63
99928.62
99928.61
99928.6
99882.91
99910.72
99934.71
99931.6
99929.13
99929.46
99929.7
99929.65
99929.62
99929.61
99929.6
99929.59
99929.58
99929.57
99929.56
99929.54
99929.53
99929.52
99929.51
99929.5
99929.49
99929.48
99929.47
99929.46
99929.44
99929.43
99929.42
99929.41
99929.4
99929.39
99929.38
99929.37
99929.35
99929.34
99929.33
99929.32
99929.31
99929.3
99929.29
99929.27
99929.26
99929.25
99929.24
99929.23
99929.22
99929.21
99929.2
99929.18
99929.17
99929.16
99929.15
99929.14
99929.13
99929.12
99929.1
99929.09
99929.08
99929.07
99929.06
99929.05
99929.04
99929.02
99929.01
99929
99928.99
99928.98
99928.97
99928.96
99928.95
99928.93
99928.92
99928.91
99928.9
99928.89
99928.88
99928.87
99928.86
99928.84
99928.83
99928.82
99928.81
99928.8
99928.79
99928.78
99928.77
99928.75
99928.74
99928.73
99928.72
99928.71
99928.7
99928.69
99928.68
99928.67
99928.66
99928.65
99928.63
99928.62
99928.61
99928.6
99882.9
99910.73
99934.72
99931.6
99929.13
99929.46
99929.7
99929.65
99929.62
99929.61
99929.6
99929.59
99929.58
99929.57
99929.56
99929.54
99929.53
99929.52
99929.51
99929.5
99929.49
99929.48
99929.47
99929.46
99929.44
99929.43
99929.42
99929.41
99929.4
99929.39
99929.38
99929.37
99929.35
99929.34
99929.33
99929.32
99929.31
99929.3
99929.29
99929.27
99929.26
99929.25
99929.24
99929.23
99929.22
99929.21
99929.2
99929.18
99929.17
99929.16
99929.15
99929.14
99929.13
99929.12
99929.1
99929.09
99929.08
99929.07
99929.06
99929.05
99929.04
99929.02
99929.01
99929
99928.99
99928.98
99928.97
99928.96
99928.95
99928.93
99928.92
99928.91
99928.9
99928.89
99928.88
99928.87
99928.86
99928.84
99928.83
99928.82
99928.81
99928.8
99928.79
99928.78
99928.77
99928.75
99928.74
99928.73
99928.72
99928.71
99928.7
99928.69
99928.68
99928.67
99928.66
99928.65
99928.63
99928.62
99928.61
99928.6
)
;

boundaryField
{
    topAir_top
    {
        type            symmetryPlane;
    }
    leftLet
    {
        type            fixedValue;
        value           uniform 100000;
    }
    rightLet
    {
        type            fixedFluxPressure;
        gradient        nonuniform List<scalar> 
40
(
-2.188748
-1.52552
-1.376577
-1.250422
-1.19867
-1.160703
-1.139528
-1.123913
-1.113648
-1.105797
-1.10017
-1.09567
-1.092297
-1.089478
-1.087315
-1.085437
-1.083973
-1.082666
-1.08163
-1.080693
-1.079932
-1.079247
-1.078672
-1.078164
-1.077721
-1.077342
-1.076995
-1.076711
-1.07644
-1.076229
-1.076018
-1.075863
-1.075703
-1.075595
-1.07548
-1.075413
-1.075338
-1.075325
-1.075257
-1.075584
)
;
        value           nonuniform List<scalar> 
40
(
99928.54
99928.55
99928.56
99928.56
99928.57
99928.57
99928.57
99928.57
99928.58
99928.58
99928.58
99928.58
99928.58
99928.58
99928.59
99928.59
99928.59
99928.59
99928.59
99928.59
99928.59
99928.59
99928.59
99928.59
99928.59
99928.59
99928.59
99928.59
99928.59
99928.59
99928.6
99928.6
99928.6
99928.6
99928.6
99928.6
99928.6
99928.6
99928.6
99928.6
)
;
    }
    frontAndBack
    {
        type            empty;
    }
    topAir_to_wall
    {
        type            fixedFluxPressure;
        gradient        uniform 0;
        value           nonuniform List<scalar> 
100
(
99883.02
99910.79
99934.74
99931.63
99929.16
99929.49
99929.72
99929.67
99929.63
99929.63
99929.62
99929.6
99929.59
99929.58
99929.57
99929.55
99929.54
99929.53
99929.52
99929.51
99929.5
99929.48
99929.47
99929.46
99929.45
99929.44
99929.43
99929.41
99929.4
99929.39
99929.38
99929.37
99929.36
99929.34
99929.33
99929.32
99929.31
99929.3
99929.29
99929.28
99929.26
99929.25
99929.24
99929.23
99929.22
99929.21
99929.2
99929.18
99929.17
99929.16
99929.15
99929.14
99929.13
99929.12
99929.1
99929.09
99929.08
99929.07
99929.06
99929.05
99929.04
99929.02
99929.01
99929
99928.99
99928.98
99928.97
99928.95
99928.94
99928.93
99928.92
99928.91
99928.9
99928.88
99928.87
99928.86
99928.85
99928.84
99928.83
99928.81
99928.8
99928.79
99928.78
99928.77
99928.76
99928.74
99928.73
99928.72
99928.71
99928.69
99928.68
99928.67
99928.66
99928.64
99928.63
99928.62
99928.6
99928.59
99928.57
99928.55
)
;
    }
}


// ************************************************************************* //
