/*--------------------------------*- C++ -*----------------------------------*\
| =========                 |                                                 |
| \\      /  F ield         | OpenFOAM: The Open Source CFD Toolbox           |
|  \\    /   O peration     | Version:  2.3.0                                 |
|   \\  /    A nd           | Web:      www.OpenFOAM.org                      |
|    \\/     M anipulation  |                                                 |
\*---------------------------------------------------------------------------*/
FoamFile
{
    version     2.0;
    format      ascii;
    class       volScalarField;
    location    "10000/topAir";
    object      rho;
}
// * * * * * * * * * * * * * * * * * * * * * * * * * * * * * * * * * * * * * //

dimensions      [1 -3 0 0 0 0 0];

internalField   nonuniform List<scalar> 
4000
(
1.157519
1.15773
1.157972
1.157945
1.157919
1.157922
1.157924
1.157924
1.157923
1.157923
1.157923
1.157922
1.157922
1.157922
1.157921
1.157921
1.157921
1.157921
1.15792
1.15792
1.15792
1.157919
1.157919
1.157919
1.157918
1.157918
1.157918
1.157918
1.157917
1.157917
1.157917
1.157916
1.157916
1.157916
1.157916
1.157915
1.157915
1.157915
1.157914
1.157914
1.157914
1.157914
1.157913
1.157913
1.157913
1.157913
1.157912
1.157912
1.157912
1.157911
1.157911
1.157911
1.157911
1.15791
1.15791
1.15791
1.157909
1.157909
1.157909
1.157909
1.157908
1.157908
1.157908
1.157907
1.157907
1.157907
1.157907
1.157906
1.157906
1.157906
1.157905
1.157905
1.157905
1.157905
1.157904
1.157904
1.157904
1.157903
1.157903
1.157903
1.157903
1.157902
1.157902
1.157902
1.157901
1.157901
1.157901
1.157901
1.1579
1.1579
1.1579
1.157899
1.157899
1.157899
1.157899
1.157898
1.157898
1.157898
1.157897
1.157897
1.157519
1.15773
1.157972
1.157945
1.15792
1.157923
1.157925
1.157925
1.157925
1.157924
1.157924
1.157924
1.157924
1.157924
1.157924
1.157924
1.157923
1.157923
1.157923
1.157923
1.157923
1.157923
1.157923
1.157922
1.157922
1.157922
1.157922
1.157922
1.157922
1.157922
1.157921
1.157921
1.157921
1.157921
1.157921
1.157921
1.157921
1.15792
1.15792
1.15792
1.15792
1.15792
1.15792
1.15792
1.157919
1.157919
1.157919
1.157919
1.157919
1.157919
1.157919
1.157919
1.157918
1.157918
1.157918
1.157918
1.157918
1.157918
1.157917
1.157917
1.157917
1.157917
1.157917
1.157917
1.157917
1.157916
1.157916
1.157916
1.157916
1.157916
1.157916
1.157916
1.157915
1.157915
1.157915
1.157915
1.157915
1.157915
1.157915
1.157914
1.157914
1.157914
1.157914
1.157914
1.157914
1.157914
1.157913
1.157913
1.157913
1.157913
1.157913
1.157913
1.157912
1.157912
1.157912
1.157912
1.157912
1.157912
1.157911
1.157911
1.157519
1.15773
1.157972
1.157945
1.15792
1.157923
1.157925
1.157925
1.157924
1.157924
1.157924
1.157924
1.157924
1.157924
1.157924
1.157924
1.157923
1.157923
1.157923
1.157923
1.157923
1.157923
1.157923
1.157922
1.157922
1.157922
1.157922
1.157922
1.157922
1.157922
1.157921
1.157921
1.157921
1.157921
1.157921
1.157921
1.157921
1.157921
1.15792
1.15792
1.15792
1.15792
1.15792
1.15792
1.15792
1.157919
1.157919
1.157919
1.157919
1.157919
1.157919
1.157919
1.157918
1.157918
1.157918
1.157918
1.157918
1.157918
1.157918
1.157917
1.157917
1.157917
1.157917
1.157917
1.157917
1.157917
1.157917
1.157916
1.157916
1.157916
1.157916
1.157916
1.157916
1.157916
1.157915
1.157915
1.157915
1.157915
1.157915
1.157915
1.157915
1.157914
1.157914
1.157914
1.157914
1.157914
1.157914
1.157914
1.157913
1.157913
1.157913
1.157913
1.157913
1.157913
1.157913
1.157912
1.157912
1.157912
1.157912
1.157912
1.157519
1.15773
1.157972
1.157945
1.15792
1.157923
1.157925
1.157925
1.157924
1.157924
1.157924
1.157924
1.157924
1.157924
1.157924
1.157924
1.157923
1.157923
1.157923
1.157923
1.157923
1.157923
1.157923
1.157922
1.157922
1.157922
1.157922
1.157922
1.157922
1.157922
1.157921
1.157921
1.157921
1.157921
1.157921
1.157921
1.157921
1.15792
1.15792
1.15792
1.15792
1.15792
1.15792
1.15792
1.15792
1.157919
1.157919
1.157919
1.157919
1.157919
1.157919
1.157919
1.157918
1.157918
1.157918
1.157918
1.157918
1.157918
1.157918
1.157917
1.157917
1.157917
1.157917
1.157917
1.157917
1.157917
1.157917
1.157916
1.157916
1.157916
1.157916
1.157916
1.157916
1.157916
1.157915
1.157915
1.157915
1.157915
1.157915
1.157915
1.157915
1.157914
1.157914
1.157914
1.157914
1.157914
1.157914
1.157914
1.157913
1.157913
1.157913
1.157913
1.157913
1.157913
1.157913
1.157912
1.157912
1.157912
1.157912
1.157912
1.157519
1.15773
1.157972
1.157945
1.15792
1.157923
1.157925
1.157925
1.157924
1.157924
1.157924
1.157924
1.157924
1.157924
1.157924
1.157924
1.157923
1.157923
1.157923
1.157923
1.157923
1.157923
1.157923
1.157922
1.157922
1.157922
1.157922
1.157922
1.157922
1.157922
1.157921
1.157921
1.157921
1.157921
1.157921
1.157921
1.157921
1.15792
1.15792
1.15792
1.15792
1.15792
1.15792
1.15792
1.15792
1.157919
1.157919
1.157919
1.157919
1.157919
1.157919
1.157919
1.157918
1.157918
1.157918
1.157918
1.157918
1.157918
1.157918
1.157917
1.157917
1.157917
1.157917
1.157917
1.157917
1.157917
1.157917
1.157916
1.157916
1.157916
1.157916
1.157916
1.157916
1.157916
1.157915
1.157915
1.157915
1.157915
1.157915
1.157915
1.157915
1.157914
1.157914
1.157914
1.157914
1.157914
1.157914
1.157914
1.157913
1.157913
1.157913
1.157913
1.157913
1.157913
1.157913
1.157912
1.157912
1.157912
1.157912
1.157912
1.157519
1.15773
1.157972
1.157945
1.15792
1.157923
1.157925
1.157925
1.157924
1.157924
1.157924
1.157924
1.157924
1.157924
1.157924
1.157924
1.157923
1.157923
1.157923
1.157923
1.157923
1.157923
1.157923
1.157922
1.157922
1.157922
1.157922
1.157922
1.157922
1.157922
1.157921
1.157921
1.157921
1.157921
1.157921
1.157921
1.157921
1.15792
1.15792
1.15792
1.15792
1.15792
1.15792
1.15792
1.15792
1.157919
1.157919
1.157919
1.157919
1.157919
1.157919
1.157919
1.157918
1.157918
1.157918
1.157918
1.157918
1.157918
1.157918
1.157917
1.157917
1.157917
1.157917
1.157917
1.157917
1.157917
1.157917
1.157916
1.157916
1.157916
1.157916
1.157916
1.157916
1.157916
1.157915
1.157915
1.157915
1.157915
1.157915
1.157915
1.157915
1.157914
1.157914
1.157914
1.157914
1.157914
1.157914
1.157914
1.157913
1.157913
1.157913
1.157913
1.157913
1.157913
1.157913
1.157912
1.157912
1.157912
1.157912
1.157912
1.157519
1.15773
1.157972
1.157945
1.15792
1.157923
1.157925
1.157925
1.157924
1.157924
1.157924
1.157924
1.157924
1.157924
1.157924
1.157924
1.157923
1.157923
1.157923
1.157923
1.157923
1.157923
1.157923
1.157922
1.157922
1.157922
1.157922
1.157922
1.157922
1.157922
1.157921
1.157921
1.157921
1.157921
1.157921
1.157921
1.157921
1.15792
1.15792
1.15792
1.15792
1.15792
1.15792
1.15792
1.15792
1.157919
1.157919
1.157919
1.157919
1.157919
1.157919
1.157919
1.157918
1.157918
1.157918
1.157918
1.157918
1.157918
1.157918
1.157917
1.157917
1.157917
1.157917
1.157917
1.157917
1.157917
1.157917
1.157916
1.157916
1.157916
1.157916
1.157916
1.157916
1.157916
1.157915
1.157915
1.157915
1.157915
1.157915
1.157915
1.157915
1.157914
1.157914
1.157914
1.157914
1.157914
1.157914
1.157914
1.157913
1.157913
1.157913
1.157913
1.157913
1.157913
1.157913
1.157912
1.157912
1.157912
1.157912
1.157912
1.157519
1.15773
1.157972
1.157945
1.15792
1.157923
1.157925
1.157925
1.157924
1.157924
1.157924
1.157924
1.157924
1.157924
1.157924
1.157924
1.157923
1.157923
1.157923
1.157923
1.157923
1.157923
1.157923
1.157922
1.157922
1.157922
1.157922
1.157922
1.157922
1.157922
1.157921
1.157921
1.157921
1.157921
1.157921
1.157921
1.157921
1.15792
1.15792
1.15792
1.15792
1.15792
1.15792
1.15792
1.15792
1.157919
1.157919
1.157919
1.157919
1.157919
1.157919
1.157919
1.157918
1.157918
1.157918
1.157918
1.157918
1.157918
1.157918
1.157917
1.157917
1.157917
1.157917
1.157917
1.157917
1.157917
1.157917
1.157916
1.157916
1.157916
1.157916
1.157916
1.157916
1.157916
1.157915
1.157915
1.157915
1.157915
1.157915
1.157915
1.157915
1.157914
1.157914
1.157914
1.157914
1.157914
1.157914
1.157914
1.157913
1.157913
1.157913
1.157913
1.157913
1.157913
1.157913
1.157912
1.157912
1.157912
1.157912
1.157912
1.157519
1.15773
1.157972
1.157945
1.15792
1.157923
1.157925
1.157925
1.157924
1.157924
1.157924
1.157924
1.157924
1.157924
1.157924
1.157923
1.157923
1.157923
1.157923
1.157923
1.157923
1.157923
1.157923
1.157922
1.157922
1.157922
1.157922
1.157922
1.157922
1.157922
1.157921
1.157921
1.157921
1.157921
1.157921
1.157921
1.157921
1.15792
1.15792
1.15792
1.15792
1.15792
1.15792
1.15792
1.15792
1.157919
1.157919
1.157919
1.157919
1.157919
1.157919
1.157919
1.157918
1.157918
1.157918
1.157918
1.157918
1.157918
1.157918
1.157917
1.157917
1.157917
1.157917
1.157917
1.157917
1.157917
1.157916
1.157916
1.157916
1.157916
1.157916
1.157916
1.157916
1.157916
1.157915
1.157915
1.157915
1.157915
1.157915
1.157915
1.157915
1.157914
1.157914
1.157914
1.157914
1.157914
1.157914
1.157914
1.157913
1.157913
1.157913
1.157913
1.157913
1.157913
1.157913
1.157912
1.157912
1.157912
1.157912
1.157912
1.157519
1.15773
1.157972
1.157945
1.15792
1.157923
1.157925
1.157925
1.157924
1.157924
1.157924
1.157924
1.157924
1.157924
1.157924
1.157923
1.157923
1.157923
1.157923
1.157923
1.157923
1.157923
1.157923
1.157922
1.157922
1.157922
1.157922
1.157922
1.157922
1.157922
1.157921
1.157921
1.157921
1.157921
1.157921
1.157921
1.157921
1.15792
1.15792
1.15792
1.15792
1.15792
1.15792
1.15792
1.15792
1.157919
1.157919
1.157919
1.157919
1.157919
1.157919
1.157919
1.157918
1.157918
1.157918
1.157918
1.157918
1.157918
1.157918
1.157917
1.157917
1.157917
1.157917
1.157917
1.157917
1.157917
1.157916
1.157916
1.157916
1.157916
1.157916
1.157916
1.157916
1.157916
1.157915
1.157915
1.157915
1.157915
1.157915
1.157915
1.157915
1.157914
1.157914
1.157914
1.157914
1.157914
1.157914
1.157914
1.157913
1.157913
1.157913
1.157913
1.157913
1.157913
1.157913
1.157912
1.157912
1.157912
1.157912
1.157912
1.157519
1.15773
1.157972
1.157945
1.15792
1.157923
1.157925
1.157925
1.157924
1.157924
1.157924
1.157924
1.157924
1.157924
1.157924
1.157923
1.157923
1.157923
1.157923
1.157923
1.157923
1.157923
1.157923
1.157922
1.157922
1.157922
1.157922
1.157922
1.157922
1.157922
1.157921
1.157921
1.157921
1.157921
1.157921
1.157921
1.157921
1.15792
1.15792
1.15792
1.15792
1.15792
1.15792
1.15792
1.15792
1.157919
1.157919
1.157919
1.157919
1.157919
1.157919
1.157919
1.157918
1.157918
1.157918
1.157918
1.157918
1.157918
1.157918
1.157917
1.157917
1.157917
1.157917
1.157917
1.157917
1.157917
1.157916
1.157916
1.157916
1.157916
1.157916
1.157916
1.157916
1.157916
1.157915
1.157915
1.157915
1.157915
1.157915
1.157915
1.157915
1.157914
1.157914
1.157914
1.157914
1.157914
1.157914
1.157914
1.157913
1.157913
1.157913
1.157913
1.157913
1.157913
1.157913
1.157912
1.157912
1.157912
1.157912
1.157912
1.157519
1.15773
1.157972
1.157945
1.15792
1.157923
1.157925
1.157925
1.157924
1.157924
1.157924
1.157924
1.157924
1.157924
1.157924
1.157923
1.157923
1.157923
1.157923
1.157923
1.157923
1.157923
1.157923
1.157922
1.157922
1.157922
1.157922
1.157922
1.157922
1.157922
1.157921
1.157921
1.157921
1.157921
1.157921
1.157921
1.157921
1.15792
1.15792
1.15792
1.15792
1.15792
1.15792
1.15792
1.15792
1.157919
1.157919
1.157919
1.157919
1.157919
1.157919
1.157919
1.157918
1.157918
1.157918
1.157918
1.157918
1.157918
1.157918
1.157917
1.157917
1.157917
1.157917
1.157917
1.157917
1.157917
1.157916
1.157916
1.157916
1.157916
1.157916
1.157916
1.157916
1.157916
1.157915
1.157915
1.157915
1.157915
1.157915
1.157915
1.157915
1.157914
1.157914
1.157914
1.157914
1.157914
1.157914
1.157914
1.157913
1.157913
1.157913
1.157913
1.157913
1.157913
1.157913
1.157913
1.157912
1.157912
1.157912
1.157912
1.157519
1.15773
1.157972
1.157945
1.15792
1.157923
1.157925
1.157925
1.157924
1.157924
1.157924
1.157924
1.157924
1.157924
1.157924
1.157923
1.157923
1.157923
1.157923
1.157923
1.157923
1.157923
1.157923
1.157922
1.157922
1.157922
1.157922
1.157922
1.157922
1.157922
1.157921
1.157921
1.157921
1.157921
1.157921
1.157921
1.157921
1.15792
1.15792
1.15792
1.15792
1.15792
1.15792
1.15792
1.15792
1.157919
1.157919
1.157919
1.157919
1.157919
1.157919
1.157919
1.157918
1.157918
1.157918
1.157918
1.157918
1.157918
1.157918
1.157917
1.157917
1.157917
1.157917
1.157917
1.157917
1.157917
1.157916
1.157916
1.157916
1.157916
1.157916
1.157916
1.157916
1.157916
1.157915
1.157915
1.157915
1.157915
1.157915
1.157915
1.157915
1.157914
1.157914
1.157914
1.157914
1.157914
1.157914
1.157914
1.157913
1.157913
1.157913
1.157913
1.157913
1.157913
1.157913
1.157913
1.157912
1.157912
1.157912
1.157912
1.157519
1.15773
1.157972
1.157945
1.15792
1.157923
1.157925
1.157925
1.157924
1.157924
1.157924
1.157924
1.157924
1.157924
1.157924
1.157923
1.157923
1.157923
1.157923
1.157923
1.157923
1.157923
1.157923
1.157922
1.157922
1.157922
1.157922
1.157922
1.157922
1.157922
1.157921
1.157921
1.157921
1.157921
1.157921
1.157921
1.157921
1.15792
1.15792
1.15792
1.15792
1.15792
1.15792
1.15792
1.157919
1.157919
1.157919
1.157919
1.157919
1.157919
1.157919
1.157919
1.157918
1.157918
1.157918
1.157918
1.157918
1.157918
1.157918
1.157917
1.157917
1.157917
1.157917
1.157917
1.157917
1.157917
1.157916
1.157916
1.157916
1.157916
1.157916
1.157916
1.157916
1.157916
1.157915
1.157915
1.157915
1.157915
1.157915
1.157915
1.157915
1.157914
1.157914
1.157914
1.157914
1.157914
1.157914
1.157914
1.157913
1.157913
1.157913
1.157913
1.157913
1.157913
1.157913
1.157913
1.157912
1.157912
1.157912
1.157912
1.157519
1.15773
1.157972
1.157945
1.15792
1.157923
1.157925
1.157925
1.157924
1.157924
1.157924
1.157924
1.157924
1.157924
1.157924
1.157923
1.157923
1.157923
1.157923
1.157923
1.157923
1.157923
1.157923
1.157922
1.157922
1.157922
1.157922
1.157922
1.157922
1.157922
1.157921
1.157921
1.157921
1.157921
1.157921
1.157921
1.157921
1.15792
1.15792
1.15792
1.15792
1.15792
1.15792
1.15792
1.157919
1.157919
1.157919
1.157919
1.157919
1.157919
1.157919
1.157919
1.157918
1.157918
1.157918
1.157918
1.157918
1.157918
1.157918
1.157917
1.157917
1.157917
1.157917
1.157917
1.157917
1.157917
1.157916
1.157916
1.157916
1.157916
1.157916
1.157916
1.157916
1.157916
1.157915
1.157915
1.157915
1.157915
1.157915
1.157915
1.157915
1.157914
1.157914
1.157914
1.157914
1.157914
1.157914
1.157914
1.157913
1.157913
1.157913
1.157913
1.157913
1.157913
1.157913
1.157913
1.157912
1.157912
1.157912
1.157912
1.157519
1.15773
1.157972
1.157945
1.15792
1.157923
1.157925
1.157925
1.157924
1.157924
1.157924
1.157924
1.157924
1.157924
1.157924
1.157923
1.157923
1.157923
1.157923
1.157923
1.157923
1.157923
1.157922
1.157922
1.157922
1.157922
1.157922
1.157922
1.157922
1.157922
1.157921
1.157921
1.157921
1.157921
1.157921
1.157921
1.157921
1.15792
1.15792
1.15792
1.15792
1.15792
1.15792
1.15792
1.157919
1.157919
1.157919
1.157919
1.157919
1.157919
1.157919
1.157919
1.157918
1.157918
1.157918
1.157918
1.157918
1.157918
1.157918
1.157917
1.157917
1.157917
1.157917
1.157917
1.157917
1.157917
1.157916
1.157916
1.157916
1.157916
1.157916
1.157916
1.157916
1.157916
1.157915
1.157915
1.157915
1.157915
1.157915
1.157915
1.157915
1.157914
1.157914
1.157914
1.157914
1.157914
1.157914
1.157914
1.157913
1.157913
1.157913
1.157913
1.157913
1.157913
1.157913
1.157913
1.157912
1.157912
1.157912
1.157912
1.157519
1.15773
1.157972
1.157945
1.15792
1.157923
1.157925
1.157925
1.157924
1.157924
1.157924
1.157924
1.157924
1.157924
1.157924
1.157923
1.157923
1.157923
1.157923
1.157923
1.157923
1.157923
1.157922
1.157922
1.157922
1.157922
1.157922
1.157922
1.157922
1.157922
1.157921
1.157921
1.157921
1.157921
1.157921
1.157921
1.157921
1.15792
1.15792
1.15792
1.15792
1.15792
1.15792
1.15792
1.157919
1.157919
1.157919
1.157919
1.157919
1.157919
1.157919
1.157919
1.157918
1.157918
1.157918
1.157918
1.157918
1.157918
1.157918
1.157917
1.157917
1.157917
1.157917
1.157917
1.157917
1.157917
1.157916
1.157916
1.157916
1.157916
1.157916
1.157916
1.157916
1.157916
1.157915
1.157915
1.157915
1.157915
1.157915
1.157915
1.157915
1.157914
1.157914
1.157914
1.157914
1.157914
1.157914
1.157914
1.157913
1.157913
1.157913
1.157913
1.157913
1.157913
1.157913
1.157913
1.157912
1.157912
1.157912
1.157912
1.157519
1.15773
1.157972
1.157945
1.15792
1.157923
1.157925
1.157925
1.157924
1.157924
1.157924
1.157924
1.157924
1.157924
1.157924
1.157923
1.157923
1.157923
1.157923
1.157923
1.157923
1.157923
1.157922
1.157922
1.157922
1.157922
1.157922
1.157922
1.157922
1.157922
1.157921
1.157921
1.157921
1.157921
1.157921
1.157921
1.157921
1.15792
1.15792
1.15792
1.15792
1.15792
1.15792
1.15792
1.157919
1.157919
1.157919
1.157919
1.157919
1.157919
1.157919
1.157919
1.157918
1.157918
1.157918
1.157918
1.157918
1.157918
1.157918
1.157917
1.157917
1.157917
1.157917
1.157917
1.157917
1.157917
1.157916
1.157916
1.157916
1.157916
1.157916
1.157916
1.157916
1.157916
1.157915
1.157915
1.157915
1.157915
1.157915
1.157915
1.157915
1.157914
1.157914
1.157914
1.157914
1.157914
1.157914
1.157914
1.157913
1.157913
1.157913
1.157913
1.157913
1.157913
1.157913
1.157913
1.157912
1.157912
1.157912
1.157912
1.157519
1.15773
1.157972
1.157945
1.15792
1.157923
1.157925
1.157925
1.157924
1.157924
1.157924
1.157924
1.157924
1.157924
1.157924
1.157923
1.157923
1.157923
1.157923
1.157923
1.157923
1.157923
1.157922
1.157922
1.157922
1.157922
1.157922
1.157922
1.157922
1.157922
1.157921
1.157921
1.157921
1.157921
1.157921
1.157921
1.157921
1.15792
1.15792
1.15792
1.15792
1.15792
1.15792
1.15792
1.157919
1.157919
1.157919
1.157919
1.157919
1.157919
1.157919
1.157919
1.157918
1.157918
1.157918
1.157918
1.157918
1.157918
1.157918
1.157917
1.157917
1.157917
1.157917
1.157917
1.157917
1.157917
1.157916
1.157916
1.157916
1.157916
1.157916
1.157916
1.157916
1.157916
1.157915
1.157915
1.157915
1.157915
1.157915
1.157915
1.157915
1.157914
1.157914
1.157914
1.157914
1.157914
1.157914
1.157914
1.157913
1.157913
1.157913
1.157913
1.157913
1.157913
1.157913
1.157913
1.157912
1.157912
1.157912
1.157912
1.157519
1.15773
1.157972
1.157945
1.15792
1.157923
1.157925
1.157925
1.157924
1.157924
1.157924
1.157924
1.157924
1.157924
1.157924
1.157923
1.157923
1.157923
1.157923
1.157923
1.157923
1.157923
1.157922
1.157922
1.157922
1.157922
1.157922
1.157922
1.157922
1.157922
1.157921
1.157921
1.157921
1.157921
1.157921
1.157921
1.157921
1.15792
1.15792
1.15792
1.15792
1.15792
1.15792
1.15792
1.157919
1.157919
1.157919
1.157919
1.157919
1.157919
1.157919
1.157919
1.157918
1.157918
1.157918
1.157918
1.157918
1.157918
1.157918
1.157917
1.157917
1.157917
1.157917
1.157917
1.157917
1.157917
1.157916
1.157916
1.157916
1.157916
1.157916
1.157916
1.157916
1.157916
1.157915
1.157915
1.157915
1.157915
1.157915
1.157915
1.157915
1.157914
1.157914
1.157914
1.157914
1.157914
1.157914
1.157914
1.157913
1.157913
1.157913
1.157913
1.157913
1.157913
1.157913
1.157913
1.157912
1.157912
1.157912
1.157912
1.157519
1.15773
1.157972
1.157945
1.15792
1.157923
1.157925
1.157925
1.157924
1.157924
1.157924
1.157924
1.157924
1.157924
1.157924
1.157923
1.157923
1.157923
1.157923
1.157923
1.157923
1.157923
1.157922
1.157922
1.157922
1.157922
1.157922
1.157922
1.157922
1.157922
1.157921
1.157921
1.157921
1.157921
1.157921
1.157921
1.157921
1.15792
1.15792
1.15792
1.15792
1.15792
1.15792
1.15792
1.157919
1.157919
1.157919
1.157919
1.157919
1.157919
1.157919
1.157919
1.157918
1.157918
1.157918
1.157918
1.157918
1.157918
1.157918
1.157917
1.157917
1.157917
1.157917
1.157917
1.157917
1.157917
1.157916
1.157916
1.157916
1.157916
1.157916
1.157916
1.157916
1.157916
1.157915
1.157915
1.157915
1.157915
1.157915
1.157915
1.157915
1.157914
1.157914
1.157914
1.157914
1.157914
1.157914
1.157914
1.157913
1.157913
1.157913
1.157913
1.157913
1.157913
1.157913
1.157913
1.157912
1.157912
1.157912
1.157912
1.157519
1.15773
1.157972
1.157945
1.15792
1.157923
1.157925
1.157925
1.157924
1.157924
1.157924
1.157924
1.157924
1.157924
1.157924
1.157923
1.157923
1.157923
1.157923
1.157923
1.157923
1.157923
1.157922
1.157922
1.157922
1.157922
1.157922
1.157922
1.157922
1.157922
1.157921
1.157921
1.157921
1.157921
1.157921
1.157921
1.157921
1.15792
1.15792
1.15792
1.15792
1.15792
1.15792
1.15792
1.157919
1.157919
1.157919
1.157919
1.157919
1.157919
1.157919
1.157919
1.157918
1.157918
1.157918
1.157918
1.157918
1.157918
1.157918
1.157917
1.157917
1.157917
1.157917
1.157917
1.157917
1.157917
1.157916
1.157916
1.157916
1.157916
1.157916
1.157916
1.157916
1.157916
1.157915
1.157915
1.157915
1.157915
1.157915
1.157915
1.157915
1.157914
1.157914
1.157914
1.157914
1.157914
1.157914
1.157914
1.157913
1.157913
1.157913
1.157913
1.157913
1.157913
1.157913
1.157913
1.157912
1.157912
1.157912
1.157912
1.157519
1.15773
1.157972
1.157945
1.15792
1.157923
1.157925
1.157925
1.157924
1.157924
1.157924
1.157924
1.157924
1.157924
1.157924
1.157923
1.157923
1.157923
1.157923
1.157923
1.157923
1.157923
1.157922
1.157922
1.157922
1.157922
1.157922
1.157922
1.157922
1.157922
1.157921
1.157921
1.157921
1.157921
1.157921
1.157921
1.157921
1.15792
1.15792
1.15792
1.15792
1.15792
1.15792
1.15792
1.157919
1.157919
1.157919
1.157919
1.157919
1.157919
1.157919
1.157919
1.157918
1.157918
1.157918
1.157918
1.157918
1.157918
1.157918
1.157917
1.157917
1.157917
1.157917
1.157917
1.157917
1.157917
1.157916
1.157916
1.157916
1.157916
1.157916
1.157916
1.157916
1.157916
1.157915
1.157915
1.157915
1.157915
1.157915
1.157915
1.157915
1.157914
1.157914
1.157914
1.157914
1.157914
1.157914
1.157914
1.157913
1.157913
1.157913
1.157913
1.157913
1.157913
1.157913
1.157913
1.157912
1.157912
1.157912
1.157912
1.157519
1.15773
1.157972
1.157945
1.15792
1.157923
1.157925
1.157925
1.157924
1.157924
1.157924
1.157924
1.157924
1.157924
1.157924
1.157923
1.157923
1.157923
1.157923
1.157923
1.157923
1.157923
1.157922
1.157922
1.157922
1.157922
1.157922
1.157922
1.157922
1.157922
1.157921
1.157921
1.157921
1.157921
1.157921
1.157921
1.157921
1.15792
1.15792
1.15792
1.15792
1.15792
1.15792
1.15792
1.157919
1.157919
1.157919
1.157919
1.157919
1.157919
1.157919
1.157919
1.157918
1.157918
1.157918
1.157918
1.157918
1.157918
1.157918
1.157917
1.157917
1.157917
1.157917
1.157917
1.157917
1.157917
1.157916
1.157916
1.157916
1.157916
1.157916
1.157916
1.157916
1.157916
1.157915
1.157915
1.157915
1.157915
1.157915
1.157915
1.157915
1.157914
1.157914
1.157914
1.157914
1.157914
1.157914
1.157914
1.157913
1.157913
1.157913
1.157913
1.157913
1.157913
1.157913
1.157913
1.157912
1.157912
1.157912
1.157912
1.157519
1.15773
1.157972
1.157945
1.15792
1.157923
1.157925
1.157925
1.157924
1.157924
1.157924
1.157924
1.157924
1.157924
1.157924
1.157923
1.157923
1.157923
1.157923
1.157923
1.157923
1.157923
1.157922
1.157922
1.157922
1.157922
1.157922
1.157922
1.157922
1.157922
1.157921
1.157921
1.157921
1.157921
1.157921
1.157921
1.157921
1.15792
1.15792
1.15792
1.15792
1.15792
1.15792
1.15792
1.157919
1.157919
1.157919
1.157919
1.157919
1.157919
1.157919
1.157919
1.157918
1.157918
1.157918
1.157918
1.157918
1.157918
1.157918
1.157917
1.157917
1.157917
1.157917
1.157917
1.157917
1.157917
1.157916
1.157916
1.157916
1.157916
1.157916
1.157916
1.157916
1.157916
1.157915
1.157915
1.157915
1.157915
1.157915
1.157915
1.157915
1.157914
1.157914
1.157914
1.157914
1.157914
1.157914
1.157914
1.157914
1.157913
1.157913
1.157913
1.157913
1.157913
1.157913
1.157913
1.157912
1.157912
1.157912
1.157912
1.157519
1.15773
1.157972
1.157945
1.15792
1.157923
1.157925
1.157925
1.157924
1.157924
1.157924
1.157924
1.157924
1.157924
1.157924
1.157923
1.157923
1.157923
1.157923
1.157923
1.157923
1.157923
1.157922
1.157922
1.157922
1.157922
1.157922
1.157922
1.157922
1.157922
1.157921
1.157921
1.157921
1.157921
1.157921
1.157921
1.157921
1.15792
1.15792
1.15792
1.15792
1.15792
1.15792
1.15792
1.157919
1.157919
1.157919
1.157919
1.157919
1.157919
1.157919
1.157919
1.157918
1.157918
1.157918
1.157918
1.157918
1.157918
1.157918
1.157917
1.157917
1.157917
1.157917
1.157917
1.157917
1.157917
1.157916
1.157916
1.157916
1.157916
1.157916
1.157916
1.157916
1.157916
1.157915
1.157915
1.157915
1.157915
1.157915
1.157915
1.157915
1.157914
1.157914
1.157914
1.157914
1.157914
1.157914
1.157914
1.157914
1.157913
1.157913
1.157913
1.157913
1.157913
1.157913
1.157913
1.157912
1.157912
1.157912
1.157912
1.157519
1.15773
1.157972
1.157945
1.15792
1.157923
1.157925
1.157925
1.157924
1.157924
1.157924
1.157924
1.157924
1.157924
1.157924
1.157923
1.157923
1.157923
1.157923
1.157923
1.157923
1.157923
1.157922
1.157922
1.157922
1.157922
1.157922
1.157922
1.157922
1.157922
1.157921
1.157921
1.157921
1.157921
1.157921
1.157921
1.157921
1.15792
1.15792
1.15792
1.15792
1.15792
1.15792
1.15792
1.157919
1.157919
1.157919
1.157919
1.157919
1.157919
1.157919
1.157919
1.157918
1.157918
1.157918
1.157918
1.157918
1.157918
1.157918
1.157917
1.157917
1.157917
1.157917
1.157917
1.157917
1.157917
1.157916
1.157916
1.157916
1.157916
1.157916
1.157916
1.157916
1.157916
1.157915
1.157915
1.157915
1.157915
1.157915
1.157915
1.157915
1.157914
1.157914
1.157914
1.157914
1.157914
1.157914
1.157914
1.157914
1.157913
1.157913
1.157913
1.157913
1.157913
1.157913
1.157913
1.157912
1.157912
1.157912
1.157912
1.157519
1.15773
1.157972
1.157945
1.15792
1.157923
1.157925
1.157925
1.157924
1.157924
1.157924
1.157924
1.157924
1.157924
1.157924
1.157923
1.157923
1.157923
1.157923
1.157923
1.157923
1.157923
1.157922
1.157922
1.157922
1.157922
1.157922
1.157922
1.157922
1.157922
1.157921
1.157921
1.157921
1.157921
1.157921
1.157921
1.157921
1.15792
1.15792
1.15792
1.15792
1.15792
1.15792
1.15792
1.157919
1.157919
1.157919
1.157919
1.157919
1.157919
1.157919
1.157919
1.157918
1.157918
1.157918
1.157918
1.157918
1.157918
1.157918
1.157917
1.157917
1.157917
1.157917
1.157917
1.157917
1.157917
1.157916
1.157916
1.157916
1.157916
1.157916
1.157916
1.157916
1.157916
1.157915
1.157915
1.157915
1.157915
1.157915
1.157915
1.157915
1.157914
1.157914
1.157914
1.157914
1.157914
1.157914
1.157914
1.157914
1.157913
1.157913
1.157913
1.157913
1.157913
1.157913
1.157913
1.157912
1.157912
1.157912
1.157912
1.157519
1.15773
1.157972
1.157945
1.15792
1.157923
1.157925
1.157925
1.157924
1.157924
1.157924
1.157924
1.157924
1.157924
1.157924
1.157923
1.157923
1.157923
1.157923
1.157923
1.157923
1.157923
1.157922
1.157922
1.157922
1.157922
1.157922
1.157922
1.157922
1.157922
1.157921
1.157921
1.157921
1.157921
1.157921
1.157921
1.157921
1.15792
1.15792
1.15792
1.15792
1.15792
1.15792
1.15792
1.157919
1.157919
1.157919
1.157919
1.157919
1.157919
1.157919
1.157919
1.157918
1.157918
1.157918
1.157918
1.157918
1.157918
1.157918
1.157917
1.157917
1.157917
1.157917
1.157917
1.157917
1.157917
1.157916
1.157916
1.157916
1.157916
1.157916
1.157916
1.157916
1.157916
1.157915
1.157915
1.157915
1.157915
1.157915
1.157915
1.157915
1.157914
1.157914
1.157914
1.157914
1.157914
1.157914
1.157914
1.157914
1.157913
1.157913
1.157913
1.157913
1.157913
1.157913
1.157913
1.157912
1.157912
1.157912
1.157912
1.157518
1.15773
1.157972
1.157945
1.15792
1.157923
1.157925
1.157925
1.157924
1.157924
1.157924
1.157924
1.157924
1.157924
1.157924
1.157923
1.157923
1.157923
1.157923
1.157923
1.157923
1.157923
1.157922
1.157922
1.157922
1.157922
1.157922
1.157922
1.157922
1.157922
1.157921
1.157921
1.157921
1.157921
1.157921
1.157921
1.157921
1.15792
1.15792
1.15792
1.15792
1.15792
1.15792
1.15792
1.157919
1.157919
1.157919
1.157919
1.157919
1.157919
1.157919
1.157919
1.157918
1.157918
1.157918
1.157918
1.157918
1.157918
1.157918
1.157917
1.157917
1.157917
1.157917
1.157917
1.157917
1.157917
1.157916
1.157916
1.157916
1.157916
1.157916
1.157916
1.157916
1.157916
1.157915
1.157915
1.157915
1.157915
1.157915
1.157915
1.157915
1.157914
1.157914
1.157914
1.157914
1.157914
1.157914
1.157914
1.157914
1.157913
1.157913
1.157913
1.157913
1.157913
1.157913
1.157913
1.157912
1.157912
1.157912
1.157912
1.157518
1.15773
1.157972
1.157945
1.15792
1.157923
1.157925
1.157925
1.157924
1.157924
1.157924
1.157924
1.157924
1.157924
1.157924
1.157923
1.157923
1.157923
1.157923
1.157923
1.157923
1.157923
1.157922
1.157922
1.157922
1.157922
1.157922
1.157922
1.157922
1.157922
1.157921
1.157921
1.157921
1.157921
1.157921
1.157921
1.157921
1.15792
1.15792
1.15792
1.15792
1.15792
1.15792
1.15792
1.157919
1.157919
1.157919
1.157919
1.157919
1.157919
1.157919
1.157919
1.157918
1.157918
1.157918
1.157918
1.157918
1.157918
1.157918
1.157917
1.157917
1.157917
1.157917
1.157917
1.157917
1.157917
1.157916
1.157916
1.157916
1.157916
1.157916
1.157916
1.157916
1.157916
1.157915
1.157915
1.157915
1.157915
1.157915
1.157915
1.157915
1.157914
1.157914
1.157914
1.157914
1.157914
1.157914
1.157914
1.157914
1.157913
1.157913
1.157913
1.157913
1.157913
1.157913
1.157913
1.157912
1.157912
1.157912
1.157912
1.157518
1.15773
1.157972
1.157945
1.15792
1.157923
1.157925
1.157925
1.157924
1.157924
1.157924
1.157924
1.157924
1.157924
1.157924
1.157923
1.157923
1.157923
1.157923
1.157923
1.157923
1.157923
1.157922
1.157922
1.157922
1.157922
1.157922
1.157922
1.157922
1.157922
1.157921
1.157921
1.157921
1.157921
1.157921
1.157921
1.157921
1.15792
1.15792
1.15792
1.15792
1.15792
1.15792
1.15792
1.157919
1.157919
1.157919
1.157919
1.157919
1.157919
1.157919
1.157919
1.157918
1.157918
1.157918
1.157918
1.157918
1.157918
1.157918
1.157917
1.157917
1.157917
1.157917
1.157917
1.157917
1.157917
1.157916
1.157916
1.157916
1.157916
1.157916
1.157916
1.157916
1.157916
1.157915
1.157915
1.157915
1.157915
1.157915
1.157915
1.157915
1.157914
1.157914
1.157914
1.157914
1.157914
1.157914
1.157914
1.157914
1.157913
1.157913
1.157913
1.157913
1.157913
1.157913
1.157913
1.157912
1.157912
1.157912
1.157912
1.157518
1.15773
1.157972
1.157945
1.15792
1.157923
1.157925
1.157925
1.157924
1.157924
1.157924
1.157924
1.157924
1.157924
1.157924
1.157923
1.157923
1.157923
1.157923
1.157923
1.157923
1.157923
1.157922
1.157922
1.157922
1.157922
1.157922
1.157922
1.157922
1.157922
1.157921
1.157921
1.157921
1.157921
1.157921
1.157921
1.157921
1.15792
1.15792
1.15792
1.15792
1.15792
1.15792
1.15792
1.157919
1.157919
1.157919
1.157919
1.157919
1.157919
1.157919
1.157919
1.157918
1.157918
1.157918
1.157918
1.157918
1.157918
1.157918
1.157917
1.157917
1.157917
1.157917
1.157917
1.157917
1.157917
1.157916
1.157916
1.157916
1.157916
1.157916
1.157916
1.157916
1.157916
1.157915
1.157915
1.157915
1.157915
1.157915
1.157915
1.157915
1.157914
1.157914
1.157914
1.157914
1.157914
1.157914
1.157914
1.157914
1.157913
1.157913
1.157913
1.157913
1.157913
1.157913
1.157913
1.157912
1.157912
1.157912
1.157912
1.157518
1.15773
1.157972
1.157945
1.15792
1.157923
1.157925
1.157925
1.157924
1.157924
1.157924
1.157924
1.157924
1.157924
1.157924
1.157923
1.157923
1.157923
1.157923
1.157923
1.157923
1.157923
1.157922
1.157922
1.157922
1.157922
1.157922
1.157922
1.157922
1.157922
1.157921
1.157921
1.157921
1.157921
1.157921
1.157921
1.157921
1.15792
1.15792
1.15792
1.15792
1.15792
1.15792
1.15792
1.157919
1.157919
1.157919
1.157919
1.157919
1.157919
1.157919
1.157919
1.157918
1.157918
1.157918
1.157918
1.157918
1.157918
1.157918
1.157917
1.157917
1.157917
1.157917
1.157917
1.157917
1.157917
1.157916
1.157916
1.157916
1.157916
1.157916
1.157916
1.157916
1.157916
1.157915
1.157915
1.157915
1.157915
1.157915
1.157915
1.157915
1.157914
1.157914
1.157914
1.157914
1.157914
1.157914
1.157914
1.157914
1.157913
1.157913
1.157913
1.157913
1.157913
1.157913
1.157913
1.157912
1.157912
1.157912
1.157912
1.157518
1.15773
1.157972
1.157945
1.15792
1.157923
1.157925
1.157925
1.157924
1.157924
1.157924
1.157924
1.157924
1.157924
1.157924
1.157923
1.157923
1.157923
1.157923
1.157923
1.157923
1.157923
1.157922
1.157922
1.157922
1.157922
1.157922
1.157922
1.157922
1.157922
1.157921
1.157921
1.157921
1.157921
1.157921
1.157921
1.157921
1.15792
1.15792
1.15792
1.15792
1.15792
1.15792
1.15792
1.157919
1.157919
1.157919
1.157919
1.157919
1.157919
1.157919
1.157919
1.157918
1.157918
1.157918
1.157918
1.157918
1.157918
1.157918
1.157917
1.157917
1.157917
1.157917
1.157917
1.157917
1.157917
1.157916
1.157916
1.157916
1.157916
1.157916
1.157916
1.157916
1.157916
1.157915
1.157915
1.157915
1.157915
1.157915
1.157915
1.157915
1.157914
1.157914
1.157914
1.157914
1.157914
1.157914
1.157914
1.157914
1.157913
1.157913
1.157913
1.157913
1.157913
1.157913
1.157913
1.157912
1.157912
1.157912
1.157912
1.157518
1.15773
1.157972
1.157945
1.15792
1.157923
1.157925
1.157925
1.157924
1.157924
1.157924
1.157924
1.157924
1.157924
1.157924
1.157923
1.157923
1.157923
1.157923
1.157923
1.157923
1.157923
1.157922
1.157922
1.157922
1.157922
1.157922
1.157922
1.157922
1.157922
1.157921
1.157921
1.157921
1.157921
1.157921
1.157921
1.157921
1.15792
1.15792
1.15792
1.15792
1.15792
1.15792
1.15792
1.157919
1.157919
1.157919
1.157919
1.157919
1.157919
1.157919
1.157919
1.157918
1.157918
1.157918
1.157918
1.157918
1.157918
1.157918
1.157917
1.157917
1.157917
1.157917
1.157917
1.157917
1.157917
1.157916
1.157916
1.157916
1.157916
1.157916
1.157916
1.157916
1.157916
1.157915
1.157915
1.157915
1.157915
1.157915
1.157915
1.157915
1.157914
1.157914
1.157914
1.157914
1.157914
1.157914
1.157914
1.157914
1.157913
1.157913
1.157913
1.157913
1.157913
1.157913
1.157913
1.157912
1.157912
1.157912
1.157912
1.157518
1.15773
1.157972
1.157945
1.15792
1.157923
1.157925
1.157925
1.157924
1.157924
1.157924
1.157924
1.157924
1.157924
1.157924
1.157923
1.157923
1.157923
1.157923
1.157923
1.157923
1.157923
1.157922
1.157922
1.157922
1.157922
1.157922
1.157922
1.157922
1.157922
1.157921
1.157921
1.157921
1.157921
1.157921
1.157921
1.157921
1.15792
1.15792
1.15792
1.15792
1.15792
1.15792
1.15792
1.157919
1.157919
1.157919
1.157919
1.157919
1.157919
1.157919
1.157919
1.157918
1.157918
1.157918
1.157918
1.157918
1.157918
1.157918
1.157917
1.157917
1.157917
1.157917
1.157917
1.157917
1.157917
1.157916
1.157916
1.157916
1.157916
1.157916
1.157916
1.157916
1.157916
1.157915
1.157915
1.157915
1.157915
1.157915
1.157915
1.157915
1.157914
1.157914
1.157914
1.157914
1.157914
1.157914
1.157914
1.157914
1.157913
1.157913
1.157913
1.157913
1.157913
1.157913
1.157913
1.157912
1.157912
1.157912
1.157912
1.157518
1.15773
1.157972
1.157945
1.15792
1.157923
1.157925
1.157925
1.157924
1.157924
1.157924
1.157924
1.157924
1.157924
1.157924
1.157923
1.157923
1.157923
1.157923
1.157923
1.157923
1.157923
1.157922
1.157922
1.157922
1.157922
1.157922
1.157922
1.157922
1.157922
1.157921
1.157921
1.157921
1.157921
1.157921
1.157921
1.157921
1.15792
1.15792
1.15792
1.15792
1.15792
1.15792
1.15792
1.157919
1.157919
1.157919
1.157919
1.157919
1.157919
1.157919
1.157919
1.157918
1.157918
1.157918
1.157918
1.157918
1.157918
1.157918
1.157917
1.157917
1.157917
1.157917
1.157917
1.157917
1.157917
1.157916
1.157916
1.157916
1.157916
1.157916
1.157916
1.157916
1.157916
1.157915
1.157915
1.157915
1.157915
1.157915
1.157915
1.157915
1.157914
1.157914
1.157914
1.157914
1.157914
1.157914
1.157914
1.157914
1.157913
1.157913
1.157913
1.157913
1.157913
1.157913
1.157913
1.157912
1.157912
1.157912
1.157912
1.157518
1.15773
1.157972
1.157945
1.15792
1.157923
1.157925
1.157925
1.157924
1.157924
1.157924
1.157924
1.157924
1.157924
1.157924
1.157923
1.157923
1.157923
1.157923
1.157923
1.157923
1.157923
1.157922
1.157922
1.157922
1.157922
1.157922
1.157922
1.157922
1.157922
1.157921
1.157921
1.157921
1.157921
1.157921
1.157921
1.157921
1.15792
1.15792
1.15792
1.15792
1.15792
1.15792
1.15792
1.157919
1.157919
1.157919
1.157919
1.157919
1.157919
1.157919
1.157919
1.157918
1.157918
1.157918
1.157918
1.157918
1.157918
1.157918
1.157917
1.157917
1.157917
1.157917
1.157917
1.157917
1.157917
1.157916
1.157916
1.157916
1.157916
1.157916
1.157916
1.157916
1.157916
1.157915
1.157915
1.157915
1.157915
1.157915
1.157915
1.157915
1.157914
1.157914
1.157914
1.157914
1.157914
1.157914
1.157914
1.157914
1.157913
1.157913
1.157913
1.157913
1.157913
1.157913
1.157913
1.157912
1.157912
1.157912
1.157912
1.157518
1.15773
1.157972
1.157945
1.15792
1.157923
1.157925
1.157925
1.157924
1.157924
1.157924
1.157924
1.157924
1.157924
1.157924
1.157923
1.157923
1.157923
1.157923
1.157923
1.157923
1.157923
1.157922
1.157922
1.157922
1.157922
1.157922
1.157922
1.157922
1.157922
1.157921
1.157921
1.157921
1.157921
1.157921
1.157921
1.157921
1.15792
1.15792
1.15792
1.15792
1.15792
1.15792
1.15792
1.15792
1.157919
1.157919
1.157919
1.157919
1.157919
1.157919
1.157919
1.157918
1.157918
1.157918
1.157918
1.157918
1.157918
1.157918
1.157917
1.157917
1.157917
1.157917
1.157917
1.157917
1.157917
1.157917
1.157916
1.157916
1.157916
1.157916
1.157916
1.157916
1.157916
1.157915
1.157915
1.157915
1.157915
1.157915
1.157915
1.157915
1.157914
1.157914
1.157914
1.157914
1.157914
1.157914
1.157914
1.157914
1.157913
1.157913
1.157913
1.157913
1.157913
1.157913
1.157913
1.157912
1.157912
1.157912
1.157912
)
;

boundaryField
{
    topAir_top
    {
        type            symmetryPlane;
    }
    leftLet
    {
        type            calculated;
        value           uniform 1.158623;
    }
    rightLet
    {
        type            calculated;
        value           nonuniform List<scalar> 
40
(
1.157897
1.157911
1.157912
1.157912
1.157912
1.157912
1.157912
1.157912
1.157912
1.157912
1.157912
1.157912
1.157912
1.157912
1.157912
1.157912
1.157912
1.157912
1.157912
1.157912
1.157912
1.157912
1.157912
1.157912
1.157912
1.157912
1.157912
1.157912
1.157912
1.157912
1.157912
1.157912
1.157912
1.157912
1.157912
1.157912
1.157912
1.157912
1.157912
1.157912
)
;
    }
    frontAndBack
    {
        type            empty;
    }
    topAir_to_wall
    {
        type            calculated;
        value           nonuniform List<scalar> 
100
(
1.157418
1.157629
1.157871
1.157843
1.157818
1.157821
1.157823
1.157822
1.157822
1.157822
1.157821
1.157821
1.157821
1.15782
1.15782
1.15782
1.157819
1.157819
1.157819
1.157819
1.157818
1.157818
1.157818
1.157817
1.157817
1.157817
1.157817
1.157816
1.157816
1.157816
1.157815
1.157815
1.157815
1.157815
1.157814
1.157814
1.157814
1.157813
1.157813
1.157813
1.157813
1.157812
1.157812
1.157812
1.157811
1.157811
1.157811
1.157811
1.15781
1.15781
1.15781
1.157809
1.157809
1.157809
1.157809
1.157808
1.157808
1.157808
1.157808
1.157807
1.157807
1.157807
1.157806
1.157806
1.157806
1.157806
1.157805
1.157805
1.157805
1.157804
1.157804
1.157804
1.157804
1.157803
1.157803
1.157803
1.157802
1.157802
1.157802
1.157802
1.157801
1.157801
1.157801
1.1578
1.1578
1.1578
1.1578
1.157799
1.157799
1.157799
1.157798
1.157798
1.157798
1.157798
1.157797
1.157797
1.157797
1.157796
1.157796
1.157796
)
;
    }
}


// ************************************************************************* //
