/*--------------------------------*- C++ -*----------------------------------*\
| =========                 |                                                 |
| \\      /  F ield         | OpenFOAM: The Open Source CFD Toolbox           |
|  \\    /   O peration     | Version:  2.3.0                                 |
|   \\  /    A nd           | Web:      www.OpenFOAM.org                      |
|    \\/     M anipulation  |                                                 |
\*---------------------------------------------------------------------------*/
FoamFile
{
    version     2.0;
    format      ascii;
    class       surfaceScalarField;
    location    "9800/topAir";
    object      phi;
}
// * * * * * * * * * * * * * * * * * * * * * * * * * * * * * * * * * * * * * //

dimensions      [1 0 -1 0 0 0 0];

internalField   nonuniform List<scalar> 
7860
(
0.008894611
4.282925e-06
0.008890808
3.805421e-06
0.008887797
3.013284e-06
0.008884713
3.086245e-06
0.008881495
3.219418e-06
0.008878238
3.258467e-06
0.008874954
3.283687e-06
0.008871642
3.312426e-06
0.008868305
3.336789e-06
0.008864949
3.355949e-06
0.008861578
3.371672e-06
0.008858193
3.384796e-06
0.008854797
3.395734e-06
0.008851392
3.404879e-06
0.008847979
3.412563e-06
0.008844559
3.419042e-06
0.008841135
3.424516e-06
0.008837705
3.429146e-06
0.008834272
3.43306e-06
0.008830835
3.436363e-06
0.008827396
3.439141e-06
0.008823954
3.441466e-06
0.008820511
3.443397e-06
0.008817066
3.444983e-06
0.008813619
3.446265e-06
0.008810172
3.44728e-06
0.008806724
3.448057e-06
0.008803275
3.448622e-06
0.008799826
3.448999e-06
0.008796376
3.449206e-06
0.008792927
3.449261e-06
0.008789478
3.449177e-06
0.008786029
3.448968e-06
0.00878258
3.448645e-06
0.008779131
3.448218e-06
0.008775684
3.447696e-06
0.008772236
3.447086e-06
0.00876879
3.446395e-06
0.008765344
3.445629e-06
0.008761899
3.444793e-06
0.008758455
3.443892e-06
0.008755012
3.442929e-06
0.00875157
3.441908e-06
0.00874813
3.440831e-06
0.00874469
3.439702e-06
0.008741251
3.438522e-06
0.008737814
3.437293e-06
0.008734378
3.436016e-06
0.008730943
3.434691e-06
0.00872751
3.43332e-06
0.008724078
3.431902e-06
0.008720647
3.430437e-06
0.008717218
3.428925e-06
0.008713791
3.427364e-06
0.008710365
3.425753e-06
0.008706941
3.424092e-06
0.008703518
3.422376e-06
0.008700098
3.420605e-06
0.008696679
3.418774e-06
0.008693262
3.416881e-06
0.008689847
3.414921e-06
0.008686434
3.41289e-06
0.008683023
3.410781e-06
0.008679615
3.408591e-06
0.008676208
3.40631e-06
0.008672804
3.403932e-06
0.008669403
3.401447e-06
0.008666004
3.398846e-06
0.008662608
3.396116e-06
0.008659215
3.393245e-06
0.008655824
3.390217e-06
0.008652437
3.387016e-06
0.008649054
3.383621e-06
0.008645674
3.38001e-06
0.008642298
3.376155e-06
0.008638926
3.372026e-06
0.008635558
3.367587e-06
0.008632195
3.362794e-06
0.008628837
3.357598e-06
0.008625486
3.351936e-06
0.00862214
3.345737e-06
0.008618801
3.338911e-06
0.008615469
3.331349e-06
0.008612147
3.322914e-06
0.008608833
3.313435e-06
0.00860553
3.302695e-06
0.00860224
3.290407e-06
0.008598964
3.276196e-06
0.008595704
3.25955e-06
0.008592464
3.23976e-06
0.008589248
3.215805e-06
0.008586062
3.186159e-06
0.008582914
3.14845e-06
0.008579815
3.098767e-06
0.008576785
3.030386e-06
0.008573854
2.930617e-06
0.008571078
2.776224e-06
0.008568566
2.511802e-06
0.00856651
2.055584e-06
1.035711e-06
0.008903525
5.91028e-07
0.008904925
2.407134e-06
0.008905351
2.590129e-06
0.008905794
2.644901e-06
0.008906208
2.807078e-06
0.008906545
2.922625e-06
0.00890683
2.999408e-06
0.00890708
3.062463e-06
0.008907302
3.114652e-06
0.008907501
3.156969e-06
0.008907681
3.191902e-06
0.008907844
3.22127e-06
0.008907993
3.24621e-06
0.00890813
3.26758e-06
0.008908257
3.286055e-06
0.008908373
3.302152e-06
0.008908481
3.316273e-06
0.008908581
3.328736e-06
0.008908674
3.339795e-06
0.008908761
3.349657e-06
0.008908841
3.358488e-06
0.008908916
3.366429e-06
0.008908986
3.373594e-06
0.008909051
3.380079e-06
0.008909111
3.385967e-06
0.008909166
3.391327e-06
0.008909218
3.396218e-06
0.008909266
3.40069e-06
0.00890931
3.404788e-06
0.00890935
3.408549e-06
0.008909388
3.412006e-06
0.008909421
3.415189e-06
0.008909452
3.418122e-06
0.00890948
3.420828e-06
0.008909505
3.423326e-06
0.008909527
3.425633e-06
0.008909546
3.427763e-06
0.008909562
3.429731e-06
0.008909576
3.431548e-06
0.008909588
3.433223e-06
0.008909597
3.434767e-06
0.008909604
3.436186e-06
0.008909608
3.437487e-06
0.00890961
3.438675e-06
0.00890961
3.439756e-06
0.008909608
3.440734e-06
0.008909603
3.441611e-06
0.008909597
3.44239e-06
0.008909588
3.443072e-06
0.008909578
3.443659e-06
0.008909566
3.44415e-06
0.008909552
3.444546e-06
0.008909536
3.444844e-06
0.008909518
3.445043e-06
0.008909498
3.445141e-06
0.008909477
3.445133e-06
0.008909455
3.445016e-06
0.00890943
3.444785e-06
0.008909405
3.444433e-06
0.008909378
3.443954e-06
0.008909349
3.443339e-06
0.008909319
3.442579e-06
0.008909289
3.441664e-06
0.008909257
3.440581e-06
0.008909224
3.439317e-06
0.00890919
3.437856e-06
0.008909155
3.43618e-06
0.008909119
3.434269e-06
0.008909083
3.4321e-06
0.008909047
3.429647e-06
0.00890901
3.42688e-06
0.008908973
3.423765e-06
0.008908937
3.420262e-06
0.0089089
3.416327e-06
0.008908865
3.411906e-06
0.00890883
3.406938e-06
0.008908796
3.401353e-06
0.008908764
3.395064e-06
0.008908733
3.387974e-06
0.008908705
3.379961e-06
0.00890868
3.370884e-06
0.008908658
3.360568e-06
0.008908641
3.3488e-06
0.008908628
3.335316e-06
0.008908622
3.319786e-06
0.008908623
3.301789e-06
0.008908633
3.280783e-06
0.008908653
3.256057e-06
0.008908686
3.226664e-06
0.008908734
3.191309e-06
0.008908802
3.148186e-06
0.008908893
3.09471e-06
0.008909014
3.027083e-06
0.008909173
2.939555e-06
0.008909381
2.823217e-06
0.008909648
2.663688e-06
0.008909986
2.438074e-06
0.008910392
2.105399e-06
0.008910839
1.608456e-06
8.007501e-07
0.008900946
8.709458e-07
0.008901674
1.681103e-06
0.008902229
2.037884e-06
0.008902642
2.233866e-06
0.008903013
2.438219e-06
0.008903339
2.597329e-06
0.008903628
2.710832e-06
0.00890389
2.800584e-06
0.00890413
2.874293e-06
0.008904352
2.934762e-06
0.008904559
2.984973e-06
0.008904753
3.027307e-06
0.008904935
3.063378e-06
0.008905108
3.094377e-06
0.008905273
3.121229e-06
0.00890543
3.144654e-06
0.008905581
3.165216e-06
0.008905726
3.183365e-06
0.008905866
3.199463e-06
0.008906002
3.213806e-06
0.008906134
3.226635e-06
0.008906262
3.238152e-06
0.008906387
3.248524e-06
0.008906509
3.257893e-06
0.008906628
3.266378e-06
0.008906745
3.27408e-06
0.00890686
3.281089e-06
0.008906973
3.287477e-06
0.008907084
3.29331e-06
0.008907194
3.298645e-06
0.008907303
3.30353e-06
0.00890741
3.308008e-06
0.008907515
3.312117e-06
0.00890762
3.31589e-06
0.008907724
3.319355e-06
0.008907827
3.322537e-06
0.008907929
3.32546e-06
0.008908031
3.328143e-06
0.008908132
3.330604e-06
0.008908232
3.332857e-06
0.008908332
3.334915e-06
0.008908431
3.336791e-06
0.00890853
3.338494e-06
0.008908629
3.340033e-06
0.008908727
3.341415e-06
0.008908825
3.342645e-06
0.008908923
3.343729e-06
0.00890902
3.344669e-06
0.008909118
3.34547e-06
0.008909215
3.346131e-06
0.008909313
3.346653e-06
0.00890941
3.347036e-06
0.008909508
3.347279e-06
0.008909605
3.347377e-06
0.008909703
3.347328e-06
0.008909801
3.347126e-06
0.008909899
3.346766e-06
0.008909998
3.346239e-06
0.008910097
3.345538e-06
0.008910196
3.344651e-06
0.008910296
3.343568e-06
0.008910396
3.342274e-06
0.008910497
3.340754e-06
0.008910598
3.33899e-06
0.008910701
3.336962e-06
0.008910804
3.334647e-06
0.008910908
3.33202e-06
0.008911013
3.329051e-06
0.00891112
3.325707e-06
0.008911227
3.321949e-06
0.008911336
3.317734e-06
0.008911447
3.313012e-06
0.00891156
3.307727e-06
0.008911674
3.301813e-06
0.008911791
3.295194e-06
0.00891191
3.287781e-06
0.008912032
3.279471e-06
0.008912157
3.270145e-06
0.008912285
3.259658e-06
0.008912417
3.247841e-06
0.008912553
3.234491e-06
0.008912695
3.219361e-06
0.008912841
3.202152e-06
0.008912994
3.182496e-06
0.008913154
3.159934e-06
0.008913322
3.133891e-06
0.008913499
3.103631e-06
0.008913687
3.068206e-06
0.008913887
3.026371e-06
0.008914102
2.976467e-06
0.008914334
2.916245e-06
0.008914586
2.842601e-06
0.008914862
2.751182e-06
0.008915165
2.635777e-06
0.008915501
2.487458e-06
0.008915872
2.293255e-06
0.008916275
2.034834e-06
0.008916694
1.686415e-06
0.008917084
1.218101e-06
6.037033e-07
0.008901906
5.586711e-07
0.008902278
1.310946e-06
0.0089026
1.718421e-06
0.008902887
1.949186e-06
0.00890317
2.156894e-06
0.008903439
2.329166e-06
0.008903689
2.461683e-06
0.008903921
2.568478e-06
0.008904138
2.657244e-06
0.008904342
2.731304e-06
0.008904533
2.793572e-06
0.008904713
2.846499e-06
0.008904885
2.891881e-06
0.008905048
2.931074e-06
0.008905204
2.96515e-06
0.008905353
2.994959e-06
0.008905497
3.021177e-06
0.008905636
3.044351e-06
0.00890577
3.064925e-06
0.0089059
3.083263e-06
0.008906027
3.099669e-06
0.008906151
3.114393e-06
0.008906271
3.127647e-06
0.008906389
3.13961e-06
0.008906505
3.150433e-06
0.008906619
3.160245e-06
0.008906731
3.169159e-06
0.008906841
3.177269e-06
0.008906949
3.18466e-06
0.008907056
3.191404e-06
0.008907162
3.197564e-06
0.008907267
3.203195e-06
0.00890737
3.208345e-06
0.008907473
3.213057e-06
0.008907575
3.217369e-06
0.008907676
3.221313e-06
0.008907777
3.224919e-06
0.008907876
3.228212e-06
0.008907976
3.231214e-06
0.008908074
3.233946e-06
0.008908173
3.236425e-06
0.008908271
3.238665e-06
0.008908369
3.24068e-06
0.008908466
3.24248e-06
0.008908563
3.244075e-06
0.008908661
3.245473e-06
0.008908758
3.24668e-06
0.008908854
3.2477e-06
0.008908951
3.248536e-06
0.008909048
3.249191e-06
0.008909145
3.249665e-06
0.008909242
3.249958e-06
0.008909339
3.250066e-06
0.008909437
3.249986e-06
0.008909534
3.249714e-06
0.008909632
3.249243e-06
0.00890973
3.248564e-06
0.008909829
3.247669e-06
0.008909928
3.246545e-06
0.008910027
3.245179e-06
0.008910127
3.243556e-06
0.008910228
3.241659e-06
0.008910329
3.239466e-06
0.008910431
3.236955e-06
0.008910534
3.2341e-06
0.008910638
3.230871e-06
0.008910742
3.227235e-06
0.008910848
3.223153e-06
0.008910955
3.218582e-06
0.008911064
3.213473e-06
0.008911174
3.207769e-06
0.008911285
3.201408e-06
0.008911399
3.194315e-06
0.008911514
3.186407e-06
0.008911632
3.177585e-06
0.008911752
3.167737e-06
0.008911874
3.156733e-06
0.008912
3.144418e-06
0.008912129
3.130613e-06
0.008912262
3.115103e-06
0.008912399
3.097634e-06
0.00891254
3.077899e-06
0.008912687
3.05553e-06
0.008912839
3.030075e-06
0.008912998
3.000979e-06
0.008913164
2.967551e-06
0.008913339
2.928925e-06
0.008913523
2.884e-06
0.008913718
2.831367e-06
0.008913925
2.769195e-06
0.008914146
2.695086e-06
0.008914383
2.605867e-06
0.008914637
2.497315e-06
0.008914909
2.36379e-06
0.008915199
2.197805e-06
0.008915502
1.989566e-06
0.00891581
1.726768e-06
0.008916102
1.395242e-06
0.008916339
9.809592e-07
4.838561e-07
0.008901775
5.926997e-07
0.008901984
1.104361e-06
0.008902266
1.438162e-06
0.008902539
1.678645e-06
0.008902805
1.893129e-06
0.008903059
2.075618e-06
0.008903298
2.222746e-06
0.008903523
2.343881e-06
0.008903735
2.445718e-06
0.008903934
2.531727e-06
0.008904123
2.60478e-06
0.008904302
2.667338e-06
0.008904472
2.721301e-06
0.008904635
2.768141e-06
0.008904791
2.809033e-06
0.008904941
2.844925e-06
0.008905085
2.87658e-06
0.008905224
2.904621e-06
0.00890536
2.929559e-06
0.008905491
2.951819e-06
0.008905618
2.971751e-06
0.008905743
2.989654e-06
0.008905865
3.005775e-06
0.008905984
3.020328e-06
0.008906101
3.033492e-06
0.008906215
3.045425e-06
0.008906328
3.056259e-06
0.008906439
3.066109e-06
0.008906548
3.075078e-06
0.008906656
3.083253e-06
0.008906763
3.090709e-06
0.008906869
3.097515e-06
0.008906973
3.10373e-06
0.008907077
3.109405e-06
0.008907179
3.114586e-06
0.008907281
3.119315e-06
0.008907382
3.123625e-06
0.008907483
3.12755e-06
0.008907583
3.131116e-06
0.008907683
3.134348e-06
0.008907782
3.137268e-06
0.00890788
3.139892e-06
0.008907979
3.142239e-06
0.008908077
3.144321e-06
0.008908175
3.146149e-06
0.008908272
3.147734e-06
0.00890837
3.149082e-06
0.008908467
3.150201e-06
0.008908565
3.151093e-06
0.008908662
3.151761e-06
0.008908759
3.152206e-06
0.008908857
3.152427e-06
0.008908955
3.152421e-06
0.008909052
3.152185e-06
0.00890915
3.15171e-06
0.008909248
3.150991e-06
0.008909347
3.150017e-06
0.008909446
3.148777e-06
0.008909545
3.147256e-06
0.008909645
3.145438e-06
0.008909745
3.143304e-06
0.008909846
3.140833e-06
0.008909947
3.138e-06
0.008910049
3.134778e-06
0.008910152
3.131133e-06
0.008910256
3.127032e-06
0.008910361
3.122432e-06
0.008910467
3.117288e-06
0.008910574
3.111547e-06
0.008910682
3.105149e-06
0.008910792
3.098029e-06
0.008910903
3.090107e-06
0.008911016
3.081297e-06
0.008911131
3.071498e-06
0.008911248
3.060593e-06
0.008911367
3.048449e-06
0.008911489
3.03491e-06
0.008911613
3.019796e-06
0.008911741
3.002893e-06
0.008911872
2.983954e-06
0.008912007
2.962683e-06
0.008912146
2.938727e-06
0.00891229
2.911665e-06
0.008912439
2.880986e-06
0.008912594
2.846071e-06
0.008912756
2.806159e-06
0.008912924
2.760312e-06
0.008913101
2.70736e-06
0.008913286
2.645838e-06
0.008913482
2.573899e-06
0.008913687
2.489201e-06
0.008913904
2.388767e-06
0.008914133
2.268823e-06
0.008914372
2.124622e-06
0.00891462
1.950304e-06
0.00891487
1.738911e-06
0.008915114
1.48272e-06
0.008915335
1.174719e-06
0.008915506
8.099346e-07
3.975922e-07
0.008902181
4.353083e-07
0.008902371
9.155335e-07
0.00890258
1.232332e-06
0.00890279
1.470121e-06
0.008903002
1.683724e-06
0.00890321
1.868187e-06
0.008903412
2.021196e-06
0.008903606
2.149694e-06
0.008903793
2.259166e-06
0.008903972
2.352797e-06
0.008904143
2.433218e-06
0.008904307
2.502716e-06
0.008904465
2.56312e-06
0.008904617
2.615885e-06
0.008904764
2.662195e-06
0.008904906
2.703022e-06
0.008905043
2.73916e-06
0.008905176
2.77127e-06
0.008905305
2.799898e-06
0.008905432
2.825502e-06
0.008905555
2.848467e-06
0.008905675
2.869118e-06
0.008905793
2.887734e-06
0.008905908
2.90455e-06
0.008906022
2.919769e-06
0.008906134
2.933567e-06
0.008906244
2.946095e-06
0.008906352
2.957485e-06
0.008906459
2.967851e-06
0.008906565
2.977294e-06
0.00890667
2.985902e-06
0.008906773
2.993752e-06
0.008906876
3.000912e-06
0.008906978
3.007442e-06
0.008907079
3.013396e-06
0.008907179
3.018819e-06
0.008907279
3.023754e-06
0.008907378
3.028236e-06
0.008907477
3.032299e-06
0.008907575
3.035969e-06
0.008907673
3.039273e-06
0.008907771
3.042231e-06
0.008907868
3.044863e-06
0.008907965
3.047183e-06
0.008908062
3.049206e-06
0.008908159
3.050943e-06
0.008908255
3.052402e-06
0.008908352
3.05359e-06
0.008908448
3.054512e-06
0.008908545
3.055171e-06
0.008908642
3.055568e-06
0.008908738
3.055701e-06
0.008908835
3.055567e-06
0.008908932
3.055162e-06
0.008909029
3.054477e-06
0.008909127
3.053504e-06
0.008909224
3.052232e-06
0.008909323
3.050646e-06
0.008909421
3.04873e-06
0.00890952
3.046465e-06
0.008909619
3.04383e-06
0.008909719
3.040798e-06
0.00890982
3.037342e-06
0.008909921
3.033429e-06
0.008910023
3.029021e-06
0.008910126
3.024078e-06
0.00891023
3.018551e-06
0.008910335
3.012388e-06
0.008910441
3.005528e-06
0.008910548
2.997902e-06
0.008910657
2.989433e-06
0.008910767
2.980032e-06
0.008910879
2.969598e-06
0.008910992
2.958018e-06
0.008911107
2.945157e-06
0.008911225
2.930866e-06
0.008911345
2.914968e-06
0.008911467
2.897261e-06
0.008911593
2.877507e-06
0.008911721
2.855432e-06
0.008911853
2.830708e-06
0.008911989
2.802952e-06
0.008912129
2.771708e-06
0.008912273
2.736431e-06
0.008912423
2.696466e-06
0.008912578
2.651022e-06
0.008912739
2.599141e-06
0.008912907
2.539653e-06
0.008913082
2.471129e-06
0.008913264
2.391816e-06
0.008913453
2.299569e-06
0.00891365
2.191773e-06
0.008913854
2.065269e-06
0.008914062
1.916321e-06
0.008914272
1.740648e-06
0.008914477
1.533646e-06
0.008914669
1.290853e-06
0.008914834
1.009277e-06
0.008914956
6.879979e-07
3.362694e-07
0.008902208
4.28677e-07
0.008902316
8.094209e-07
0.008902473
1.078646e-06
0.008902644
1.301396e-06
0.008902823
1.505459e-06
0.008903008
1.684968e-06
0.008903191
1.838046e-06
0.008903372
1.969508e-06
0.008903547
2.083352e-06
0.008903718
2.182102e-06
0.008903883
2.267957e-06
0.008904043
2.342897e-06
0.008904197
2.408574e-06
0.008904346
2.466346e-06
0.008904491
2.517352e-06
0.008904631
2.562542e-06
0.008904767
2.602712e-06
0.0089049
2.638531e-06
0.008905029
2.670562e-06
0.008905155
2.699284e-06
0.008905278
2.725101e-06
0.008905399
2.748361e-06
0.008905517
2.769358e-06
0.008905633
2.78835e-06
0.008905747
2.805555e-06
0.008905859
2.821167e-06
0.00890597
2.835349e-06
0.008906079
2.848249e-06
0.008906187
2.859992e-06
0.008906293
2.87069e-06
0.008906398
2.880441e-06
0.008906503
2.889331e-06
0.008906606
2.897437e-06
0.008906708
2.904826e-06
0.00890681
2.911558e-06
0.008906911
2.917684e-06
0.008907012
2.923253e-06
0.008907111
2.928305e-06
0.008907211
2.932876e-06
0.00890731
2.937e-06
0.008907408
2.940702e-06
0.008907506
2.94401e-06
0.008907604
2.946942e-06
0.008907702
2.949518e-06
0.008907799
2.951753e-06
0.008907896
2.95366e-06
0.008907993
2.955248e-06
0.00890809
2.956526e-06
0.008908187
2.957499e-06
0.008908284
2.95817e-06
0.008908381
2.95854e-06
0.008908478
2.958607e-06
0.008908576
2.958369e-06
0.008908673
2.95782e-06
0.00890877
2.956951e-06
0.008908868
2.955752e-06
0.008908966
2.95421e-06
0.008909064
2.952309e-06
0.008909163
2.950032e-06
0.008909262
2.947356e-06
0.008909362
2.944256e-06
0.008909462
2.940705e-06
0.008909562
2.93667e-06
0.008909664
2.932114e-06
0.008909766
2.926996e-06
0.008909868
2.921268e-06
0.008909972
2.914878e-06
0.008910077
2.907766e-06
0.008910182
2.899865e-06
0.008910289
2.891097e-06
0.008910397
2.881376e-06
0.008910506
2.870605e-06
0.008910617
2.858672e-06
0.00891073
2.84545e-06
0.008910844
2.830795e-06
0.00891096
2.81454e-06
0.008911079
2.796496e-06
0.0089112
2.776442e-06
0.008911323
2.754124e-06
0.008911449
2.729247e-06
0.008911578
2.701468e-06
0.008911711
2.670382e-06
0.008911847
2.635517e-06
0.008911987
2.596313e-06
0.008912132
2.552109e-06
0.00891228
2.502118e-06
0.008912434
2.445402e-06
0.008912593
2.380842e-06
0.008912757
2.307105e-06
0.008912926
2.222601e-06
0.0089131
2.125451e-06
0.008913279
2.013453e-06
0.00891346
1.884074e-06
0.008913642
1.734488e-06
0.00891382
1.561696e-06
0.008913991
1.362801e-06
0.008914147
1.135448e-06
0.008914277
8.788568e-07
0.008914371
5.94031e-07
2.891665e-07
0.008902423
3.560568e-07
0.008902529
7.052451e-07
0.00890266
9.495738e-07
0.008902807
1.156815e-06
0.008902963
1.351153e-06
0.008903124
1.525257e-06
0.008903286
1.676728e-06
0.008903446
1.809021e-06
0.008903604
1.925105e-06
0.00890376
2.026959e-06
0.008903911
2.116412e-06
0.008904058
2.195173e-06
0.008904202
2.26471e-06
0.008904342
2.326272e-06
0.008904478
2.380924e-06
0.008904611
2.429574e-06
0.00890474
2.472997e-06
0.008904867
2.511853e-06
0.00890499
2.546706e-06
0.008905111
2.578039e-06
0.00890523
2.606265e-06
0.008905346
2.631742e-06
0.008905461
2.654778e-06
0.008905573
2.675641e-06
0.008905684
2.694563e-06
0.008905793
2.711746e-06
0.008905901
2.727368e-06
0.008906008
2.741583e-06
0.008906113
2.754528e-06
0.008906217
2.766323e-06
0.008906321
2.777075e-06
0.008906423
2.786876e-06
0.008906524
2.79581e-06
0.008906625
2.80395e-06
0.008906725
2.811361e-06
0.008906825
2.818102e-06
0.008906924
2.824223e-06
0.008907022
2.829769e-06
0.00890712
2.834781e-06
0.008907218
2.839294e-06
0.008907315
2.843339e-06
0.008907412
2.846943e-06
0.008907509
2.85013e-06
0.008907605
2.852918e-06
0.008907702
2.855326e-06
0.008907798
2.857368e-06
0.008907894
2.859054e-06
0.00890799
2.860393e-06
0.008908086
2.861391e-06
0.008908182
2.862052e-06
0.008908278
2.862377e-06
0.008908374
2.862364e-06
0.008908471
2.862009e-06
0.008908567
2.861307e-06
0.008908664
2.860247e-06
0.008908761
2.85882e-06
0.008908858
2.857009e-06
0.008908955
2.854798e-06
0.008909053
2.852167e-06
0.008909151
2.849091e-06
0.00890925
2.845544e-06
0.008909349
2.841494e-06
0.008909449
2.836905e-06
0.008909549
2.831737e-06
0.00890965
2.825944e-06
0.008909752
2.819475e-06
0.008909855
2.812272e-06
0.008909958
2.804269e-06
0.008910063
2.795394e-06
0.008910168
2.785562e-06
0.008910275
2.77468e-06
0.008910383
2.762642e-06
0.008910492
2.749329e-06
0.008910603
2.734604e-06
0.008910715
2.718313e-06
0.00891083
2.70028e-06
0.008910946
2.680303e-06
0.008911064
2.658151e-06
0.008911185
2.63356e-06
0.008911308
2.606224e-06
0.008911433
2.575789e-06
0.008911562
2.541846e-06
0.008911693
2.503919e-06
0.008911828
2.461453e-06
0.008911966
2.4138e-06
0.008912108
2.360204e-06
0.008912254
2.299778e-06
0.008912403
2.231488e-06
0.008912556
2.154133e-06
0.008912712
2.066322e-06
0.008912871
1.966465e-06
0.008913032
1.852772e-06
0.008913193
1.723288e-06
0.008913351
1.575959e-06
0.008913504
1.408778e-06
0.008913647
1.220047e-06
0.008913774
1.008718e-06
0.008913877
7.751153e-07
0.008913951
5.209027e-07
2.52636e-07
0.008902505
3.346929e-07
0.008902577
6.344857e-07
0.008902679
8.503024e-07
0.008902797
1.041822e-06
0.008902925
1.224131e-06
0.008903062
1.38962e-06
0.008903203
1.536034e-06
0.008903346
1.665903e-06
0.00890349
1.78136e-06
0.008903633
1.883856e-06
0.008903774
1.974824e-06
0.008903914
2.055662e-06
0.008904051
2.127612e-06
0.008904185
2.191761e-06
0.008904316
2.249062e-06
0.008904445
2.300346e-06
0.008904572
2.346336e-06
0.008904696
2.387658e-06
0.008904817
2.424856e-06
0.008904937
2.458402e-06
0.008905054
2.488704e-06
0.00890517
2.516121e-06
0.008905283
2.540963e-06
0.008905395
2.563501e-06
0.008905506
2.583974e-06
0.008905615
2.602591e-06
0.008905722
2.619535e-06
0.008905829
2.634969e-06
0.008905934
2.649034e-06
0.008906038
2.661859e-06
0.008906142
2.673554e-06
0.008906244
2.68422e-06
0.008906346
2.693943e-06
0.008906447
2.702804e-06
0.008906547
2.71087e-06
0.008906647
2.718206e-06
0.008906747
2.724864e-06
0.008906845
2.730894e-06
0.008906944
2.73634e-06
0.008907042
2.74124e-06
0.008907139
2.745626e-06
0.008907237
2.749528e-06
0.008907334
2.752972e-06
0.008907431
2.75598e-06
0.008907527
2.758569e-06
0.008907624
2.760755e-06
0.00890772
2.762551e-06
0.008907817
2.763965e-06
0.008907913
2.765004e-06
0.008908009
2.765672e-06
0.008908106
2.76597e-06
0.008908202
2.765897e-06
0.008908299
2.765448e-06
0.008908395
2.764617e-06
0.008908492
2.763394e-06
0.008908589
2.761765e-06
0.008908686
2.759717e-06
0.008908784
2.757229e-06
0.008908882
2.754281e-06
0.00890898
2.750845e-06
0.008909078
2.746892e-06
0.008909178
2.74239e-06
0.008909277
2.737298e-06
0.008909377
2.731574e-06
0.008909478
2.725168e-06
0.008909579
2.718026e-06
0.008909682
2.710084e-06
0.008909784
2.701274e-06
0.008909888
2.691516e-06
0.008909993
2.680723e-06
0.008910099
2.668794e-06
0.008910206
2.655618e-06
0.008910314
2.641069e-06
0.008910424
2.625004e-06
0.008910535
2.607262e-06
0.008910647
2.58766e-06
0.008910762
2.565989e-06
0.008910878
2.542014e-06
0.008910996
2.515464e-06
0.008911116
2.48603e-06
0.008911238
2.453359e-06
0.008911363
2.417046e-06
0.008911491
2.376624e-06
0.00891162
2.331555e-06
0.008911753
2.281225e-06
0.008911888
2.224922e-06
0.008912026
2.161833e-06
0.008912167
2.091029e-06
0.008912309
2.011455e-06
0.008912454
1.921928e-06
0.008912599
1.821138e-06
0.008912744
1.707672e-06
0.008912887
1.580062e-06
0.008913026
1.436863e-06
0.008913158
1.276797e-06
0.008913279
1.09896e-06
0.008913385
9.030863e-07
0.00891347
6.900282e-07
0.008913529
4.616175e-07
2.231143e-07
0.00890264
2.946764e-07
0.008902708
5.681714e-07
0.008902797
7.639855e-07
0.008902901
9.40259e-07
0.008903016
1.110679e-06
0.008903139
1.267579e-06
0.008903267
1.40848e-06
0.008903398
1.535159e-06
0.00890353
1.649104e-06
0.008903662
1.751319e-06
0.008903794
1.842889e-06
0.008903925
1.924934e-06
0.008904054
1.998488e-06
0.008904181
2.064486e-06
0.008904306
2.123769e-06
0.008904429
2.177089e-06
0.00890455
2.225112e-06
0.008904669
2.268425e-06
0.008904786
2.307544e-06
0.008904901
2.342926e-06
0.008905014
2.374969e-06
0.008905126
2.404025e-06
0.008905237
2.430403e-06
0.008905346
2.454377e-06
0.008905453
2.476185e-06
0.00890556
2.496041e-06
0.008905665
2.514132e-06
0.008905769
2.530625e-06
0.008905872
2.545667e-06
0.008905975
2.55939e-06
0.008906076
2.57191e-06
0.008906177
2.583331e-06
0.008906277
2.593745e-06
0.008906376
2.603235e-06
0.008906475
2.611874e-06
0.008906574
2.619728e-06
0.008906672
2.626854e-06
0.008906769
2.633305e-06
0.008906866
2.639127e-06
0.008906963
2.644359e-06
0.008907059
2.649038e-06
0.008907156
2.653195e-06
0.008907252
2.656857e-06
0.008907348
2.660047e-06
0.008907443
2.662785e-06
0.008907539
2.665087e-06
0.008907635
2.666966e-06
0.00890773
2.668433e-06
0.008907825
2.669493e-06
0.008907921
2.670153e-06
0.008908016
2.670412e-06
0.008908112
2.670269e-06
0.008908208
2.669719e-06
0.008908303
2.668756e-06
0.008908399
2.667369e-06
0.008908496
2.665543e-06
0.008908592
2.663264e-06
0.008908689
2.66051e-06
0.008908786
2.657259e-06
0.008908883
2.653482e-06
0.008908981
2.649148e-06
0.008909079
2.644222e-06
0.008909177
2.638661e-06
0.008909277
2.632421e-06
0.008909376
2.625449e-06
0.008909477
2.617686e-06
0.008909578
2.609068e-06
0.008909679
2.599521e-06
0.008909782
2.588962e-06
0.008909885
2.577299e-06
0.00890999
2.564428e-06
0.008910095
2.550234e-06
0.008910201
2.534585e-06
0.008910309
2.517335e-06
0.008910418
2.498319e-06
0.008910528
2.47735e-06
0.00891064
2.454218e-06
0.008910753
2.428684e-06
0.008910868
2.40048e-06
0.008910985
2.369299e-06
0.008911103
2.334796e-06
0.008911224
2.296576e-06
0.008911346
2.254192e-06
0.008911471
2.207137e-06
0.008911597
2.154836e-06
0.008911725
2.096638e-06
0.008911855
2.031813e-06
0.008911987
1.959543e-06
0.008912119
1.878924e-06
0.008912252
1.788971e-06
0.008912385
1.688632e-06
0.008912516
1.576818e-06
0.008912643
1.452457e-06
0.008912765
1.314573e-06
0.00891288
1.162404e-06
0.008912983
9.955687e-07
0.008913072
8.1424e-07
0.008913143
6.194693e-07
0.008913191
4.129976e-07
1.98981e-07
0.008902726
2.731775e-07
0.00890278
5.169061e-07
0.008902853
6.93602e-07
0.008902939
8.56389e-07
0.008903036
1.015397e-06
0.008903141
1.163234e-06
0.008903252
1.297549e-06
0.008903368
1.419646e-06
0.008903486
1.530561e-06
0.008903607
1.630976e-06
0.008903728
1.721698e-06
0.008903849
1.803611e-06
0.00890397
1.877558e-06
0.00890409
1.944326e-06
0.008904208
2.004639e-06
0.008904326
2.05916e-06
0.008904442
2.108486e-06
0.008904558
2.153154e-06
0.008904671
2.193643e-06
0.008904783
2.230381e-06
0.008904894
2.263749e-06
0.008905004
2.294083e-06
0.008905113
2.321684e-06
0.00890522
2.346819e-06
0.008905326
2.369726e-06
0.008905432
2.390614e-06
0.008905536
2.409673e-06
0.008905639
2.427069e-06
0.008905742
2.442951e-06
0.008905844
2.457454e-06
0.008905945
2.470696e-06
0.008906045
2.482782e-06
0.008906145
2.49381e-06
0.008906244
2.503862e-06
0.008906343
2.513016e-06
0.008906441
2.521338e-06
0.008906539
2.52889e-06
0.008906637
2.535726e-06
0.008906734
2.541893e-06
0.008906831
2.547433e-06
0.008906927
2.552385e-06
0.008907024
2.55678e-06
0.00890712
2.560647e-06
0.008907216
2.564012e-06
0.008907311
2.566893e-06
0.008907407
2.569309e-06
0.008907503
2.571274e-06
0.008907598
2.572797e-06
0.008907694
2.573886e-06
0.00890779
2.574546e-06
0.008907885
2.574778e-06
0.008907981
2.57458e-06
0.008908076
2.573947e-06
0.008908172
2.572872e-06
0.008908268
2.571344e-06
0.008908364
2.569348e-06
0.008908461
2.566867e-06
0.008908557
2.56388e-06
0.008908654
2.560362e-06
0.008908751
2.556284e-06
0.008908849
2.551614e-06
0.008908947
2.546312e-06
0.008909045
2.540337e-06
0.008909144
2.533641e-06
0.008909243
2.526168e-06
0.008909343
2.517859e-06
0.008909443
2.508645e-06
0.008909544
2.49845e-06
0.008909646
2.487189e-06
0.008909749
2.474767e-06
0.008909852
2.461077e-06
0.008909956
2.446001e-06
0.008910061
2.429406e-06
0.008910167
2.411144e-06
0.008910275
2.391047e-06
0.008910383
2.368928e-06
0.008910493
2.344579e-06
0.008910604
2.317764e-06
0.008910716
2.288218e-06
0.008910829
2.255644e-06
0.008910944
2.219708e-06
0.008911061
2.180036e-06
0.008911179
2.136206e-06
0.008911298
2.087746e-06
0.008911419
2.034131e-06
0.008911541
1.974776e-06
0.008911664
1.909035e-06
0.008911787
1.836203e-06
0.00891191
1.755521e-06
0.008912033
1.666182e-06
0.008912154
1.567359e-06
0.008912273
1.458233e-06
0.008912387
1.338043e-06
0.008912496
1.206161e-06
0.008912596
1.062182e-06
0.008912685
9.060512e-07
0.008912761
7.381789e-07
0.008912821
5.596549e-07
0.008912862
3.720545e-07
1.787179e-07
0.008902825
2.471573e-07
0.008902874
4.701693e-07
0.008902939
6.315743e-07
0.008903016
7.816775e-07
0.008903103
9.296704e-07
0.008903198
1.068573e-06
0.0089033
1.196094e-06
0.008903407
1.313179e-06
0.008903517
1.420527e-06
0.008903629
1.518552e-06
0.008903743
1.607824e-06
0.008903857
1.689016e-06
0.008903972
1.762797e-06
0.008904086
1.829813e-06
0.0089042
1.890675e-06
0.008904313
1.945958e-06
0.008904425
1.996191e-06
0.008904536
2.041856e-06
0.008904646
2.083393e-06
0.008904755
2.121198e-06
0.008904863
2.155629e-06
0.00890497
2.187007e-06
0.008905076
2.215621e-06
0.008905181
2.241728e-06
0.008905285
2.265562e-06
0.008905388
2.287329e-06
0.00890549
2.307216e-06
0.008905592
2.325388e-06
0.008905692
2.341997e-06
0.008905792
2.357176e-06
0.008905892
2.371044e-06
0.008905991
2.383711e-06
0.008906089
2.395273e-06
0.008906187
2.405816e-06
0.008906285
2.415419e-06
0.008906382
2.424151e-06
0.008906479
2.432075e-06
0.008906575
2.439245e-06
0.008906671
2.445713e-06
0.008906767
2.451521e-06
0.008906862
2.456708e-06
0.008906958
2.461309e-06
0.008907053
2.465353e-06
0.008907148
2.468865e-06
0.008907243
2.471867e-06
0.008907338
2.474377e-06
0.008907433
2.47641e-06
0.008907528
2.477975e-06
0.008907622
2.479082e-06
0.008907717
2.479735e-06
0.008907812
2.479934e-06
0.008907907
2.479679e-06
0.008908002
2.478964e-06
0.008908097
2.477781e-06
0.008908192
2.476119e-06
0.008908287
2.473964e-06
0.008908383
2.471296e-06
0.008908478
2.468093e-06
0.008908574
2.464331e-06
0.008908671
2.459979e-06
0.008908767
2.455003e-06
0.008908864
2.449363e-06
0.008908962
2.443015e-06
0.008909059
2.435911e-06
0.008909157
2.427992e-06
0.008909256
2.419199e-06
0.008909355
2.409459e-06
0.008909455
2.398696e-06
0.008909555
2.386823e-06
0.008909656
2.373743e-06
0.008909758
2.359348e-06
0.00890986
2.343519e-06
0.008909964
2.326122e-06
0.008910068
2.307009e-06
0.008910173
2.286013e-06
0.008910279
2.262951e-06
0.008910386
2.237616e-06
0.008910494
2.209779e-06
0.008910603
2.179185e-06
0.008910713
2.145549e-06
0.008910824
2.108553e-06
0.008910936
2.067846e-06
0.008911049
2.023038e-06
0.008911163
1.973696e-06
0.008911278
1.919347e-06
0.008911393
1.859472e-06
0.008911509
1.793513e-06
0.008911624
1.720869e-06
0.008911739
1.640911e-06
0.008911852
1.552994e-06
0.008911963
1.456478e-06
0.00891207
1.35076e-06
0.008912173
1.235322e-06
0.008912269
1.109787e-06
0.008912357
9.739929e-07
0.008912435
8.28081e-07
0.008912501
6.725745e-07
0.008912552
5.085152e-07
0.008912587
3.372835e-07
1.615618e-07
0.008902904
2.285831e-07
0.008902945
4.311574e-07
0.008903
5.786346e-07
0.008903067
7.175507e-07
0.008903143
8.554554e-07
0.008903226
9.858137e-07
0.008903316
1.106498e-06
0.008903411
1.218216e-06
0.008903511
1.321428e-06
0.008903613
1.416364e-06
0.008903717
1.503416e-06
0.008903823
1.583093e-06
0.008903929
1.655925e-06
0.008904036
1.722435e-06
0.008904144
1.783138e-06
0.008904251
1.838525e-06
0.008904358
1.889059e-06
0.008904464
1.93517e-06
0.00890457
1.977255e-06
0.008904675
2.015676e-06
0.00890478
2.050766e-06
0.008904884
2.082825e-06
0.008904987
2.112126e-06
0.00890509
2.138915e-06
0.008905192
2.163416e-06
0.008905293
2.185829e-06
0.008905394
2.206336e-06
0.008905494
2.225101e-06
0.008905594
2.242271e-06
0.008905693
2.257978e-06
0.008905791
2.272343e-06
0.008905889
2.285473e-06
0.008905987
2.297465e-06
0.008906084
2.308407e-06
0.008906181
2.318377e-06
0.008906278
2.327446e-06
0.008906374
2.335677e-06
0.00890647
2.343127e-06
0.008906566
2.349846e-06
0.008906662
2.355879e-06
0.008906757
2.361265e-06
0.008906852
2.366039e-06
0.008906947
2.370233e-06
0.008907042
2.373871e-06
0.008907137
2.376976e-06
0.008907232
2.379567e-06
0.008907326
2.381658e-06
0.008907421
2.383261e-06
0.008907516
2.384383e-06
0.00890761
2.385029e-06
0.008907705
2.385201e-06
0.0089078
2.384897e-06
0.008907895
2.384111e-06
0.00890799
2.382836e-06
0.008908085
2.381059e-06
0.00890818
2.378765e-06
0.008908275
2.375936e-06
0.008908371
2.372548e-06
0.008908466
2.368576e-06
0.008908562
2.363988e-06
0.008908658
2.35875e-06
0.008908755
2.35282e-06
0.008908852
2.346154e-06
0.008908949
2.338701e-06
0.008909046
2.330404e-06
0.008909144
2.3212e-06
0.008909243
2.311017e-06
0.008909342
2.299778e-06
0.008909441
2.287393e-06
0.008909541
2.273767e-06
0.008909642
2.258791e-06
0.008909743
2.242347e-06
0.008909845
2.224301e-06
0.008909947
2.204507e-06
0.00891005
2.182802e-06
0.008910154
2.159006e-06
0.008910259
2.13292e-06
0.008910364
2.104322e-06
0.00891047
2.072969e-06
0.008910577
2.038591e-06
0.008910685
2.000892e-06
0.008910793
1.959545e-06
0.008910902
1.914192e-06
0.008911011
1.864445e-06
0.008911121
1.809882e-06
0.00891123
1.75005e-06
0.008911339
1.684469e-06
0.008911447
1.612638e-06
0.008911554
1.534042e-06
0.008911659
1.448174e-06
0.008911761
1.354547e-06
0.008911859
1.252732e-06
0.008911952
1.142392e-06
0.008912038
1.023328e-06
0.008912117
8.955381e-07
0.008912186
7.592784e-07
0.008912243
6.151115e-07
0.008912287
4.63999e-07
0.008912318
3.071398e-07
1.467307e-07
0.008902983
2.096148e-07
0.00890302
3.958579e-07
0.00890307
5.314407e-07
0.00890313
6.599909e-07
0.008903198
7.883527e-07
0.008903275
9.104573e-07
0.008903357
1.024322e-06
0.008903445
1.130489e-06
0.008903537
1.229256e-06
0.008903633
1.320715e-06
0.008903731
1.405118e-06
0.008903831
1.482839e-06
0.008903932
1.554282e-06
0.008904035
1.619866e-06
0.008904138
1.680012e-06
0.008904241
1.735134e-06
0.008904344
1.78563e-06
0.008904447
1.831877e-06
0.00890455
1.874228e-06
0.008904652
1.913012e-06
0.008904754
1.948531e-06
0.008904856
1.981063e-06
0.008904957
2.010865e-06
0.008905057
2.038169e-06
0.008905158
2.063186e-06
0.008905257
2.08611e-06
0.008905356
2.107116e-06
0.008905455
2.126363e-06
0.008905553
2.143995e-06
0.008905651
2.160141e-06
0.008905748
2.174922e-06
0.008905845
2.188442e-06
0.008905941
2.200799e-06
0.008906037
2.212081e-06
0.008906133
2.222365e-06
0.008906229
2.231723e-06
0.008906324
2.240219e-06
0.008906419
2.247908e-06
0.008906514
2.254844e-06
0.008906609
2.26107e-06
0.008906704
2.266628e-06
0.008906798
2.271553e-06
0.008906892
2.275875e-06
0.008906987
2.279622e-06
0.008907081
2.282815e-06
0.008907175
2.285475e-06
0.008907269
2.287616e-06
0.008907363
2.289249e-06
0.008907457
2.290383e-06
0.008907551
2.291022e-06
0.008907644
2.291168e-06
0.008907739
2.29082e-06
0.008907833
2.289971e-06
0.008907927
2.288614e-06
0.008908021
2.286736e-06
0.008908115
2.284322e-06
0.00890821
2.281353e-06
0.008908305
2.277805e-06
0.0089084
2.273652e-06
0.008908495
2.268861e-06
0.00890859
2.263398e-06
0.008908686
2.257222e-06
0.008908781
2.250286e-06
0.008908878
2.242539e-06
0.008908974
2.233925e-06
0.008909071
2.224378e-06
0.008909168
2.213829e-06
0.008909265
2.202197e-06
0.008909363
2.189396e-06
0.008909462
2.175329e-06
0.008909561
2.159889e-06
0.00890966
2.142959e-06
0.00890976
2.124408e-06
0.00890986
2.104093e-06
0.008909961
2.081856e-06
0.008910063
2.057524e-06
0.008910165
2.030904e-06
0.008910267
2.001787e-06
0.00891037
1.969942e-06
0.008910474
1.935117e-06
0.008910578
1.897037e-06
0.008910682
1.855404e-06
0.008910786
1.809893e-06
0.00891089
1.760158e-06
0.008910994
1.705827e-06
0.008911098
1.64651e-06
0.0089112
1.581801e-06
0.008911302
1.511284e-06
0.008911401
1.434547e-06
0.008911498
1.351193e-06
0.008911592
1.260865e-06
0.008911681
1.163264e-06
0.008911765
1.058189e-06
0.008911843
9.455661e-07
0.008911913
8.25496e-07
0.008911974
6.982934e-07
0.008912025
5.645182e-07
0.008912064
4.25037e-07
0.00891209
2.808814e-07
1.338504e-07
0.008903051
1.940746e-07
0.008903084
3.650407e-07
0.008903128
4.898747e-07
0.008903181
6.091295e-07
0.008903243
7.287604e-07
0.008903311
8.431366e-07
0.008903385
9.504408e-07
0.008903465
1.0511e-06
0.008903549
1.145296e-06
0.008903636
1.233023e-06
0.008903727
1.314431e-06
0.00890382
1.389788e-06
0.008903914
1.459401e-06
0.00890401
1.5236e-06
0.008904107
1.582729e-06
0.008904205
1.637136e-06
0.008904303
1.687161e-06
0.008904402
1.733132e-06
0.0089045
1.775362e-06
0.008904599
1.814145e-06
0.008904698
1.849757e-06
0.008904796
1.882453e-06
0.008904894
1.91247e-06
0.008904992
1.940025e-06
0.00890509
1.965319e-06
0.008905187
1.988535e-06
0.008905284
2.009839e-06
0.008905381
2.029385e-06
0.008905478
2.047313e-06
0.008905574
2.063748e-06
0.00890567
2.078807e-06
0.008905766
2.092594e-06
0.008905861
2.105204e-06
0.008905956
2.116723e-06
0.008906052
2.127229e-06
0.008906146
2.136793e-06
0.008906241
2.145478e-06
0.008906335
2.153341e-06
0.00890643
2.160434e-06
0.008906524
2.166801e-06
0.008906618
2.172483e-06
0.008906712
2.177517e-06
0.008906806
2.181932e-06
0.0089069
2.185756e-06
0.008906993
2.189012e-06
0.008907087
2.191719e-06
0.008907181
2.193892e-06
0.008907274
2.195542e-06
0.008907368
2.196679e-06
0.008907462
2.197306e-06
0.008907555
2.197426e-06
0.008907649
2.197036e-06
0.008907743
2.19613e-06
0.008907837
2.194702e-06
0.008907931
2.192737e-06
0.008908025
2.190221e-06
0.008908119
2.187134e-06
0.008908213
2.183452e-06
0.008908308
2.179148e-06
0.008908402
2.174191e-06
0.008908497
2.168545e-06
0.008908592
2.162168e-06
0.008908687
2.155014e-06
0.008908783
2.147033e-06
0.008908879
2.138165e-06
0.008908975
2.128349e-06
0.008909071
2.117512e-06
0.008909168
2.105577e-06
0.008909264
2.092458e-06
0.008909362
2.078058e-06
0.008909459
2.062274e-06
0.008909557
2.04499e-06
0.008909656
2.026079e-06
0.008909754
2.005404e-06
0.008909853
1.982811e-06
0.008909953
1.958135e-06
0.008910052
1.931194e-06
0.008910152
1.90179e-06
0.008910252
1.869707e-06
0.008910353
1.834712e-06
0.008910453
1.796552e-06
0.008910554
1.754957e-06
0.008910654
1.709636e-06
0.008910754
1.660283e-06
0.008910853
1.606575e-06
0.008910951
1.548178e-06
0.008911048
1.484752e-06
0.008911144
1.415957e-06
0.008911237
1.341465e-06
0.008911327
1.260975e-06
0.008911414
1.174228e-06
0.008911496
1.08103e-06
0.008911573
9.812744e-07
0.008911643
8.749762e-07
0.008911706
7.622969e-07
0.008911761
6.435768e-07
0.008911806
5.193515e-07
0.008911841
3.90395e-07
0.008911864
2.575972e-07
1.22461e-07
0.008903117
1.792029e-07
0.008903147
3.370597e-07
0.008903187
4.523805e-07
0.008903235
5.630505e-07
0.008903291
6.74498e-07
0.008903354
7.815111e-07
0.008903422
8.824198e-07
0.008903496
9.775747e-07
0.008903574
1.067081e-06
0.008903656
1.15087e-06
0.008903741
1.229016e-06
0.008903829
1.301703e-06
0.008903919
1.369162e-06
0.008904011
1.431647e-06
0.008904104
1.489436e-06
0.008904198
1.542816e-06
0.008904293
1.592073e-06
0.008904388
1.637492e-06
0.008904484
1.679344e-06
0.00890458
1.717891e-06
0.008904676
1.753379e-06
0.008904772
1.786042e-06
0.008904869
1.816095e-06
0.008904965
1.84374e-06
0.008905061
1.869164e-06
0.008905157
1.892539e-06
0.008905252
1.914023e-06
0.008905348
1.933763e-06
0.008905443
1.95189e-06
0.008905538
1.968528e-06
0.008905633
1.983787e-06
0.008905728
1.997771e-06
0.008905822
2.010571e-06
0.008905916
2.022273e-06
0.008906011
2.032952e-06
0.008906105
2.042677e-06
0.008906199
2.051513e-06
0.008906292
2.059515e-06
0.008906386
2.066734e-06
0.008906479
2.073216e-06
0.008906573
2.079e-06
0.008906666
2.084123e-06
0.008906759
2.088616e-06
0.008906852
2.092505e-06
0.008906946
2.095813e-06
0.008907039
2.09856e-06
0.008907132
2.100761e-06
0.008907225
2.102428e-06
0.008907318
2.103568e-06
0.008907411
2.104188e-06
0.008907504
2.104287e-06
0.008907597
2.103866e-06
0.00890769
2.102917e-06
0.008907784
2.101433e-06
0.008907877
2.0994e-06
0.00890797
2.096804e-06
0.008908064
2.093625e-06
0.008908157
2.089839e-06
0.008908251
2.085418e-06
0.008908345
2.080333e-06
0.008908439
2.074545e-06
0.008908533
2.068014e-06
0.008908627
2.060695e-06
0.008908722
2.052536e-06
0.008908816
2.043481e-06
0.008908911
2.033465e-06
0.008909006
2.02242e-06
0.008909101
2.010268e-06
0.008909197
1.996925e-06
0.008909293
1.982297e-06
0.008909389
1.966283e-06
0.008909485
1.948772e-06
0.008909581
1.92964e-06
0.008909678
1.908755e-06
0.008909775
1.885972e-06
0.008909872
1.861133e-06
0.008909969
1.834068e-06
0.008910066
1.804591e-06
0.008910163
1.772502e-06
0.00891026
1.737587e-06
0.008910357
1.699616e-06
0.008910454
1.658346e-06
0.00891055
1.61352e-06
0.008910645
1.564868e-06
0.00891074
1.512112e-06
0.008910833
1.454969e-06
0.008910924
1.393157e-06
0.008911014
1.326402e-06
0.008911101
1.254448e-06
0.008911185
1.177068e-06
0.008911265
1.094083e-06
0.008911341
1.005375e-06
0.008911411
9.109096e-07
0.008911475
8.107578e-07
0.008911532
7.051163e-07
0.008911582
5.943289e-07
0.008911622
4.78895e-07
0.008911653
3.594994e-07
0.008911674
2.369077e-07
1.12372e-07
0.008903176
1.661772e-07
0.008903203
3.119601e-07
0.008903239
4.186377e-07
0.008903283
5.214862e-07
0.008903334
6.253851e-07
0.008903391
7.255081e-07
0.008903453
8.203282e-07
0.008903521
9.101424e-07
0.008903593
9.950026e-07
0.008903669
1.074798e-06
0.008903748
1.149547e-06
0.008903831
1.219373e-06
0.008903915
1.284441e-06
0.008904002
1.344948e-06
0.00890409
1.401115e-06
0.008904179
1.453177e-06
0.008904269
1.501376e-06
0.008904361
1.545954e-06
0.008904453
1.587149e-06
0.008904545
1.62519e-06
0.008904638
1.660299e-06
0.008904731
1.692685e-06
0.008904825
1.722546e-06
0.008904918
1.750066e-06
0.008905012
1.77542e-06
0.008905105
1.798767e-06
0.008905199
1.820258e-06
0.008905292
1.840029e-06
0.008905386
1.858207e-06
0.008905479
1.87491e-06
0.008905573
1.890244e-06
0.008905666
1.904308e-06
0.008905759
1.917192e-06
0.008905853
1.928977e-06
0.008905946
1.939739e-06
0.008906039
1.949545e-06
0.008906132
1.958456e-06
0.008906225
1.966529e-06
0.008906317
1.973814e-06
0.00890641
1.980354e-06
0.008906503
1.986191e-06
0.008906596
1.991359e-06
0.008906688
1.99589e-06
0.008906781
1.999809e-06
0.008906873
2.00314e-06
0.008906966
2.005902e-06
0.008907059
2.00811e-06
0.008907151
2.009776e-06
0.008907244
2.010908e-06
0.008907336
2.011511e-06
0.008907429
2.011586e-06
0.008907522
2.011132e-06
0.008907615
2.010143e-06
0.008907707
2.00861e-06
0.0089078
2.006521e-06
0.008907893
2.00386e-06
0.008907986
2.000608e-06
0.008908079
1.996741e-06
0.008908172
1.992233e-06
0.008908265
1.987051e-06
0.008908359
1.98116e-06
0.008908452
1.97452e-06
0.008908546
1.967085e-06
0.00890864
1.958804e-06
0.008908733
1.949621e-06
0.008908827
1.939475e-06
0.008908921
1.928297e-06
0.008909016
1.916012e-06
0.00890911
1.902538e-06
0.008909205
1.887783e-06
0.008909299
1.871651e-06
0.008909394
1.854033e-06
0.008909489
1.834812e-06
0.008909584
1.813863e-06
0.008909678
1.791047e-06
0.008909773
1.766217e-06
0.008909868
1.739212e-06
0.008909963
1.709861e-06
0.008910057
1.677981e-06
0.008910152
1.643375e-06
0.008910245
1.605837e-06
0.008910338
1.565149e-06
0.008910431
1.521085e-06
0.008910522
1.47341e-06
0.008910613
1.421886e-06
0.008910701
1.366277e-06
0.008910788
1.306349e-06
0.008910872
1.241885e-06
0.008910954
1.172687e-06
0.008911033
1.098591e-06
0.008911107
1.019476e-06
0.008911177
9.352835e-07
0.008911242
8.460287e-07
0.008911301
7.518186e-07
0.008911353
6.528672e-07
0.008911398
5.495091e-07
0.008911435
4.422038e-07
0.008911463
3.315569e-07
0.008911481
2.182309e-07
1.032902e-07
0.008903232
1.539779e-07
0.008903257
2.889973e-07
0.00890329
3.87857e-07
0.00890333
4.834602e-07
0.008903377
5.802926e-07
0.008903429
6.738867e-07
0.008903487
7.628425e-07
0.00890355
8.474206e-07
0.008903618
9.276413e-07
0.008903689
1.003369e-06
0.008903764
1.074585e-06
0.008903842
1.141366e-06
0.008903922
1.20383e-06
0.008904005
1.262125e-06
0.008904089
1.316426e-06
0.008904175
1.366925e-06
0.008904262
1.413824e-06
0.008904351
1.457328e-06
0.00890444
1.497641e-06
0.00890453
1.534966e-06
0.008904621
1.569498e-06
0.008904712
1.601423e-06
0.008904803
1.630922e-06
0.008904895
1.658162e-06
0.008904987
1.683302e-06
0.008905079
1.706492e-06
0.008905171
1.72787e-06
0.008905263
1.747566e-06
0.008905356
1.765698e-06
0.008905448
1.782378e-06
0.008905541
1.797707e-06
0.008905633
1.811781e-06
0.008905725
1.824684e-06
0.008905818
1.836496e-06
0.00890591
1.847289e-06
0.008906002
1.85713e-06
0.008906095
1.866078e-06
0.008906187
1.874187e-06
0.008906279
1.881506e-06
0.008906371
1.88808e-06
0.008906463
1.893947e-06
0.008906556
1.899141e-06
0.008906648
1.903695e-06
0.00890674
1.907633e-06
0.008906832
1.910978e-06
0.008906924
1.91375e-06
0.008907016
1.915963e-06
0.008907108
1.917629e-06
0.0089072
1.918755e-06
0.008907292
1.919348e-06
0.008907385
1.919408e-06
0.008907477
1.918933e-06
0.008907569
1.917918e-06
0.008907661
1.916354e-06
0.008907753
1.91423e-06
0.008907846
1.911529e-06
0.008907938
1.908233e-06
0.00890803
1.904317e-06
0.008908123
1.899756e-06
0.008908215
1.894518e-06
0.008908308
1.888569e-06
0.0089084
1.881867e-06
0.008908493
1.874369e-06
0.008908586
1.866025e-06
0.008908679
1.85678e-06
0.008908772
1.846574e-06
0.008908864
1.835341e-06
0.008908957
1.823007e-06
0.00890905
1.809492e-06
0.008909144
1.794711e-06
0.008909237
1.778569e-06
0.00890933
1.760962e-06
0.008909423
1.741781e-06
0.008909516
1.720905e-06
0.008909608
1.698206e-06
0.008909701
1.673544e-06
0.008909793
1.646772e-06
0.008909886
1.617731e-06
0.008909977
1.586254e-06
0.008910068
1.552164e-06
0.008910159
1.515275e-06
0.008910249
1.475394e-06
0.008910337
1.432324e-06
0.008910425
1.385861e-06
0.008910511
1.335804e-06
0.008910595
1.281955e-06
0.008910678
1.224126e-06
0.008910757
1.162144e-06
0.008910834
1.09586e-06
0.008910907
1.025158e-06
0.008910977
9.499651e-07
0.008911042
8.70264e-07
0.008911102
7.861042e-07
0.008911156
6.976145e-07
0.008911204
6.050137e-07
0.008911245
5.086198e-07
0.008911278
4.088507e-07
0.008911303
3.062403e-07
0.00891132
2.013609e-07
9.511302e-08
0.008903283
1.429347e-07
0.008903306
2.680422e-07
0.008903336
3.597346e-07
0.008903373
4.486527e-07
0.008903416
5.389079e-07
0.008903465
6.263635e-07
0.008903518
7.097372e-07
0.008903577
7.892641e-07
0.008903639
8.649451e-07
0.008903706
9.366314e-07
0.008903776
1.004279e-06
0.008903849
1.06793e-06
0.008903925
1.127666e-06
0.008904004
1.183597e-06
0.008904084
1.235859e-06
0.008904166
1.284609e-06
0.00890425
1.330012e-06
0.008904335
1.372243e-06
0.008904421
1.411478e-06
0.008904507
1.447891e-06
0.008904595
1.481655e-06
0.008904683
1.512936e-06
0.008904772
1.541896e-06
0.008904861
1.568687e-06
0.008904951
1.593455e-06
0.008905041
1.616337e-06
0.008905131
1.63746e-06
0.008905222
1.656946e-06
0.008905312
1.674907e-06
0.008905403
1.691447e-06
0.008905494
1.706663e-06
0.008905585
1.720644e-06
0.008905676
1.733473e-06
0.008905767
1.745225e-06
0.008905859
1.75597e-06
0.00890595
1.765772e-06
0.008906041
1.774688e-06
0.008906132
1.78277e-06
0.008906224
1.790068e-06
0.008906315
1.796622e-06
0.008906407
1.802472e-06
0.008906498
1.807651e-06
0.008906589
1.81219e-06
0.008906681
1.816114e-06
0.008906772
1.819445e-06
0.008906864
1.822201e-06
0.008906955
1.824398e-06
0.008907047
1.826046e-06
0.008907138
1.827155e-06
0.00890723
1.827727e-06
0.008907322
1.827766e-06
0.008907413
1.827269e-06
0.008907505
1.826231e-06
0.008907596
1.824642e-06
0.008907688
1.822492e-06
0.00890778
1.819765e-06
0.008907872
1.816442e-06
0.008907963
1.812499e-06
0.008908055
1.807912e-06
0.008908147
1.802649e-06
0.008908239
1.796675e-06
0.008908331
1.789953e-06
0.008908423
1.782438e-06
0.008908515
1.774082e-06
0.008908606
1.764833e-06
0.008908698
1.754631e-06
0.00890879
1.743412e-06
0.008908882
1.731106e-06
0.008908974
1.717636e-06
0.008909066
1.70292e-06
0.008909157
1.686868e-06
0.008909249
1.669382e-06
0.00890934
1.650358e-06
0.008909432
1.629683e-06
0.008909523
1.607237e-06
0.008909613
1.582891e-06
0.008909703
1.556508e-06
0.008909793
1.527943e-06
0.008909882
1.497045e-06
0.008909971
1.463654e-06
0.008910058
1.427605e-06
0.008910145
1.388728e-06
0.008910231
1.34685e-06
0.008910315
1.301798e-06
0.008910397
1.253403e-06
0.008910477
1.2015e-06
0.008910556
1.145938e-06
0.008910631
1.086582e-06
0.008910704
1.023323e-06
0.008910773
9.56082e-07
0.008910838
8.848229e-07
0.008910899
8.095582e-07
0.008910954
7.303599e-07
0.008911004
6.473684e-07
0.008911049
5.607997e-07
0.008911086
4.709514e-07
0.008911117
3.782021e-07
0.00891114
2.83023e-07
0.008911156
1.859125e-07
8.764618e-08
0.00890333
1.326444e-07
0.008903352
2.487208e-07
0.00890338
3.338333e-07
0.008903415
4.165232e-07
0.008903454
5.006013e-07
0.0089035
5.822377e-07
0.008903549
6.602554e-07
0.008903604
7.348727e-07
0.008903663
8.060812e-07
0.008903726
8.737288e-07
0.008903792
9.377565e-07
0.008903862
9.981836e-07
0.008903934
1.055064e-06
0.008904009
1.108478e-06
0.008904086
1.158533e-06
0.008904165
1.205355e-06
0.008904246
1.249079e-06
0.008904328
1.289854e-06
0.008904411
1.327828e-06
0.008904496
1.363153e-06
0.008904581
1.39598e-06
0.008904668
1.426457e-06
0.008904754
1.454727e-06
0.008904842
1.480927e-06
0.00890493
1.505189e-06
0.008905019
1.527639e-06
0.008905108
1.548394e-06
0.008905197
1.567567e-06
0.008905286
1.58526e-06
0.008905376
1.601573e-06
0.008905466
1.616595e-06
0.008905556
1.630412e-06
0.008905646
1.643101e-06
0.008905737
1.654733e-06
0.008905827
1.665377e-06
0.008905918
1.675092e-06
0.008906008
1.683933e-06
0.008906099
1.691953e-06
0.00890619
1.699195e-06
0.008906281
1.705703e-06
0.008906372
1.711512e-06
0.008906463
1.716656e-06
0.008906554
1.721163e-06
0.008906645
1.725059e-06
0.008906736
1.728366e-06
0.008906827
1.7311e-06
0.008906918
1.733278e-06
0.008907009
1.734909e-06
0.0089071
1.736002e-06
0.008907191
1.736561e-06
0.008907282
1.736588e-06
0.008907373
1.73608e-06
0.008907464
1.735033e-06
0.008907555
1.733438e-06
0.008907647
1.731284e-06
0.008907738
1.728554e-06
0.008907829
1.725232e-06
0.00890792
1.721295e-06
0.008908011
1.716716e-06
0.008908102
1.711466e-06
0.008908194
1.705513e-06
0.008908285
1.698817e-06
0.008908376
1.691338e-06
0.008908467
1.683027e-06
0.008908558
1.673835e-06
0.008908649
1.663704e-06
0.008908739
1.652572e-06
0.00890883
1.640374e-06
0.008908921
1.627035e-06
0.008909011
1.612477e-06
0.008909101
1.596615e-06
0.008909191
1.579356e-06
0.008909281
1.560604e-06
0.008909371
1.540252e-06
0.00890946
1.518189e-06
0.008909548
1.494296e-06
0.008909636
1.468448e-06
0.008909724
1.440512e-06
0.00890981
1.410353e-06
0.008909896
1.377827e-06
0.008909981
1.342787e-06
0.008910064
1.305086e-06
0.008910147
1.264573e-06
0.008910227
1.221102e-06
0.008910306
1.174529e-06
0.008910383
1.124721e-06
0.008910457
1.071556e-06
0.008910529
1.014933e-06
0.008910597
9.547728e-07
0.008910663
8.910265e-07
0.008910724
8.236838e-07
0.00891078
7.527791e-07
0.008910832
6.783985e-07
0.008910879
6.006865e-07
0.00891092
5.198513e-07
0.008910955
4.361685e-07
0.008910983
3.499789e-07
0.008911004
2.616981e-07
0.008911018
1.717595e-07
8.082739e-08
0.008903374
1.231795e-07
0.008903394
2.308975e-07
0.008903421
3.099212e-07
0.008903453
3.86807e-07
0.00890349
4.650875e-07
0.008903532
5.412178e-07
0.008903578
6.141186e-07
0.008903629
6.839969e-07
0.008903685
7.508425e-07
0.008903744
8.145064e-07
0.008903806
8.749223e-07
0.008903872
9.320938e-07
0.008903941
9.860548e-07
0.008904013
1.036864e-06
0.008904086
1.084603e-06
0.008904162
1.129373e-06
0.00890424
1.171286e-06
0.008904319
1.210465e-06
0.008904399
1.247037e-06
0.008904481
1.281131e-06
0.008904564
1.31288e-06
0.008904648
1.342413e-06
0.008904733
1.369857e-06
0.008904818
1.395334e-06
0.008904904
1.418966e-06
0.008904991
1.440863e-06
0.008905078
1.461136e-06
0.008905165
1.479886e-06
0.008905253
1.49721e-06
0.008905341
1.513199e-06
0.00890543
1.527938e-06
0.008905519
1.541505e-06
0.008905608
1.553974e-06
0.008905697
1.565414e-06
0.008905786
1.575887e-06
0.008905876
1.585451e-06
0.008905965
1.59416e-06
0.008906055
1.602062e-06
0.008906145
1.6092e-06
0.008906235
1.615615e-06
0.008906325
1.621343e-06
0.008906415
1.626414e-06
0.008906506
1.630857e-06
0.008906596
1.634697e-06
0.008906686
1.637953e-06
0.008906777
1.640644e-06
0.008906867
1.642784e-06
0.008906958
1.644383e-06
0.008907048
1.645449e-06
0.008907139
1.645986e-06
0.008907229
1.645996e-06
0.00890732
1.645477e-06
0.00890741
1.644424e-06
0.008907501
1.642828e-06
0.008907591
1.640678e-06
0.008907682
1.637961e-06
0.008907772
1.634656e-06
0.008907863
1.630744e-06
0.008907953
1.626199e-06
0.008908044
1.620993e-06
0.008908134
1.615092e-06
0.008908225
1.608461e-06
0.008908315
1.601059e-06
0.008908405
1.592842e-06
0.008908495
1.583759e-06
0.008908585
1.573757e-06
0.008908675
1.562778e-06
0.008908764
1.550756e-06
0.008908854
1.537624e-06
0.008908943
1.523306e-06
0.008909032
1.507722e-06
0.00890912
1.490787e-06
0.008909208
1.472408e-06
0.008909296
1.452489e-06
0.008909383
1.430925e-06
0.00890947
1.407608e-06
0.008909556
1.382424e-06
0.008909641
1.355253e-06
0.008909726
1.325972e-06
0.008909809
1.294455e-06
0.008909891
1.260571e-06
0.008909972
1.224192e-06
0.008910051
1.185189e-06
0.008910129
1.143436e-06
0.008910205
1.098817e-06
0.008910278
1.051221e-06
0.008910349
1.000554e-06
0.008910417
9.467378e-07
0.008910482
8.897198e-07
0.008910544
8.294743e-07
0.008910602
7.6601e-07
0.008910655
6.993757e-07
0.008910704
6.296655e-07
0.008910747
5.570232e-07
0.008910786
4.816463e-07
0.008910818
4.037882e-07
0.008910844
3.237554e-07
0.008910864
2.419151e-07
0.008910877
1.586467e-07
7.452796e-08
0.008903416
1.143694e-07
0.008903434
2.143701e-07
0.008903459
2.877424e-07
0.008903489
3.591846e-07
0.008903523
4.319886e-07
0.008903563
5.028766e-07
0.008903606
5.708592e-07
0.008903654
6.361372e-07
0.008903706
6.987047e-07
0.008903762
7.584212e-07
0.008903822
8.152197e-07
0.008903885
8.690946e-07
0.008903951
9.200667e-07
0.008904019
9.68178e-07
0.00890409
1.013492e-06
0.008904163
1.056088e-06
0.008904238
1.096059e-06
0.008904315
1.133506e-06
0.008904393
1.168537e-06
0.008904473
1.201263e-06
0.008904554
1.231798e-06
0.008904635
1.260255e-06
0.008904718
1.286745e-06
0.008904802
1.311379e-06
0.008904887
1.334263e-06
0.008904972
1.3555e-06
0.008905058
1.375188e-06
0.008905144
1.393419e-06
0.008905231
1.410284e-06
0.008905318
1.425866e-06
0.008905406
1.440244e-06
0.008905493
1.453491e-06
0.008905582
1.465677e-06
0.00890567
1.476864e-06
0.008905759
1.487114e-06
0.008905848
1.496479e-06
0.008905937
1.505012e-06
0.008906026
1.512757e-06
0.008906115
1.519757e-06
0.008906205
1.52605e-06
0.008906294
1.531669e-06
0.008906384
1.536645e-06
0.008906474
1.541006e-06
0.008906564
1.544773e-06
0.008906654
1.547968e-06
0.008906743
1.550607e-06
0.008906833
1.552704e-06
0.008906924
1.554269e-06
0.008907014
1.555309e-06
0.008907104
1.555829e-06
0.008907194
1.555829e-06
0.008907284
1.555309e-06
0.008907374
1.554262e-06
0.008907464
1.552682e-06
0.008907554
1.550557e-06
0.008907644
1.547873e-06
0.008907734
1.544613e-06
0.008907824
1.540756e-06
0.008907914
1.536277e-06
0.008908004
1.53115e-06
0.008908094
1.525343e-06
0.008908183
1.518821e-06
0.008908273
1.511546e-06
0.008908362
1.503474e-06
0.008908451
1.494559e-06
0.00890854
1.484748e-06
0.008908629
1.473987e-06
0.008908718
1.462215e-06
0.008908806
1.449367e-06
0.008908894
1.435372e-06
0.008908981
1.420155e-06
0.008909068
1.403637e-06
0.008909155
1.385733e-06
0.008909241
1.366351e-06
0.008909327
1.345398e-06
0.008909411
1.322773e-06
0.008909495
1.298373e-06
0.008909579
1.272091e-06
0.008909661
1.243817e-06
0.008909742
1.213437e-06
0.008909821
1.18084e-06
0.0089099
1.145911e-06
0.008909976
1.108542e-06
0.008910051
1.068628e-06
0.008910124
1.026069e-06
0.008910194
9.807795e-07
0.008910262
9.326846e-07
0.008910327
8.817283e-07
0.008910389
8.278765e-07
0.008910447
7.711209e-07
0.008910502
7.114845e-07
0.008910552
6.490253e-07
0.008910598
5.838405e-07
0.008910639
5.160703e-07
0.008910675
4.458996e-07
0.008910705
3.735599e-07
0.008910729
2.993261e-07
0.008910748
2.235227e-07
0.00891076
1.464813e-07
6.870218e-08
0.008903454
1.062296e-07
0.008903471
1.990476e-07
0.008903494
2.671451e-07
0.008903522
3.334722e-07
0.008903555
4.010937e-07
0.008903591
4.669835e-07
0.008903632
5.302382e-07
0.008903678
5.910572e-07
0.008903727
6.494436e-07
0.00890378
7.052702e-07
0.008903837
7.584736e-07
0.008903896
8.090445e-07
0.008903959
8.569949e-07
0.008904025
9.02355e-07
0.008904093
9.451731e-07
0.008904163
9.855127e-07
0.008904236
1.023449e-06
0.00890431
1.059065e-06
0.008904386
1.092451e-06
0.008904463
1.123703e-06
0.008904542
1.152917e-06
0.008904622
1.180191e-06
0.008904703
1.205623e-06
0.008904784
1.229311e-06
0.008904867
1.251349e-06
0.008904951
1.271828e-06
0.008905035
1.290838e-06
0.00890512
1.308464e-06
0.008905205
1.324787e-06
0.008905291
1.339883e-06
0.008905377
1.353825e-06
0.008905464
1.366683e-06
0.008905551
1.378518e-06
0.008905638
1.389393e-06
0.008905726
1.399361e-06
0.008905814
1.408475e-06
0.008905902
1.416782e-06
0.00890599
1.424325e-06
0.008906079
1.431145e-06
0.008906167
1.437277e-06
0.008906256
1.442754e-06
0.008906345
1.447605e-06
0.008906434
1.451854e-06
0.008906523
1.455526e-06
0.008906613
1.458638e-06
0.008906702
1.461207e-06
0.008906791
1.463246e-06
0.008906881
1.464765e-06
0.00890697
1.46577e-06
0.00890706
1.466267e-06
0.008907149
1.466255e-06
0.008907239
1.465734e-06
0.008907328
1.464698e-06
0.008907418
1.46314e-06
0.008907507
1.46105e-06
0.008907597
1.458413e-06
0.008907686
1.455213e-06
0.008907776
1.451431e-06
0.008907865
1.447043e-06
0.008907954
1.442023e-06
0.008908043
1.436341e-06
0.008908132
1.429963e-06
0.00890822
1.422853e-06
0.008908309
1.414971e-06
0.008908397
1.406271e-06
0.008908485
1.396704e-06
0.008908573
1.386219e-06
0.00890866
1.374759e-06
0.008908747
1.362261e-06
0.008908834
1.348661e-06
0.00890892
1.333889e-06
0.008909006
1.317871e-06
0.008909091
1.300527e-06
0.008909176
1.281775e-06
0.008909259
1.261529e-06
0.008909343
1.239697e-06
0.008909425
1.216187e-06
0.008909506
1.190902e-06
0.008909586
1.163743e-06
0.008909665
1.134612e-06
0.008909742
1.10341e-06
0.008909818
1.07004e-06
0.008909892
1.034408e-06
0.008909964
9.964251e-07
0.008910034
9.560122e-07
0.008910102
9.13099e-07
0.008910167
8.676292e-07
0.008910229
8.195634e-07
0.008910288
7.688824e-07
0.008910344
7.15591e-07
0.008910395
6.597216e-07
0.008910443
6.013376e-07
0.008910486
5.405365e-07
0.008910525
4.774524e-07
0.008910559
4.122569e-07
0.008910587
3.451608e-07
0.00891061
2.764103e-07
0.008910627
2.062926e-07
0.008910638
1.350991e-07
6.326717e-08
0.008903489
9.869019e-08
0.008903505
1.84825e-07
0.008903527
2.479827e-07
0.008903553
3.094772e-07
0.008903584
3.721639e-07
0.008903618
4.332575e-07
0.008903657
4.919388e-07
0.0089037
5.48411e-07
0.008903747
6.026908e-07
0.008903797
6.546684e-07
0.008903851
7.042884e-07
0.008903908
7.515415e-07
0.008903969
7.964351e-07
0.008904032
8.389908e-07
0.008904098
8.792456e-07
0.008904166
9.172493e-07
0.008904236
9.530623e-07
0.008904308
9.867529e-07
0.008904382
1.018396e-06
0.008904457
1.048071e-06
0.008904534
1.075861e-06
0.008904612
1.10185e-06
0.008904691
1.126124e-06
0.008904772
1.148766e-06
0.008904853
1.169862e-06
0.008904935
1.189493e-06
0.008905018
1.207738e-06
0.008905102
1.224674e-06
0.008905186
1.240375e-06
0.008905271
1.254911e-06
0.008905356
1.268349e-06
0.008905442
1.280751e-06
0.008905528
1.292176e-06
0.008905615
1.302681e-06
0.008905702
1.312317e-06
0.008905789
1.321133e-06
0.008905877
1.329171e-06
0.008905964
1.336474e-06
0.008906052
1.343079e-06
0.00890614
1.34902e-06
0.008906229
1.354327e-06
0.008906317
1.359029e-06
0.008906406
1.363148e-06
0.008906495
1.366707e-06
0.008906584
1.369723e-06
0.008906672
1.372212e-06
0.008906761
1.374186e-06
0.008906851
1.375654e-06
0.00890694
1.376624e-06
0.008907029
1.377099e-06
0.008907118
1.37708e-06
0.008907207
1.376566e-06
0.008907296
1.375551e-06
0.008907385
1.37403e-06
0.008907474
1.371991e-06
0.008907563
1.369421e-06
0.008907652
1.366305e-06
0.008907741
1.362624e-06
0.008907829
1.358356e-06
0.008907918
1.353475e-06
0.008908006
1.347954e-06
0.008908094
1.341761e-06
0.008908182
1.334861e-06
0.00890827
1.327215e-06
0.008908358
1.318781e-06
0.008908445
1.309515e-06
0.008908532
1.299365e-06
0.008908618
1.28828e-06
0.008908704
1.276201e-06
0.00890879
1.263069e-06
0.008908875
1.248818e-06
0.008908959
1.23338e-06
0.008909043
1.216682e-06
0.008909126
1.198649e-06
0.008909208
1.179202e-06
0.00890929
1.158259e-06
0.00890937
1.135736e-06
0.00890945
1.111547e-06
0.008909528
1.085604e-06
0.008909604
1.057822e-06
0.00890968
1.028113e-06
0.008909753
9.963949e-07
0.008909825
9.625877e-07
0.008909895
9.266181e-07
0.008909962
8.884205e-07
0.008910028
8.4794e-07
0.00891009
8.051345e-07
0.00891015
7.599778e-07
0.008910206
7.124624e-07
0.008910259
6.626023e-07
0.008910308
6.104363e-07
0.008910354
5.560303e-07
0.008910395
4.994795e-07
0.008910431
4.409105e-07
0.008910463
3.804818e-07
0.00891049
3.183843e-07
0.008910511
2.548381e-07
0.008910527
1.900975e-07
0.008910538
1.244184e-07
5.818283e-08
0.008903522
9.179573e-08
0.008903537
1.716839e-07
0.008903557
2.301915e-07
0.008903582
2.871083e-07
0.00890361
3.450794e-07
0.008903643
4.015523e-07
0.00890368
4.55795e-07
0.00890372
5.080201e-07
0.008903765
5.582628e-07
0.008903813
6.064338e-07
0.008903864
6.52489e-07
0.008903919
6.964225e-07
0.008903977
7.382398e-07
0.008904038
7.779567e-07
0.008904102
8.156011e-07
0.008904167
8.512117e-07
0.008904235
8.848363e-07
0.008904305
9.165298e-07
0.008904377
9.463533e-07
0.008904451
9.74373e-07
0.008904526
1.000658e-06
0.008904602
1.025281e-06
0.00890468
1.048314e-06
0.008904758
1.069832e-06
0.008904838
1.089908e-06
0.008904919
1.108613e-06
0.008905
1.12602e-06
0.008905083
1.142196e-06
0.008905166
1.157208e-06
0.008905249
1.17112e-06
0.008905334
1.183991e-06
0.008905418
1.195881e-06
0.008905504
1.206842e-06
0.008905589
1.216927e-06
0.008905675
1.226184e-06
0.008905762
1.234656e-06
0.008905848
1.242386e-06
0.008905935
1.249412e-06
0.008906022
1.255768e-06
0.00890611
1.261486e-06
0.008906198
1.266595e-06
0.008906285
1.271122e-06
0.008906373
1.275088e-06
0.008906462
1.278515e-06
0.00890655
1.281418e-06
0.008906638
1.283812e-06
0.008906726
1.28571e-06
0.008906815
1.28712e-06
0.008906903
1.288048e-06
0.008906992
1.288498e-06
0.008907081
1.288472e-06
0.008907169
1.287966e-06
0.008907258
1.286978e-06
0.008907346
1.2855e-06
0.008907435
1.283523e-06
0.008907523
1.281034e-06
0.008907611
1.278018e-06
0.008907699
1.274458e-06
0.008907787
1.270332e-06
0.008907875
1.265617e-06
0.008907963
1.260286e-06
0.00890805
1.254309e-06
0.008908137
1.247654e-06
0.008908224
1.240284e-06
0.008908311
1.23216e-06
0.008908397
1.22324e-06
0.008908483
1.213477e-06
0.008908568
1.202821e-06
0.008908653
1.19122e-06
0.008908738
1.178617e-06
0.008908822
1.164953e-06
0.008908905
1.150165e-06
0.008908987
1.134187e-06
0.008909069
1.116949e-06
0.00890915
1.098381e-06
0.00890923
1.078408e-06
0.008909308
1.056956e-06
0.008909386
1.033947e-06
0.008909462
1.009305e-06
0.008909537
9.829545e-07
0.00890961
9.548203e-07
0.008909682
9.248309e-07
0.008909751
8.929196e-07
0.008909819
8.590254e-07
0.008909884
8.230953e-07
0.008909947
7.850867e-07
0.008910007
7.449689e-07
0.008910065
7.027261e-07
0.008910119
6.583596e-07
0.008910169
6.118898e-07
0.008910216
5.633593e-07
0.00891026
5.128341e-07
0.008910299
4.604059e-07
0.008910333
4.061929e-07
0.008910363
3.503404e-07
0.008910389
2.930209e-07
0.008910409
2.344309e-07
0.008910424
1.747955e-07
0.008910435
1.143399e-07
5.339881e-08
0.008903552
8.553276e-08
0.008903566
1.595927e-07
0.008903585
2.137059e-07
0.008903608
2.662547e-07
0.008903635
3.196795e-07
0.008903666
3.716605e-07
0.008903701
4.215597e-07
0.008903739
4.696063e-07
0.008903782
5.158588e-07
0.008903828
5.60252e-07
0.008903877
6.027549e-07
0.00890393
6.433668e-07
0.008903986
6.820928e-07
0.008904045
7.18944e-07
0.008904106
7.539406e-07
0.00890417
7.871115e-07
0.008904236
8.184928e-07
0.008904304
8.481276e-07
0.008904375
8.760648e-07
0.008904446
9.02358e-07
0.00890452
9.270646e-07
0.008904595
9.502451e-07
0.008904671
9.719618e-07
0.008904748
9.92278e-07
0.008904827
1.011258e-06
0.008904906
1.028964e-06
0.008904986
1.045459e-06
0.008905068
1.060805e-06
0.00890515
1.075061e-06
0.008905232
1.088284e-06
0.008905316
1.100529e-06
0.0089054
1.111848e-06
0.008905484
1.122292e-06
0.008905569
1.131907e-06
0.008905654
1.140736e-06
0.00890574
1.148823e-06
0.008905826
1.156204e-06
0.008905912
1.162915e-06
0.008905999
1.168989e-06
0.008906086
1.174455e-06
0.008906173
1.17934e-06
0.008906261
1.183669e-06
0.008906348
1.187462e-06
0.008906436
1.190738e-06
0.008906524
1.193515e-06
0.008906612
1.195804e-06
0.0089067
1.197617e-06
0.008906788
1.198962e-06
0.008906876
1.199846e-06
0.008906964
1.200272e-06
0.008907052
1.20024e-06
0.008907141
1.19975e-06
0.008907229
1.198796e-06
0.008907317
1.197373e-06
0.008907405
1.195471e-06
0.008907493
1.19308e-06
0.00890758
1.190184e-06
0.008907668
1.186766e-06
0.008907756
1.182808e-06
0.008907843
1.178287e-06
0.00890793
1.173178e-06
0.008908017
1.167453e-06
0.008908103
1.161081e-06
0.00890819
1.154029e-06
0.008908275
1.14626e-06
0.008908361
1.137734e-06
0.008908446
1.128408e-06
0.008908531
1.118237e-06
0.008908615
1.107172e-06
0.008908698
1.09516e-06
0.008908781
1.082148e-06
0.008908863
1.068078e-06
0.008908944
1.052889e-06
0.008909024
1.03652e-06
0.008909104
1.018905e-06
0.008909182
9.999798e-07
0.00890926
9.796757e-07
0.008909336
9.579256e-07
0.00890941
9.346619e-07
0.008909483
9.098184e-07
0.008909555
8.833308e-07
0.008909624
8.551381e-07
0.008909692
8.251841e-07
0.008909758
7.934186e-07
0.008909821
7.597994e-07
0.008909882
7.242934e-07
0.00890994
6.868795e-07
0.008909995
6.475498e-07
0.008910047
6.063118e-07
0.008910096
5.631904e-07
0.008910141
5.182298e-07
0.008910182
4.714948e-07
0.008910219
4.230721e-07
0.008910253
3.730714e-07
0.008910281
3.216251e-07
0.008910305
2.688885e-07
0.008910325
2.150369e-07
0.008910339
1.602696e-07
0.008910349
1.047847e-07
4.887623e-08
0.00890358
8.006725e-08
0.008903593
1.486631e-07
0.008903611
1.985842e-07
0.008903632
2.469469e-07
0.008903657
2.959601e-07
0.008903686
3.435401e-07
0.008903719
3.89157e-07
0.008903756
4.330655e-07
0.008903796
4.753525e-07
0.008903841
5.159795e-07
0.008903888
5.549311e-07
0.008903939
5.922128e-07
0.008903993
6.278299e-07
0.00890405
6.617899e-07
0.00890411
6.94106e-07
0.008904172
7.247977e-07
0.008904236
7.53891e-07
0.008904303
7.814177e-07
0.008904371
8.074152e-07
0.008904441
8.319256e-07
0.008904513
8.549954e-07
0.008904587
8.766741e-07
0.008904661
8.970138e-07
0.008904737
9.160683e-07
0.008904815
9.338922e-07
0.008904893
9.505406e-07
0.008904972
9.66068e-07
0.008905052
9.805284e-07
0.008905133
9.939746e-07
0.008905215
1.006458e-06
0.008905297
1.018027e-06
0.00890538
1.02873e-06
0.008905464
1.038612e-06
0.008905548
1.047715e-06
0.008905632
1.05608e-06
0.008905717
1.063745e-06
0.008905803
1.070744e-06
0.008905888
1.07711e-06
0.008905974
1.082874e-06
0.008906061
1.088062e-06
0.008906147
1.0927e-06
0.008906234
1.09681e-06
0.008906321
1.100412e-06
0.008906408
1.103524e-06
0.008906496
1.10616e-06
0.008906583
1.108332e-06
0.00890667
1.110052e-06
0.008906758
1.111328e-06
0.008906846
1.112163e-06
0.008906933
1.112563e-06
0.008907021
1.112527e-06
0.008907109
1.112054e-06
0.008907196
1.111141e-06
0.008907284
1.109781e-06
0.008907371
1.107965e-06
0.008907459
1.105684e-06
0.008907546
1.102923e-06
0.008907633
1.099667e-06
0.00890772
1.095898e-06
0.008907806
1.091594e-06
0.008907893
1.086733e-06
0.008907979
1.081289e-06
0.008908065
1.075233e-06
0.00890815
1.068533e-06
0.008908235
1.061156e-06
0.00890832
1.053065e-06
0.008908404
1.044221e-06
0.008908488
1.034582e-06
0.008908571
1.024102e-06
0.008908653
1.012735e-06
0.008908735
1.000431e-06
0.008908816
9.871363e-07
0.008908896
9.727981e-07
0.008908975
9.573596e-07
0.008909053
9.407631e-07
0.00890913
9.229497e-07
0.008909206
9.038597e-07
0.00890928
8.834335e-07
0.008909353
8.61612e-07
0.008909425
8.383377e-07
0.008909495
8.135555e-07
0.008909563
7.872135e-07
0.008909628
7.592648e-07
0.008909692
7.296682e-07
0.008909754
6.983902e-07
0.008909812
6.654061e-07
0.008909869
6.307018e-07
0.008909922
5.942755e-07
0.008909972
5.561391e-07
0.008910019
5.163203e-07
0.008910062
4.748632e-07
0.008910102
4.318303e-07
0.008910138
3.873028e-07
0.008910169
3.413814e-07
0.008910197
2.941862e-07
0.00891022
2.458565e-07
0.008910238
1.965483e-07
0.008910252
1.464374e-07
0.008910261
9.569821e-08
4.458741e-08
0.008903606
7.542674e-08
0.008903618
1.38937e-07
0.008903634
1.848321e-07
0.008903654
2.291215e-07
0.008903678
2.737856e-07
0.008903705
3.169948e-07
0.008903736
3.583457e-07
0.008903772
3.981282e-07
0.00890381
4.36461e-07
0.008903853
4.733329e-07
0.008903899
5.087424e-07
0.008903948
5.426991e-07
0.008904001
5.752073e-07
0.008904056
6.062692e-07
0.008904114
6.358902e-07
0.008904174
6.640807e-07
0.008904237
6.908563e-07
0.008904302
7.162382e-07
0.008904369
7.402532e-07
0.008904438
7.62933e-07
0.008904508
7.843139e-07
0.00890458
8.044357e-07
0.008904654
8.23341e-07
0.008904729
8.41075e-07
0.008904805
8.576838e-07
0.008904882
8.732149e-07
0.00890496
8.877155e-07
0.008905039
9.01233e-07
0.008905119
9.138137e-07
0.0089052
9.255032e-07
0.008905282
9.363454e-07
0.008905364
9.463829e-07
0.008905447
9.556561e-07
0.00890553
9.642038e-07
0.008905614
9.720624e-07
0.008905698
9.792664e-07
0.008905783
9.858478e-07
0.008905868
9.918365e-07
0.008905954
9.9726e-07
0.00890604
1.002143e-06
0.008906126
1.00651e-06
0.008906212
1.01038e-06
0.008906299
1.013772e-06
0.008906386
1.016702e-06
0.008906472
1.019184e-06
0.008906559
1.021229e-06
0.008906647
1.022847e-06
0.008906734
1.024046e-06
0.008906821
1.02483e-06
0.008906908
1.025202e-06
0.008906996
1.025164e-06
0.008907083
1.024713e-06
0.00890717
1.023846e-06
0.008907257
1.022558e-06
0.008907345
1.02084e-06
0.008907431
1.018683e-06
0.008907518
1.016074e-06
0.008907605
1.012998e-06
0.008907691
1.009439e-06
0.008907778
1.005377e-06
0.008907863
1.000791e-06
0.008907949
9.956574e-07
0.008908034
9.899488e-07
0.008908119
9.836368e-07
0.008908204
9.766903e-07
0.008908288
9.690757e-07
0.008908371
9.607567e-07
0.008908454
9.516949e-07
0.008908536
9.418496e-07
0.008908618
9.311777e-07
0.008908698
9.196339e-07
0.008908778
9.071712e-07
0.008908857
8.937407e-07
0.008908935
8.79292e-07
0.008909012
8.637735e-07
0.008909088
8.47133e-07
0.008909163
8.293177e-07
0.008909236
8.102754e-07
0.008909307
7.899546e-07
0.008909377
7.683056e-07
0.008909446
7.452812e-07
0.008909512
7.208377e-07
0.008909576
6.949359e-07
0.008909638
6.675425e-07
0.008909698
6.38631e-07
0.008909755
6.081833e-07
0.00890981
5.761909e-07
0.008909862
5.426566e-07
0.00890991
5.075952e-07
0.008909955
4.710354e-07
0.008909997
4.330205e-07
0.008910035
3.936096e-07
0.00891007
3.528779e-07
0.0089101
3.109174e-07
0.008910127
2.678365e-07
0.008910149
2.237595e-07
0.008910166
1.78825e-07
0.00891018
1.331883e-07
0.008910188
8.700242e-08
4.049378e-08
0.008903629
7.212769e-08
0.00890364
1.308184e-07
0.008903654
1.72728e-07
0.008903673
2.130035e-07
0.008903695
2.533155e-07
0.00890372
2.921078e-07
0.00890375
3.291373e-07
0.008903784
3.647427e-07
0.008903821
3.990792e-07
0.008903862
4.321629e-07
0.008903907
4.640048e-07
0.008903955
4.946166e-07
0.008904006
5.239988e-07
0.008904059
5.521461e-07
0.008904116
5.790545e-07
0.008904175
6.047238e-07
0.008904237
6.291587e-07
0.0089043
6.523696e-07
0.008904366
6.743725e-07
0.008904433
6.95189e-07
0.008904503
7.148454e-07
0.008904573
7.333724e-07
0.008904646
7.508037e-07
0.00890472
7.671762e-07
0.008904795
7.825284e-07
0.008904871
7.969002e-07
0.008904948
8.103323e-07
0.008905026
8.228656e-07
0.008905105
8.345404e-07
0.008905185
8.45397e-07
0.008905266
8.554741e-07
0.008905347
8.648095e-07
0.00890543
8.734395e-07
0.008905512
8.813988e-07
0.008905595
8.887202e-07
0.008905679
8.954348e-07
0.008905763
9.015716e-07
0.008905848
9.071578e-07
0.008905933
9.122183e-07
0.008906018
9.167761e-07
0.008906104
9.208522e-07
0.00890619
9.244655e-07
0.008906276
9.276327e-07
0.008906362
9.303686e-07
0.008906448
9.32686e-07
0.008906535
9.345954e-07
0.008906622
9.361057e-07
0.008906708
9.372234e-07
0.008906795
9.379532e-07
0.008906882
9.38298e-07
0.008906969
9.382582e-07
0.008907056
9.378328e-07
0.008907143
9.370184e-07
0.008907229
9.358097e-07
0.008907316
9.341995e-07
0.008907402
9.321785e-07
0.008907489
9.297352e-07
0.008907575
9.268562e-07
0.008907661
9.235261e-07
0.008907746
9.197271e-07
0.008907832
9.154394e-07
0.008907917
9.106412e-07
0.008908001
9.053082e-07
0.008908085
8.994143e-07
0.008908169
8.929308e-07
0.008908252
8.858272e-07
0.008908335
8.780706e-07
0.008908417
8.696262e-07
0.008908498
8.604571e-07
0.008908579
8.505243e-07
0.008908659
8.397873e-07
0.008908738
8.282038e-07
0.008908816
8.157301e-07
0.008908893
8.023213e-07
0.008908968
7.879317e-07
0.008909043
7.725152e-07
0.008909116
7.560255e-07
0.008909188
7.38417e-07
0.008909258
7.19645e-07
0.008909327
6.996669e-07
0.008909394
6.784424e-07
0.008909459
6.559348e-07
0.008909522
6.321117e-07
0.008909582
6.069461e-07
0.00890964
5.804175e-07
0.008909696
5.525131e-07
0.008909749
5.232285e-07
0.008909799
4.925697e-07
0.008909846
4.605532e-07
0.00890989
4.272078e-07
0.00890993
3.925751e-07
0.008909967
3.5671e-07
0.00891
3.196818e-07
0.00891003
2.815735e-07
0.008910055
2.424824e-07
0.008910076
2.025191e-07
0.008910093
1.618059e-07
0.008910106
1.20479e-07
0.008910114
7.867255e-08
3.658259e-08
0.008903651
7.02197e-08
0.00890366
1.244308e-07
0.008903673
1.623306e-07
0.008903689
1.985143e-07
0.00890371
2.343637e-07
0.008903734
2.686305e-07
0.008903763
3.012584e-07
0.008903795
3.326408e-07
0.008903831
3.62963e-07
0.008903871
3.922592e-07
0.008903914
4.205441e-07
0.008903961
4.478249e-07
0.00890401
4.740931e-07
0.008904063
4.993327e-07
0.008904118
5.235286e-07
0.008904176
5.466692e-07
0.008904236
5.687484e-07
0.008904299
5.897661e-07
0.008904363
6.097286e-07
0.008904429
6.286481e-07
0.008904498
6.46542e-07
0.008904567
6.634327e-07
0.008904639
6.79346e-07
0.008904711
6.943113e-07
0.008904785
7.0836e-07
0.00890486
7.215255e-07
0.008904937
7.33842e-07
0.008905014
7.453446e-07
0.008905092
7.560683e-07
0.008905172
7.660477e-07
0.008905252
7.753172e-07
0.008905332
7.839099e-07
0.008905414
7.918579e-07
0.008905496
7.99192e-07
0.008905579
8.059416e-07
0.008905662
8.121343e-07
0.008905746
8.177964e-07
0.00890583
8.229521e-07
0.008905914
8.276241e-07
0.008905999
8.31833e-07
0.008906084
8.355977e-07
0.00890617
8.389355e-07
0.008906255
8.418614e-07
0.008906341
8.44389e-07
0.008906427
8.465297e-07
0.008906514
8.482932e-07
0.0089066
8.496875e-07
0.008906686
8.507186e-07
0.008906773
8.513908e-07
0.00890686
8.517065e-07
0.008906946
8.516664e-07
0.008907033
8.512693e-07
0.008907119
8.505121e-07
0.008907205
8.493901e-07
0.008907292
8.478966e-07
0.008907378
8.46023e-07
0.008907464
8.437591e-07
0.008907549
8.410926e-07
0.008907635
8.380092e-07
0.00890772
8.34493e-07
0.008907805
8.30526e-07
0.00890789
8.260881e-07
0.008907974
8.211576e-07
0.008908057
8.157107e-07
0.008908141
8.097214e-07
0.008908223
8.031623e-07
0.008908305
7.960037e-07
0.008908387
7.882142e-07
0.008908467
7.797608e-07
0.008908547
7.706086e-07
0.008908626
7.607214e-07
0.008908704
7.500615e-07
0.008908781
7.385901e-07
0.008908857
7.262677e-07
0.008908932
7.130539e-07
0.008909006
6.989083e-07
0.008909078
6.837905e-07
0.008909149
6.67661e-07
0.008909218
6.504813e-07
0.008909285
6.322148e-07
0.008909351
6.128276e-07
0.008909415
5.922889e-07
0.008909476
5.70572e-07
0.008909535
5.476553e-07
0.008909592
5.235232e-07
0.008909647
4.981667e-07
0.008909698
4.715849e-07
0.008909747
4.437855e-07
0.008909793
4.147861e-07
0.008909835
3.846145e-07
0.008909875
3.533098e-07
0.00890991
3.209228e-07
0.008909942
2.875162e-07
0.008909971
2.531647e-07
0.008909995
2.179549e-07
0.008910016
1.819847e-07
0.008910032
1.453617e-07
0.008910045
1.082053e-07
0.008910053
7.063277e-08
3.281628e-08
0.00890367
7.129439e-08
0.008903676
1.209366e-07
0.008903686
1.5435e-07
0.008903701
1.861774e-07
0.00890372
2.172687e-07
0.008903742
2.467019e-07
0.008903769
2.746753e-07
0.008903801
3.016532e-07
0.008903836
3.278436e-07
0.008903875
3.532836e-07
0.008903917
3.779797e-07
0.008903963
4.019217e-07
0.008904012
4.25083e-07
0.008904063
4.474289e-07
0.008904118
4.68928e-07
0.008904174
4.895537e-07
0.008904234
5.092869e-07
0.008904295
5.28116e-07
0.008904359
5.460371e-07
0.008904424
5.630529e-07
0.008904491
5.791727e-07
0.00890456
5.944108e-07
0.00890463
6.087862e-07
0.008904702
6.223211e-07
0.008904775
6.350407e-07
0.00890485
6.469724e-07
0.008904925
6.581447e-07
0.008905002
6.685873e-07
0.008905079
6.7833e-07
0.008905158
6.874029e-07
0.008905237
6.958356e-07
0.008905317
7.036571e-07
0.008905398
7.108957e-07
0.00890548
7.175784e-07
0.008905562
7.237311e-07
0.008905645
7.293786e-07
0.008905728
7.345439e-07
0.008905811
7.392487e-07
0.008905895
7.435132e-07
0.00890598
7.47356e-07
0.008906064
7.507939e-07
0.008906149
7.538423e-07
0.008906235
7.565149e-07
0.00890632
7.588237e-07
0.008906406
7.607791e-07
0.008906492
7.623898e-07
0.008906578
7.636629e-07
0.008906664
7.646039e-07
0.00890675
7.652166e-07
0.008906836
7.655032e-07
0.008906922
7.654643e-07
0.008907008
7.650987e-07
0.008907094
7.644039e-07
0.00890718
7.633754e-07
0.008907266
7.620072e-07
0.008907352
7.602916e-07
0.008907437
7.582193e-07
0.008907523
7.557792e-07
0.008907608
7.529586e-07
0.008907692
7.49743e-07
0.008907777
7.461162e-07
0.008907861
7.420604e-07
0.008907944
7.375558e-07
0.008908027
7.325811e-07
0.00890811
7.271133e-07
0.008908192
7.211277e-07
0.008908273
7.145978e-07
0.008908354
7.074958e-07
0.008908434
6.997921e-07
0.008908513
6.914561e-07
0.008908591
6.824555e-07
0.008908669
6.727572e-07
0.008908745
6.623271e-07
0.00890882
6.511304e-07
0.008908894
6.391319e-07
0.008908967
6.262965e-07
0.008909038
6.125893e-07
0.008909107
5.979762e-07
0.008909175
5.824242e-07
0.008909242
5.659024e-07
0.008909306
5.48382e-07
0.008909369
5.298377e-07
0.008909429
5.102475e-07
0.008909487
4.895943e-07
0.008909543
4.678662e-07
0.008909596
4.450576e-07
0.008909646
4.211697e-07
0.008909694
3.962114e-07
0.008909738
3.702002e-07
0.00890978
3.431626e-07
0.008909818
3.151346e-07
0.008909853
2.861624e-07
0.008909884
2.563024e-07
0.008909911
2.25621e-07
0.008909935
1.941947e-07
0.008909955
1.621095e-07
0.008909971
1.294592e-07
0.008909983
9.634747e-08
0.00890999
6.287567e-08
2.9191e-08
0.008903688
7.535839e-08
0.008903691
1.205211e-07
0.008903699
1.488071e-07
0.008903711
1.757842e-07
0.008903728
2.01751e-07
0.00890375
2.26076e-07
0.008903776
2.492126e-07
0.008903806
2.716985e-07
0.00890384
2.937209e-07
0.008903878
3.153001e-07
0.00890392
3.364144e-07
0.008903964
3.570311e-07
0.008904012
3.77096e-07
0.008904063
3.965552e-07
0.008904116
4.153578e-07
0.008904172
4.334631e-07
0.00890423
4.508387e-07
0.008904291
4.674624e-07
0.008904353
4.833203e-07
0.008904418
4.984071e-07
0.008904484
5.127241e-07
0.008904552
5.262786e-07
0.008904621
5.390829e-07
0.008904692
5.511531e-07
0.008904765
5.625086e-07
0.008904838
5.73171e-07
0.008904913
5.831636e-07
0.008904989
5.92511e-07
0.008905066
6.012384e-07
0.008905144
6.09371e-07
0.008905223
6.169345e-07
0.008905302
6.239536e-07
0.008905383
6.304529e-07
0.008905464
6.364557e-07
0.008905545
6.419848e-07
0.008905627
6.470616e-07
0.00890571
6.517066e-07
0.008905793
6.559386e-07
0.008905877
6.597756e-07
0.008905961
6.632338e-07
0.008906045
6.663282e-07
0.00890613
6.690724e-07
0.008906215
6.714785e-07
0.0089063
6.735571e-07
0.008906386
6.753174e-07
0.008906471
6.767672e-07
0.008906557
6.779129e-07
0.008906643
6.787592e-07
0.008906729
6.793095e-07
0.008906815
6.795659e-07
0.0089069
6.795287e-07
0.008906986
6.791971e-07
0.008907072
6.785686e-07
0.008907158
6.776393e-07
0.008907243
6.764038e-07
0.008907329
6.748553e-07
0.008907414
6.729856e-07
0.008907499
6.707846e-07
0.008907584
6.682411e-07
0.008907668
6.653423e-07
0.008907752
6.620738e-07
0.008907836
6.584197e-07
0.008907919
6.543625e-07
0.008908001
6.498834e-07
0.008908084
6.44962e-07
0.008908165
6.395765e-07
0.008908246
6.337036e-07
0.008908326
6.273188e-07
0.008908405
6.203962e-07
0.008908484
6.129087e-07
0.008908562
6.048283e-07
0.008908638
5.961261e-07
0.008908714
5.867724e-07
0.008908788
5.76737e-07
0.008908861
5.659896e-07
0.008908933
5.544998e-07
0.008909003
5.422376e-07
0.008909072
5.291742e-07
0.008909139
5.152814e-07
0.008909205
5.005333e-07
0.008909268
4.849058e-07
0.008909329
4.68378e-07
0.008909389
4.509322e-07
0.008909446
4.325548e-07
0.0089095
4.132371e-07
0.008909552
3.929757e-07
0.008909602
3.717733e-07
0.008909648
3.496394e-07
0.008909692
3.265906e-07
0.008909732
3.026516e-07
0.00890977
2.778552e-07
0.008909804
2.522427e-07
0.008909834
2.258641e-07
0.008909861
1.987779e-07
0.008909884
1.71051e-07
0.008909903
1.427583e-07
0.008909919
1.139813e-07
0.00890993
8.480952e-08
0.008909938
5.533032e-08
2.567135e-08
0.0089037
8.761832e-08
0.008903696
1.264009e-07
0.0089037
1.470548e-07
0.00890371
1.67957e-07
0.008903726
1.878979e-07
0.008903747
2.063534e-07
0.008903772
2.241669e-07
0.008903802
2.419159e-07
0.008903836
2.596895e-07
0.008903874
2.774173e-07
0.008903915
2.950158e-07
0.00890396
3.123959e-07
0.008904007
3.294606e-07
0.008904057
3.461225e-07
0.00890411
3.623077e-07
0.008904166
3.779578e-07
0.008904223
3.930272e-07
0.008904283
4.074834e-07
0.008904345
4.213042e-07
0.008904408
4.344773e-07
0.008904474
4.46998e-07
0.008904541
4.588679e-07
0.00890461
4.700941e-07
0.00890468
4.806877e-07
0.008904752
4.906633e-07
0.008904825
5.000378e-07
0.008904899
5.088301e-07
0.008904974
5.170602e-07
0.008905051
5.247493e-07
0.008905128
5.319185e-07
0.008905206
5.385893e-07
0.008905285
5.44783e-07
0.008905365
5.505205e-07
0.008905446
5.558218e-07
0.008905527
5.607065e-07
0.008905609
5.651931e-07
0.008905691
5.692993e-07
0.008905774
5.730414e-07
0.008905857
5.764349e-07
0.008905941
5.794941e-07
0.008906025
5.822319e-07
0.008906109
5.846601e-07
0.008906194
5.867893e-07
0.008906279
5.886289e-07
0.008906364
5.901868e-07
0.008906449
5.914698e-07
0.008906534
5.924834e-07
0.00890662
5.932319e-07
0.008906705
5.937182e-07
0.008906791
5.93944e-07
0.008906876
5.939098e-07
0.008906962
5.936147e-07
0.008907047
5.930565e-07
0.008907133
5.922319e-07
0.008907218
5.911361e-07
0.008907303
5.897632e-07
0.008907388
5.881058e-07
0.008907472
5.861554e-07
0.008907557
5.839019e-07
0.008907641
5.813342e-07
0.008907724
5.784398e-07
0.008907807
5.752046e-07
0.00890789
5.716136e-07
0.008907972
5.676503e-07
0.008908054
5.63297e-07
0.008908135
5.585346e-07
0.008908215
5.53343e-07
0.008908295
5.477009e-07
0.008908374
5.41586e-07
0.008908452
5.349748e-07
0.008908529
5.278432e-07
0.008908605
5.201663e-07
0.008908679
5.119187e-07
0.008908753
5.030745e-07
0.008908825
4.936078e-07
0.008908896
4.834929e-07
0.008908966
4.727044e-07
0.008909034
4.612179e-07
0.0089091
4.490098e-07
0.008909165
4.360586e-07
0.008909227
4.223444e-07
0.008909288
4.078501e-07
0.008909346
3.925614e-07
0.008909402
3.76468e-07
0.008909456
3.595633e-07
0.008909507
3.418458e-07
0.008909555
3.233189e-07
0.008909601
3.03992e-07
0.008909644
2.838807e-07
0.008909683
2.630072e-07
0.00890972
2.414008e-07
0.008909753
2.190978e-07
0.008909782
1.961419e-07
0.008909809
1.725841e-07
0.008909831
1.484821e-07
0.00890985
1.239002e-07
0.008909865
9.890833e-08
0.008909876
7.358261e-08
0.008909884
4.799694e-08
2.225758e-08
0.008903712
1.07984e-07
0.008903702
1.386518e-07
0.008903703
1.489386e-07
0.00890371
1.62551e-07
0.008903724
1.759264e-07
0.008903743
1.879702e-07
0.008903768
2.001176e-07
0.008903797
2.129524e-07
0.00890383
2.263932e-07
0.008903867
2.402158e-07
0.008903908
2.542798e-07
0.008903952
2.684143e-07
0.008903999
2.824812e-07
0.008904048
2.963474e-07
0.008904101
3.099192e-07
0.008904155
3.231144e-07
0.008904212
3.358767e-07
0.008904271
3.481605e-07
0.008904332
3.599371e-07
0.008904395
3.711864e-07
0.00890446
3.818979e-07
0.008904527
3.920683e-07
0.008904595
4.016992e-07
0.008904665
4.107979e-07
0.008904736
4.193735e-07
0.008904808
4.274397e-07
0.008904882
4.350101e-07
0.008904957
4.421015e-07
0.008905033
4.487303e-07
0.00890511
4.549146e-07
0.008905187
4.606715e-07
0.008905266
4.660192e-07
0.008905346
4.709747e-07
0.008905426
4.755554e-07
0.008905507
4.797772e-07
0.008905588
4.836563e-07
0.00890567
4.872071e-07
0.008905753
4.90444e-07
0.008905835
4.933799e-07
0.008905919
4.96027e-07
0.008906003
4.983963e-07
0.008906087
5.00498e-07
0.008906171
5.02341e-07
0.008906256
5.039333e-07
0.008906341
5.052819e-07
0.008906426
5.063923e-07
0.008906511
5.072696e-07
0.008906596
5.07917e-07
0.008906681
5.083375e-07
0.008906767
5.085322e-07
0.008906852
5.085016e-07
0.008906937
5.082449e-07
0.008907023
5.077605e-07
0.008907108
5.070451e-07
0.008907193
5.060949e-07
0.008907278
5.049047e-07
0.008907362
5.034683e-07
0.008907447
5.017781e-07
0.008907531
4.998259e-07
0.008907614
4.976018e-07
0.008907698
4.950954e-07
0.008907781
4.922944e-07
0.008907863
4.891861e-07
0.008907945
4.857564e-07
0.008908026
4.819902e-07
0.008908107
4.778712e-07
0.008908187
4.733824e-07
0.008908266
4.685056e-07
0.008908344
4.632219e-07
0.008908422
4.575113e-07
0.008908498
4.513537e-07
0.008908573
4.447277e-07
0.008908648
4.376123e-07
0.008908721
4.299853e-07
0.008908793
4.218256e-07
0.008908863
4.131111e-07
0.008908932
4.038211e-07
0.008908999
3.939351e-07
0.008909065
3.834339e-07
0.008909128
3.722996e-07
0.00890919
3.605162e-07
0.00890925
3.480698e-07
0.008909307
3.349494e-07
0.008909363
3.211466e-07
0.008909416
3.066572e-07
0.008909466
2.914803e-07
0.008909514
2.756202e-07
0.008909559
2.590853e-07
0.008909601
2.418899e-07
0.00890964
2.240534e-07
0.008909675
2.056015e-07
0.008909708
1.865653e-07
0.008909737
1.669826e-07
0.008909763
1.468965e-07
0.008909785
1.263564e-07
0.008909803
1.054169e-07
0.008909818
8.413712e-08
0.008909829
6.258135e-08
0.008909836
4.081179e-08
1.891767e-08
0.008903705
1.547032e-07
0.008903681
1.655058e-07
0.008903677
1.546362e-07
0.008903684
1.578679e-07
0.008903698
1.632605e-07
0.008903719
1.680111e-07
0.008903746
1.74275e-07
0.008903776
1.82463e-07
0.008903811
1.919184e-07
0.008903849
2.022143e-07
0.00890389
2.130687e-07
0.008903934
2.242465e-07
0.008903981
2.355352e-07
0.00890403
2.467833e-07
0.008904082
2.578694e-07
0.008904136
2.687071e-07
0.008904193
2.792284e-07
0.008904251
2.893863e-07
0.008904312
2.991468e-07
0.008904374
3.084877e-07
0.008904439
3.173957e-07
0.008904505
3.258639e-07
0.008904572
3.338921e-07
0.008904641
3.41483e-07
0.008904712
3.486438e-07
0.008904784
3.553834e-07
0.008904857
3.617133e-07
0.008904931
3.676456e-07
0.008905007
3.731942e-07
0.008905083
3.783726e-07
0.008905161
3.831956e-07
0.008905239
3.876771e-07
0.008905318
3.918317e-07
0.008905398
3.95673e-07
0.008905478
3.992146e-07
0.008905559
4.024694e-07
0.008905641
4.054496e-07
0.008905723
4.081667e-07
0.008905806
4.106317e-07
0.008905889
4.128546e-07
0.008905972
4.148445e-07
0.008906056
4.166098e-07
0.00890614
4.181579e-07
0.008906225
4.194955e-07
0.008906309
4.206283e-07
0.008906394
4.215612e-07
0.008906479
4.22298e-07
0.008906564
4.228417e-07
0.008906649
4.231944e-07
0.008906734
4.233575e-07
0.008906819
4.233311e-07
0.008906904
4.231146e-07
0.008906989
4.227065e-07
0.008907074
4.221045e-07
0.008907159
4.213049e-07
0.008907244
4.203037e-07
0.008907328
4.190954e-07
0.008907412
4.176742e-07
0.008907496
4.160326e-07
0.008907579
4.14163e-07
0.008907662
4.120561e-07
0.008907745
4.097024e-07
0.008907827
4.070907e-07
0.008907908
4.042097e-07
0.008907989
4.010466e-07
0.008908069
3.975882e-07
0.008908149
3.938201e-07
0.008908228
3.897275e-07
0.008908306
3.852945e-07
0.008908383
3.80505e-07
0.008908459
3.75342e-07
0.008908534
3.697884e-07
0.008908607
3.638264e-07
0.00890868
3.574384e-07
0.008908751
3.506066e-07
0.008908821
3.433136e-07
0.008908889
3.35542e-07
0.008908956
3.272756e-07
0.008909021
3.184987e-07
0.008909084
3.091971e-07
0.008909145
2.99358e-07
0.008909204
2.889705e-07
0.008909261
2.780259e-07
0.008909315
2.665182e-07
0.008909368
2.54444e-07
0.008909417
2.418039e-07
0.008909464
2.286013e-07
0.008909508
2.148444e-07
0.00890955
2.00545e-07
0.008909588
1.857202e-07
0.008909623
1.703912e-07
0.008909655
1.545846e-07
0.008909684
1.383316e-07
0.008909709
1.216685e-07
0.008909731
1.046361e-07
0.008909749
8.728016e-08
0.008909763
6.964963e-08
0.008909774
5.179763e-08
0.008909781
3.377507e-08
1.565186e-08
0.008903702
2.295784e-07
0.008903662
2.075429e-07
0.008903653
1.653632e-07
0.008903656
1.568711e-07
0.008903668
1.532211e-07
0.008903688
1.489666e-07
0.008903714
1.485187e-07
0.008903745
1.517762e-07
0.00890378
1.571342e-07
0.008903818
1.638879e-07
0.008903859
1.715918e-07
0.008903903
1.798946e-07
0.00890395
1.884945e-07
0.008904
1.972071e-07
0.008904052
2.058829e-07
0.008904106
2.144263e-07
0.008904162
2.227595e-07
0.00890422
2.308337e-07
0.008904281
2.386112e-07
0.008904343
2.460685e-07
0.008904407
2.531906e-07
0.008904472
2.599686e-07
0.00890454
2.664008e-07
0.008904609
2.724866e-07
0.008904679
2.782319e-07
0.00890475
2.836416e-07
0.008904823
2.887254e-07
0.008904897
2.934913e-07
0.008904972
2.979511e-07
0.008905049
3.021142e-07
0.008905126
3.059932e-07
0.008905204
3.095982e-07
0.008905282
3.129413e-07
0.008905362
3.160327e-07
0.008905442
3.188837e-07
0.008905523
3.215041e-07
0.008905605
3.23904e-07
0.008905687
3.260922e-07
0.008905769
3.280778e-07
0.008905852
3.298684e-07
0.008905935
3.314716e-07
0.008906019
3.328939e-07
0.008906103
3.341413e-07
0.008906187
3.352192e-07
0.008906271
3.36132e-07
0.008906356
3.368838e-07
0.008906441
3.374775e-07
0.008906526
3.379156e-07
0.008906611
3.381998e-07
0.008906696
3.383311e-07
0.008906781
3.383096e-07
0.008906866
3.38135e-07
0.00890695
3.378058e-07
0.008907035
3.373205e-07
0.00890712
3.366758e-07
0.008907204
3.358689e-07
0.008907288
3.34895e-07
0.008907372
3.337498e-07
0.008907456
3.32427e-07
0.008907539
3.309208e-07
0.008907622
3.292235e-07
0.008907704
3.273277e-07
0.008907786
3.252245e-07
0.008907867
3.229048e-07
0.008907948
3.203583e-07
0.008908028
3.175747e-07
0.008908107
3.145423e-07
0.008908186
3.112497e-07
0.008908263
3.076839e-07
0.00890834
3.038324e-07
0.008908415
2.996815e-07
0.00890849
2.952179e-07
0.008908563
2.904273e-07
0.008908636
2.852962e-07
0.008908706
2.798101e-07
0.008908776
2.739558e-07
0.008908843
2.677193e-07
0.00890891
2.610883e-07
0.008908974
2.540502e-07
0.008909037
2.465945e-07
0.008909097
2.387107e-07
0.008909156
2.303912e-07
0.008909212
2.216288e-07
0.008909266
2.124196e-07
0.008909318
2.027611e-07
0.008909367
1.926542e-07
0.008909414
1.821018e-07
0.008909457
1.711112e-07
0.008909498
1.596919e-07
0.008909536
1.478579e-07
0.008909571
1.356262e-07
0.008909602
1.230186e-07
0.00890963
1.100599e-07
0.008909655
9.677958e-08
0.008909677
8.321047e-08
0.008909695
6.938968e-08
0.008909709
5.535711e-08
0.00890972
4.115628e-08
0.008909727
2.682916e-08
1.243114e-08
0.008903627
3.997227e-07
0.008903564
2.727359e-07
0.008903567
1.638633e-07
0.00890358
1.462435e-07
0.008903599
1.36198e-07
0.008903624
1.239569e-07
0.008903655
1.187265e-07
0.008903688
1.186591e-07
0.008903724
1.209976e-07
0.008903763
1.248922e-07
0.008903804
1.299342e-07
0.008903848
1.356558e-07
0.008903895
1.41765e-07
0.008903944
1.480521e-07
0.008903995
1.543892e-07
0.008904049
1.606713e-07
0.008904104
1.668335e-07
0.008904162
1.728249e-07
0.008904222
1.786128e-07
0.008904284
1.841745e-07
0.008904347
1.894943e-07
0.008904413
1.945648e-07
0.008904479
1.993804e-07
0.008904548
2.039423e-07
0.008904618
2.082505e-07
0.008904689
2.123111e-07
0.008904761
2.161277e-07
0.008904835
2.197087e-07
0.00890491
2.230598e-07
0.008904985
2.261904e-07
0.008905062
2.291071e-07
0.00890514
2.318196e-07
0.008905218
2.343349e-07
0.008905298
2.36662e-07
0.008905378
2.388081e-07
0.008905458
2.407814e-07
0.00890554
2.425887e-07
0.008905621
2.442371e-07
0.008905704
2.457328e-07
0.008905786
2.47082e-07
0.008905869
2.4829e-07
0.008905953
2.493618e-07
0.008906037
2.503019e-07
0.008906121
2.511142e-07
0.008906205
2.518023e-07
0.008906289
2.523688e-07
0.008906374
2.528163e-07
0.008906459
2.531463e-07
0.008906544
2.533605e-07
0.008906628
2.534591e-07
0.008906713
2.534427e-07
0.008906798
2.533106e-07
0.008906883
2.530623e-07
0.008906967
2.526958e-07
0.008907052
2.522096e-07
0.008907136
2.516006e-07
0.00890722
2.508662e-07
0.008907304
2.500021e-07
0.008907387
2.490047e-07
0.00890747
2.478685e-07
0.008907553
2.46589e-07
0.008907635
2.451594e-07
0.008907716
2.435741e-07
0.008907798
2.418254e-07
0.008907878
2.399064e-07
0.008907958
2.378086e-07
0.008908037
2.355242e-07
0.008908115
2.330436e-07
0.008908192
2.303582e-07
0.008908269
2.274577e-07
0.008908344
2.243328e-07
0.008908418
2.209728e-07
0.008908491
2.173679e-07
0.008908563
2.135072e-07
0.008908633
2.093809e-07
0.008908702
2.049783e-07
0.00890877
2.0029e-07
0.008908835
1.953061e-07
0.008908899
1.900182e-07
0.008908962
1.844176e-07
0.008909022
1.784979e-07
0.00890908
1.722524e-07
0.008909136
1.656771e-07
0.008909189
1.587681e-07
0.008909241
1.515249e-07
0.008909289
1.439475e-07
0.008909335
1.360392e-07
0.008909379
1.278046e-07
0.008909419
1.19252e-07
0.008909457
1.103913e-07
0.008909491
1.012362e-07
0.008909522
9.180239e-08
0.00890955
8.210947e-08
0.008909575
7.217928e-08
0.008909596
6.203767e-08
0.008909613
5.171323e-08
0.008909628
4.123808e-08
0.008909638
3.064737e-08
0.008909645
1.997549e-08
9.257281e-09
0.008903531
7.115516e-07
0.008903421
3.848172e-07
0.008903423
1.639534e-07
0.008903434
1.374308e-07
0.008903456
1.157785e-07
0.008903489
9.269383e-08
0.008903525
8.348958e-08
0.008903562
8.130497e-08
0.008903602
8.150633e-08
0.008903644
8.335695e-08
0.008903687
8.637381e-08
0.008903733
9.002574e-08
0.00890378
9.40143e-08
0.00890383
9.816902e-08
0.008903882
1.023795e-07
0.008903936
1.065666e-07
0.008903992
1.106792e-07
0.00890405
1.146818e-07
0.00890411
1.185502e-07
0.008904171
1.222686e-07
0.008904235
1.258262e-07
0.0089043
1.292175e-07
0.008904367
1.324389e-07
0.008904435
1.354906e-07
0.008904505
1.383733e-07
0.008904576
1.410902e-07
0.008904648
1.436443e-07
0.008904722
1.460406e-07
0.008904796
1.482835e-07
0.008904872
1.503787e-07
0.008904949
1.523312e-07
0.008905026
1.541468e-07
0.008905105
1.558308e-07
0.008905184
1.573887e-07
0.008905264
1.588256e-07
0.008905344
1.601469e-07
0.008905426
1.613571e-07
0.008905507
1.624609e-07
0.008905589
1.634625e-07
0.008905672
1.643661e-07
0.008905755
1.651751e-07
0.008905839
1.65893e-07
0.008905922
1.665227e-07
0.008906006
1.670668e-07
0.008906091
1.675277e-07
0.008906175
1.679072e-07
0.00890626
1.68207e-07
0.008906344
1.684282e-07
0.008906429
1.685717e-07
0.008906514
1.686379e-07
0.008906598
1.68627e-07
0.008906683
1.685387e-07
0.008906768
1.683725e-07
0.008906852
1.681273e-07
0.008906937
1.678018e-07
0.008907021
1.673942e-07
0.008907105
1.669026e-07
0.008907189
1.663243e-07
0.008907272
1.656567e-07
0.008907355
1.648964e-07
0.008907437
1.6404e-07
0.008907519
1.630835e-07
0.008907601
1.620227e-07
0.008907682
1.608528e-07
0.008907762
1.59569e-07
0.008907842
1.581658e-07
0.008907921
1.566378e-07
0.008907999
1.54979e-07
0.008908076
1.531833e-07
0.008908152
1.512442e-07
0.008908227
1.491552e-07
0.008908301
1.469095e-07
0.008908374
1.445004e-07
0.008908446
1.419209e-07
0.008908516
1.391644e-07
0.008908585
1.362239e-07
0.008908652
1.330931e-07
0.008908717
1.297656e-07
0.008908781
1.262358e-07
0.008908843
1.224982e-07
0.008908903
1.185484e-07
0.008908961
1.143823e-07
0.008909016
1.099969e-07
0.00890907
1.053903e-07
0.008909121
1.005618e-07
0.008909169
9.551184e-08
0.008909215
9.024243e-08
0.008909258
8.475701e-08
0.008909298
7.906098e-08
0.008909335
7.316121e-08
0.008909369
6.706676e-08
0.0089094
6.078837e-08
0.008909428
5.43391e-08
0.008909453
4.773397e-08
0.008909474
4.099071e-08
0.008909491
3.412981e-08
0.008909505
2.717509e-08
0.008909516
2.015567e-08
0.008909523
1.310556e-08
6.074639e-09
0.008903242
1.299423e-06
0.008903241
3.87746e-07
0.008903309
9.901389e-08
0.008903329
1.203647e-07
0.008903359
8.808386e-08
0.008903396
5.735687e-08
0.008903432
4.783837e-08
0.00890347
4.45002e-08
0.008903509
4.267567e-08
0.00890355
4.249543e-08
0.008903593
4.342156e-08
0.008903638
4.489748e-08
0.008903685
4.666018e-08
0.008903735
4.85906e-08
0.008903786
5.059674e-08
0.00890384
5.262303e-08
0.008903896
5.463163e-08
0.008903954
5.659891e-08
0.008904014
5.850914e-08
0.008904076
6.035057e-08
0.008904139
6.211744e-08
0.008904205
6.380391e-08
0.008904272
6.540916e-08
0.00890434
6.693062e-08
0.00890441
6.837002e-08
0.008904481
6.972677e-08
0.008904554
7.100384e-08
0.008904627
7.22019e-08
0.008904702
7.33244e-08
0.008904778
7.437279e-08
0.008904855
7.53506e-08
0.008904933
7.62597e-08
0.008905011
7.710345e-08
0.008905091
7.788396e-08
0.008905171
7.860425e-08
0.008905252
7.926651e-08
0.008905333
7.987335e-08
0.008905415
8.04269e-08
0.008905497
8.092935e-08
0.00890558
8.138268e-08
0.008905664
8.178865e-08
0.008905747
8.214903e-08
0.008905831
8.246512e-08
0.008905916
8.273848e-08
0.008906
8.296996e-08
0.008906085
8.316084e-08
0.00890617
8.331156e-08
0.008906255
8.342308e-08
0.00890634
8.349543e-08
0.008906425
8.352928e-08
0.00890651
8.352424e-08
0.008906595
8.348064e-08
0.00890668
8.339771e-08
0.008906765
8.327543e-08
0.008906849
8.311265e-08
0.008906934
8.2909e-08
0.008907018
8.266294e-08
0.008907102
8.237374e-08
0.008907185
8.203948e-08
0.008907269
8.165908e-08
0.008907351
8.123024e-08
0.008907434
8.075152e-08
0.008907516
8.022026e-08
0.008907597
7.963466e-08
0.008907677
7.899173e-08
0.008907757
7.828934e-08
0.008907836
7.752417e-08
0.008907914
7.66938e-08
0.008907992
7.579463e-08
0.008908068
7.482401e-08
0.008908144
7.377814e-08
0.008908218
7.265418e-08
0.008908291
7.144821e-08
0.008908363
7.015736e-08
0.008908433
6.87777e-08
0.008908502
6.730643e-08
0.008908569
6.573978e-08
0.008908635
6.407522e-08
0.008908699
6.230933e-08
0.008908761
6.044001e-08
0.008908821
5.846446e-08
0.008908879
5.638128e-08
0.008908935
5.418848e-08
0.008908988
5.188564e-08
0.008909039
4.947188e-08
0.008909088
4.694802e-08
0.008909134
4.431457e-08
0.008909177
4.157383e-08
0.008909217
3.872798e-08
0.008909255
3.578104e-08
0.008909289
3.273708e-08
0.00890932
2.960202e-08
0.008909348
2.638217e-08
0.008909373
2.308585e-08
0.008909394
1.972279e-08
0.008909412
1.630597e-08
0.008909426
1.285301e-08
0.008909437
9.395566e-09
0.008909444
5.977849e-09
2.76149e-09
0.00890432
0.008904709
0.008904809
0.008904931
0.00890502
0.008905078
0.008905127
0.008905171
0.008905214
0.008905257
0.0089053
0.008905345
0.008905392
0.00890544
0.008905491
0.008905543
0.008905598
0.008905654
0.008905713
0.008905773
0.008905835
0.008905899
0.008905964
0.008906031
0.008906099
0.008906169
0.00890624
0.008906312
0.008906385
0.00890646
0.008906535
0.008906611
0.008906688
0.008906766
0.008906845
0.008906924
0.008907004
0.008907084
0.008907165
0.008907246
0.008907328
0.00890741
0.008907493
0.008907575
0.008907658
0.008907742
0.008907825
0.008907908
0.008907992
0.008908075
0.008908159
0.008908242
0.008908326
0.008908409
0.008908492
0.008908575
0.008908657
0.00890874
0.008908822
0.008908903
0.008908985
0.008909065
0.008909146
0.008909225
0.008909304
0.008909383
0.00890946
0.008909537
0.008909612
0.008909687
0.008909761
0.008909834
0.008909905
0.008909975
0.008910044
0.008910111
0.008910177
0.008910241
0.008910303
0.008910364
0.008910422
0.008910479
0.008910533
0.008910585
0.008910634
0.008910681
0.008910726
0.008910767
0.008910806
0.008910842
0.008910874
0.008910904
0.00891093
0.008910953
0.008910973
0.008910989
0.008911002
0.008911012
0.008911018
)
;

boundaryField
{
    topAir_top
    {
        type            symmetryPlane;
        value           uniform 0;
    }
    leftLet
    {
        type            calculated;
        value           nonuniform List<scalar> 
40
(
-0.008898893
-0.008899832
-0.008901225
-0.008901593
-0.008901808
-0.008902022
-0.008902201
-0.008902349
-0.008902482
-0.008902599
-0.008902704
-0.008902798
-0.008902884
-0.008902963
-0.008903035
-0.008903101
-0.008903162
-0.008903218
-0.008903271
-0.008903319
-0.008903364
-0.008903406
-0.008903444
-0.00890348
-0.008903514
-0.008903545
-0.008903574
-0.0089036
-0.008903625
-0.008903648
-0.00890367
-0.008903691
-0.008903711
-0.008903731
-0.008903751
-0.008903776
-0.008903796
-0.008903842
-0.008903829
-0.008903019
)
;
    }
    rightLet
    {
        type            calculated;
        value           nonuniform List<scalar> 
40
(
0.008565475
0.008911074
0.008917281
0.008916459
0.008915592
0.008915017
0.008914418
0.008913987
0.008913559
0.008913215
0.008912882
0.008912604
0.008912332
0.008912103
0.008911876
0.008911684
0.00891149
0.008911328
0.008911163
0.008911025
0.008910883
0.008910765
0.008910644
0.008910543
0.008910439
0.008910353
0.008910265
0.008910192
0.008910118
0.008910056
0.008909994
0.008909941
0.008909887
0.008909839
0.008909784
0.00890973
0.008909648
0.008909526
0.008909447
0.00891102
)
;
    }
    frontAndBack
    {
        type            empty;
        value           nonuniform 0();
    }
    topAir_to_wall
    {
        type            calculated;
        value           uniform 0;
    }
}


// ************************************************************************* //
