/*--------------------------------*- C++ -*----------------------------------*\
| =========                 |                                                 |
| \\      /  F ield         | OpenFOAM: The Open Source CFD Toolbox           |
|  \\    /   O peration     | Version:  2.3.0                                 |
|   \\  /    A nd           | Web:      www.OpenFOAM.org                      |
|    \\/     M anipulation  |                                                 |
\*---------------------------------------------------------------------------*/
FoamFile
{
    version     2.0;
    format      ascii;
    class       volScalarField;
    location    "0.2";
    object      CH4;
}
// * * * * * * * * * * * * * * * * * * * * * * * * * * * * * * * * * * * * * //

dimensions      [0 0 0 0 0 0 0];

internalField   nonuniform List<scalar> 
5835
(
0.15609999
0.15609986
0.15609841
0.15608765
0.1561
0.1561
0.15609999
0.15609997
0.1561
0.1561
2.2586463e-51
1.0239537e-51
5.4684035e-52
1.3866709e-51
4.0172721e-51
1.55662e-49
6.2465182e-50
3.0858128e-50
8.6879878e-50
2.864842e-49
9.0155946e-48
3.3594066e-48
1.6306231e-48
5.0520122e-48
1.7760774e-47
4.8105687e-46
1.7176514e-46
8.5731824e-47
2.8665693e-46
1.0517545e-45
0.1561
0.1561
0.1561
0.1561
0.1561
0.1561
0.1561
0.1561
0.1561
0.1561
0.1561
0.1561
0.1561
0.1561
0.1561
0.1561
0.1561
0.1561
0.1561
0.1561
0.1561
0.1561
0.1561
0.1561
0.1561
0.1561
0.1561
0.1561
0.1561
0.1561
0.1561
0.1561
0.1561
0.1561
0.1561
0.1561
0.1561
0.1561
0.1561
0.1561
0.1561
0.1561
0.1561
0.1561
0.1561
0.1561
0.1561
0.1561
0.1561
0.1561
0.1561
0.1561
0.1561
0.1561
0.1561
0.1561
0.1561
0.1561
0.1561
0.1561
0.1561
0.1561
0.1561
0.1561
0.1561
0.1561
0.1561
0.1561
0.1561
0.1561
0.1561
0.1561
0.1561
0.1561
0.1561
0.1561
0.1561
0.1561
0.1561
0.1561
0.1561
0.1561
0.1561
0.1561
0.1561
0.1561
0.1561
0.1561
0.1561
0.1561
2.4449286e-44
8.561714e-45
4.560336e-45
1.6322453e-44
6.0998742e-44
1.2037759e-42
4.2306479e-43
2.4689021e-43
9.3297645e-43
3.5106716e-42
5.813339e-41
2.0780136e-41
1.3532793e-41
5.3423471e-41
2.0146762e-40
2.7708945e-39
1.0171739e-39
7.488079e-40
3.0656072e-39
1.1547452e-38
1.3076979e-37
4.9715311e-38
4.1712318e-38
1.7601222e-37
6.6176721e-37
6.1197947e-36
2.429351e-36
2.3348346e-36
1.010524e-35
3.7925097e-35
2.8408115e-34
1.1880456e-34
1.311585e-34
5.8004425e-34
2.1736225e-33
1.3073108e-32
5.8194826e-33
7.3877574e-33
3.3290428e-32
1.2462032e-31
5.9565609e-31
2.8570088e-31
4.1703394e-31
1.9110611e-30
7.1506553e-30
2.6817413e-29
1.4063965e-29
2.3583426e-29
1.0977346e-28
4.1087164e-28
1.1896593e-27
6.9420483e-28
1.335386e-27
6.3121075e-27
2.3655249e-26
5.1794565e-26
3.4322138e-26
7.5615544e-26
3.6334209e-25
1.3651742e-24
2.2000295e-24
1.6937899e-24
4.2691651e-24
2.0916647e-23
7.8974744e-23
9.0342486e-23
8.2806889e-23
2.3885049e-22
1.2007663e-21
4.5777137e-21
3.5352874e-21
3.9528484e-21
1.3086956e-20
6.8311259e-20
2.6568768e-19
1.2882301e-19
1.7961606e-19
6.8697099e-19
3.7974048e-18
1.5356572e-17
4.2092426e-18
7.4459853e-18
3.3170735e-17
1.980031e-16
8.8724321e-16
1.1571801e-16
2.6246752e-16
1.3572889e-15
8.8826393e-15
7.3323395e-14
2.3666459e-15
6.9680435e-15
4.5022167e-14
1.9282718e-13
1.118356e-11
2.51048e-14
8.7405123e-14
3.0890068e-12
3.11979e-10
2.0541701e-08
2.4012369e-13
2.9841775e-11
3.7912353e-09
4.6832615e-07
3.847188e-05
4.6696852e-14
4.6673455e-14
4.6665e-14
4.6740073e-14
4.5772548e-14
4.5736684e-14
4.565548e-14
4.5519322e-14
4.7010897e-14
4.705014e-14
4.7111124e-14
4.7110675e-14
4.789452e-14
4.7927863e-14
4.8007286e-14
4.8140291e-14
4.8074209e-14
4.8111562e-14
4.8196849e-14
4.833657e-14
4.7373899e-14
4.7398017e-14
4.7455639e-14
4.7562643e-14
4.6794662e-14
4.6740687e-14
4.6622024e-14
4.6444436e-14
4.81243e-14
4.809862e-14
4.8038684e-14
4.7949229e-14
4.9763639e-14
4.979871e-14
4.9877881e-14
5.0021104e-14
5.02167e-14
5.0193414e-14
5.0144417e-14
5.0076238e-14
5.0859416e-14
5.0799142e-14
5.066398e-14
5.0455391e-14
5.252011e-14
5.246671e-14
5.2344905e-14
5.2152857e-14
5.4276587e-14
5.4247078e-14
5.4179287e-14
5.4070067e-14
5.5336173e-14
5.5317118e-14
5.5276867e-14
5.5219275e-14
5.5874355e-14
5.5827137e-14
5.572341e-14
5.5566524e-14
5.6950548e-14
5.6880518e-14
5.6724005e-14
5.6483167e-14
5.871533e-14
5.8642713e-14
5.8479033e-14
5.8225711e-14
6.0739431e-14
6.0677918e-14
6.0538508e-14
6.0322082e-14
6.2564828e-14
6.2516433e-14
6.2406704e-14
6.2236466e-14
6.401551e-14
6.3974916e-14
6.3884153e-14
6.3744836e-14
6.5122002e-14
6.5076186e-14
6.4975419e-14
6.4821136e-14
6.6100773e-14
6.6041211e-14
6.5912145e-14
6.571973e-14
6.7266923e-14
6.7183744e-14
6.7002859e-14
6.6731005e-14
6.8824347e-14
6.8725322e-14
6.8509041e-14
6.8182111e-14
7.0707993e-14
7.06024e-14
7.0372915e-14
7.0028802e-14
7.2964202e-14
7.282081e-14
7.2544432e-14
7.2200704e-14
7.6487709e-14
7.5598045e-14
7.443988e-14
7.4191921e-14
5.8952944e-14
1.0079682e-13
9.5001132e-14
9.161435e-14
1.2439398e-12
1.0697876e-12
7.629142e-13
4.6237173e-13
3.5503623e-11
3.0243052e-11
2.1031803e-11
1.220205e-11
9.8412963e-10
8.3025576e-10
5.6139999e-10
3.0954785e-10
2.6605013e-08
2.2230455e-08
1.4567829e-08
7.5295008e-09
6.9865955e-07
5.7856085e-07
3.6623347e-07
1.7370355e-07
1.7762548e-05
1.4597242e-05
8.9002402e-06
3.7406614e-06
0.00043708187
0.00035733539
0.00020960479
7.3312301e-05
0.002033925
0.0019072145
0.0016346018
0.0012418179
0.0037707129
0.0036297443
0.0033222061
0.0028642454
0.005538696
0.0053880197
0.005058143
0.0045632262
0.0073275357
0.0071676952
0.0068173073
0.006290506
0.0091519407
0.0089824703
0.0086107993
0.0080517781
0.011015295
0.010835317
0.010440554
0.0098468802
0.012919315
0.012727766
0.012307685
0.011676238
0.014865552
0.014661261
0.014213421
0.013540761
0.016855018
0.016636654
0.016158263
0.015440396
0.018898087
0.01866405
0.018151751
0.017383879
0.020995982
0.020744415
0.020194306
0.019370862
0.023150141
0.022878906
0.022286493
0.021401084
0.025363635
0.025070327
0.024430556
0.023476027
0.027652203
0.027333988
0.026640918
0.025608907
0.030006982
0.029660774
0.028907971
0.027789521
0.032444722
0.03206678
0.031246488
0.030030895
0.034969851
0.034555794
0.033658987
0.032333958
0.037586256
0.037130909
0.036147027
0.034698399
0.040297643
0.039794856
0.038711482
0.037122914
0.043107638
0.042550063
0.041352561
0.039605243
0.046020403
0.045399204
0.044070286
0.042142652
0.049059946
0.048363866
0.046881947
0.044747904
0.052209973
0.051425731
0.049766238
0.047397707
0.055496673
0.054607024
0.052739325
0.050103262
0.058905675
0.057888978
0.05577725
0.052838636
0.062490273
0.061313651
0.058907851
0.055622482
0.066350001
0.06495163
0.062166846
0.058469205
0.070801831
0.069029308
0.065670836
0.061427727
0.076670023
0.074143155
0.069717995
0.064610011
0.08489393
0.081160988
0.074819935
0.068189612
0.093562869
0.089242599
0.081106388
0.072305872
0.10033043
0.096068254
0.087464246
0.076872637
0.10576444
0.10159051
0.093029095
0.081595675
0.11043953
0.10628697
0.097796557
0.086088789
0.11461023
0.1104302
0.10195456
0.090160518
0.11842757
0.11419254
0.10568724
0.093858124
0.12191247
0.11760898
0.10904779
0.09719511
0.12510459
0.12072844
0.11209847
0.10021646
0.12805991
0.12361264
0.11490922
0.10298358
0.13076623
0.12625483
0.11748175
0.10550113
0.1332672
0.12870124
0.11986674
0.10782529
0.13555074
0.1309428
0.122059
0.10995748
0.13765598
0.13302022
0.12410029
0.11194212
0.13959321
0.1349455
0.12600203
0.11378905
0.14135329
0.1367117
0.12775882
0.115494
0.14296846
0.13835297
0.12940622
0.11709208
0.14444735
0.13987912
0.13095475
0.11859237
0.14579809
0.14129888
0.13241386
0.12000285
0.1470142
0.14260505
0.13377808
0.12132049
0.14812032
0.14382233
0.13507398
0.12257252
0.14912049
0.14495305
0.13630431
0.12376287
0.15002542
0.14600671
0.13747959
0.12490404
0.15084182
0.14698811
0.13860449
0.12600153
0.15157602
0.14790165
0.13968269
0.12705853
0.15223397
0.14875159
0.14071781
0.12807817
0.15281736
0.1495369
0.14170783
0.12905995
0.15333611
0.15026725
0.14266328
0.13001394
0.15379484
0.15094576
0.14358653
0.1309404
0.15419785
0.15157537
0.14448088
0.13184155
0.15454918
0.15215872
0.14535017
0.13272073
0.1548527
0.15269799
0.14619836
0.13358149
0.15511408
0.15319836
0.14703458
0.13442994
0.15533442
0.15365653
0.1478554
0.13525975
0.15551744
0.15407318
0.14866441
0.13607732
0.155667
0.15444894
0.14946531
0.13689475
0.15578704
0.15478453
0.15026094
0.1377313
0.15588091
0.15507888
0.15104709
0.13860205
0.15595222
0.15533118
0.1518166
0.13952698
0.15600518
0.15554426
0.15256947
0.14055061
0.15604264
0.15571767
0.15329339
0.14172349
0.15606779
0.15585334
0.15397382
0.14309125
0.15608364
0.155954
0.15458946
0.14467772
0.15609281
0.15602386
0.15512416
0.14652715
0.15609754
0.15606805
0.15556775
0.14877058
0.15609948
0.15609151
0.15590131
0.15156988
0.117377
0.11981955
0.12232437
0.12364371
0.12420194
0.12440595
0.12445595
0.1244021
0.12423688
0.12397743
0.12364767
0.12326233
0.1228172
0.12231345
0.12175483
0.12115678
0.12052041
0.1198416
0.11911798
0.11834942
0.11753914
0.11667908
0.11576799
0.11480503
0.11378832
0.11271197
0.11156256
0.11033701
0.10900996
0.10758373
0.10605397
0.10441405
0.1026299
0.10070513
0.098631919
0.096364492
0.09390209
0.091201472
0.08829
0.08516626
0.081853223
0.078390252
0.074760085
0.071084074
0.067560122
0.0642879
0.061280518
0.058482342
0.05581299
0.053209746
0.050643464
0.048105991
0.045581451
0.0430949
0.040636842
0.038230622
0.035865758
0.033546247
0.031275631
0.029056455
0.026890161
0.024776823
0.022704608
0.020684061
0.018702822
0.016759951
0.014856303
0.012992797
0.011161318
0.0093624562
0.0075955702
0.0058609233
0.0041613471
0.0024981899
0.00095010668
4.9321294e-05
2.4791605e-06
1.1633124e-07
5.1263186e-09
2.1449394e-10
8.6013796e-12
3.316426e-13
8.4182911e-14
7.3715566e-14
7.1939557e-14
6.974475e-14
6.7911364e-14
6.6507496e-14
6.5563124e-14
6.4689747e-14
6.3628072e-14
6.2093356e-14
6.0139655e-14
5.8012416e-14
5.6280792e-14
5.5436634e-14
5.5174856e-14
5.3971763e-14
5.1986452e-14
5.0279902e-14
5.0027236e-14
5.0176692e-14
4.7878459e-14
4.6304066e-14
4.7685002e-14
4.8465687e-14
4.8236221e-14
4.6948978e-14
4.5391075e-14
4.6919615e-14
1.9853427e-13
9.488595e-14
7.5079266e-14
5.318935e-14
4.9736759e-14
5.3907543e-14
4.3172021e-14
4.4792154e-14
5.4644072e-14
4.9857387e-14
4.7432322e-14
4.9205501e-14
5.2476584e-14
5.4722141e-14
5.3717073e-14
5.3110347e-14
5.4521666e-14
5.7112288e-14
5.9813394e-14
6.1940222e-14
6.2604968e-14
6.3647485e-14
6.3473782e-14
6.4013386e-14
6.5299271e-14
6.7399364e-14
7.0185082e-14
7.3440039e-14
7.9692661e-14
6.9259357e-14
1.2110192e-12
2.2641095e-11
3.9425554e-10
6.2840593e-09
8.9834172e-08
1.1265667e-06
1.1722635e-05
8.9345406e-05
0.00054040339
0.0016371052
0.0028621787
0.0041612519
0.005544593
0.0069392689
0.0083397804
0.0097382137
0.01112996
0.012513413
0.013892997
0.015255985
0.016606634
0.017940461
0.019252522
0.020537593
0.021790413
0.023007348
0.024192121
0.02533402
0.026440564
0.027503531
0.028529267
0.029512136
0.030440368
0.031293612
0.032037051
0.032635707
0.033089411
0.033426991
0.033673494
0.033842418
0.033931462
0.033930961
0.033840412
0.033665195
0.033417063
0.033098621
0.032713344
0.032256752
0.031723342
0.031116161
0.030423116
0.029636033
0.028750243
0.027775443
0.026692858
0.025495635
0.024185884
0.022759795
0.021180181
0.019475629
0.01764878
0.015668714
0.013510807
0.011155861
0.0086466104
0.0060523512
0.0033115306
0.00083045653
0.00048160927
0.00031874204
0.00017612822
6.5219045e-05
9.3359684e-06
4.2649066e-06
1.5313114e-06
3.2517038e-07
1.8160097e-08
4.4136492e-09
4.9240665e-10
7.3428983e-11
7.3147766e-14
3.2040378e-14
5.0484267e-14
4.8644051e-14
5.0176352e-14
5.0986341e-14
4.4617881e-14
4.5947579e-14
5.29194e-14
4.9793685e-14
4.8264666e-14
4.9973373e-14
5.2799403e-14
5.49196e-14
5.4155032e-14
5.4036037e-14
5.5573871e-14
5.8030371e-14
6.0491593e-14
6.2390411e-14
6.3222593e-14
6.4103239e-14
6.4275967e-14
6.5086803e-14
6.6582365e-14
6.8813252e-14
7.1783131e-14
7.5295814e-14
8.581347e-14
2.1100605e-13
4.396326e-12
8.7336022e-11
1.6232268e-09
2.7828124e-08
4.3221163e-07
5.9852246e-06
7.0756154e-05
0.00057875437
0.001710092
0.0030914325
0.0045314275
0.0060060978
0.0075157083
0.0090357983
0.010567411
0.012104831
0.013643635
0.015181546
0.01672492
0.018262208
0.019798644
0.021330033
0.022851177
0.024356225
0.025839232
0.027295516
0.028729017
0.030126126
0.031494451
0.032822997
0.034120224
0.035381573
0.036595976
0.037741493
0.038776104
0.039656863
0.040383977
0.04099124
0.04150797
0.041950861
0.042321704
0.042607889
0.04280768
0.042927466
0.042976401
0.042961106
0.042883411
0.042742237
0.042530556
0.042247727
0.041885881
0.041436146
0.040892511
0.040259238
0.039521612
0.03867056
0.037699507
0.036608332
0.035396059
0.03406728
0.032621631
0.031033862
0.029282345
0.027348356
0.025227536
0.022899959
0.020320726
0.017491086
0.014470836
0.011096408
0.0073563698
0.0033671927
0.00059605614
0.00036496435
0.00017530927
5.0171085e-05
3.6140264e-06
1.0649081e-06
1.2602753e-07
1.6573375e-08
5.2467816e-14
4.1809279e-14
4.5865635e-14
4.8114775e-14
4.9516367e-14
4.9322734e-14
4.5304576e-14
4.6949604e-14
5.1730333e-14
4.9810644e-14
4.8988822e-14
5.0697528e-14
5.3202903e-14
5.4969327e-14
5.4569795e-14
5.4827455e-14
5.6450783e-14
5.8794033e-14
6.1058684e-14
6.280988e-14
6.3744355e-14
6.4557496e-14
6.50111e-14
6.6044404e-14
6.7696301e-14
7.0028063e-14
7.3031133e-14
7.4925437e-14
9.4942704e-14
6.6539897e-13
1.4696385e-11
3.0910033e-10
6.1269872e-09
1.1299712e-07
1.9068575e-06
2.9233683e-05
0.00041523914
0.0015875924
0.0030187319
0.0045508026
0.006117713
0.0077095836
0.0093256036
0.010956714
0.012606948
0.014272123
0.015948494
0.017634352
0.019337673
0.021047051
0.022769043
0.024499957
0.026234765
0.027967496
0.029691778
0.031401965
0.033102562
0.034776547
0.036431328
0.038052263
0.039649337
0.041218857
0.042751382
0.044225459
0.045594543
0.046808106
0.047865569
0.048805356
0.049660986
0.050454484
0.051195623
0.051868272
0.052466025
0.052992853
0.053450611
0.053850009
0.054191149
0.054479696
0.054708136
0.054871874
0.054967985
0.05498481
0.054912121
0.054747069
0.054480028
0.054102012
0.053609969
0.053004669
0.052283959
0.051441569
0.05047568
0.049367699
0.048098958
0.046654598
0.045025766
0.043195259
0.041121588
0.03877979
0.036154439
0.033220807
0.029933451
0.026202967
0.021957901
0.017020994
0.011161044
0.0045175114
0.00043124736
0.00016444598
2.235339e-05
2.9622133e-06
4.8533373e-14
4.4482444e-14
4.5926592e-14
4.8322087e-14
4.9013707e-14
4.8386913e-14
4.5772331e-14
4.7507379e-14
5.0930624e-14
4.9876969e-14
4.9583345e-14
5.1302689e-14
5.3561543e-14
5.5032486e-14
5.494433e-14
5.5486445e-14
5.7167891e-14
5.9414795e-14
6.1530438e-14
6.3174505e-14
6.417152e-14
6.4982953e-14
6.5662921e-14
6.687239e-14
6.8631032e-14
7.0968806e-14
7.3433313e-14
7.4648995e-14
1.4944109e-13
1.9003488e-12
4.4079734e-11
9.7958042e-10
2.0709396e-08
4.1198562e-07
7.5644187e-06
0.0001232603
0.0011977536
0.0026694869
0.0042465428
0.0058756477
0.0075341603
0.0092181151
0.01092713
0.012657594
0.014415392
0.016197661
0.018001672
0.019826643
0.02168217
0.023556952
0.025459278
0.027386404
0.029334077
0.031296895
0.033268681
0.035243373
0.037226628
0.03919797
0.041164541
0.043107184
0.045036878
0.046950908
0.04884365
0.050699555
0.052475915
0.054121493
0.055636537
0.05706243
0.058433922
0.059781964
0.061135632
0.062476054
0.063782104
0.065041947
0.066234954
0.067375919
0.06846163
0.069511957
0.070521577
0.071478682
0.072387191
0.073228348
0.073982416
0.07463167
0.075173206
0.075595259
0.075898778
0.076083093
0.076142668
0.07606797
0.075853884
0.075486328
0.074943398
0.07420602
0.07325688
0.072072502
0.070603535
0.068812643
0.066680713
0.064195668
0.061332699
0.058020435
0.054148789
0.049528636
0.043968929
0.037026448
0.02799233
0.01581307
0.0029761625
0.00048914504
4.7289675e-14
4.5177636e-14
4.665781e-14
4.8322622e-14
4.8644256e-14
4.7874742e-14
4.6134158e-14
4.7791668e-14
5.0407619e-14
4.9967645e-14
5.0053538e-14
5.176959e-14
5.3840578e-14
5.5116158e-14
5.5266626e-14
5.6018176e-14
5.7737412e-14
5.9904948e-14
6.1909697e-14
6.3476001e-14
6.4514532e-14
6.5359756e-14
6.6218016e-14
6.756104e-14
6.9378577e-14
7.1596908e-14
7.3187842e-14
7.8594746e-14
2.0097521e-13
4.8133942e-12
1.1654002e-10
2.7167241e-09
6.0873149e-08
1.3152313e-06
2.7774028e-05
0.0005938014
0.0020325071
0.0036458863
0.0053087492
0.007008899
0.0087394277
0.010499127
0.012288218
0.014105344
0.015957845
0.017844083
0.019762495
0.021713344
0.023707892
0.025735196
0.027805624
0.029917885
0.03206919
0.03425554
0.036471907
0.038712864
0.04098634
0.043269248
0.045569174
0.047862339
0.050160919
0.052464683
0.054777949
0.057106406
0.059439848
0.061759257
0.064077974
0.066427826
0.068814992
0.0712626
0.073825091
0.076456692
0.079065604
0.081565917
0.083870809
0.085992976
0.087925361
0.089709096
0.091352234
0.092851084
0.09423387
0.095502654
0.096658921
0.097698453
0.098641272
0.099489483
0.10025459
0.10094137
0.10155008
0.10207954
0.10252911
0.10289966
0.10318379
0.1033775
0.10347834
0.10348205
0.103373
0.10313049
0.10274063
0.10218436
0.10142999
0.10041382
0.099049243
0.097215053
0.094773658
0.091413732
0.086505067
0.078810905
0.065636859
0.042769467
1.824522e-12
5.8393271e-12
5.1280809e-11
2.6361217e-10
5.2052011e-08
1.4313122e-07
1.5402502e-07
4.5135901e-07
3.9821542e-06
1.3174216e-05
2.8644141e-05
5.0256474e-05
9.7949665e-05
0.00042974724
0.00087075006
0.0017430389
0.0037864096
0.0059740665
0.0080289861
0.0099270858
0.011680469
0.01331428
0.014826151
0.01616849
0.017551203
0.018919587
0.020191521
0.021357798
0.022437124
0.023413954
0.024292741
0.025081404
0.025794851
0.026426387
0.026980982
0.02746448
0.027871874
0.028205538
0.028454578
0.028613626
0.028682696
0.028669534
0.028578032
0.02839596
0.028100759
0.027666691
0.027095117
0.026416529
0.025660124
0.024844561
0.023981481
0.023077707
0.022128903
0.021141518
0.020108567
0.019039228
0.017929825
0.016783256
0.015604317
0.014397597
0.013167784
0.011919701
0.010649755
0.0093742007
0.0080907685
0.0067975041
0.0054989148
0.0042054954
0.0029342913
0.0018651731
0.00094436514
0.00021454396
3.6803243e-05
4.9987061e-06
5.0760867e-07
4.238122e-08
3.0791385e-09
1.9952431e-10
1.1784725e-11
6.4617966e-13
8.1033317e-14
7.7429975e-14
7.2381869e-14
6.9083329e-14
6.6348943e-14
6.4349168e-14
6.3236776e-14
6.290385e-14
6.3359428e-14
6.2182988e-14
6.1673143e-14
5.9222056e-14
5.6432267e-14
5.3696716e-14
5.241935e-14
5.3397794e-14
5.3595687e-14
5.2614315e-14
4.8407681e-14
4.6705479e-14
4.9911723e-14
5.6286119e-14
4.646312e-14
4.3116967e-14
5.4050791e-14
5.0992554e-14
5.9614189e-14
2.1480513e-13
5.0135625e-13
1.0496003e-12
6.6687284e-33
4.8957304e-31
5.4754963e-30
3.8125383e-29
2.1857721e-28
1.093426e-27
4.9106284e-27
2.014885e-26
7.6358917e-26
2.6882623e-25
8.8592827e-25
2.7479273e-24
8.0422934e-24
2.2257679e-23
5.8403966e-23
1.4572145e-22
3.4591062e-22
7.8148733e-22
1.6816363e-21
3.4507683e-21
6.7563618e-21
1.2630407e-20
2.2534325e-20
3.8370956e-20
6.2353091e-20
9.6603014e-20
1.4277749e-19
2.0159744e-19
2.7285075e-19
3.5709147e-19
4.613207e-19
6.1152095e-19
8.7631235e-19
1.3945322e-18
2.4382774e-18
4.9271094e-18
1.6634643e-17
1.7071809e-16
8.0179444e-15
2.7092394e-13
4.564497e-32
3.0152901e-30
3.411315e-29
2.3740209e-28
1.3577784e-27
6.7762053e-27
3.0368507e-26
1.2437812e-25
4.706186e-25
1.6546166e-24
5.4466812e-24
1.6878295e-23
4.9359249e-23
1.3652197e-22
3.5806499e-22
8.9309104e-22
2.1195328e-21
4.787947e-21
1.0302775e-20
2.1143267e-20
4.1403798e-20
7.741938e-20
1.3817035e-19
2.3536623e-19
3.8265443e-19
5.9319177e-19
8.7743528e-19
1.2404531e-18
1.6829891e-18
2.2143788e-18
2.8976769e-18
3.9492665e-18
5.9501586e-18
1.0063223e-17
1.8209521e-17
3.3551629e-17
8.1762721e-17
6.8523033e-16
2.9635602e-14
7.9203592e-13
1.9923383e-31
1.2442873e-29
1.4227876e-28
9.8932528e-28
5.6353465e-27
2.8010545e-26
1.2508286e-25
5.1069808e-25
1.9272066e-24
6.7604431e-24
2.2212223e-23
6.872575e-23
2.0073626e-22
5.5468841e-22
1.4538152e-21
3.624466e-21
8.5996409e-21
1.9425129e-20
4.1804044e-20
8.5812993e-20
1.6811242e-19
3.1451734e-19
5.6169148e-19
9.5756189e-19
1.5582082e-18
2.41817e-18
3.5820183e-18
5.0749872e-18
6.9143217e-18
9.1828032e-18
1.2290033e-17
1.7604257e-17
2.9017319e-17
5.5455582e-17
1.1537831e-16
2.4414502e-16
6.2311455e-16
4.8089949e-15
2.2448116e-13
6.5655887e-12
7.2642716e-31
4.4489178e-29
5.1511603e-28
3.5771611e-27
2.0259176e-26
1.0011471e-25
4.447477e-25
1.8076284e-24
6.7948198e-24
2.3756822e-23
7.7840451e-23
2.4029742e-22
7.005997e-22
1.9332499e-21
5.0618132e-21
1.261088e-20
2.9910212e-20
6.7555682e-20
1.4540663e-19
2.985966e-19
5.8531197e-19
1.0958972e-18
1.9590125e-18
3.3434527e-18
5.4478379e-18
8.4676946e-18
1.2568346e-17
1.786042e-17
2.4470911e-17
3.291077e-17
4.5391804e-17
6.942954e-17
1.2829414e-16
2.8686961e-16
7.329368e-16
2.1024545e-15
8.4187054e-15
9.0896865e-14
4.6435609e-12
1.2898989e-10
2.4327325e-30
1.4816647e-28
1.7354008e-27
1.2025109e-26
6.7604344e-26
3.3157932e-25
1.4630434e-24
5.9110943e-24
2.2105572e-23
7.6950057e-23
2.5120464e-22
7.7312985e-22
2.2485976e-21
6.1930368e-21
1.6192328e-20
4.0302112e-20
9.5533545e-20
2.1573033e-19
4.6439897e-19
9.5407366e-19
1.8715257e-18
3.5075225e-18
6.2775922e-18
1.0729389e-17
1.7511796e-17
2.7272756e-17
4.0580365e-17
5.7874739e-17
7.9805461e-17
1.0883177e-16
1.5497247e-16
2.5323333e-16
5.2082909e-16
1.3464476e-15
4.2347319e-15
1.7313079e-14
1.2607315e-13
2.6594134e-12
1.8544831e-10
6.5149006e-09
7.7684218e-30
4.7343786e-28
5.598201e-27
3.8665767e-26
2.1545033e-25
1.0470724e-24
4.5815774e-24
1.8374399e-23
6.8272749e-23
2.3634823e-22
7.6795962e-22
2.3543537e-21
6.825839e-21
1.8752717e-20
4.893868e-20
1.2164515e-19
2.8811663e-19
6.5038625e-19
1.4001804e-18
2.8779008e-18
5.6499599e-18
1.0601e-17
1.9000542e-17
3.2530917e-17
5.3201187e-17
8.3048553e-17
1.239229e-16
1.7742968e-16
2.4625935e-16
3.402298e-16
4.9774646e-16
8.5384187e-16
1.8726301e-15
5.193313e-15
1.7770335e-14
8.1731542e-14
6.7903385e-13
1.5611631e-11
1.0158555e-09
2.6395493e-08
2.4102195e-29
1.472553e-27
1.7537777e-26
1.2059675e-25
6.6507305e-25
3.1976041e-24
1.3853313e-23
5.5068464e-23
2.0302645e-22
6.9811587e-22
2.2553422e-21
6.8809085e-21
1.9870388e-20
5.441767e-20
1.4166904e-19
3.5152632e-19
8.3165238e-19
1.8763037e-18
4.0392508e-18
8.3058546e-18
1.6320543e-17
3.0661177e-17
5.5044937e-17
9.4428006e-17
1.5478009e-16
2.4224943e-16
3.6259793e-16
5.212559e-16
7.2793832e-16
1.0170749e-15
1.5189963e-15
2.6871838e-15
6.0641928e-15
1.7064913e-14
5.8459648e-14
2.679947e-13
2.2386388e-12
5.3525834e-11
2.9301517e-09
4.59048e-08
7.336397e-29
4.4919401e-27
5.3763703e-26
3.6765008e-25
2.0040905e-24
9.5180619e-24
4.0766952e-23
1.6038828e-22
5.8592164e-22
1.9986338e-21
6.4123556e-21
1.944941e-20
5.5892805e-20
1.5247024e-19
3.9572488e-19
9.7970734e-19
2.314311e-18
5.2169931e-18
1.1228624e-17
2.3097552e-17
4.542533e-17
8.5455296e-17
1.5368757e-16
2.642158e-16
4.3416891e-16
6.8145519e-16
1.0233116e-15
1.4769323e-15
2.0742078e-15
2.9262758e-15
4.4476711e-15
8.0827347e-15
1.8766167e-14
5.3995638e-14
1.8808563e-13
8.8400372e-13
8.030163e-12
2.3955509e-10
1.1664619e-08
1.3557252e-07
2.1872741e-28
1.3444861e-26
1.6150897e-25
1.0972656e-24
5.9055646e-24
2.766837e-23
1.1699171e-22
4.5490144e-22
1.6443862e-21
5.5571345e-21
1.7685184e-20
5.3269116e-20
1.5219037e-19
4.131805e-19
1.0683276e-18
2.6373324e-18
6.2175849e-18
1.3999034e-17
3.0116244e-17
6.1962322e-17
1.2195872e-16
2.2974535e-16
4.139555e-16
7.1329363e-16
1.1752287e-15
1.8500754e-15
2.7872339e-15
4.0375187e-15
5.6962987e-15
8.09452e-15
1.247579e-14
2.3288505e-14
5.6439438e-14
1.7290012e-13
6.6406128e-13
3.7157898e-12
4.6196466e-11
2.0646935e-09
8.3149621e-08
8.6299822e-07
6.4939515e-28
3.9940574e-26
4.800962e-25
3.2365264e-24
1.7182466e-23
7.9325406e-23
3.3071921e-22
1.2692939e-21
4.5342753e-21
1.5162106e-20
4.7804258e-20
1.4282891e-19
4.0526357e-19
1.0939768e-18
2.8156193e-18
6.9260915e-18
1.6286394e-17
3.6608194e-17
7.8691043e-17
1.6189476e-16
3.1886424e-16
6.014569e-16
1.0857292e-15
1.8752366e-15
3.0981134e-15
4.8917614e-15
7.3925197e-15
1.0740303e-14
1.5190188e-14
2.162153e-14
3.338434e-14
6.2770041e-14
1.5553929e-13
4.9909901e-13
2.0838556e-12
1.362956e-11
2.1917658e-10
1.1782625e-08
3.0908196e-07
2.4878119e-06
1.9213951e-27
1.1789749e-25
1.4144813e-24
9.4519511e-24
4.9461167e-23
2.2480535e-22
9.2316405e-22
3.4932771e-21
1.23176e-20
4.0706374e-20
1.2699958e-19
3.7595528e-19
1.0582677e-18
2.8375839e-18
7.2631252e-18
1.7788782e-17
4.1693341e-17
9.3508498e-17
2.0074533e-16
4.1284165e-16
8.1346345e-16
1.5361536e-15
2.7779749e-15
4.8092097e-15
7.9671201e-15
1.2616675e-14
1.9120106e-14
2.7834094e-14
3.935009e-14
5.5655448e-14
8.4379378e-14
1.5359469e-13
3.6759976e-13
1.1536545e-12
4.8112261e-12
3.303629e-11
6.0516711e-10
2.7823609e-08
3.9030702e-07
1.5902436e-06
5.6654833e-27
3.4580909e-25
4.1311035e-24
2.7335213e-23
1.409124e-22
6.300983e-22
2.5465088e-21
9.4916387e-21
3.3001561e-20
1.0766697e-19
3.3202297e-19
9.7274189e-19
2.7134232e-18
7.2193648e-18
1.8359499e-17
4.473104e-17
1.044178e-16
2.3350624e-16
5.0037661e-16
1.0281813e-15
2.0260739e-15
3.8294931e-15
6.9364955e-15
1.2035198e-14
1.9991154e-14
3.174767e-14
4.8233542e-14
7.0295752e-14
9.9100824e-14
1.3836206e-13
2.0254577e-13
3.4461637e-13
7.5701813e-13
2.2094249e-12
8.8824817e-12
6.3351176e-11
1.3517968e-09
4.3763539e-08
3.0686935e-07
2.8362374e-07
1.6647147e-26
1.0077856e-24
1.1959213e-23
7.8278101e-23
3.9731427e-22
1.7469447e-21
6.9438026e-21
2.5474255e-20
8.72601e-20
2.8077456e-19
8.5495217e-19
2.4762874e-18
6.8377047e-18
1.8032531e-17
4.5515742e-17
1.1020976e-16
2.5600728e-16
5.7040051e-16
1.219249e-15
2.501823e-15
4.928068e-15
9.3196687e-15
1.6904184e-14
2.939004e-14
4.89431e-14
7.7938364e-14
1.1868771e-13
1.7310185e-13
2.431065e-13
3.3424e-13
4.6944375e-13
7.3415646e-13
1.434837e-12
3.7825889e-12
1.4654819e-11
1.1384811e-10
3.0248681e-09
6.6776549e-08
3.2400553e-07
6.1275195e-07
4.8748167e-26
2.9178067e-24
3.4310778e-23
2.2190157e-22
1.1084288e-21
4.7901242e-21
1.8716266e-20
6.7539916e-20
2.2776077e-19
7.2219408e-19
2.1693777e-18
6.205697e-18
1.6944739e-17
4.4247013e-17
1.1073245e-16
2.6619686e-16
6.1473542e-16
1.3634568e-15
2.904901e-15
5.9483367e-15
1.1705934e-14
2.213967e-14
4.0198526e-14
7.0016957e-14
1.1687856e-13
1.8661549e-13
2.848507e-13
4.1579133e-13
5.819802e-13
7.8919462e-13
1.0677776e-12
1.5419276e-12
2.6729888e-12
6.3656584e-12
2.4987985e-11
2.4628792e-10
8.9135955e-09
1.4833811e-07
7.568843e-07
3.129267e-06
1.4228779e-25
8.391649e-24
9.7536577e-23
6.2251314e-22
3.0585151e-21
1.2985517e-20
4.985251e-20
1.7686223e-19
5.8679702e-19
1.8322406e-18
5.4250403e-18
1.5312826e-17
4.130498e-17
1.0668418e-16
2.6443166e-16
6.3044999e-16
1.4459199e-15
3.1893691e-15
6.7668972e-15
1.3816981e-14
2.7146902e-14
5.1319563e-14
9.3234329e-14
1.626366e-13
2.7208676e-13
4.3556392e-13
6.6650076e-13
9.7419345e-13
1.3607345e-12
1.826773e-12
2.4040984e-12
3.2686007e-12
5.1594518e-12
1.1572813e-11
5.1518567e-11
7.7975837e-10
3.1950694e-08
3.8350913e-07
1.8056848e-06
7.4421614e-06
4.1173863e-25
2.3896162e-23
2.7398796e-22
1.7235344e-21
8.3239793e-21
3.4705298e-20
1.3085423e-19
4.5617697e-19
1.4882705e-18
4.5731954e-18
1.333704e-17
3.7114504e-17
9.880682e-17
2.5216975e-16
6.1839526e-16
1.460626e-15
3.3233057e-15
7.2825516e-15
1.5372193e-14
3.1270015e-14
6.1289482e-14
1.1573148e-13
2.1026188e-13
3.6717777e-13
6.1548145e-13
9.8779063e-13
1.5156388e-12
2.2204576e-12
3.099304e-12
4.1352133e-12
5.3444581e-12
6.9955581e-12
1.0455341e-11
2.3667138e-11
1.3494383e-10
3.2778929e-09
1.0882716e-07
9.1815023e-07
3.8662356e-06
1.7199289e-05
1.2004424e-24
6.8112363e-23
7.6677828e-22
4.7435521e-21
2.2498569e-20
9.2065638e-20
3.4076404e-19
1.1667958e-18
3.7412583e-18
1.1306969e-17
3.245726e-17
8.8979176e-17
2.3358318e-16
5.8847405e-16
1.4262546e-15
3.3336406e-15
7.5160705e-15
1.6344222e-14
3.4285419e-14
6.9410639e-14
1.3559127e-13
2.5553387e-13
4.6396182e-13
8.1067688e-13
1.3610831e-12
2.1895781e-12
3.3685444e-12
4.9451938e-12
6.9072454e-12
9.1893155e-12
1.1755346e-11
1.5027471e-11
2.1767347e-11
5.152461e-11
3.8693939e-10
1.3064385e-08
2.8415913e-07
1.7634348e-06
6.967518e-06
4.2959539e-05
3.5446572e-24
1.9482764e-22
2.1413915e-21
1.2995128e-20
6.046588e-20
2.4270451e-19
8.8145982e-19
2.9631505e-18
9.3337501e-18
2.7730527e-17
7.8306538e-17
2.11335e-16
5.4662626e-16
1.3581968e-15
3.2500541e-15
7.5090524e-15
1.6757004e-14
3.611743e-14
7.5204772e-14
1.5135424e-13
2.9436675e-13
5.5315024e-13
1.0028771e-12
1.7521923e-12
2.9452418e-12
4.7481731e-12
7.3247174e-12
1.0781881e-11
1.5086432e-11
2.0053445e-11
2.5480266e-11
3.1960792e-11
4.4709988e-11
1.0712535e-10
9.9568201e-10
3.5173457e-08
4.4623817e-07
1.8914348e-06
4.755755e-06
7.7622529e-05
1.0681638e-23
5.6106437e-22
5.9782898e-21
3.5483255e-20
1.6177225e-19
6.3653722e-19
2.2673602e-18
7.4800722e-18
2.3137235e-17
6.7545555e-17
1.875402e-16
4.9797803e-16
1.2682188e-15
3.1052774e-15
7.3296244e-15
1.6722271e-14
3.6893633e-14
7.8722085e-14
1.6250717e-13
3.2472827e-13
6.2803951e-13
1.1754353e-12
2.1259265e-12
3.7110681e-12
6.2414226e-12
1.0080475e-11
1.5593217e-11
2.3024479e-11
3.2301064e-11
4.2958212e-11
5.4327584e-11
6.6991387e-11
8.992495e-11
2.1200599e-10
2.4353676e-09
6.9517477e-08
5.1854062e-07
1.3589193e-06
6.8340491e-07
0.00011763639
3.3199866e-23
1.6343855e-21
1.6733502e-20
9.680611e-20
4.3186016e-19
1.6646516e-18
5.8128619e-18
1.8811945e-17
5.7117891e-17
1.637812e-16
4.4691395e-16
1.1669603e-15
2.9244071e-15
7.0511718e-15
1.6403033e-14
3.6917144e-14
8.043555e-14
1.6970431e-13
3.4686431e-13
6.8727723e-13
1.3200744e-12
2.4576166e-12
4.4289194e-12
7.7165458e-12
1.2975046e-11
2.0983847e-11
3.2544584e-11
4.8218646e-11
6.7872891e-11
9.0426004e-11
1.1405187e-10
1.3870693e-10
1.790017e-10
4.113567e-10
5.8114788e-09
1.125296e-07
5.4844981e-07
1.1037332e-06
9.5595365e-07
0.00016179249
1.0782627e-22
4.8462221e-21
4.7167311e-20
2.6494229e-19
1.154826e-18
4.3577019e-18
1.4910496e-17
4.7317279e-17
1.4096898e-16
3.9687362e-16
1.0638781e-15
2.7304488e-15
6.7293417e-15
1.5967136e-14
3.6578922e-14
8.1137947e-14
1.7439942e-13
3.6338694e-13
7.3444166e-13
1.4409437e-12
2.7446304e-12
5.0754184e-12
9.1008184e-12
1.5806082e-11
2.6542765e-11
4.2950876e-11
6.6766041e-11
9.9274948e-11
1.4030501e-10
1.8750339e-10
2.3642147e-10
2.8499449e-10
3.5693718e-10
8.0473168e-10
1.2797159e-08
1.5661412e-07
5.5237309e-07
9.7650888e-07
1.4089313e-06
0.000209142
3.7277824e-22
1.4781325e-20
1.3504933e-19
7.3345246e-19
3.1188626e-18
1.151313e-17
3.8582722e-17
1.2001291e-16
3.5069283e-16
9.6899593e-16
2.5507174e-15
6.4315743e-15
1.5580709e-14
3.6358675e-14
8.1966792e-14
1.7903762e-13
3.7924866e-13
7.7950265e-13
1.5557925e-12
3.0180395e-12
5.6918274e-12
1.0437604e-11
1.8591587e-11
3.2135589e-11
5.3816977e-11
8.7035589e-11
1.3550786e-10
2.0218229e-10
2.8706016e-10
3.8534243e-10
4.8706611e-10
5.8567856e-10
7.2319765e-10
1.6504229e-09
2.4387501e-08
1.8537633e-07
4.8828228e-07
6.78822e-07
1.9593253e-06
0.00025884685
1.3547213e-21
4.619336e-20
3.9255844e-19
2.055256e-18
8.5163822e-18
3.0736075e-17
1.0083516e-16
3.0730419e-16
8.8040325e-16
2.3865291e-15
6.1663794e-15
1.5269017e-14
3.6341915e-14
8.3360834e-14
1.8481791e-13
3.9722345e-13
8.2847533e-13
1.6779392e-12
3.3030391e-12
6.326299e-12
1.1794295e-11
2.141027e-11
3.7812562e-11
6.492334e-11
1.082259e-10
1.7463452e-10
2.7196759e-10
4.0689009e-10
5.8039124e-10
7.8328582e-10
9.9461012e-10
1.1996394e-09
1.4827176e-09
3.5032781e-09
3.8514447e-08
1.8476944e-07
3.3526944e-07
5.2038603e-08
2.5825323e-06
0.00030943418
5.1380034e-21
1.4862461e-19
1.1682375e-18
5.8846749e-18
2.373833e-17
8.3701089e-17
2.6864248e-16
8.0163097e-16
2.2502384e-15
5.9805308e-15
1.515893e-14
3.6839794e-14
8.6094635e-14
1.9399202e-13
4.2267956e-13
8.9317659e-13
1.8324954e-12
3.6531899e-12
7.083809e-12
1.337624e-11
2.4611091e-11
4.414378e-11
7.7140656e-11
1.3127215e-10
2.173124e-10
3.4906457e-10
5.4264881e-10
8.1270127e-10
1.1636706e-09
1.5790101e-09
2.0166776e-09
2.4500178e-09
3.0642995e-09
7.3054914e-09
5.2173468e-08
1.7010851e-07
2.3762059e-07
2.0145969e-08
3.312525e-06
0.00036391627
2.0062754e-20
4.9407582e-19
3.5936897e-18
1.7411173e-17
6.8325469e-17
2.351662e-16
7.3772163e-16
2.1533855e-15
5.917043e-15
1.540433e-14
3.8269288e-14
9.1198653e-14
2.0909094e-13
4.624025e-13
9.8924873e-13
2.0533024e-12
4.1396737e-12
8.1137659e-12
1.5477578e-11
2.8770642e-11
5.215271e-11
9.2247593e-11
1.5915047e-10
2.6776073e-10
4.3899263e-10
6.9995042e-10
1.0834204e-09
1.6188145e-09
2.3221313e-09
3.1642639e-09
4.0641544e-09
4.9863152e-09
6.3549829e-09
1.4325231e-08
6.3804635e-08
1.5475114e-07
1.9127209e-07
8.8035944e-08
1.4305698e-05
0.0014889411
7.9434626e-20
1.6983683e-18
1.1511753e-17
5.3725075e-17
2.0501043e-16
6.8807708e-16
2.1071632e-15
6.0089791e-15
1.6141784e-14
4.111189e-14
9.9981778e-14
2.3336187e-13
5.2427469e-13
1.1366434e-12
2.3849224e-12
4.856684e-12
9.6102866e-12
1.8495293e-11
3.4659443e-11
6.3325096e-11
1.1289667e-10
1.9653738e-10
3.3401414e-10
5.5416948e-10
8.9715358e-10
1.4150233e-09
2.1713421e-09
3.2274462e-09
4.6218504e-09
6.3065101e-09
8.1294916e-09
1.0076118e-08
1.3092446e-08
2.5855951e-08
7.4074822e-08
1.4469501e-07
1.7894162e-07
2.2316861e-07
3.2826423e-05
0.0031234937
3.1583734e-19
6.0317558e-18
3.8529038e-17
1.7366249e-16
6.4424305e-16
2.1062079e-15
6.2878155e-15
1.7491462e-14
4.5864896e-14
1.1410761e-13
2.71249e-13
6.1918279e-13
1.3611863e-12
2.889122e-12
5.9373953e-12
1.1846737e-11
2.2976945e-11
4.3359371e-11
7.9706247e-11
1.4291526e-10
2.5016455e-10
4.2781662e-10
7.1469802e-10
1.1665109e-09
1.8595351e-09
2.8917369e-09
4.3829066e-09
6.4520158e-09
9.1813196e-09
1.2489421e-08
1.6098011e-08
2.0109254e-08
2.6379098e-08
4.2895437e-08
8.3147098e-08
1.3329788e-07
1.5552203e-07
4.1185135e-07
5.457344e-05
0.0047437449
1.2378831e-18
2.1824861e-17
1.3305722e-16
5.8095766e-16
2.095205e-15
6.6658023e-15
1.9374422e-14
5.2500176e-14
1.3417629e-13
3.2559715e-13
7.5543103e-13
1.6840825e-12
3.6176467e-12
7.5070555e-12
1.5090695e-11
2.9464022e-11
5.5941278e-11
1.0338006e-10
1.8617935e-10
3.2716115e-10
5.6146779e-10
9.4176598e-10
1.5438147e-09
2.4739555e-09
3.8743837e-09
5.9242488e-09
8.8400732e-09
1.2835383e-08
1.806178e-08
2.4366226e-08
3.125635e-08
3.9172658e-08
5.0751834e-08
6.5491094e-08
8.8749986e-08
1.053206e-07
5.5970955e-08
6.5356175e-07
7.8535597e-05
0.0062733736
4.8250616e-18
8.0611056e-17
4.7329183e-16
2.0053788e-15
7.0292387e-15
2.174301e-14
6.1457549e-14
1.6201411e-13
4.0302686e-13
9.5256385e-13
2.1540081e-12
4.682915e-12
9.8160083e-12
1.9887317e-11
3.9051605e-11
7.45122e-11
1.3830852e-10
2.4997952e-10
4.4047122e-10
7.5755305e-10
1.2728907e-09
2.0910344e-09
3.3582809e-09
5.2746378e-09
8.0994496e-09
1.2150232e-08
1.7801104e-08
2.5405406e-08
3.5198102e-08
4.6850029e-08
5.9567122e-08
7.4579288e-08
9.2041409e-08
9.4833521e-08
9.5014352e-08
8.2096756e-08
6.8114791e-09
9.5521085e-07
0.00010471439
0.0077250887
1.7949292e-17
2.9067971e-16
1.6553299e-15
6.8191158e-15
2.3244608e-14
6.991804e-14
1.9218501e-13
4.928135e-13
1.192977e-12
2.7454709e-12
6.048633e-12
1.2819292e-11
2.6210205e-11
5.1824882e-11
9.9368706e-11
1.852129e-10
3.3597067e-10
5.9365216e-10
1.0230071e-09
1.7212463e-09
2.8302161e-09
4.5509312e-09
7.1562014e-09
1.1007996e-08
1.6558969e-08
2.4342941e-08
3.4964671e-08
4.8947445e-08
6.6564725e-08
8.7064963e-08
1.0937366e-07
1.3595616e-07
1.5392568e-07
1.3268342e-07
1.0632238e-07
7.2467884e-08
8.9817275e-09
1.3113998e-06
0.00013211707
0.0090689545
6.3471434e-17
1.0104425e-15
5.6005664e-15
2.244989e-14
7.4447361e-14
2.178084e-13
5.8232318e-13
1.4526838e-12
3.4223697e-12
7.6692135e-12
1.6461734e-11
3.4010061e-11
6.7823799e-11
1.3087379e-10
2.4500954e-10
4.4607483e-10
7.9070566e-10
1.3657957e-09
2.3015625e-09
3.7879544e-09
6.094159e-09
9.5900862e-09
1.4761316e-08
2.2230961e-08
3.2746425e-08
4.7148202e-08
6.63361e-08
9.097207e-08
1.211837e-07
1.5534697e-07
1.9249829e-07
2.3533231e-07
2.3869723e-07
1.813816e-07
1.2416458e-07
6.8946991e-08
1.2868608e-08
1.7198195e-06
0.00016029897
0.010309444
2.1335971e-16
3.3641574e-15
1.8171198e-14
7.0888022e-14
2.2872169e-13
6.5097774e-13
1.6931931e-12
4.1100359e-12
9.4251758e-12
2.0569365e-11
4.3021681e-11
8.6655256e-11
1.6857139e-10
3.1746795e-10
5.8034695e-10
1.0321765e-09
1.7880328e-09
3.0194081e-09
4.9759824e-09
8.0112972e-09
1.2611262e-08
1.9422215e-08
2.926236e-08
4.3143117e-08
6.2220301e-08
8.7715999e-08
1.2083318e-07
1.6219686e-07
2.1135699e-07
2.6529016e-07
3.2426783e-07
3.8385397e-07
3.4767239e-07
2.4240737e-07
1.4665443e-07
5.9264054e-08
1.7708566e-08
2.1757116e-06
0.00018877068
0.011453087
6.9113311e-16
1.0815868e-14
5.6907149e-14
2.1595819e-13
6.7784893e-13
1.8768263e-12
4.7495298e-12
1.1219263e-11
2.5045776e-11
5.3235256e-11
1.0849775e-10
2.1306264e-10
4.0430196e-10
7.4311604e-10
1.3264323e-09
2.3044821e-09
3.9010972e-09
6.4399578e-09
1.037837e-08
1.6344052e-08
2.5172044e-08
3.7934829e-08
5.5936144e-08
8.07196e-08
1.1394795e-07
1.5723419e-07
2.1195652e-07
2.7825868e-07
3.5432457e-07
4.3562976e-07
5.2525838e-07
5.8737925e-07
4.8309359e-07
3.1675415e-07
1.6980245e-07
2.6033887e-08
2.3444162e-08
2.678801e-06
0.00021759706
0.012519788
2.1041125e-15
3.2664877e-14
1.6738265e-13
6.1805987e-13
1.8882957e-12
5.0900737e-12
1.2543214e-11
2.8859091e-11
6.2771239e-11
1.3005479e-10
2.5849514e-10
4.9527991e-10
9.1743469e-10
1.6468808e-09
2.8722256e-09
4.8775877e-09
8.0737629e-09
1.3036993e-08
2.0556868e-08
3.1683154e-08
4.7765324e-08
7.0472951e-08
1.0174572e-07
1.4376749e-07
1.9871959e-07
2.6845568e-07
3.5414771e-07
4.5464058e-07
5.6575751e-07
6.8267236e-07
8.1015609e-07
8.4047718e-07
6.4398791e-07
4.0559944e-07
1.9996016e-07
1.870031e-09
3.0287204e-08
3.2185094e-06
0.00024575094
0.013493373
6.032183e-15
9.2681839e-14
4.6226925e-13
1.6609489e-12
4.9414656e-12
1.2976413e-11
3.1162382e-11
6.9891227e-11
1.4824225e-10
2.996377e-10
5.8126521e-10
1.0874765e-09
1.9678558e-09
3.4524556e-09
5.887261e-09
9.7789055e-09
1.5838078e-08
2.5031401e-08
3.8642581e-08
5.8322951e-08
8.611964e-08
1.2446468e-07
1.7603998e-07
2.4368483e-07
3.2995117e-07
4.3653765e-07
5.6369498e-07
7.0783117e-07
8.6190019e-07
1.0237581e-06
1.1881518e-06
1.1357354e-06
8.3043409e-07
5.1109679e-07
2.4285937e-07
2.0265285e-09
3.8382104e-08
3.7857722e-06
0.00027291164
0.014377876
1.6489898e-14
2.4957778e-13
1.2100066e-12
4.2289431e-12
1.2252963e-11
3.1358804e-11
7.3428766e-11
1.6063877e-10
3.3247251e-10
6.5602819e-10
1.2428748e-09
2.2718747e-09
4.0184561e-09
6.8941884e-09
1.1500808e-08
1.8694692e-08
2.9640583e-08
4.5873182e-08
6.9365501e-08
1.0256893e-07
1.4840511e-07
2.1019059e-07
2.9135898e-07
3.9526208e-07
5.2444099e-07
6.7973057e-07
8.5941159e-07
1.0562903e-06
1.2614873e-06
1.4787051e-06
1.6542007e-06
1.4693205e-06
1.0437562e-06
6.3463613e-07
2.9547134e-07
2.6925918e-09
4.7520993e-08
4.3705026e-06
0.00029894208
0.015182077
4.2299764e-14
6.2830537e-13
2.9595571e-12
1.006443e-11
2.8417745e-11
7.0942067e-11
1.6213217e-10
3.4633993e-10
7.0021366e-10
1.3502195e-09
2.5008762e-09
4.4709977e-09
7.7376819e-09
1.2993931e-08
2.122513e-08
3.3794583e-08
5.2499594e-08
7.9633094e-08
1.1804607e-07
1.71154e-07
2.4285695e-07
3.3735844e-07
4.586779e-07
6.1030856e-07
7.9412589e-07
1.0091184e-06
1.2504539e-06
1.5068737e-06
1.7708891e-06
2.0501155e-06
2.1838506e-06
1.8323422e-06
1.2799837e-06
7.7266304e-07
3.5050674e-07
3.4845504e-09
5.8154787e-08
5.0188782e-06
0.00032523923
0.015897122
1.0300848e-13
1.4940867e-12
6.8308698e-12
2.2601943e-11
6.2215399e-11
1.5159121e-10
3.3839467e-10
7.0642493e-10
1.3963402e-09
2.6335968e-09
4.7730098e-09
8.3526232e-09
1.4155101e-08
2.3285705e-08
3.7273055e-08
5.8172907e-08
8.8610481e-08
1.3182501e-07
1.9170585e-07
2.7273347e-07
3.7978419e-07
5.1779729e-07
6.9101016e-07
9.0245182e-07
1.1524451e-06
1.437036e-06
1.7474748e-06
2.0694946e-06
2.4016761e-06
2.7388679e-06
2.7573734e-06
2.2226247e-06
1.5368096e-06
9.1899765e-07
3.9223433e-07
4.8379195e-09
1.3556166e-07
1.1120188e-05
0.00069747557
0.016542547
2.3546709e-13
3.3262184e-12
1.4761961e-11
4.7555745e-11
1.2772362e-10
3.0403951e-10
6.6361964e-10
1.3553394e-09
2.6221463e-09
4.8426863e-09
8.5973929e-09
1.4743113e-08
2.4492115e-08
3.9509583e-08
6.2036577e-08
9.5003239e-08
1.4203243e-07
2.074436e-07
2.9623744e-07
4.1393582e-07
5.6622793e-07
7.5844703e-07
9.9447941e-07
1.2761115e-06
1.6011618e-06
1.961872e-06
2.3456689e-06
2.7381392e-06
3.146298e-06
3.5084387e-06
3.3471694e-06
2.6284453e-06
1.8030864e-06
1.0566884e-06
3.8679989e-07
6.7865789e-09
3.0829039e-07
2.4049653e-05
0.0014421895
0.017113276
5.1120058e-13
7.0086301e-12
3.018517e-11
9.4709643e-11
2.4833311e-10
5.7795618e-10
1.2344733e-09
2.4687596e-09
4.6791338e-09
8.4696271e-09
1.4742747e-08
2.4796104e-08
4.0415801e-08
6.3988702e-08
9.8641223e-08
1.4834682e-07
2.1785761e-07
3.126394e-07
4.3877852e-07
6.0268513e-07
8.1054394e-07
1.067576e-06
1.3766026e-06
1.7373191e-06
2.144201e-06
2.5853386e-06
3.0456093e-06
3.5145508e-06
4.0032727e-06
4.3309038e-06
3.9445191e-06
3.043645e-06
2.0681423e-06
1.1641041e-06
2.8660525e-07
8.4472066e-09
5.2768505e-07
3.8996717e-05
0.0022192373
0.017599012
1.0531954e-12
1.398012e-11
5.8446699e-11
1.787333e-10
4.5790818e-10
1.0428798e-09
2.1818999e-09
4.2769119e-09
7.9493468e-09
1.4116833e-08
2.4116798e-08
3.9823189e-08
6.3746463e-08
9.9151343e-08
1.5020067e-07
2.2203623e-07
3.2059959e-07
4.5246997e-07
6.2467063e-07
8.4420698e-07
1.1173007e-06
1.4484355e-06
1.8386028e-06
2.284645e-06
2.7772014e-06
3.3006446e-06
3.8397354e-06
4.3913764e-06
4.9515782e-06
5.1666743e-06
4.5385902e-06
3.4585006e-06
2.3219869e-06
1.2330596e-06
9.5453285e-08
9.5623098e-09
7.7587079e-07
5.4435562e-05
0.0029479198
0.017996188
2.0476548e-12
2.6317044e-11
1.0693481e-10
3.1911857e-10
7.997981e-10
1.7846222e-09
3.6616203e-09
7.0433579e-09
1.2853068e-08
2.2419599e-08
3.7634129e-08
6.1081113e-08
9.613243e-08
1.4705734e-07
2.1915749e-07
3.1879679e-07
4.5307238e-07
6.295322e-07
8.5586779e-07
1.1392712e-06
1.4854541e-06
1.8975053e-06
2.3738976e-06
2.9081042e-06
3.4869401e-06
4.0922883e-06
4.7118312e-06
5.3498831e-06
5.9496931e-06
5.9790045e-06
5.1164882e-06
3.8644291e-06
2.5684613e-06
1.3091237e-06
1.3292825e-08
1.2229889e-08
1.0418604e-06
6.9571917e-05
0.003602591
0.01830675
3.7979798e-12
4.7230694e-11
1.8668832e-10
5.4420487e-10
1.3355983e-09
2.9227025e-09
5.8867406e-09
1.1123269e-08
1.9949266e-08
3.4213988e-08
5.6489445e-08
9.0205922e-08
1.3972372e-07
2.1041922e-07
3.0879568e-07
4.4243623e-07
6.194872e-07
8.4823858e-07
1.1367002e-06
1.491774e-06
1.9180793e-06
2.4166783e-06
2.9829651e-06
3.6068135e-06
4.2717218e-06
4.9589376e-06
5.6620332e-06
6.3870663e-06
6.9726757e-06
6.7613582e-06
5.6789235e-06
4.2626322e-06
2.8131728e-06
1.4011645e-06
1.3722747e-08
1.6365891e-08
1.3217685e-06
8.4268757e-05
0.0041860342
0.018537406
6.7349019e-12
8.1059631e-11
3.1205595e-10
8.8960043e-10
2.1403003e-09
4.5982622e-09
9.1014034e-09
1.6911221e-08
2.9839552e-08
5.0370556e-08
8.18838e-08
1.2878106e-07
1.965159e-07
2.9163829e-07
4.2186622e-07
5.9593647e-07
8.2286711e-07
1.111393e-06
1.4694334e-06
1.9030904e-06
2.415321e-06
3.0046119e-06
3.6629085e-06
4.3765759e-06
5.126736e-06
5.8961211e-06
6.6854648e-06
7.4854268e-06
7.987715e-06
7.5096363e-06
6.2237762e-06
4.6503615e-06
3.0501404e-06
1.4829678e-06
1.5519068e-08
2.0970543e-08
1.6061951e-06
9.8051011e-05
0.0046898671
0.01868089
1.1446582e-11
1.3345336e-10
5.0107486e-10
1.3987344e-09
3.3028866e-09
6.9744837e-09
1.3580876e-08
2.4841232e-08
4.3169614e-08
7.1800923e-08
1.1504397e-07
1.7838332e-07
2.6844486e-07
3.9298154e-07
5.6089255e-07
7.8194891e-07
1.0658077e-06
1.4213036e-06
1.8558277e-06
2.3741727e-06
2.9771128e-06
3.6601268e-06
4.4115503e-06
5.2146376e-06
6.0494294e-06
6.9023158e-06
7.7801586e-06
8.6300112e-06
8.9720113e-06
8.2244514e-06
6.7490953e-06
5.021842e-06
3.2654459e-06
1.5219798e-06
1.6998993e-08
2.5804501e-08
1.8807826e-06
0.00011030538
0.0051009045
0.018721575
1.8698467e-11
2.1145735e-10
7.755326e-10
2.1226571e-09
4.9254118e-09
1.0234256e-08
1.9626936e-08
3.5379065e-08
6.0618084e-08
9.9443945e-08
1.5720858e-07
2.4057432e-07
3.5739264e-07
5.1661466e-07
7.2824712e-07
1.0029331e-06
1.350696e-06
1.7800971e-06
2.2975519e-06
2.9060588e-06
3.6037559e-06
4.3828147e-06
5.2280103e-06
6.1201574e-06
7.0397178e-06
7.9783216e-06
8.9431144e-06
9.8001917e-06
9.9145753e-06
8.9073014e-06
7.2512768e-06
5.366554e-06
3.4360043e-06
1.4721686e-06
1.7513772e-08
3.0584122e-08
2.1291576e-06
0.00012035509
0.005405481
0.018640859
2.9444798e-11
3.235291e-10
1.160838e-09
3.1194606e-09
7.1214642e-09
1.4576987e-08
2.7562259e-08
4.9013508e-08
8.2884449e-08
1.3425072e-07
2.0961165e-07
3.1688526e-07
4.6517708e-07
6.6460077e-07
9.2616319e-07
1.2611838e-06
1.6797518e-06
2.189767e-06
2.7962307e-06
3.4998998e-06
4.2959097e-06
5.172969e-06
6.1125525e-06
7.0939493e-06
8.0996308e-06
9.1267549e-06
1.016972e-05
1.097339e-05
1.0813096e-05
9.5586561e-06
7.7239187e-06
5.6687033e-06
3.5301816e-06
1.2758772e-06
1.617311e-08
3.5138655e-08
2.3468769e-06
0.00012823549
0.0056109977
0.018438392
4.4831893e-11
4.7950189e-10
1.6857814e-09
4.4535458e-09
1.0014516e-08
2.0215508e-08
3.7725329e-08
6.6248885e-08
1.106791e-07
1.7717274e-07
2.7347032e-07
4.0880664e-07
5.9354684e-07
8.3890462e-07
1.1567517e-06
1.5588627e-06
2.0550743e-06
2.6522332e-06
3.3535055e-06
4.1570112e-06
5.0546079e-06
6.0315335e-06
7.0664179e-06
8.1381306e-06
9.2326666e-06
1.0351266e-05
1.1453365e-05
1.2129238e-05
1.1668934e-05
1.0177007e-05
8.1584783e-06
5.9112358e-06
3.518963e-06
8.9119611e-07
1.2143958e-08
3.9369912e-08
2.529973e-06
0.00013392389
0.0057218683
0.018129185
6.6196426e-11
6.9053064e-10
2.3823019e-09
6.1950226e-09
1.3736728e-08
2.7374115e-08
5.0467747e-08
8.7602083e-08
1.4472115e-07
2.2916239e-07
3.4999074e-07
5.1780295e-07
7.4420871e-07
1.041436e-06
1.4220633e-06
1.8980796e-06
2.478739e-06
3.1694461e-06
3.971135e-06
4.8789471e-06
5.8812824e-06
6.9600374e-06
8.0916136e-06
9.2556085e-06
1.0442199e-05
1.1651452e-05
1.2780603e-05
1.3252765e-05
1.2484007e-05
1.0760229e-05
8.5494143e-06
6.0900228e-06
3.4121124e-06
3.8390236e-07
5.9371042e-09
4.3131142e-08
2.6734651e-06
0.0001372543
0.0057344733
0.017728842
9.5064714e-11
9.6907267e-10
3.2854253e-09
8.4196135e-09
1.8428939e-08
3.6288969e-08
6.6155754e-08
1.136064e-07
1.8574648e-07
2.911877e-07
4.4039268e-07
6.4535079e-07
9.1888272e-07
1.2741248e-06
1.7241844e-06
2.2810083e-06
2.9529297e-06
3.7435278e-06
4.6511348e-06
5.6676287e-06
6.7778692e-06
7.9606857e-06
9.1910398e-06
1.0450501e-05
1.173347e-05
1.3028759e-05
1.4132514e-05
1.4335439e-05
1.3260496e-05
1.1308928e-05
8.9018789e-06
6.2314003e-06
3.3031402e-06
6.5893342e-08
1.6749493e-09
4.6493579e-08
2.7826453e-06
0.00013880644
0.0056741843
0.017255503
1.3316275e-10
1.3289919e-09
4.4336235e-09
1.1209593e-08
2.424277e-08
4.721236e-08
8.5178153e-08
1.4482527e-07
2.3453014e-07
3.6426694e-07
5.4596035e-07
7.9300996e-07
1.1193973e-06
1.5390427e-06
2.0653873e-06
2.7100642e-06
3.4801399e-06
4.3769909e-06
5.3960047e-06
6.5255691e-06
7.7470175e-06
9.036517e-06
1.0368487e-05
1.17275e-05
1.3110643e-05
1.4478749e-05
1.5487649e-05
1.5374522e-05
1.4001535e-05
1.1826984e-05
9.2265462e-06
6.3628753e-06
3.2496353e-06
3.9033421e-08
1.3019284e-09
4.9458135e-08
2.8569616e-06
0.0001384603
0.0055476336
0.016722363
1.824622e-10
1.7860104e-09
5.8701847e-09
1.4656979e-08
3.1347076e-08
6.0424532e-08
1.0796648e-07
1.8188477e-07
2.9193599e-07
4.4954117e-07
6.6814415e-07
9.6256105e-07
1.347869e-06
1.8386302e-06
2.4484073e-06
3.1882329e-06
4.0635519e-06
5.0731646e-06
6.209197e-06
7.4563777e-06
8.7926262e-06
1.0191984e-05
1.1629287e-05
1.3092448e-05
1.4577103e-05
1.5991596e-05
1.6827187e-05
1.6371871e-05
1.4711483e-05
1.2318881e-05
9.5282695e-06
6.4801802e-06
3.1918579e-06
3.9725429e-08
1.3943248e-09
5.1911817e-08
2.8991065e-06
0.00013670199
0.0053724257
0.016139925
2.4575453e-10
2.361901e-09
7.6552458e-09
1.8890906e-08
3.99823e-08
7.6331972e-08
1.3516071e-07
2.2573787e-07
3.5931914e-07
5.4886268e-07
8.0939141e-07
1.1571418e-06
1.6082121e-06
2.17765e-06
2.8789078e-06
3.7221094e-06
4.7107021e-06
5.8405244e-06
7.1001339e-06
8.470477e-06
9.9262704e-06
1.1440116e-05
1.2988335e-05
1.4562155e-05
1.6146847e-05
1.7562631e-05
1.814924e-05
1.7340452e-05
1.5401139e-05
1.2791759e-05
9.8075742e-06
6.5659132e-06
3.0740836e-06
4.0123858e-08
1.4872526e-09
5.3789965e-08
2.9085123e-06
0.00013374876
0.0051562264
0.015508987
3.2534052e-10
3.0748334e-09
9.8379933e-09
2.4014033e-08
5.0333361e-08
9.523588e-08
1.6721585e-07
2.7703166e-07
4.375539e-07
6.6336035e-07
9.711012e-07
1.3784207e-06
1.9023435e-06
2.5582231e-06
3.3591481e-06
4.3140072e-06
5.4238653e-06
6.6812233e-06
8.070801e-06
9.5697126e-06
1.114978e-05
1.2782879e-05
1.4447391e-05
1.6136544e-05
1.7811992e-05
1.9162794e-05
1.9429408e-05
1.8267871e-05
1.6058712e-05
1.3232827e-05
1.0046862e-05
6.5892814e-06
2.845525e-06
3.8957161e-08
1.5443524e-09
5.4959531e-08
2.8807253e-06
0.00012912445
0.0048927248
0.014833347
4.2513319e-10
3.9540793e-09
1.2497129e-08
3.0191556e-08
6.2701532e-08
1.176356e-07
2.0490279e-07
3.3689126e-07
5.282069e-07
7.9512809e-07
1.1559731e-06
1.629766e-06
2.2343381e-06
2.9851373e-06
3.8945985e-06
4.9700112e-06
6.2096423e-06
7.602269e-06
9.1285319e-06
1.0761749e-05
1.247131e-05
1.4229256e-05
1.6016365e-05
1.7824373e-05
1.9567101e-05
2.0772207e-05
2.06757e-05
1.9167053e-05
1.669164e-05
1.3642168e-05
1.0235392e-05
6.5233434e-06
2.4640171e-06
3.5316486e-08
1.5423267e-09
5.5231443e-08
2.8056608e-06
0.0001228229
0.0045796021
0.01410737
5.4843345e-10
5.0252786e-09
1.5701697e-08
3.7567411e-08
7.7346641e-08
1.4395656e-07
2.4886957e-07
4.0624887e-07
6.3255622e-07
9.458464e-07
1.3661366e-06
1.9137862e-06
2.607291e-06
3.4619548e-06
4.4892408e-06
5.6944506e-06
7.0726238e-06
8.6084367e-06
1.0278254e-05
1.2051717e-05
1.3896352e-05
1.5785243e-05
1.7701295e-05
1.9626146e-05
2.1393119e-05
2.2367425e-05
2.1880931e-05
2.0033889e-05
1.7293223e-05
1.4008926e-05
1.0356255e-05
6.3442258e-06
1.9094874e-06
2.8611266e-08
1.463854e-09
5.4872799e-08
2.6609412e-06
0.00011508824
0.0042243952
0.013337739
7.0112449e-10
6.3320645e-09
1.9568661e-08
4.6387172e-08
9.4717886e-08
1.7494721e-07
3.0028016e-07
4.8681923e-07
7.5301655e-07
1.1187854e-06
1.6058722e-06
2.2359156e-06
3.0279091e-06
3.9967375e-06
5.1525321e-06
6.4981728e-06
8.025005e-06
9.7132156e-06
1.153473e-05
1.3455709e-05
1.5442391e-05
1.746912e-05
1.9519953e-05
2.1555325e-05
2.3283158e-05
2.3945865e-05
2.3054897e-05
2.0874356e-05
1.7863735e-05
1.4328532e-05
1.0401945e-05
6.0476733e-06
1.2168909e-06
1.9073083e-08
1.2895422e-09
5.2125918e-08
2.5066634e-06
0.00010528502
0.0038132184
0.01251909
8.8964273e-10
7.9223355e-09
2.4225819e-08
5.6917222e-08
1.1529838e-07
2.1140489e-07
3.6036176e-07
5.8038977e-07
8.920738e-07
1.3172663e-06
1.8794632e-06
2.6015036e-06
3.5026761e-06
4.5971249e-06
5.8932379e-06
7.3909905e-06
9.077533e-06
1.0928175e-05
1.2910297e-05
1.4986902e-05
1.7123683e-05
1.9296503e-05
2.1487144e-05
2.3610533e-05
2.521673e-05
2.5500961e-05
2.4200738e-05
2.1689589e-05
1.8402511e-05
1.4602471e-05
1.0385481e-05
5.6814783e-06
5.4069064e-07
8.924983e-09
1.0652456e-09
4.8377401e-08
2.2788461e-06
9.3813549e-05
0.0033547458
0.011654351
1.1219082e-09
9.8536868e-09
2.9824767e-08
6.9470183e-08
1.3964986e-07
2.5424888e-07
4.3051789e-07
6.8898862e-07
1.0525263e-06
1.5449974e-06
2.191651e-06
3.0164188e-06
4.0386364e-06
5.2713318e-06
6.7206812e-06
8.3832238e-06
1.0241387e-05
1.2265234e-05
1.4417574e-05
1.6658673e-05
1.8954338e-05
2.1281586e-05
2.3612331e-05
2.5782203e-05
2.717312e-05
2.7030633e-05
2.5322146e-05
2.2482315e-05
1.8914195e-05
1.4844917e-05
1.0347171e-05
5.3508028e-06
1.4833639e-07
2.6234879e-09
8.7407898e-10
4.3337008e-08
1.9961529e-06
8.0718605e-05
0.0028535753
0.010747559
1.4076663e-09
1.2195995e-08
3.6547853e-08
8.4419469e-08
1.6843923e-07
3.0456446e-07
5.1239668e-07
8.1498502e-07
1.237626e-06
1.8062648e-06
2.5478864e-06
3.487368e-06
4.6437918e-06
6.0286296e-06
7.6453156e-06
9.4863689e-06
1.1528948e-05
1.3737536e-05
1.6070429e-05
1.8485609e-05
2.0948992e-05
2.3437907e-05
2.5901492e-05
2.8053972e-05
2.9135909e-05
2.8536744e-05
2.6424178e-05
2.325781e-05
1.9407689e-05
1.5073832e-05
1.032011e-05
5.1039904e-06
7.4203186e-08
1.3228572e-09
7.4311658e-10
3.6843281e-08
1.6603523e-06
6.6013804e-05
0.0023099466
0.0098017058
1.7588605e-09
1.5033817e-08
4.4613841e-08
1.0220978e-07
2.0245545e-07
3.6362759e-07
6.0792428e-07
9.6113144e-07
1.4511282e-06
2.1059884e-06
2.9543855e-06
4.0219495e-06
5.3271438e-06
6.8793724e-06
8.6787268e-06
1.0713073e-05
1.2953742e-05
1.5359357e-05
1.7883887e-05
2.0483612e-05
2.3124557e-05
2.5780414e-05
2.8354263e-05
3.0404951e-05
3.1094956e-05
3.0023871e-05
2.7512917e-05
2.4022435e-05
1.9890991e-05
1.5297147e-05
1.0299078e-05
4.8814032e-06
7.2464774e-08
1.3030475e-09
6.0413983e-10
2.8936231e-08
1.2765337e-06
4.9924461e-05
0.0017303821
0.0088208991
2.1901712e-09
1.8470127e-08
5.4286777e-08
1.2337364e-07
2.4263649e-07
4.3294513e-07
7.1936085e-07
1.1306374e-06
1.6973843e-06
2.4498323e-06
3.4182583e-06
4.6287947e-06
6.0988465e-06
7.8351557e-06
9.8337989e-06
1.2077309e-05
1.4530636e-05
1.7146327e-05
1.9874266e-05
2.2669365e-05
2.5497345e-05
2.8320987e-05
3.0963375e-05
3.2813611e-05
3.3046526e-05
3.1498496e-05
2.8594975e-05
2.4782109e-05
2.0368701e-05
1.5513385e-05
1.0263788e-05
4.6302853e-06
7.1278437e-08
1.316786e-09
4.3501205e-10
1.9878506e-08
8.5814877e-07
3.298846e-05
0.0011311215
0.0078108364
2.7229835e-09
2.2650723e-08
6.5937648e-08
1.486573e-07
2.9029668e-07
5.1463165e-07
8.4988663e-07
1.3280361e-06
1.9825704e-06
2.8458834e-06
3.9497296e-06
5.3204244e-06
6.9737833e-06
8.9131905e-06
1.1129946e-05
1.3600515e-05
1.6282923e-05
1.9123514e-05
2.20684e-05
2.5070932e-05
2.8095604e-05
3.1080644e-05
3.3727784e-05
3.52734e-05
3.5001183e-05
3.2974881e-05
2.9681686e-05
2.5544756e-05
2.0844169e-05
1.5717758e-05
1.0196982e-05
4.3177966e-06
6.8818132e-08
1.3047826e-09
2.4446779e-10
1.0216787e-08
4.2832898e-07
1.6031236e-05
0.00053790614
0.0067696924
3.3765213e-09
2.7707703e-08
7.9897066e-08
1.7871064e-07
3.4655096e-07
6.1042989e-07
1.0020412e-06
1.5568243e-06
2.3112708e-06
3.2998934e-06
4.5557278e-06
6.1048665e-06
7.9609077e-06
1.0123093e-05
1.2577123e-05
1.5292654e-05
1.8220309e-05
2.130023e-05
2.4475175e-05
2.7696607e-05
3.0923369e-05
3.4046349e-05
3.661196e-05
3.7756832e-05
3.6951838e-05
3.4451747e-05
3.0772248e-05
2.6308733e-05
2.1313269e-05
1.5901333e-05
1.008391e-05
3.9308291e-06
6.473513e-08
1.2584766e-09
1.1555094e-10
3.9837714e-09
1.6043391e-07
5.7957648e-06
0.00018826065
0.0057260993
4.1825271e-09
3.3850236e-08
9.6682923e-08
2.1455053e-07
4.1315087e-07
7.2309915e-07
1.1798906e-06
1.8226815e-06
2.6910672e-06
3.8215863e-06
5.2482878e-06
6.9965371e-06
9.0769714e-06
1.1483794e-05
1.4196211e-05
1.7176313e-05
2.0366903e-05
2.3701973e-05
2.7120969e-05
3.057306e-05
3.4004348e-05
3.7223742e-05
3.9605009e-05
4.0266781e-05
3.8912384e-05
3.5941541e-05
3.1875082e-05
2.7078131e-05
2.1775074e-05
1.6057666e-05
9.9144548e-06
3.4666607e-06
5.8885962e-08
1.1736366e-09
8.5534416e-11
2.7008639e-09
1.1162608e-07
4.1913513e-06
0.00014399375
0.0046842492
5.1762608e-09
4.1309765e-08
1.1686196e-07
2.5727495e-07
4.919604e-07
8.5553081e-07
1.3876257e-06
2.1313591e-06
3.1294911e-06
4.4204212e-06
6.0388487e-06
8.0087901e-06
1.0337052e-05
1.3011798e-05
1.6004785e-05
1.9269809e-05
2.2741541e-05
2.6347947e-05
3.0024693e-05
3.3717656e-05
3.7346113e-05
4.0597106e-05
4.2682998e-05
4.2798712e-05
4.0887824e-05
3.7449058e-05
3.2992843e-05
2.7853107e-05
2.2227063e-05
1.6182326e-05
9.6869633e-06
2.9378589e-06
5.1390117e-08
1.0489858e-09
7.0916067e-11
2.1167491e-09
8.7083821e-08
3.2640118e-06
0.00011207105
0.0036288175
6.4012693e-09
5.0365099e-08
1.4110383e-07
3.0815877e-07
5.8510863e-07
1.0109752e-06
1.6298834e-06
2.4891182e-06
3.6346044e-06
5.1063447e-06
6.9392114e-06
9.1551182e-06
1.1756045e-05
1.4723017e-05
1.801937e-05
2.1589945e-05
2.5361126e-05
2.9255125e-05
3.3203271e-05
3.7143433e-05
4.0945688e-05
4.4141134e-05
4.5824002e-05
4.5350469e-05
4.2882136e-05
3.8977557e-05
3.4127132e-05
2.8633757e-05
2.2668308e-05
1.6274577e-05
9.4122788e-06
2.3731079e-06
4.268508e-08
8.9132793e-10
5.58235e-11
1.5531239e-09
6.3080827e-08
2.3413403e-06
7.9798259e-05
0.0025641464
7.9125516e-09
6.1363501e-08
1.7023033e-07
3.6874498e-07
6.9513874e-07
1.1932662e-06
1.9120657e-06
2.903163e-06
4.2155673e-06
5.8905131e-06
7.9624341e-06
1.0450243e-05
1.3349963e-05
1.6634304e-05
2.0257204e-05
2.4153958e-05
2.8242529e-05
3.2439077e-05
3.6670247e-05
4.0859131e-05
4.4792106e-05
4.7826722e-05
4.9011982e-05
4.7922936e-05
4.4899632e-05
4.0530367e-05
3.5280176e-05
2.9422043e-05
2.3102358e-05
1.6344058e-05
9.1076541e-06
1.8130705e-06
3.3488423e-08
7.1457618e-10
3.9121147e-11
9.603933e-10
3.8379428e-08
1.405422e-06
4.7376877e-05
0.0015074573
9.7914829e-09
7.4805294e-08
2.0541222e-07
4.4121798e-07
8.2563916e-07
1.4078075e-06
2.2417934e-06
3.3836863e-06
4.8854063e-06
6.7889134e-06
9.1274332e-06
1.1915807e-05
1.5142817e-05
1.8771588e-05
2.2745697e-05
2.6990433e-05
3.1415321e-05
3.5929748e-05
4.0454905e-05
4.4884827e-05
4.8883645e-05
5.1641344e-05
5.2250696e-05
5.0529952e-05
4.6953381e-05
4.2117685e-05
3.6460075e-05
3.0225485e-05
2.3538551e-05
1.6405742e-05
8.798518e-06
1.3033885e-06
2.4690934e-08
5.3778692e-10
2.2156352e-11
3.7889779e-10
1.4608805e-08
5.15553e-07
1.6717178e-05
0.00051020466
1.2135432e-08
9.1276934e-08
2.4799185e-07
5.2802615e-07
9.8053986e-07
1.6603766e-06
2.6270117e-06
3.9410324e-06
5.6569597e-06
7.8168008e-06
1.0451619e-05
1.3570933e-05
1.7154865e-05
2.1155643e-05
2.5505595e-05
3.0119715e-05
3.4899221e-05
3.9745941e-05
4.4570841e-05
4.9217215e-05
5.3193873e-05
5.5557953e-05
5.5533268e-05
5.3174084e-05
4.9047063e-05
4.3742981e-05
3.7670863e-05
3.1050194e-05
2.3987391e-05
1.6477766e-05
8.5149734e-06
8.8817518e-07
1.7230544e-08
3.8261803e-10
1.2054309e-11
1.007924e-10
3.6991992e-09
1.2390499e-07
3.7936032e-06
0.00010836051
1.5072762e-08
1.1152733e-07
2.9964382e-07
6.3216076e-07
1.1645485e-06
1.9577628e-06
3.0768782e-06
4.5868884e-06
6.5444321e-06
8.9906817e-06
1.1953378e-05
1.5435285e-05
1.940633e-05
2.3806522e-05
2.855614e-05
3.3559596e-05
3.8709212e-05
4.3899206e-05
4.9024099e-05
5.3841918e-05
5.7688808e-05
5.95524e-05
5.8854828e-05
5.5857052e-05
5.1183173e-05
4.540913e-05
3.8916757e-05
3.1903158e-05
2.4460352e-05
1.657774e-05
8.2816247e-06
5.9083358e-07
1.1713459e-08
2.646992e-10
7.5959531e-12
3.607988e-11
1.3553481e-09
4.7291338e-08
1.5475957e-06
4.8659861e-05
1.8775362e-08
1.3653405e-07
3.625136e-07
7.5739095e-07
1.3835058e-06
2.3082649e-06
3.6024239e-06
5.3351279e-06
7.5644365e-06
1.0329568e-05
1.3653552e-05
1.753078e-05
2.191936e-05
2.6745799e-05
3.1917706e-05
3.7328781e-05
4.2861503e-05
4.8402172e-05
5.3814845e-05
5.8736188e-05
6.2333601e-05
6.3606746e-05
6.2213414e-05
5.8581078e-05
5.3364385e-05
4.7119406e-05
4.0202553e-05
3.2791628e-05
2.4967704e-05
1.6718251e-05
8.1097644e-06
4.0353361e-07
8.1529607e-09
1.8699271e-10
5.0610866e-12
1.045134e-11
3.791129e-10
1.2829725e-08
4.0330535e-07
1.2002565e-05
2.3477061e-08
1.6759676e-07
4.3940369e-07
9.0856502e-07
1.6448208e-06
2.7222737e-06
4.2172904e-06
6.2027035e-06
8.7370385e-06
1.1856165e-05
1.5576772e-05
1.988308e-05
2.4719688e-05
2.999842e-05
3.5613788e-05
4.144883e-05
4.737529e-05
5.3267086e-05
5.8937763e-05
6.3872445e-05
6.7098073e-05
6.7710578e-05
6.5610412e-05
6.1349757e-05
5.5594338e-05
4.8877894e-05
4.1533483e-05
3.3722292e-05
2.5517025e-05
1.690556e-05
7.9980164e-06
2.9670174e-07
6.0929165e-09
1.4147038e-10
3.7256697e-12
2.371539e-12
8.0112632e-11
2.5976562e-09
7.7827979e-08
2.1961038e-06
2.9542788e-08
2.066744e-07
5.3449142e-07
1.0928795e-06
1.9594911e-06
3.2152668e-06
4.9419367e-06
7.2153097e-06
1.009311e-05
1.3606134e-05
1.7762799e-05
2.2535131e-05
2.785244e-05
3.3610697e-05
3.9690827e-05
4.5964352e-05
5.2292781e-05
5.853233e-05
6.441227e-05
6.9250105e-05
7.1985335e-05
7.1882112e-05
6.9067981e-05
6.418259e-05
5.7889296e-05
5.0698505e-05
4.2921751e-05
3.4705422e-05
2.6115126e-05
1.7143244e-05
7.9392215e-06
2.3906835e-07
4.9819122e-09
1.1692837e-10
3.0642564e-12
4.839567e-13
1.3446101e-11
4.1676072e-10
1.1886761e-08
3.1791467e-07
3.7413276e-08
2.5605694e-07
6.5252757e-07
1.3182906e-06
2.3393209e-06
3.8033386e-06
5.7969142e-06
8.3977825e-06
1.166122e-05
1.5610861e-05
2.0244636e-05
2.5520192e-05
3.1349768e-05
3.761249e-05
4.4175362e-05
5.0897223e-05
5.7629771e-05
6.4198076e-05
7.0213646e-05
7.4828683e-05
7.696775e-05
7.6111488e-05
7.2583054e-05
6.7078135e-05
6.0248687e-05
5.2581765e-05
4.4369029e-05
3.5743291e-05
2.6763322e-05
1.7430642e-05
7.9272437e-06
2.0975511e-07
4.4315473e-09
1.0506266e-10
2.7642545e-12
1.3566803e-13
1.8232181e-12
5.349505e-11
1.4334472e-09
3.5574973e-08
4.7693192e-08
3.1877044e-07
7.9966627e-07
1.5949457e-06
2.7991673e-06
4.5065108e-06
6.8075197e-06
9.7804016e-06
1.3475908e-05
1.7908032e-05
2.3061727e-05
2.8877953e-05
3.5250174e-05
4.2039882e-05
4.9100031e-05
5.6275802e-05
6.3405174e-05
7.0263746e-05
7.6318049e-05
8.0577764e-05
8.2031737e-05
8.0398247e-05
7.6158196e-05
7.0038703e-05
6.2674477e-05
5.4529698e-05
4.5877535e-05
3.6838047e-05
2.7463299e-05
1.776546e-05
7.9579451e-06
1.9695992e-07
4.2158193e-09
1.0090895e-10
2.6711715e-12
8.3702595e-14
2.0800228e-13
5.7003426e-12
1.4285656e-10
3.2744036e-09
6.1186922e-08
3.9873689e-07
9.8376545e-07
1.9356469e-06
3.3575863e-06
5.3495717e-06
8.0048368e-06
1.1400136e-05
1.5579132e-05
2.0543283e-05
2.6261792e-05
3.2656511e-05
3.9600443e-05
4.6936534e-05
5.4502443e-05
6.2130869e-05
6.9642043e-05
7.6729907e-05
8.2704214e-05
8.6477343e-05
8.7174379e-05
8.4748245e-05
7.9799893e-05
7.3069421e-05
6.5170659e-05
5.6545606e-05
4.7450047e-05
3.7991868e-05
2.8216419e-05
1.8147642e-05
8.0304127e-06
1.9489144e-07
4.2231471e-09
1.0200076e-10
2.7167426e-12
7.9863626e-14
6.2417224e-14
5.2496587e-13
1.2282028e-11
2.6053968e-10
7.9105755e-08
5.0165144e-07
1.2161246e-06
2.3587633e-06
4.0412687e-06
6.3684038e-06
9.4343171e-06
1.3311824e-05
1.8034341e-05
2.3587377e-05
2.9921263e-05
3.6936157e-05
4.4482963e-05
5.2385291e-05
6.0464042e-05
6.8540777e-05
7.6405386e-05
8.3639338e-05
8.9397105e-05
9.2556227e-05
9.2434113e-05
8.9199575e-05
8.3540502e-05
7.6196594e-05
6.7758458e-05
5.8646461e-05
4.9099758e-05
3.9214562e-05
2.9029931e-05
1.8581822e-05
8.1469576e-06
2.0143385e-07
4.4157416e-09
1.0755849e-10
2.8814311e-12
8.5417116e-14
6.8444049e-14
8.5499549e-14
9.331773e-13
1.8362723e-11
1.0287914e-07
6.3397185e-07
1.5092545e-06
2.884178e-06
4.8784562e-06
7.6000839e-06
1.1141747e-05
1.5569196e-05
2.0901828e-05
2.7105318e-05
3.4107735e-05
4.1784924e-05
4.9964157e-05
5.8449026e-05
6.7042482e-05
7.5551679e-05
8.3719436e-05
9.0990397e-05
9.638221e-05
9.8810389e-05
9.7818898e-05
9.376299e-05
8.7389298e-05
7.942749e-05
7.0443552e-05
6.083667e-05
5.0829667e-05
4.0506923e-05
2.9909588e-05
1.9072574e-05
8.3114592e-06
2.1706313e-07
4.8100033e-09
1.1808123e-10
3.180041e-12
9.4480282e-14
7.2205393e-14
7.3506851e-14
1.2611351e-13
1.1743743e-12
1.3424639e-07
8.0320549e-07
1.8773678e-06
3.5340581e-06
5.900107e-06
9.0846051e-06
1.3175731e-05
1.8228364e-05
2.4243509e-05
3.1162692e-05
3.8888137e-05
4.7268698e-05
5.6106249e-05
6.5182296e-05
7.4283794e-05
8.3200946e-05
9.1597155e-05
9.8771834e-05
0.00010364405
0.00010523835
0.00010333694
9.8447863e-05
9.1353795e-05
8.276763e-05
7.3230051e-05
6.3119547e-05
5.2642928e-05
4.1872683e-05
3.0857958e-05
1.9623894e-05
8.5283897e-06
2.444949e-07
5.4722842e-09
1.3530298e-10
3.6610385e-12
1.0714227e-13
1.3973745e-14
6.234447e-14
4.5116667e-14
1.3355281e-13
1.752405e-07
1.0178218e-06
2.33622e-06
4.3326378e-06
7.1396653e-06
1.0864711e-05
1.5587696e-05
2.1348147e-05
2.8123717e-05
3.5827103e-05
4.4330994e-05
5.345469e-05
6.2973081e-05
7.2643502e-05
8.2239208e-05
9.1521544e-05
0.00010004697
0.00010697314
0.00011117554
0.00011184736
0.00010900208
0.00010326745
9.5444622e-05
8.6225167e-05
7.612426e-05
6.5500234e-05
5.454436e-05
4.3317834e-05
3.1878424e-05
2.0240918e-05
8.8033466e-06
2.8899339e-07
6.5281459e-09
1.6246171e-10
4.4142356e-12
1.3043355e-13
5.0494884e-14
6.0674678e-14
6.5825215e-14
8.209958e-14
2.2852362e-07
1.2885194e-06
2.9055403e-06
5.3102384e-06
8.6391456e-06
1.2994527e-05
1.8443542e-05
2.5005139e-05
3.262803e-05
4.1190998e-05
5.0533367e-05
6.0442315e-05
7.0664226e-05
8.0930694e-05
9.0998823e-05
0.00010058576
0.0001091197
0.00011563206
0.00011901986
0.00011868842
0.00011486402
0.00010826494
9.9697808e-05
8.9829812e-05
7.9150531e-05
6.7998469e-05
5.6549728e-05
4.4858692e-05
3.2984072e-05
2.0935008e-05
9.1458601e-06
3.5950564e-07
8.1907778e-09
2.0505587e-10
5.5922639e-12
1.6473532e-13
3.4510634e-14
5.7997607e-14
6.7588093e-14
7.4743543e-14
2.96604e-07
1.6248817e-06
3.6025206e-06
6.492617e-06
1.0433345e-05
1.5517699e-05
2.1794877e-05
2.9257398e-05
3.7818962e-05
4.7319104e-05
5.7559822e-05
6.8293183e-05
7.9233603e-05
9.0090294e-05
0.00010060419
0.00011041275
0.00011881224
0.00012473998
0.00012718134
0.00012577777
0.00012094213
0.00011345819
0.00010412857
9.3594291e-05
8.2319568e-05
7.0623338e-05
5.866613e-05
4.6505905e-05
3.4184479e-05
2.1716192e-05
9.5663306e-06
4.6900792e-07
1.0771115e-08
2.7113517e-10
7.4190522e-12
2.1977227e-13
9.571856e-15
5.7537007e-14
6.4388594e-14
7.0228152e-14
3.8235458e-07
2.0372625e-06
4.445395e-06
7.9069156e-06
1.2558925e-05
1.8480405e-05
2.5696731e-05
3.4167552e-05
4.3765049e-05
5.4283982e-05
6.5485142e-05
7.7082752e-05
8.8756479e-05
0.00010019657
0.0001111149
0.00012104412
0.00012915099
0.0001343251
0.00013570072
0.00013316249
0.00012728157
0.00011888717
0.00010877131
9.7548023e-05
8.5656637e-05
7.3397134e-05
6.0915179e-05
4.827376e-05
3.5494651e-05
2.2599465e-05
1.0079675e-05
6.3568348e-07
1.4708778e-08
3.7215198e-10
1.0214247e-11
3.0212952e-13
7.3287027e-14
5.6316704e-14
6.1377343e-14
6.6757686e-14
4.8695135e-07
2.5289416e-06
5.4389548e-06
9.5589135e-06
1.5021857e-05
2.1887676e-05
3.0151784e-05
3.9734385e-05
5.0459709e-05
6.207249e-05
7.4288714e-05
8.6782277e-05
9.9196382e-05
0.00011120175
0.00012246528
0.00013239676
0.00014004739
0.00014431591
0.0001445321
0.00014081458
0.00013386385
0.00012453855
0.00011361594
0.00010168327
8.9156012e-05
7.6316401e-05
6.3297435e-05
5.0164241e-05
3.6919863e-05
2.3593921e-05
1.0698703e-05
8.7962741e-07
2.0496646e-08
5.2106295e-10
1.4341336e-11
4.2335453e-13
5.7111904e-14
5.3702131e-14
5.9339395e-14
6.4124565e-14
6.1251611e-07
3.1063642e-06
6.593833e-06
1.1464062e-05
1.7842943e-05
2.5765907e-05
3.5191926e-05
4.5994894e-05
5.7944468e-05
7.0729938e-05
8.4018271e-05
9.7437561e-05
0.00011060205
0.00012316569
0.00013470607
0.00014451318
0.00015154651
0.00015477221
0.00015374719
0.00014880716
0.00014075702
0.00013047338
0.00011871643
0.00010604734
9.2858528e-05
7.9414347e-05
6.5849551e-05
5.2207452e-05
3.8486555e-05
2.4723598e-05
1.1445799e-05
1.2248682e-06
2.8731689e-08
7.3369565e-10
2.0246615e-11
5.9854733e-13
2.1474613e-14
5.3491648e-14
5.8299754e-14
6.2348353e-14
7.5750876e-07
3.7620895e-06
7.8955021e-06
1.3599286e-05
2.0989309e-05
3.0071418e-05
4.0761959e-05
5.2882037e-05
6.6140633e-05
8.0166756e-05
9.4575099e-05
0.00010894612
0.00012286984
0.00013596592
0.00014770504
0.00015725784
0.00016352936
0.00016560722
0.0001632889
0.00015710281
0.00014793599
0.00013667467
0.00012406158
0.00011063346
9.6761567e-05
8.2694182e-05
6.857084e-05
5.4408187e-05
4.0203264e-05
2.6000069e-05
1.2334733e-05
1.6892272e-06
3.9870724e-08
1.0223718e-09
2.8279736e-11
8.3554582e-13
7.8368347e-14
5.6394631e-14
5.8651615e-14
6.1615934e-14
9.2078781e-07
4.4900205e-06
9.3321925e-06
1.594682e-05
2.4437312e-05
3.4775136e-05
4.6828084e-05
6.0358237e-05
7.5007999e-05
9.0341129e-05
0.00010591519
0.0001212687
0.00013597453
0.00014957893
0.00016144018
0.00017061715
0.00017600378
0.00017685355
0.00017320512
0.00016575465
0.0001554538
0.00014319324
0.00012969898
0.00011548561
0.00010090569
8.6194281e-05
7.1494427e-05
5.6796488e-05
4.2097183e-05
2.7447419e-05
1.3385982e-05
2.2896713e-06
5.435707e-08
1.3991708e-09
3.8784827e-11
1.1457284e-12
7.3810055e-14
5.818315e-14
5.9727874e-14
6.1721047e-14
1.0971331e-06
5.2693297e-06
1.0866247e-05
1.8450336e-05
2.8110945e-05
3.978131e-05
5.3275658e-05
6.8291725e-05
8.4400385e-05
0.0001010962
0.00011787665
0.00013424844
0.00014975509
0.00016384109
0.00017575062
0.00018444743
0.00018886011
0.00018843885
0.00018345175
0.00017473726
0.00016329752
0.00015002475
0.00013563011
0.0001206086
0.00010529572
8.993043e-05
7.4633959e-05
5.9385639e-05
4.4181506e-05
2.9077924e-05
1.4609325e-05
3.0327039e-06
7.2380824e-08
1.8694984e-09
5.1915666e-11
1.53423e-12
9.6550399e-14
6.5800704e-14
6.2798726e-14
6.2804208e-14
1.2796572e-06
6.0730869e-06
1.2449417e-05
2.1038226e-05
3.1914364e-05
4.4970277e-05
5.9962839e-05
7.6521189e-05
9.4140403e-05
0.00011224129
0.00013026853
0.00014770938
0.0001640343
0.00017858077
0.00019047719
0.00019861705
0.00020200597
0.00020030701
0.00019399828
0.00018403688
0.00017146477
0.00015717482
0.00014186628
0.00012601815
0.00010995229
9.391757e-05
7.800682e-05
6.2192975e-05
4.6471994e-05
3.0904093e-05
1.6012022e-05
3.9191684e-06
9.3990803e-08
2.4349555e-09
6.7715701e-11
2.0013674e-12
1.2458696e-13
6.9951309e-14
6.1594879e-14
6.1428069e-14
1.4592062e-06
6.8663516e-06
1.4019758e-05
2.3619001e-05
3.5725489e-05
5.019008e-05
6.6710245e-05
8.4843953e-05
0.00010400801
0.00012354768
0.00014286941
0.0001614286
0.00017859121
0.00019358558
0.00020542696
0.00021296824
0.00021532693
0.00021238138
0.0002047954
0.00019362368
0.00017994009
0.00016463873
0.00014841062
0.00013172335
0.00011489017
9.8169861e-05
8.1628169e-05
6.5233205e-05
4.8981201e-05
3.2934149e-05
1.7595877e-05
4.9436997e-06
1.1907571e-07
3.0927135e-09
8.6097845e-11
2.5440575e-12
8.2644109e-14
6.7594933e-14
6.1879054e-14
6.1215126e-14
1.6244504e-06
7.6058217e-06
1.5500124e-05
2.6077668e-05
3.9389269e-05
5.5245643e-05
7.3284936e-05
9.2992959e-05
0.00011370559
0.00013470785
0.00015538226
0.00017509688
0.00019311705
0.0002085558
0.00022032521
0.00022726872
0.00022863935
0.00022452061
0.00021573471
0.00020341507
0.00018866167
0.00017237135
0.00015523065
0.0001376992
0.0001201026
0.0001026823
8.5495329e-05
6.8504906e-05
5.1707109e-05
3.5163202e-05
1.9351084e-05
6.0919689e-06
1.4729434e-07
3.8337459e-09
1.0679934e-10
3.1539962e-12
9.9508873e-14
4.4656678e-14
5.2488582e-14
5.7818474e-14
1.7653618e-06
8.2529519e-06
1.6822003e-05
2.8312409e-05
4.2769081e-05
5.9966339e-05
7.9485606e-05
0.00010074277
0.00012299674
0.00014549097
0.00016756302
0.00018847111
0.00020737689
0.00022327352
0.00023498453
0.00024137243
0.00024183799
0.00023665148
0.00022676663
0.00021337969
0.00019761278
0.00018036778
0.0001623314
0.0001439605
0.00012560098
0.00010747119
8.9625753e-05
7.2024407e-05
5.4663045e-05
3.7599687e-05
2.1279467e-05
7.3585051e-06
1.7893392e-07
4.676321e-09
1.3062258e-10
3.8633024e-12
1.221721e-13
6.3421781e-14
5.3468856e-14
5.5075183e-14
1.8726693e-06
8.7717282e-06
1.7920921e-05
3.0226538e-05
4.5734136e-05
6.4187682e-05
8.5116297e-05
0.00010786751
0.00013165124
0.00015567414
0.0001791727
0.00020131162
0.00022113788
0.00023752343
0.00024922067
0.00025513472
0.00025481553
0.00024869632
0.00023783659
0.00022348176
0.00020677324
0.00018862057
0.00016971574
0.00015052044
0.00013140073
0.00011255544
9.40401e-05
7.5812773e-05
5.7869878e-05
4.026505e-05
2.3407292e-05
8.7866323e-06
3.1976757e-07
8.3457981e-09
2.3245296e-10
6.8461624e-12
2.1380672e-13
5.8070385e-14
4.8382062e-14
5.1950791e-14
1.938427e-06
9.1288067e-06
1.873396e-05
3.1720833e-05
4.814374e-05
6.7724866e-05
8.994903e-05
0.00011411065
0.00013939491
0.00016493556
0.00018986893
0.00021326101
0.00023403725
0.00025095312
0.00026270956
0.00026827084
0.00026732687
0.0002604452
0.00024876582
0.00023357082
0.0002160182
0.00019702717
0.00017729804
0.00015732218
0.00013745527
0.00011789955
9.8713073e-05
7.9854215e-05
6.1321854e-05
4.3166958e-05
2.5765308e-05
1.0454615e-05
7.6485863e-07
1.990291e-08
5.5186689e-10
1.6160018e-11
4.9960798e-13
1.8751145e-14
4.7802241e-14
5.0965125e-14
1.9594922e-06
9.3094349e-06
1.9231607e-05
3.2746482e-05
4.9926298e-05
7.0481896e-05
9.3862666e-05
0.0001193461
0.00014607894
0.00017310577
0.00019947191
0.00022413486
0.00024589416
0.00026339681
0.00027531057
0.00028066766
0.00027928197
0.00027182629
0.00025949812
0.00024360522
0.00022531989
0.00020557335
0.00018507938
0.00016436631
0.00014377602
0.00012352178
0.00010366812
8.417708e-05
6.5053272e-05
4.6348719e-05
2.8411825e-05
1.2444773e-05
1.6301517e-06
4.2416283e-08
1.1744871e-09
3.4354887e-11
1.0557117e-12
6.9603998e-14
5.1917347e-14
5.2702435e-14
1.936347e-06
9.3104962e-06
1.9401837e-05
3.3275933e-05
5.1032159e-05
7.2381969e-05
9.6759486e-05
0.00012344595
0.00015153648
0.0001799865
0.0002077529
0.00023367988
0.00025644158
0.00027458857
0.00028677183
0.00029209298
0.00029046824
0.00028264592
0.00026985934
0.00025343123
0.00023454501
0.0002141455
0.0001929721
0.00017157889
0.00015030468
0.00012937807
0.00010887388
8.876173e-05
6.905559e-05
4.9811987e-05
3.1356463e-05
1.4767941e-05
2.9054143e-06
7.5657408e-08
2.0940268e-09
6.1077372e-11
1.8725155e-12
1.1807285e-13
2.8526438e-14
4.9875082e-14
1.8729434e-06
9.1444639e-06
1.9262574e-05
3.3329228e-05
5.147936e-05
7.3434808e-05
9.8652809e-05
0.00012640804
0.00015574278
0.00018553695
0.00021465562
0.00024182762
0.00026560599
0.00028445843
0.00029703195
0.0003024933
0.00030083754
0.00029286073
0.0002798123
0.0002630197
0.00024367368
0.00022273214
0.00020098057
0.00017897047
0.00015705925
0.00013549297
0.00011435807
9.3638821e-05
7.3360497e-05
5.3585581e-05
3.4617528e-05
1.7416031e-05
4.5224377e-06
1.2184365e-07
3.3689647e-09
9.8070489e-11
2.9983884e-12
9.948006e-14
6.1066028e-14
5.3311385e-14
1.7769554e-06
8.8368822e-06
1.8852889e-05
3.2954802e-05
5.1320586e-05
7.3696281e-05
9.9579679e-05
0.00012824812
0.00015868859
0.00018971623
0.00022010571
0.00024847298
0.00027325946
0.00029286559
0.00030594424
0.00031171865
0.00031023818
0.00030232051
0.00028921274
0.00027223667
0.00025258638
0.00023123428
0.00020901237
0.00018646888
0.00016398743
0.00014184089
0.00012008039
9.8780207e-05
7.7946227e-05
5.7647851e-05
3.8164866e-05
2.0337669e-05
6.3908904e-06
1.6747841e-07
4.6545308e-09
1.3606185e-10
4.1739243e-12
1.3547935e-13
2.5313702e-14
4.5652347e-14
1.6581478e-06
8.4235406e-06
1.8231956e-05
3.223254e-05
5.0649825e-05
7.3276974e-05
9.9655717e-05
0.00012906438
0.00016045181
0.00019257489
0.00022412239
0.00025360492
0.00027936618
0.00029975576
0.00031343903
0.00031968459
0.0003185725
0.00031091853
0.00029795028
0.00028097286
0.00026117712
0.00023956894
0.00021698884
0.00019400271
0.00017101854
0.00014832881
0.00012601411
0.00010416276
8.2793815e-05
6.1982692e-05
4.1984832e-05
2.3526192e-05
8.5318679e-06
4.3243396e-07
1.1944862e-08
3.4667684e-10
1.0549406e-11
3.386108e-13
3.5724304e-14
4.4615969e-14
1.5261274e-06
7.9422891e-06
1.7465704e-05
3.1256825e-05
4.9587502e-05
7.2319453e-05
9.9031518e-05
0.00012900717
0.00016117397
0.00019423707
0.00022680696
0.00025730077
0.00028398176
0.00030516497
0.00031953272
0.00032638708
0.00032581761
0.00031861744
0.00030597909
0.00028918069
0.00026940434
0.0002476908
0.00022487397
0.00020154567
0.00017813999
0.00015497502
0.0001321554
0.00010978961
8.7912504e-05
6.6607487e-05
4.6110381e-05
2.704931e-05
1.1095252e-05
1.3164015e-06
3.6124921e-08
1.0406034e-09
3.1403445e-11
9.9792331e-13
6.6824673e-14
5.0399525e-14
1.3908075e-06
7.4334244e-06
1.6625877e-05
3.0132661e-05
4.8271677e-05
7.097985e-05
9.7877402e-05
0.00012825232
0.00016102329
0.00019485303
0.00022828497
0.00025965907
0.00028717822
0.00030913908
0.00032424379
0.00033181662
0.00033193819
0.00032536117
0.0003132286
0.00029678088
0.00027719776
0.00025552499
0.00023259965
0.00020903862
0.00018530274
0.00016173769
0.00013847265
0.00011563911
9.3290578e-05
7.1521847e-05
5.0555756e-05
3.0939877e-05
1.4129925e-05
2.8613166e-06
7.8383428e-08
2.252121e-09
6.7747342e-11
2.1447832e-12
7.3094834e-14
6.0078368e-14
1.2609328e-06
6.9348827e-06
1.5782364e-05
2.8964923e-05
4.6843853e-05
6.9425184e-05
9.6378088e-05
0.00012699437
0.00016019214
0.0001946025
0.00022871634
0.00026081638
0.00028906705
0.00031176217
0.00032762579
0.00033599444
0.00033692476
0.00033111436
0.00031964462
0.00030370828
0.00028448498
0.00026299745
0.00024009508
0.0002164169
0.00019244988
0.00016856787
0.00014492594
0.00012168035
9.8905596e-05
7.671038e-05
5.5308733e-05
3.5177567e-05
1.7576979e-05
4.9039351e-06
1.3483833e-07
3.885559e-09
1.1715154e-10
3.7152838e-12
1.2426959e-13
5.4455202e-14
1.1436353e-06
6.4797791e-06
1.4997804e-05
2.7847216e-05
4.5438947e-05
6.7826576e-05
9.4721522e-05
0.00012543313
0.00015888269
0.00019368074
0.0002282828
0.0002609366
0.00028979068
0.00031315053
0.00032976393
0.00033897176
0.00034079508
0.00033586509
0.00032519166
0.0003099171
0.00029120044
0.00027003943
0.00024729158
0.00022361497
0.00019952122
0.00017541198
0.00015146903
0.00012787459
0.00010472548
8.2145561e-05
6.0341951e-05
3.9726541e-05
2.1376894e-05
7.3506222e-06
3.7413263e-07
1.0742702e-08
3.2248794e-10
1.0175921e-11
3.3584337e-13
5.7813294e-14
1.0435807e-06
6.0931318e-06
1.4322464e-05
2.6861174e-05
4.4164459e-05
6.6320842e-05
9.3071392e-05
0.0001237489
0.00015728326
0.0001922769
0.00022716882
0.00026019524
0.00028951089
0.00031344654
0.00033077571
0.00034083794
0.00034361028
0.00033964906
0.00032988386
0.00031540881
0.00029733158
0.00027663152
0.00025416703
0.00023061104
0.00020649736
0.00018225436
0.00015809081
0.00013421551
0.00011074865
8.7830567e-05
6.5664748e-05
4.4608328e-05
2.5583853e-05
1.035982e-05
1.4090564e-06
4.0026904e-08
1.1879895e-09
3.7045074e-11
1.2042118e-12
8.2129773e-14
9.6524898e-07
5.799267e-06
1.3805081e-05
2.608447e-05
4.3125326e-05
6.5039776e-05
9.1584831e-05
0.00012211669
0.0001555793
0.00019058039
0.00022556251
0.00025877387
0.00028839638
0.00031279837
0.00033078156
0.00034168078
0.00034542418
0.00034248831
0.00033371775
0.0003201478
0.00030282706
0.00028271044
0.000260651
0.00023733185
0.00021330576
0.00018902585
0.00016472742
0.00014064573
0.00011692495
9.3723358e-05
7.1244775e-05
4.9803034e-05
3.0193054e-05
1.3939099e-05
3.2533725e-06
9.2373339e-08
2.7388017e-09
8.5280796e-11
2.7670832e-12
9.4508138e-14
9.1166191e-07
5.6168505e-06
1.3482508e-05
2.5576482e-05
4.2402235e-05
6.4086417e-05
9.0387671e-05
0.00012068203
0.00015393223
0.00018876474
0.00022364535
0.00025685654
0.00028662661
0.00031137279
0.0003299282
0.00034162187
0.00034633089
0.00034444955
0.00033673653
0.00032415276
0.00030768713
0.00028826266
0.00026672047
0.0002437487
0.00021991523
0.00019569523
0.0001713494
0.00014713876
0.00012323162
9.9804975e-05
7.7065763e-05
5.5292245e-05
3.5168449e-05
1.7995443e-05
5.686126e-06
2.2567809e-07
6.7204909e-09
2.100175e-10
6.8342159e-12
2.2922622e-13
8.8638476e-07
5.5618993e-06
1.3380681e-05
2.5382213e-05
4.2061052e-05
6.3544657e-05
8.9588005e-05
0.00011958015
0.00015250533
0.00018701988
0.0002216295
0.00025466951
0.00028443035
0.00030938785
0.00032841039
0.00034082265
0.00034645227
0.00034561276
0.00033897636
0.00032742134
0.00031187571
0.00029322438
0.00027229036
0.00024976138
0.00022621594
0.0002021478
0.00017784095
0.00015358057
0.00012955828
0.00010596985
8.302738e-05
6.098093e-05
4.0421761e-05
2.2460693e-05
8.7385354e-06
1.1303383e-06
3.3083811e-08
1.0158129e-09
3.247123e-11
1.0670379e-12
8.9205882e-07
5.6338561e-06
1.349111e-05
2.5487283e-05
4.2094584e-05
6.3425403e-05
8.9227476e-05
0.00011889645
0.0001514371
0.00018554099
0.00021976384
0.00025250494
0.00028212582
0.00030716597
0.00032653193
0.00033954788
0.00034599826
0.000346123
0.00034051042
0.00032995844
0.00031533372
0.00029748003
0.00027719778
0.00025516935
0.00023197914
0.00020813515
0.00018394142
0.00015970435
0.00013563682
0.00011195223
8.8869292e-05
6.661742e-05
4.5715224e-05
2.7122742e-05
1.2258376e-05
2.8545436e-06
8.3306462e-08
2.5489911e-09
8.1161535e-11
2.6543074e-12
9.2403876e-07
5.7801783e-06
1.3712156e-05
2.5749233e-05
4.2344794e-05
6.3590325e-05
8.9223934e-05
0.0001186415
0.00015086149
0.00018460388
0.00021846651
0.00025090307
0.00028033571
0.00030535918
0.00032491541
0.00033833402
0.00034537139
0.00034621424
0.00034138737
0.00033162456
0.00031774181
0.00030054729
0.00028082
0.00025923456
0.00023637684
0.0002127633
0.0001887118
0.00016454385
0.00014048799
0.0001167709
9.3616712e-05
7.1241071e-05
5.0112047e-05
3.1083176e-05
1.540771e-05
4.6627132e-06
1.7924498e-07
5.4426516e-09
1.719137e-10
5.5761538e-12
)
;

boundaryField
{
    inletCH4
    {
        type            fixedValue;
        value           uniform 0.1561;
    }
    wallOutside
    {
        type            zeroGradient;
    }
    outlet
    {
        type            zeroGradient;
    }
    inletPilot
    {
        type            fixedValue;
        value           uniform 0;
    }
    wallTube
    {
        type            zeroGradient;
    }
    inletAir
    {
        type            fixedValue;
        value           uniform 0;
    }
    frontAndBack_pos
    {
        type            wedge;
    }
    frontAndBack_neg
    {
        type            wedge;
    }
}


// ************************************************************************* //
