/*--------------------------------*- C++ -*----------------------------------*\
| =========                 |                                                 |
| \\      /  F ield         | OpenFOAM: The Open Source CFD Toolbox           |
|  \\    /   O peration     | Version:  2.3.0                                 |
|   \\  /    A nd           | Web:      www.OpenFOAM.org                      |
|    \\/     M anipulation  |                                                 |
\*---------------------------------------------------------------------------*/
FoamFile
{
    version     2.0;
    format      ascii;
    class       volScalarField;
    location    "0.2";
    object      epsilon;
}
// * * * * * * * * * * * * * * * * * * * * * * * * * * * * * * * * * * * * * //

dimensions      [0 2 -3 0 0 0 0];

internalField   nonuniform List<scalar> 
5835
(
2661.3394
7556.7742
32330.703
113675.54
2490.0927
6607.8945
29004.102
119009.16
2435.1689
6203.6895
29854.053
3938.6898
776.69433
2489.4305
23840.697
52590.554
7389.5382
1499.6852
4799.1068
44695.88
58832.605
9098.8356
2016.4518
6354.556
54352.361
57038.942
9613.4416
2329.4589
7156.9622
57262.416
27672.295
119428.87
2403.4915
5881.5334
26512.256
119959.29
2389.1058
5612.0103
25438.178
120641.47
2388.9728
5380.6536
24427.392
121405.24
2402.5408
5188.6291
23486.714
122291.51
2429.1086
5031.2636
22618.007
123257.35
2468.0483
4907.023
21822.111
124326.3
2519.114
4812.3641
21096.591
125451.73
2582.262
4745.9328
20440.144
126639.77
2657.6219
4704.5561
19845.786
127830.55
2745.5223
4686.0957
19305.864
128997.39
2846.6171
4687.0291
18804.908
130038.87
2962.0747
4704.8
18326.2
130859.48
3093.726
4736.0174
17842.799
131269.3
3244.372
4778.3323
17323.269
131041.06
3418.1551
4829.7551
16723.087
129793.98
3620.9459
4890.6072
15993.305
127032.95
3860.9686
4964.8541
15077.599
122127.44
4149.3773
5062.2008
13938.098
114371.13
4500.9314
5200.4653
12529.202
102875.84
4934.2084
5413.7137
10952.4
86506.01
5469.0665
5735.8331
9268.7672
65346.714
6128.8451
6217.9355
7717.9832
41618.499
54154.987
9625.1821
2504.7258
7603.2223
58001.109
51872.138
9555.3137
2617.6106
7886.8844
58212.578
50235.677
9501.4014
2702.3123
8077.1975
58254.104
49122.484
9476.6271
2772.8542
8220.4929
58258.627
48387.293
9475.5679
2834.44
8330.0413
58269.146
47899.311
9488.1055
2888.7067
8413.249
58290.607
47570.532
9505.2037
2935.7561
8475.6392
58307.54
47341.156
9522.2168
2976.1006
8521.2804
58313.764
47170.958
9535.8211
3009.5509
8553.9749
58303.075
47038.278
9544.8414
3036.7411
8575.6946
58271.621
46923.874
9549.5629
3058.2752
8588.5313
58221.53
46820.514
9549.6172
3075.0172
8594.3219
58155.178
46718.06
9544.6663
3087.4221
8594.3026
58072.859
46616.861
9535.5427
3095.9292
8589.7204
57975.355
46504.167
9522.0634
3101.2051
8581.2905
57860.256
46395.681
9506.6456
3103.5617
8568.6069
57737.063
46240.055
9489.4911
3104.74
8549.2279
57590.623
46106.437
9484.1115
3109.3991
8527.5547
57533.002
45613.181
9549.2055
3151.1962
8435.7276
57016.718
44853.448
9778.5708
3281.5352
8393.8447
59934.435
42007.869
10887.676
4023.4189
7219.9152
47513.745
475.75694
475.5684
475.15187
474.5167
508.71018
508.50031
508.03825
507.33361
548.25274
548.02075
547.50899
546.72809
591.44761
591.19255
590.63019
589.77172
638.22024
637.93982
637.32101
636.37588
688.82168
688.51374
687.83415
686.79565
743.77834
743.44008
742.69317
741.55113
803.30838
802.9371
802.117
800.86224
868.11172
867.70424
866.80368
865.42486
938.58294
938.13611
937.14803
935.634
1015.1458
1014.6564
1013.5735
1011.9127
1098.2928
1097.7577
1096.5731
1094.7544
1188.9467
1188.363
1187.0697
1185.0821
1287.5318
1286.8969
1285.4896
1283.3238
1394.1729
1393.4854
1391.9607
1389.6105
1510.3702
1509.6291
1507.9843
1505.4444
1636.0484
1635.2544
1633.4902
1630.7598
1772.7395
1771.8942
1770.0133
1767.0939
1920.3103
1919.418
1917.4278
1914.3278
2080.3449
2079.4121
2077.3246
2074.0583
2254.5718
2253.609
2251.4445
2248.0378
2443.4969
2442.5208
2440.3133
2436.8115
2648.3032
2647.3399
2645.1435
2641.6206
2870.079
2869.1678
2867.0657
2863.6377
3108.7778
3107.9767
3106.0927
3102.9344
3366.2178
3365.6109
3364.1255
3361.4931
3640.1843
3639.8895
3639.0554
3637.3099
3932.0175
3932.2005
3932.3721
3932.0191
4237.9614
4238.8455
4240.4994
4242.2193
4556.9808
4558.8724
4562.6582
4567.3757
4885.8662
4889.1825
4895.9815
4904.944
5222.593
5227.9258
5238.9837
5253.9385
5561.4423
5569.6332
5586.7242
5610.1159
5893.1268
5905.4007
5931.215
5966.7215
6212.8123
6229.0977
6264.2213
6313.8847
6553.6036
6571.7547
6611.8218
6670.1638
6949.1901
6968.1613
7010.0967
7071.477
7395.0531
7415.4777
7460.4914
7526.1141
7883.851
7906.3788
7955.8613
8027.6877
8416.7886
8442.0345
8497.344
8577.3294
8992.5537
9021.1526
9083.6543
9173.7239
9610.5786
9643.3497
9714.7452
9817.2681
10270.895
10308.788
10391.115
10508.96
10971.416
11015.433
11110.834
11246.961
11713.249
11764.622
11875.666
12033.524
12494.123
12554.481
12684.536
12868.645
13310.148
13381.594
13534.985
13751.152
14156.245
14241.399
14423.514
14678.945
15029.924
15132.043
15349.561
15653.098
15916.348
16039.351
16300.235
16662.268
16808.096
16957.062
17271.533
17705.223
17689.359
17870.802
18251.855
18773.699
18539.298
18761.61
19225.805
19856.521
19331.312
19605.347
20173.851
20939.445
20032.114
20371.936
21071.817
22004.852
20600.576
21024.408
21890.205
23031.125
20989.418
21521.542
22598.484
23998.879
21135.563
21806.446
23150.079
24871.37
20973.394
21821.889
23501.708
25618.877
20436.611
21506.823
23600.39
26195.429
19470.824
20808.351
23397.314
26558.784
18068.356
19701.739
22848.225
26655.739
16324.409
18225.589
21928.527
26430.248
14512.893
16551.149
20678.983
25841.971
13044.618
15040.697
19325.035
24989.505
12108.856
14030.68
18260.641
24173.524
11510.341
13448.405
17648.194
23647.903
10997.678
13018.553
17302.79
23388.454
10490.007
12612.888
17044.428
23269.336
9990.3563
12218.985
16817.647
23215.131
9504.6816
11842.466
16618.991
23208.654
9044.0486
11493.313
16456.561
23257.637
8608.7073
11168.532
16321.303
23348.95
8197.3623
10865.986
16206.842
23468.751
7816.2976
10590.635
16113.759
23606.817
7462.9689
10341.834
16044.856
23765.929
7141.1406
10123.013
16005.419
23953.096
6845.5227
9929.351
15994.241
24174.209
6576.3073
9761.1216
16014.489
24440.987
6334.3031
9616.6382
16061.387
24749.457
6114.7877
9490.5317
16128.267
25094.856
5917.5288
9382.329
16212.72
25475.531
5742.0749
9292.3364
16313.419
25891.851
5588.4091
9220.3382
16424.141
26325.991
5452.2838
9164.7622
16543.484
26775.394
5332.5668
9127.4062
16673.733
27236.07
5226.2875
9108.5421
16817.841
27709.538
5130.7147
9108.6983
16980.106
28196.07
5042.6731
9127.687
17166.348
28700.657
4959.0748
9164.9575
17384.515
29232.909
4877.0633
9217.8349
17639.834
29797.105
4792.7764
9283.0388
17941.498
30409.706
4703.6759
9357.1669
18300.587
31091.984
4607.6054
9435.1979
18725.439
31869.065
4503.1462
9511.1472
19223.338
32769.601
4389.6888
9578.0334
19797.679
33824.932
4266.838
9629.8036
20457.622
35090.826
4136.7532
9660.2191
21200.781
36617.883
4001.4678
9663.5861
22020.189
38455.566
3861.903
9634.2007
22902.773
40651.131
3714.4432
9564.1738
23821.764
43235.151
3564.2571
9453.6429
24761.328
46256.064
3421.427
9311.5248
25713.238
49762.659
3287.025
9141.2823
26672.764
53827.845
3163.4766
8937.1247
27602.477
58424.581
3053.64
8697.4703
28463.38
63600.167
2956.8932
8445.3118
29299.782
69558.334
2869.7843
8195.4115
30161.926
76736.651
2787.6996
7948.4036
30988.706
84984.548
2715.0299
7716.4913
31595.429
92075.267
29095.381
100108.67
106856.26
99336.014
89739.497
80779.861
73100.316
66696.795
61508.789
57300.4
53877.006
51069.456
48753.733
46819.756
45181.47
43760.081
42490.764
41344.657
40296.427
39320.776
38399.138
37515.922
36671.265
35854.459
35062.114
34298.888
33566.591
32871.868
32215.111
31619.017
31077.096
30588.056
30152.423
29769.908
29421.117
29097.288
28793.806
28511.665
28269.139
28079.019
27945.59
27851.126
27807.567
27878.838
28153.011
28619.15
29043.657
29184.8
28989.294
28518.651
27831.547
26979.458
25999.179
24933.408
23805.392
22647.662
21474.09
20302.342
19146.596
18018.18
16925.841
15875.87
14867.819
13912.131
13006.685
12152.64
11350.257
10598.802
9895.7931
9243.0557
8639.1974
8083.5279
7577.4097
7119.6264
6715.2337
6350.6072
5992.1747
5626.7523
5264.3525
4910.9122
4570.1973
4242.831
3931.1174
3635.4072
3358.9679
3100.0556
2860.595
2638.5426
2433.7829
2245.1122
2071.2683
1911.6914
1764.6206
1628.4546
1503.3066
1387.6378
1281.5098
1183.4204
1093.2362
1010.5279
934.37273
864.27715
799.81853
740.60184
685.93294
635.5913
589.05938
546.08065
506.74945
473.99053
465.77166
497.62629
535.95165
577.88127
623.24613
672.3132
725.56439
783.22099
845.94832
914.13374
988.18769
1068.597
1156.2694
1251.6405
1354.8613
1467.4117
1589.2582
1721.9196
1865.3205
2021.0607
2190.9385
2375.635
2576.5947
2795.3076
3032.3333
3290.2851
3568.054
3868.3874
4189.2972
4532.0347
4896.31
5284.2813
5695.627
6129.315
6582.0054
7053.2507
7545.0073
8062.9134
8613.6258
9214.0106
9871.4313
10586.435
11368.394
12216.4
13127.371
14103.519
15149.632
16271.344
17475.575
18752.215
20105.069
21532.552
23031.676
24597.617
26224.404
27902.688
29632.161
31393.034
33184.055
34980.097
36776.6
38548.417
40260.865
41866.273
43333.481
44699.144
46039.634
47389.472
48742.072
50076.185
51385.309
52666.356
53938.163
55220.992
56480.294
57695.455
58852.167
59950.995
60978.52
61923.353
62785.025
63552.679
64223.639
64792.978
65269.864
65707.071
66177.466
66634.477
66886.375
66821.501
66407.721
65571.678
64242.332
62350.189
59828.301
56636.118
52668.19
47775.245
42318.62
36417.382
29914.121
23083.25
16417.592
10396.298
5933.7208
3216.174
2011.0858
1950.8409
3337.4951
9620.3374
468.16013
500.27803
538.89881
581.13968
626.85061
676.29762
729.97223
788.09689
851.34563
920.10937
994.80315
1075.9173
1164.3662
1260.5862
1364.7258
1478.276
1601.1996
1735.0284
1879.683
2036.7749
2208.107
2394.3428
2596.8995
2817.2171
3055.7677
3315.0619
3593.8211
3894.6105
4215.1896
4556.5286
4917.9934
5301.3145
5705.6631
6129.4266
6568.0688
7019.9227
7487.7599
7983.0987
8520.3177
9113.8968
9764.9725
10474.667
11249.33
12086.884
12987.048
13953.276
14990.39
16102.731
17296.785
18563.565
19908.193
21329.994
22826.849
24394.681
26027.869
27717.579
29463.88
31245.352
33059.38
34878.374
36694.825
38481.989
40202.54
41802.241
43252.451
44605.622
45956.497
47344.009
48754.511
50165.385
51569.383
52963.218
54366.532
55792.56
57206.543
58594.697
59947.415
61273.768
62569.293
63829.934
65070.906
66292.524
67507.521
68724.053
69966.941
71278.466
72681.187
74080.077
75323.018
76356.096
77146.673
77647.794
77815.469
77622.484
77036.92
75992.969
74287.312
71896.262
68834.038
64759.908
59181.409
51753.227
42514.311
32158.892
21563.292
12613.411
6939.6433
4635.2366
5054.7987
7868.8163
470.20698
502.54973
541.42223
583.92573
629.92924
679.69609
733.72683
792.24392
855.92878
925.17452
1000.3995
1082.0962
1171.1832
1268.0959
1372.9793
1487.3314
1611.109
1745.8515
1891.4723
2049.5865
2221.9924
2409.3281
2612.9727
2834.3042
3073.6958
3333.5341
3612.3584
3912.5176
4231.4916
4569.9141
4926.7342
5303.131
5697.6135
6107.7482
6527.3888
6954.077
7395.8331
7874.2353
8402.8906
8988.2812
9629.3129
10327.492
11087.151
11906.13
12786.047
13730.447
14743.28
15827.591
16989.327
18220.126
19525.402
20904.61
22355.733
23874.9
25456.433
27091.67
28780.193
30499.15
32243.356
33982.14
35702.957
37375.606
38959.64
40393.563
41654.882
42817.997
43999.349
45238.417
46512.098
47789.151
49060.939
50329.543
51618.157
52935.064
54249.22
55552.976
56837.049
58119.932
59410.143
60710.121
62049.345
63441.31
64905.128
66451.996
68103.325
69876.736
71765.496
73692.491
75580.383
77418.746
79187.896
80878.656
82481.864
83999.421
85412.08
86658.805
87632.92
88355.342
88653.239
88036.377
86144.885
82657.39
77279.424
69217.201
57215.239
40922.285
23607.447
11449.294
5716.502
4637.0578
471.92176
504.45268
543.53436
586.25498
632.50021
682.53049
736.85411
795.69296
859.73443
929.37291
1005.029
1087.1961
1176.7954
1274.2602
1379.7313
1494.7102
1619.147
1754.5837
1900.9242
2059.7817
2232.9428
2421.0162
2625.3362
2847.2126
3086.9157
3346.6978
3624.9122
3923.6736
4240.1694
4574.6608
4925.6289
5293.6029
5676.2924
6070.1605
6467.1734
6866.525
7287.6518
7756.3991
8276.912
8851.8573
9479.7324
10161.967
10901.508
11696.386
12549.158
13462.654
14439.41
15481.06
16592.538
17765.366
19004.069
20307.043
21671.114
23091.337
24560.795
26069.741
27615.597
29173.802
30735.011
32264.936
33743.786
35134.919
36393.07
37450.407
38296.134
39035.746
39811.551
40660.4
41545.479
42425.33
43292.353
44165.046
45067.596
46005.986
46955.232
47911.428
48867.937
49843.049
50859.894
51928.478
53074.834
54320.464
55675.515
57139.544
58722.753
60423.723
62232.271
64110.563
66036.602
68021.355
70059.145
72164.647
74350.028
76632.018
79006.935
81448.831
83937.679
86484.293
88978.079
91270.53
93343.652
95174.297
96603.09
96849.947
94555.734
88150.369
75049.27
52000.314
24951.584
11403.352
473.30884
505.99242
545.24174
588.13607
634.57423
684.8143
739.37067
798.46452
862.78779
932.73545
1008.7296
1091.2637
1181.2604
1279.1505
1385.07
1500.5218
1625.4486
1761.3916
1908.2444
2067.6136
2241.2708
2429.7938
2634.4715
2856.546
3096.1882
3355.5179
3632.7107
3929.6474
4243.2281
4573.3327
4917.9557
5276.9212
5647.0472
6023.3908
6396.0854
6771.9394
7180.7029
7642.4557
8154.2206
8717.4027
9330.5771
9994.7741
10711.907
11480.153
12302.222
13179.745
14113.58
15103.722
16153.559
17253.685
18406.522
19608.087
20852.446
22131.618
23435.332
24750.346
26068.968
27363.309
28617.397
29792.818
30860.765
31776.424
32488.388
32930.884
33117.521
33200.8
33357.766
33624.474
33953.796
34302.245
34667.911
35080.188
35552.219
36077.744
36631.515
37207.503
37805.844
38439.471
39133.437
39894.823
40732.811
41656.641
42673.548
43763.405
44929.513
46163.797
47461.239
48810.13
50210.11
51672.761
53195.968
54796.157
56488.529
58296.421
60238.25
62335.674
64649.325
67266.289
70278.45
73833.83
78146.806
83475.42
90072.766
98130.881
107598.92
118126.6
127722.48
130853.37
115656.3
79841.556
782.58152
973.5664
743.88858
794.97065
1277.3699
2529.6131
4968.1024
8686.448
13252.751
18422.673
23920.919
29178.312
34175.013
38865.578
43066.388
46804.71
49987.383
52571.307
54612.759
56178.427
57327.59
58127.849
58608.871
58912.603
59188.982
59409.575
59495.024
59415.586
59181.87
58805.766
58298.112
57673.762
56940.363
56111.976
55204.726
54221.494
53180.843
52108.628
51033.654
49931.113
48780.167
47585.307
46354.697
45110.197
43856.948
42563.198
41163.36
39629.06
37990.722
36291.797
34565.597
32836.64
31108.365
29404.813
27726.928
26093.232
24504.592
22970.575
21497.291
20090.176
18752.963
17488.138
16293.287
15179.23
14138.461
13164.72
12253.978
11405.856
10625.527
9911.3978
9251.1694
8643.992
8082.0354
7551.7179
7049.2796
6569.9608
6111.7677
5674.4858
5260.8913
4871.7625
4507.1879
4164.8135
3844.7555
3545.6208
3269.2556
3012.823
2777.3357
2560.1332
2360.611
2177.2586
2008.6229
1854.0187
1711.6578
1579.9534
1458.9811
1347.2346
1244.7462
1150.0466
1062.9845
983.12628
909.57026
841.83341
779.50914
722.21378
669.2882
620.51345
575.4132
533.72298
495.6213
463.96647
0.009046793
0.0013088842
0.0012095549
0.0012065942
0.0012067479
0.0012069477
0.0012071139
0.0012072605
0.0012074027
0.0012075415
0.001207679
0.0012078172
0.0012079571
0.0012080978
0.0012082392
0.0012083826
0.001208529
0.0012086781
0.001208829
0.0012089821
0.0012091374
0.0012092969
0.0012094572
0.0012096342
0.0012097845
0.0012100155
0.0012100985
0.0012104971
0.0012102048
0.0012113347
0.0012094547
0.0012128598
0.0012065801
0.0012183998
0.0012150933
0.0013399297
0.0020572732
0.014125462
0.73242957
52.295446
0.0089034969
0.0014206452
0.0012249952
0.0012150157
0.0012146635
0.0012148269
0.0012149602
0.0012150671
0.001215163
0.0012152549
0.001215346
0.0012154387
0.0012155345
0.0012156329
0.0012157341
0.001215839
0.0012159485
0.0012160631
0.0012161821
0.0012163074
0.0012164393
0.0012165818
0.0012167271
0.0012169083
0.0012170464
0.0012173272
0.0012173845
0.001217912
0.0012175968
0.0012189216
0.0012172126
0.0012210666
0.0012172405
0.0012364818
0.0012729933
0.0015557904
0.0032047258
0.026155003
0.9333528
51.26445
0.0087587535
0.001510696
0.0012323226
0.0012127816
0.0012113768
0.0012114017
0.0012115097
0.0012116043
0.0012116913
0.0012117747
0.0012118569
0.00121194
0.0012120253
0.0012121122
0.001212201
0.0012122925
0.0012123873
0.0012124863
0.0012125892
0.001212698
0.0012128141
0.0012129404
0.0012130772
0.0012132363
0.0012133999
0.0012136255
0.0012138127
0.0012141633
0.0012143498
0.0012149938
0.0012153095
0.001217573
0.0012228953
0.0012490746
0.0013480395
0.0017977622
0.0043817268
0.034663515
0.91805165
45.848563
0.0086140081
0.0015921611
0.0012420069
0.0012114898
0.0012086038
0.0012084388
0.001208529
0.0012086304
0.0012087294
0.0012088273
0.0012089264
0.0012090284
0.0012091346
0.0012092446
0.0012093592
0.001209479
0.001209605
0.0012097383
0.0012098798
0.001210032
0.0012101974
0.0012103796
0.001210583
0.0012108136
0.001211081
0.0012113872
0.0012117715
0.0012121874
0.0012128252
0.0012135117
0.0012152955
0.0012186236
0.0012320926
0.0012741709
0.0014332934
0.0020531497
0.0054448625
0.040790408
0.94520592
50.7637
0.0084718519
0.00166499
0.0012528183
0.0012103814
0.0012055659
0.0012051226
0.0012051846
0.0012052963
0.0012054119
0.0012055288
0.0012056488
0.0012057737
0.0012059046
0.0012060418
0.0012061862
0.0012063391
0.0012065015
0.0012066752
0.001206862
0.0012070655
0.0012072897
0.0012075401
0.0012078237
0.0012081484
0.0012085331
0.0012089731
0.0012095529
0.0012101702
0.0012112227
0.0012123768
0.0012155838
0.0012216515
0.0012437502
0.0013065411
0.0015236777
0.0023084433
0.0064403615
0.047816439
1.2443659
80.436246
0.0083325404
0.0017304998
0.0012644642
0.0012095336
0.0012023491
0.0012015084
0.0012015161
0.0012016319
0.001201762
0.0012018963
0.0012020357
0.001202182
0.0012023364
0.0012024997
0.0012026731
0.0012028583
0.001203057
0.0012032716
0.0012035052
0.0012037623
0.001204049
0.0012043729
0.0012047444
0.0012051758
0.0012056919
0.0012062994
0.0012070941
0.0012080119
0.0012095254
0.0012114819
0.0012163956
0.0012264808
0.001258293
0.001344481
0.0016184505
0.0025701425
0.007571718
0.063236364
2.4200367
175.06674
0.0081955902
0.0017898717
0.0012769604
0.0012092626
0.0011993062
0.0011979396
0.001197864
0.0011979797
0.0011981257
0.0011982803
0.0011984424
0.0011986138
0.0011987957
0.0011989893
0.0011991964
0.0011994193
0.0011996604
0.0011999229
0.0012002114
0.0012005319
0.0012008927
0.0012013045
0.0012017818
0.001202343
0.0012030199
0.0012038376
0.0012048976
0.0012062226
0.0012083088
0.0012114193
0.0012184699
0.0012336983
0.0012764042
0.0013879321
0.0017205782
0.0028706617
0.0093858262
0.10857691
6.5983066
426.39801
0.0080608734
0.001843923
0.0012901519
0.0012096342
0.0011965442
0.0011945142
0.0011943197
0.0011944288
0.0011945916
0.0011947691
0.0011949573
0.0011951575
0.0011953711
0.0011955999
0.0011958459
0.0011961125
0.0011964028
0.0011967212
0.0011970738
0.0011974688
0.001197917
0.0011984331
0.0011990365
0.0011997532
0.0012006243
0.0012016966
0.0012030874
0.0012049201
0.0012077461
0.0012123359
0.0012220545
0.001243375
0.001298284
0.0014373274
0.001837503
0.0032760878
0.012977793
0.2390251
19.607442
960.66717
0.0079294655
0.0018928475
0.0013036886
0.0012105584
0.0011940451
0.0011912154
0.0011908611
0.0011909545
0.0011911337
0.0011913361
0.0011915531
0.0011917852
0.0011920342
0.001192302
0.0011925918
0.0011929073
0.0011932531
0.0011936348
0.0011940604
0.0011945405
0.0011950892
0.0011957257
0.0011964753
0.0011973732
0.0011984726
0.0011998445
0.0012016355
0.0012040747
0.0012078297
0.0012141918
0.0012271305
0.0012552991
0.0013239248
0.0014934558
0.0019815783
0.0038949531
0.020631764
0.60948686
53.377948
1873.9265
0.0078002874
0.0019374946
0.0013174932
0.0012119948
0.0011917948
0.001188024
0.0011874634
0.0011875299
0.0011877248
0.0011879544
0.0011882036
0.0011884715
0.0011887602
0.0011890721
0.0011894111
0.0011897821
0.0011901908
0.0011906446
0.0011911535
0.0011917311
0.0011923954
0.0011931708
0.0011940897
0.0011951981
0.0011965643
0.0011982873
0.0012005564
0.0012037146
0.0012086042
0.0012170451
0.0012337911
0.0012695534
0.001354172
0.0015598415
0.00217832
0.0049749034
0.039366353
1.7872653
130.96489
3265.7066
0.0076733137
0.0019782676
0.0013314512
0.0012139235
0.0011898192
0.0011849679
0.0011841501
0.0011841761
0.0011843855
0.0011846449
0.00118493
0.0011852383
0.0011855717
0.0011859335
0.0011863282
0.001186762
0.0011872422
0.0011877781
0.0011883821
0.0011890713
0.001189868
0.001190803
0.0011919169
0.0011932684
0.0011949441
0.001197076
0.0011999087
0.0012039121
0.0012101526
0.0012210003
0.0012421933
0.001286445
0.0013902791
0.0016427683
0.0024669159
0.0070336793
0.089446577
5.4461849
290.14816
5225.8934
0.0075485164
0.0020155098
0.0013454702
0.0012163264
0.0011881472
0.0011820812
0.0011809517
0.0011809213
0.0011811432
0.0011814349
0.00118176
0.0011821136
0.0011824974
0.0011829152
0.0011833728
0.0011838777
0.0011844389
0.0011850679
0.00118578
0.0011865961
0.0011875438
0.0011886608
0.0011899977
0.0011916277
0.00119366
0.0011962647
0.001199756
0.0012047478
0.0012125761
0.0012262037
0.0012525787
0.001306674
0.0014341556
0.0017518587
0.002909536
0.011091546
0.22545469
15.588401
580.84668
7760.6093
0.0074258802
0.0020495313
0.0013594841
0.0012191938
0.0011868145
0.001179408
0.00117791
0.001177805
0.0011780366
0.0011783629
0.0011787325
0.0011791367
0.001179577
0.0011800579
0.0011805863
0.0011811713
0.0011818239
0.0011825579
0.0011833923
0.001184352
0.0011854707
0.0011867943
0.0011883846
0.001190332
0.0011927723
0.0011959215
0.0012001772
0.0012063199
0.0012160049
0.0012328581
0.0012652857
0.0013313054
0.0014887268
0.0019019048
0.0036255894
0.019728375
0.62049662
40.211052
1046.003
10677.764
0.0073054101
0.0020806238
0.0013734653
0.0012225434
0.0011858842
0.0011770228
0.0011750988
0.0011748995
0.0011751369
0.0011755004
0.0011759191
0.0011763799
0.0011768835
0.0011774352
0.0011780431
0.0011787183
0.0011794737
0.0011803261
0.001181298
0.0011824196
0.0011837312
0.001185288
0.0011871649
0.0011894723
0.0011923776
0.0011961503
0.0012012872
0.0012087619
0.0012206047
0.0012412119
0.0012807233
0.0013616413
0.0015580303
0.0021174543
0.0048756295
0.040707902
1.836233
92.534459
1713.3205
13843.268
0.0071871641
0.0021090844
0.0013874466
0.0012264503
0.001185479
0.0011750641
0.0011726584
0.0011723436
0.0011725827
0.0011729856
0.0011734586
0.0011739825
0.0011745571
0.0011751882
0.0011758854
0.0011766617
0.0011775326
0.001178518
0.0011796445
0.0011809479
0.0011824761
0.0011842952
0.0011864949
0.0011892088
0.0011926409
0.0011971234
0.0012032682
0.0012122715
0.0012266043
0.0012515854
0.0012994857
0.0013993749
0.0016486001
0.0024413592
0.0072378479
0.097490855
5.3558076
191.82361
2604.8388
17221.959
0.0070721538
0.002135104
0.0014014821
0.001231073
0.0011858357
0.0011737996
0.0011708639
0.0011704134
0.0011706493
0.0011710939
0.0011716264
0.0011722203
0.0011728739
0.0011735934
0.0011743902
0.0011752793
0.001176279
0.0011774125
0.0011787113
0.0011802172
0.001181987
0.0011840984
0.0011866584
0.0011898265
0.0011938488
0.001199129
0.0012064108
0.0012171457
0.0012343226
0.0012643912
0.0013223928
0.0014466361
0.0017701564
0.0029446928
0.011958637
0.25712688
14.260216
359.64519
3717.2996
20721.429
0.0069599385
0.0021593781
0.0014160153
0.001236842
0.0011874142
0.0011737051
0.0011701951
0.0011695887
0.0011698167
0.0011703056
0.0011709038
0.0011715758
0.0011723179
0.0011731369
0.0011740456
0.0011750615
0.0011762059
0.0011775059
0.001178998
0.0011807313
0.001182772
0.0011852115
0.0011881757
0.0011918537
0.0011965391
0.0012027164
0.0012112802
0.0012239778
0.0012444179
0.0012804788
0.0013509575
0.0015073532
0.0019406187
0.0037804377
0.022518032
0.73724358
34.276897
619.19079
5066.7813
24196.378
0.0068510661
0.0021827136
0.0014317835
0.0012445686
0.0011910926
0.0011756913
0.0011715731
0.0011707928
0.0011710083
0.0011715445
0.0011722155
0.0011729751
0.001173817
0.0011747482
0.0011757833
0.0011769426
0.0011782505
0.0011797383
0.0011814486
0.0011834384
0.0011857845
0.0011885934
0.0011920122
0.001196263
0.001201692
0.0012088737
0.0012188723
0.0012337758
0.001257939
0.0013010685
0.0013871132
0.0015867422
0.0021904211
0.0052854155
0.049496124
2.164226
74.407334
991.65938
6648.2608
27516.052
0.0067463206
0.0022065268
0.0014502188
0.0012557838
0.0011984812
0.001181408
0.0011766612
0.0011756919
0.0011758907
0.0011764776
0.0011772296
0.001178088
0.0011790432
0.0011801023
0.0011812816
0.0011826044
0.0011840986
0.0011858006
0.0011877593
0.0011900407
0.0011927337
0.0011959614
0.0011998945
0.0012047907
0.0012110538
0.0012193559
0.0012309486
0.0012483098
0.0012766958
0.0013281912
0.0014340856
0.0016934124
0.0025748347
0.0082471365
0.12617429
5.9956035
146.31394
1487.8737
8412.6479
30585.341
0.0066471611
0.0022334005
0.0014739955
0.0012732692
0.0012124424
0.0011937575
0.0011883751
0.0011872039
0.0011873813
0.0011880227
0.0011888653
0.0011898363
0.0011909218
0.0011921286
0.0011934748
0.0011949867
0.0011966965
0.001198646
0.0012008916
0.0012035092
0.0012066013
0.0012103096
0.0012148303
0.0012204602
0.0012276639
0.0012372177
0.0012505769
0.0012706659
0.0013038453
0.0013653286
0.0014971007
0.0018424548
0.0031965197
0.014567304
0.35455049
15.032638
262.73905
2111.3295
10308.209
33373.787
0.0065564962
0.0022680328
0.0015079404
0.0013019287
0.0012379364
0.0012177261
0.0012117056
0.0012103166
0.0012104651
0.0012111642
0.0012121089
0.0012132103
0.0012144486
0.0012158295
0.0012173729
0.0012191085
0.0012210731
0.0012233147
0.0012258984
0.0012289114
0.0012324716
0.0012367415
0.0012419455
0.0012484221
0.0012566995
0.0012676615
0.0012829787
0.0013060783
0.0013446771
0.0014181458
0.0015839463
0.0020586564
0.0042720201
0.029692406
1.0387396
33.796484
435.44362
2859.9942
12293.172
35868.437
0.0064796016
0.0023191686
0.0015608573
0.0013505005
0.0012836652
0.001261988
0.0012553026
0.0012536623
0.0012537649
0.0012545222
0.0012555834
0.0012568395
0.0012582625
0.0012598559
0.0012616408
0.0012636503
0.0012659268
0.0012685255
0.0012715214
0.0012750153
0.0012791427
0.00128409
0.0012901132
0.0012975956
0.0013071312
0.0013197096
0.0013372176
0.0013636279
0.0014083068
0.0014962478
0.0017078023
0.0023889699
0.006327093
0.071583691
2.9459495
68.679032
675.05404
3744.5736
14302.519
38097.246
0.0064277753
0.0024010018
0.0016468529
0.0014328937
0.0013633996
0.0013402182
0.0013327749
0.0013308079
0.0013308247
0.0013316324
0.0013328256
0.0013342686
0.0013359207
0.0013377807
0.0013398699
0.0013422255
0.0013448955
0.0013479438
0.0013514574
0.0013555532
0.0013603879
0.0013661756
0.0013732084
0.0013819184
0.001392966
0.0014074404
0.0014274279
0.0014574533
0.0015088255
0.0016141468
0.0018884128
0.0029130821
0.010569701
0.19550555
7.559187
126.27699
984.59493
4737.2978
16301.853
40077.326
0.0064195663
0.0025370911
0.0017891851
0.0015718523
0.0014995032
0.0014745294
0.0014660778
0.0014636176
0.0014634617
0.0014642929
0.0014656333
0.001467307
0.0014692527
0.0014714598
0.0014739482
0.0014767583
0.0014799452
0.0014835831
0.001487774
0.0014926546
0.0014984076
0.0015052814
0.0015136103
0.0015238825
0.0015368275
0.0015536255
0.0015765294
0.0016105694
0.0016692412
0.0017955311
0.0021587893
0.0037867173
0.020126537
0.56206952
17.235344
212.06502
1358.7532
5787.9762
18243.084
41979.822
0.0064853283
0.0027643152
0.0020244795
0.0018032606
0.0017272185
0.0016997179
0.0016897235
0.0016864372
0.0016859327
0.0016867222
0.0016882181
0.0016901811
0.001692514
0.0016951893
0.0016982211
0.0017016527
0.0017055468
0.0017099909
0.0017151059
0.0017210547
0.0017280536
0.0017363945
0.0017464645
0.0017588196
0.0017742661
0.0017940682
0.0018205978
0.0018592667
0.0019258294
0.0020773109
0.0025727309
0.0053457513
0.044444012
1.5656168
35.012271
329.3548
1788.7445
6867.3065
20096.068
43815.171
0.0066719385
0.0031377108
0.0024080694
0.0021817028
0.0021002692
0.0020688535
0.0020563405
0.0020516265
0.0020504454
0.0020510547
0.0020526936
0.0020550187
0.0020578724
0.0020611953
0.0020649893
0.0020692981
0.0020741931
0.0020797792
0.0020862028
0.0020936623
0.0021024191
0.0021128233
0.0021253308
0.0021405844
0.0021594816
0.0021833703
0.0022146894
0.0022590554
0.0023344038
0.002516696
0.0032229754
0.0083982351
0.11351054
3.9998497
64.306828
480.65182
2272.9323
7987.0212
21873.371
45394.818
0.0070498781
0.003737782
0.0030217903
0.0027885759
0.0026991173
0.0026615812
0.0026449679
0.0026378256
0.0026353963
0.0026355575
0.0026372771
0.0026400451
0.0026436025
0.0026478348
0.0026527186
0.0026582942
0.0026646422
0.0026718913
0.0026802228
0.0026898856
0.0027012033
0.002714607
0.0027306443
0.0027500743
0.0027739099
0.0028035983
0.002841616
0.0028936485
0.0029800063
0.003203919
0.0042770851
0.014969746
0.31557376
9.2020311
108.69287
669.3001
2817.0568
9172.3555
23586.034
46659.189
0.0077154525
0.0046692267
0.0039730548
0.003731843
0.0036312162
0.0035846509
0.0035617056
0.0035506427
0.0035460548
0.0035452961
0.003546936
0.0035502118
0.0035547033
0.0035602048
0.0035666463
0.0035740578
0.0035825285
0.0035922201
0.0036033617
0.0036162753
0.0036313705
0.0036491924
0.0036704102
0.0036959383
0.0037269348
0.003764977
0.0038125851
0.0038754687
0.0039775053
0.0042671523
0.0060538979
0.030750682
0.87481574
18.987179
171.24377
897.44386
3420.8075
10408.148
25215.371
47636.193
0.0088177054
0.0060914885
0.0054261695
0.005177941
0.0050632669
0.0050042929
0.0049720837
0.0049549635
0.0049468067
0.0049443266
0.0049455483
0.0049493481
0.0049550606
0.0049623352
0.0049710222
0.0049811287
0.0049927503
0.0050060945
0.005021457
0.0050392655
0.0050600499
0.0050845138
0.0051134866
0.0051480841
0.005189634
0.0052398661
0.0053014068
0.0053802007
0.0055074105
0.0059251205
0.0093483305
0.0746865
2.285569
35.727597
255.50587
1169.502
4091
11677.647
26754.466
48370.938
0.010522271
0.0081687596
0.0075540765
0.007305744
0.0071769304
0.0071030823
0.0070586427
0.0070329288
0.007019333
0.0070139503
0.0070141651
0.0070183915
0.0070256256
0.0070353046
0.0070471548
0.0070611419
0.0070773632
0.0070960867
0.0071176988
0.0071427725
0.007172
0.0072062926
0.0072466754
0.0072945005
0.0073512649
0.0074188365
0.0075000824
0.007602307
0.0077739926
0.0084755201
0.01602457
0.20164819
5.3665126
61.518644
362.83089
1484.1156
4819.6179
12932.233
28164.286
48881.465
0.013043053
0.011115185
0.010588383
0.010358524
0.010221767
0.010133413
0.010074716
0.010037882
0.010016642
0.010006787
0.01000511
0.010009514
0.01001858
0.01003146
0.010047707
0.010067219
0.010090092
0.010116667
0.010147453
0.010183208
0.010224836
0.010273495
0.010330429
0.010397224
0.010475507
0.01056725
0.010675965
0.010814069
0.011076532
0.012467514
0.031075963
0.55351224
11.281565
98.327066
494.61129
1839.3594
5590.7974
14154.21
29424.32
49191.377
0.016629625
0.015186205
0.014816009
0.01464377
0.014517258
0.014421068
0.01434908
0.014299722
0.014268852
0.014252804
0.01424813
0.014252323
0.014263542
0.014280611
0.014302868
0.014330121
0.014362457
0.014400304
0.014444322
0.014495495
0.014554971
0.01462417
0.014704533
0.014797816
0.014905699
0.015030369
0.015177453
0.015375665
0.015850174
0.019024367
0.06859768
1.428964
21.398047
147.78572
651.71368
2232.103
6390.8635
15328.625
30529.697
49320.418
0.021619761
0.020745811
0.020652281
0.020610009
0.020532227
0.02044648
0.020368484
0.020308284
0.020267115
0.020243561
0.020234835
0.020238414
0.020252197
0.020274718
0.020305102
0.020343056
0.020388667
0.020442452
0.020505254
0.020578286
0.020662954
0.020760892
0.020873651
0.02100303
0.021150781
0.021320231
0.021524761
0.021842632
0.022868365
0.030930632
0.16954565
3.3787173
37.291624
211.80806
836.11
2662.1872
7214.1183
16456.914
31494.348
49288.199
0.028243199
0.028041249
0.028401073
0.028600851
0.028637266
0.028597613
0.028531744
0.028468769
0.028420174
0.028389606
0.028376604
0.028379511
0.028396438
0.028425843
0.028466741
0.028518786
0.028582084
0.028657241
0.028745282
0.028847617
0.028965849
0.029101703
0.029256695
0.029432636
0.029632024
0.029863132
0.030165113
0.03075788
0.033220097
0.054396902
0.43185098
7.1538959
60.097335
290.81644
1045.8256
3121.6164
8037.5692
17517.12
32320.81
49111.8
0.036733907
0.037332359
0.038379256
0.038976241
0.039223782
0.039287786
0.039266945
0.039218777
0.03917145
0.039137733
0.039122062
0.039125167
0.039146266
0.039184234
0.03923825
0.03930805
0.039393823
0.039496264
0.039616543
0.039756182
0.039916855
0.040100229
0.040307757
0.040541885
0.040808867
0.041133842
0.041631553
0.042899584
0.048987636
0.10413898
1.0532803
13.631284
90.792842
385.39126
1280.0406
3608.4731
8844.4802
18505.846
33002.388
48810.351
0.047390102
0.048944889
0.050965786
0.052159519
0.052749869
0.053001038
0.053076693
0.053073704
0.053044724
0.053016977
0.053003359
0.053009276
0.053036484
0.053085154
0.053155139
0.053246541
0.053359765
0.053495611
0.053655337
0.053840468
0.054052623
0.054293445
0.054564972
0.054873024
0.055237106
0.055732053
0.056672867
0.059600774
0.074601626
0.21552624
2.392683
23.817115
130.51862
496.78392
1539.1691
4118.6695
9638.6787
19429.959
33560.713
48392.93
0.060207591
0.062852989
0.066144407
0.068154206
0.069240946
0.06978318
0.070023769
0.070109603
0.070125744
0.070119796
0.070117312
0.070131259
0.070167867
0.070229862
0.070318555
0.070434881
0.070579681
0.070753933
0.070958944
0.071196186
0.071467325
0.071774701
0.072123448
0.072530575
0.073052655
0.073890268
0.07583005
0.082553377
0.11817835
0.46191122
4.9404234
38.429618
179.4698
623.66705
1817.2088
4636.2645
10401.057
20279.899
34044.985
47888.565
0.075331225
0.079177465
0.084036352
0.08709566
0.088850775
0.089806723
0.090297329
0.090529403
0.0906281
0.090667597
0.090690748
0.090721475
0.090772858
0.090851824
0.090962217
0.091106466
0.091286212
0.091502778
0.091757597
0.092052308
0.092389396
0.092774311
0.093222043
0.093779429
0.094593007
0.096149468
0.10026052
0.11520477
0.19694053
0.98786254
9.3240676
58.267379
238.42272
766.23053
2112.048
5155.2133
11126.369
21052.855
34468.896
47332.63
0.092499299
0.097582022
0.10425268
0.10857179
0.11116091
0.11265621
0.11348912
0.11393337
0.11416019
0.11427566
0.11434428
0.1144043
0.11447816
0.11457883
0.11471395
0.11488825
0.11510467
0.11536521
0.11567179
0.11602703
0.11643641
0.1169141
0.11749931
0.11830578
0.11967034
0.122659
0.131114
0.16260092
0.34122726
2.0177274
16.111863
83.659675
307.09759
922.45416
2418.4813
5668.4629
11808.117
21733.678
34772.956
46737.233
0.11167102
0.11796132
0.126644
0.13241292
0.13599515
0.138157
0.13943018
0.14015991
0.14056791
0.1407966
0.14093604
0.14104201
0.14114889
0.1412776
0.14144096
0.14164701
0.14190064
0.14220513
0.14256379
0.14298223
0.14347357
0.14407208
0.14486848
0.14611118
0.1485048
0.154205
0.1708783
0.23450474
0.61042619
3.8953478
25.926222
115.25748
386.29205
1093.1801
2738.0886
6181.881
12457.536
22326.471
34918.049
46069.667
0.13254614
0.1399313
0.15075715
0.15812399
0.16283509
0.16577947
0.16758739
0.16867687
0.16932244
0.16970574
0.16994541
0.17011741
0.17027028
0.17043473
0.17063018
0.17086898
0.17115888
0.17150547
0.17191527
0.17240071
0.1729913
0.17376129
0.17489916
0.17689901
0.18111882
0.19163161
0.22300495
0.34677101
1.1044813
7.028214
39.266096
153.48732
476.29413
1278.2142
3070.5527
6694.805
13074.675
22831.844
34911.842
45306.552
0.15452275
0.16281888
0.17583462
0.18488797
0.19082434
0.19464252
0.19706532
0.19858153
0.19951828
0.20009745
0.20046789
0.20072748
0.20094055
0.20114905
0.20138025
0.20165187
0.20197565
0.20236113
0.20282116
0.20338146
0.20410202
0.20512806
0.2068153
0.21006697
0.21731332
0.23580301
0.29207695
0.52356388
1.9678032
11.792974
56.367154
198.28055
576.30553
1475.4663
3413.3963
7193.8714
13647.945
23243.586
34772.56
44455.351
0.17735446
0.18633701
0.20154186
0.21233496
0.21956821
0.22433491
0.22744252
0.22944679
0.23072588
0.23154172
0.23207408
0.23244379
0.23273213
0.23299349
0.2332641
0.23356824
0.23392318
0.23434505
0.23485805
0.23551156
0.2364176
0.23783862
0.2403992
0.24564858
0.25770789
0.28896801
0.38659686
0.80729538
3.4165688
18.605024
77.652998
250.16776
686.7886
1684.774
3763.5024
7677.43
14173.39
23568.453
34524.694
43530.555
0.20056731
0.20999364
0.2273374
0.23988186
0.24845171
0.25421811
0.2580639
0.26060647
0.26227206
0.26336127
0.26408452
0.26458582
0.26496401
0.26528669
0.26560007
0.26593635
0.26632046
0.26677903
0.26735517
0.26813704
0.26931957
0.27134694
0.27525244
0.28355949
0.30296827
0.35403615
0.51887243
1.2638337
5.7090717
27.801738
103.384
309.27144
807.21077
1903.9034
4115.4073
8139.9492
14643.544
23801.348
34182.626
42554.497
0.22367871
0.23331176
0.25270494
0.26697503
0.27689008
0.28368278
0.28830143
0.29141886
0.29350548
0.29489829
0.2958372
0.29648898
0.29697008
0.2973618
0.29772128
0.29809025
0.29850427
0.29900599
0.29966814
0.30063859
0.30223706
0.30517571
0.31108318
0.32390429
0.35419492
0.4353921
0.70825049
1.9920719
9.1239949
39.650626
133.73123
375.47417
936.5325
2129.8734
4463.046
8573.9116
15049.278
23937.735
33749.882
41533.148
0.24623086
0.2558608
0.27718693
0.2931265
0.30436776
0.31219006
0.31759746
0.32131171
0.32384299
0.32556178
0.32673575
0.32755346
0.32814864
0.32861656
0.32902631
0.32943116
0.32988127
0.33044289
0.33123271
0.33248611
0.33470218
0.33897298
0.34776731
0.36706035
0.41311666
0.53960984
0.98470259
3.1276615
13.932934
54.3592
168.78597
448.46106
1073.355
2359.2022
4799.9345
8970.9562
15379.982
23961.734
33207.303
40439.991
0.2678154
0.27727408
0.30040042
0.31793003
0.33045538
0.33928988
0.34548438
0.34980317
0.35279166
0.35485058
0.35627324
0.3572687
0.35798737
0.3585387
0.35900484
0.35945325
0.35995388
0.36060639
0.36159
0.363263
0.36637306
0.37253472
0.38537688
0.41374191
0.48232865
0.67650046
1.3931469
4.8394645
20.375875
72.078431
208.54003
527.69621
1215.9359
2587.9763
5118.214
9318.6314
15624.95
23870.896
32537.574
39230.811
0.28809126
0.29725886
0.32204484
0.34106833
0.35481736
0.36462928
0.37159391
0.37651206
0.37995995
0.38236524
0.38404459
0.38522606
0.3860761
0.38671854
0.38725002
0.38775555
0.3883314
0.3891231
0.39039561
0.39267418
0.39704141
0.40581508
0.42420493
0.46508593
0.56563838
0.86072257
2.0007645
7.3183611
28.653194
92.914475
252.89343
612.49311
1362.4569
2813.0881
5413.0497
9612.1884
15774.279
23653.287
31738.754
37891.667
0.30679585
0.31560055
0.34190368
0.36231394
0.37721267
0.38795359
0.39565869
0.40115998
0.40506028
0.40781102
0.40974986
0.41112241
0.41211049
0.41285266
0.41346193
0.41404501
0.41473273
0.41573171
0.41742114
0.42054727
0.42663444
0.43893322
0.46479212
0.52275187
0.66848471
1.1148532
2.8989189
10.761302
38.925479
116.93436
301.67324
702.10477
1511.3313
3032.7876
5680.6662
9852.5474
15835.316
23316.919
30828.875
36448.584
0.32374933
0.33216193
0.35984157
0.38152528
0.39749053
0.40910194
0.41750808
0.42356738
0.42790555
0.43099474
0.43319146
0.43475745
0.4358894
0.43674127
0.43744479
0.43813354
0.43898287
0.44027903
0.44254978
0.44682805
0.45521224
0.47217985
0.50797196
0.58914593
0.79898867
1.4720043
4.2033668
15.352172
51.313357
144.15852
354.63868
795.74601
1660.9806
3244.358
5921.0783
10042.154
15819.424
22887.621
29834.962
34937.651
0.33885284
0.34687836
0.37579811
0.39863953
0.41558275
0.42799951
0.4370603
0.44364588
0.4484015
0.4518174
0.45426689
0.45602666
0.45730801
0.45828129
0.45909993
0.45993074
0.46100552
0.4627123
0.46576872
0.47157425
0.48296648
0.50603251
0.55493849
0.66766249
0.96908519
1.979567
6.0491533
21.249439
65.902123
174.55593
411.47459
892.58732
1809.9261
3445.8182
6134.0181
10183.119
15737.749
22384.605
28783.139
33390.573
0.35208313
0.35975192
0.38978113
0.41366536
0.43149601
0.44464942
0.45431421
0.46139
0.46653866
0.47026615
0.47296087
0.47491353
0.47635003
0.47745862
0.47841815
0.47943626
0.48081553
0.48307217
0.48716334
0.49495292
0.51022651
0.54118593
0.60735666
0.76304319
1.1958232
2.7018813
8.580171
28.581002
82.746677
208.04843
471.80454
991.76203
1956.722
3635.3209
6318.8592
10276.24
15593.023
21820.84
27692.615
31831.029
0.363554
0.37090507
0.40192289
0.42674188
0.44537349
0.45919684
0.46941556
0.47694517
0.4824618
0.48648514
0.48941729
0.49156239
0.49316147
0.49442272
0.49555523
0.49681689
0.49859862
0.50157732
0.50701157
0.51735443
0.53761463
0.57880487
0.66788334
0.88289177
1.5072157
3.7289672
11.961554
37.505663
101.99746
244.74621
535.61462
1093.1411
2101.6047
3811.4945
6476.45
10325.233
15390.492
21201.037
26565.419
30260.704
0.37325649
0.38034559
0.41223354
0.43787876
0.45722283
0.47164644
0.48236563
0.4903093
0.49616569
0.50046653
0.50362647
0.50596277
0.50773238
0.50916606
0.51050878
0.51207966
0.51437834
0.51828045
0.52541949
0.53898982
0.56557216
0.61991227
0.73927839
1.0366675
1.9371031
5.1542574
16.301195
48.041273
123.52839
284.23908
601.98329
1195.1176
2242.3884
3970.659
6604.1631
10329.983
15138.167
20543.856
25422.317
28702.018
0.38137257
0.38824929
0.42089701
0.44726742
0.46724108
0.48219928
0.49336814
0.5016878
0.50785687
0.51241777
0.5157969
0.51832471
0.52027543
0.52190581
0.52350375
0.52546304
0.52841696
0.53348682
0.54277355
0.56041023
0.59502113
0.66639335
0.82635124
1.2395988
2.5367981
7.0967378
21.732395
60.293955
147.41089
326.49201
670.64167
1296.9751
2377.3456
4113.0642
6702.5609
10292.53
14834.496
19840.592
24262.966
27155.745
0.38799455
0.39471121
0.42801286
0.45501058
0.47553285
0.49096077
0.50252864
0.51118589
0.51764007
0.52244316
0.52603277
0.52875294
0.53089698
0.53275181
0.53465643
0.53709491
0.54086327
0.54738391
0.55933685
0.58203994
0.62677273
0.72012885
0.93435853
1.5105108
3.3634854
9.6515436
28.298128
74.199577
173.39937
370.92719
740.49177
1396.9036
2503.8622
4237.0653
6771.3354
10216.481
14490.334
19104.023
23097.476
25637.349
0.39333116
0.39992932
0.43378862
0.46132515
0.48232277
0.49816168
0.51008261
0.51904279
0.52575747
0.53078744
0.53458134
0.53749769
0.53985141
0.5419648
0.5442382
0.54726517
0.55204045
0.56035709
0.57561738
0.60464862
0.66221802
0.78419997
1.072546
1.8785827
4.4952437
12.93176
36.08772
89.81832
201.49179
417.41359
811.26242
1494.7485
2620.3913
4341.9338
6809.9936
10101.598
14108.195
18350.42
21933.611
24149.184
0.39754337
0.40405888
0.43838808
0.46638268
0.48778871
0.50398483
0.51621679
0.52544827
0.53240136
0.53764513
0.54163949
0.54475878
0.54734276
0.54975565
0.55247144
0.5562165
0.56222814
0.57275625
0.59210746
0.62904703
0.70297979
0.86263469
1.2529876
2.3807726
6.014341
17.021726
45.134051
107.11105
231.50976
465.52044
882.17509
1589.3774
2725.3227
4426.5875
6818.5333
9948.8637
13688.089
17571.852
20778.411
22701.09
0.40079315
0.40725413
0.44197368
0.4703534
0.49210731
0.50861203
0.52111713
0.53059166
0.5377639
0.54321104
0.5474048
0.55073726
0.5535771
0.55633838
0.55958373
0.5642004
0.57172185
0.58496174
0.60936319
0.65619292
0.7510608
0.9606731
1.4917802
3.0631206
8.0021426
21.980422
55.436339
125.98607
263.19029
514.69471
952.22144
1679.0079
2818.0068
4490.571
6798.0275
9762.1054
13237.05
16778.553
19637.753
21299.222
0.40323675
0.40966404
0.4447033
0.47340356
0.49545183
0.51222232
0.52496736
0.53466063
0.54203618
0.54767947
0.55207502
0.55563514
0.55876257
0.56193085
0.5658093
0.57148018
0.58083869
0.59739598
0.62802972
0.68725483
0.80899423
1.0852371
1.8103367
3.9792788
10.530879
27.840982
66.964525
146.31118
296.2199
564.3439
1020.4384
1762.2908
2897.6595
4533.5964
6749.3161
9544.3162
12761.178
15978.249
18520.037
19950.363
0.40501879
0.41142703
0.44672456
0.47568948
0.49798597
0.51498547
0.52794238
0.53783444
0.54540136
0.55123733
0.55584113
0.5596486
0.56310278
0.56674846
0.57138355
0.57832677
0.58991589
0.61052788
0.64886196
0.72368735
0.88020458
1.2463682
2.236045
5.187327
13.65783
34.612377
79.659948
167.91386
330.24256
613.88327
1086.0952
1837.9005
2963.5568
4555.8175
6673.9856
9298.9763
12266.18
15178.599
17432.588
18659.836
0.40626846
0.41266736
0.44817099
0.4773534
0.49985938
0.51705742
0.53020347
0.54027901
0.54802964
0.5540591
0.55888246
0.56296318
0.56679234
0.57100027
0.57654004
0.58501749
0.599313
0.624882
0.67274655
0.76726964
0.96915435
1.4565703
2.8024413
6.7447216
17.422261
42.28234
93.438585
190.58806
364.86136
662.68949
1148.444
1904.6252
3014.9893
4557.3865
6573.5454
9029.3778
11758.672
14391.767
16385.353
17432.205
0.40710089
0.41349645
0.44916359
0.47852544
0.50121017
0.5185832
0.53190174
0.54215103
0.55008307
0.55631244
0.56137326
0.56576186
0.57002712
0.5749027
0.58153004
0.5918658
0.60946078
0.64112722
0.70088521
0.82052226
1.0822189
1.7337228
3.5521502
8.7130226
21.867184
50.861635
108.26531
214.2122
399.80723
710.26193
1206.5426
1962.2273
3051.6217
4538.3714
6448.9211
8737.865
11240.485
13617.276
15385.622
16268.196
0.4076038
0.41399981
0.44979518
0.47930528
0.50214386
0.51967336
0.53315214
0.54356948
0.55168458
0.55812463
0.56344614
0.56818469
0.5729585
0.57862576
0.58655573
0.59913241
0.62073333
0.65987728
0.734457
0.88612954
1.2269947
2.0971947
4.5233379
11.123375
26.972289
60.253991
123.92717
238.39345
434.43602
755.64685
1259.163
2009.7709
3072.8565
4499.0318
6301.6758
8427.2828
10716.167
12861.032
14440.997
15179.806
0.4078563
0.41425483
0.45015113
0.47978589
0.50276027
0.52043383
0.53406628
0.54465147
0.55295701
0.55962499
0.56523868
0.57038085
0.57575343
0.58236533
0.59186278
0.60715334
0.63364117
0.68200733
0.77518038
0.96822421
1.4141459
2.5736724
5.7621527
14.014973
32.74671
70.430943
140.33578
262.9505
468.44916
798.44367
1305.9206
2047.1993
3079.1808
4440.7162
6134.1194
8100.2128
10186.857
12118.899
13533.05
14157.995
0.40791904
0.41432139
0.45029779
0.48003985
0.50313757
0.52094791
0.53473232
0.54549004
0.55399871
0.56091828
0.56686412
0.5724759
0.57855676
0.58629818
0.5976835
0.61626326
0.64872205
0.7084991
0.82510394
1.0717942
1.6566914
3.1919763
7.3065192
17.40256
39.162863
81.308022
157.32013
287.59454
501.43716
838.19227
1346.4445
2074.6456
3071.6753
4366.0208
5950.9368
7763.9115
9661.1023
11396.7
12658.206
13195.648
0.40784072
0.41424774
0.45028902
0.48012646
0.50334006
0.52128458
0.53522382
0.54616356
0.55489357
0.56209523
0.56842261
0.57458401
0.58150483
0.59059769
0.60425627
0.62682155
0.66657913
0.7404963
0.88669744
1.2033973
1.9702647
3.9821568
9.1851949
21.283781
46.17351
92.775693
174.68148
312.0189
533.0175
874.61353
1380.3087
2092.3547
3051.6133
4277.7428
5756.867
7424.6595
9146.3167
10702.64
11824.655
12290.821
0.40765973
0.4140721
0.45016791
0.48009357
0.50342011
0.5215006
0.53560206
0.54673828
0.55571372
0.56323569
0.57000484
0.57681232
0.58473121
0.59544193
0.61183782
0.6392331
0.68791756
0.77937003
0.96320853
1.3708969
2.3731074
4.973215
11.416247
25.642578
53.718235
104.71161
192.21154
335.91288
562.78257
907.18365
1407.5124
2100.6477
3020.0572
4177.9173
5554.9028
7086.3997
8647.3266
10043.147
11042.379
11447.651
0.40740443
0.41382298
0.44996737
0.47997867
0.50341979
0.52164279
0.53591903
0.54727226
0.55652481
0.56441544
0.57170126
0.57927374
0.58838495
0.60104095
0.62074696
0.65402438
0.71369779
0.82707114
1.0591103
1.5850558
2.887814
6.1960923
14.018137
30.472317
61.76016
117.03592
209.77226
359.07348
590.47715
935.65325
1428.096
2099.803
2977.6029
4067.3823
5345.7996
6749.3049
8162.8172
9415.2362
10310.121
10675.169
0.40709763
0.41352321
0.44971367
0.47981168
0.50337276
0.52174888
0.53621711
0.54781349
0.5573822
0.56570013
0.57359268
0.58207267
0.59260903
0.60760352
0.63131095
0.67175215
0.74496016
0.8857449
1.179821
1.8579238
3.5364087
7.6718701
16.988576
35.735842
70.216662
129.60381
227.1414
381.19933
615.75022
959.71185
1441.9702
2090.0295
2924.843
3947.0986
5130.7143
6414.0028
7691.8984
8815.314
9620.5093
9965.2692
0.40675763
0.41319113
0.44942812
0.47961715
0.50330712
0.52185089
0.536533
0.54840464
0.55833654
0.56715173
0.57575809
0.585315
0.59755358
0.61535605
0.64389523
0.6930529
0.78291217
0.95816206
1.3315863
2.2030018
4.3393971
9.4124957
20.312218
41.382013
78.989489
142.25488
244.08817
402.00057
638.30004
979.15185
1449.1725
2071.7679
2862.7899
3818.7412
4911.6776
6082.6059
7236.5136
8243.8348
8969.3078
9299.4519
0.40639945
0.41284169
0.44912833
0.47941571
0.50324689
0.52197688
0.53689976
0.54908526
0.5594363
0.56883162
0.57827846
0.58911278
0.6033821
0.62455167
0.65891996
0.71868765
0.82907141
1.0476675
1.5218964
2.6347215
5.3139495
11.420494
23.963284
47.350155
87.973124
154.82859
260.39696
421.23139
657.91402
993.91161
1449.9298
2045.6911
2792.6874
3684.1611
4691.2845
5758.4717
6800.3495
7704.7135
8360.009
8677.1733
0.40603593
0.41248753
0.44882933
0.47922535
0.50321357
0.52215263
0.53734864
0.54989389
0.56073018
0.57080332
0.58123996
0.5935883
0.61027704
0.63547802
0.67686898
0.74953419
0.88515488
1.1584248
1.7593324
3.1676808
6.4726676
13.690029
27.908532
53.574161
97.060369
167.17111
275.8747
438.69242
674.45134
1004.004
1444.5216
2012.4505
2715.6214
3544.8983
4471.3607
5443.1451
6384.11
7197.3489
7790.5886
8093.5357
0.40567645
0.41213802
0.44854325
0.47906186
0.50322757
0.52240446
0.53791362
0.55087485
0.56227699
0.57314679
0.58475486
0.59890539
0.61848821
0.64853569
0.69842246
0.78682542
0.95381969
1.2959595
2.0551188
3.8192779
7.8303818
16.22229
32.132726
60.020484
106.19571
179.20527
290.43491
454.32449
687.95327
1009.5162
1433.2466
1972.5563
2632.2308
3401.3896
4251.6609
5135.2663
5984.6427
6716.4214
7254.0865
7541.9097
0.40533393
0.41180551
0.44828454
0.47894254
0.5033099
0.52275817
0.53862693
0.55206922
0.56413053
0.57593481
0.5889255
0.60521428
0.62824725
0.66410354
0.72424944
0.83184997
1.0377611
1.4658488
2.4192158
4.6004663
9.386348
18.99344
36.583838
66.602994
115.25321
190.76677
303.89092
467.95876
698.34863
1010.5697
1416.5261
1926.8028
2543.6844
3255.1052
4033.7232
4835.9648
5602.1532
6260.8297
6748.6648
7021.7558
0.40502126
0.41150237
0.44806783
0.47888516
0.5034824
0.52324097
0.53952299
0.55352147
0.56634968
0.57924789
0.59386602
0.61268391
0.63981649
0.68261222
0.7551021
0.885996
1.140224
1.6743072
2.8615295
5.519126
11.13449
21.976065
41.209946
73.241639
124.12331
201.72332
316.11004
479.50223
705.6341
1007.4725
1394.9272
1876.0861
2451.1845
3107.461
3818.9395
4546.1052
5236.4852
5828.977
6271.3537
6529.431
0.40475286
0.41124219
0.44790896
0.47890887
0.50376869
0.52388245
0.54063951
0.55528064
0.56899999
0.58317641
0.59970592
0.62150797
0.65350016
0.70456506
0.79185916
0.95113381
1.2648143
1.9280608
3.3911117
6.5792588
13.063799
25.139938
45.959881
79.862462
132.71128
211.97142
327.00668
488.93132
709.91134
1000.5639
1369.0581
1821.3252
2356.0092
2959.9902
3608.7743
4266.7657
4887.9717
5420.2252
5820.6215
6062.7856
0.4045443
0.41103926
0.44782534
0.47903593
0.5041977
0.52472054
0.54202671
0.55741414
0.57217364
0.58784968
0.60663257
0.63196904
0.66974594
0.73071864
0.83589945
1.0299539
1.4167017
2.2361529
4.0197195
7.7889583
15.173258
28.474869
50.815062
86.439555
140.98911
221.49408
336.59814
496.32669
711.35144
990.16578
1339.4103
1763.1684
2258.7771
2813.1002
3403.3219
3997.4781
4555.4396
5032.851
5394.5704
5620.3883
0.40441772
0.41091322
0.44783886
0.47929196
0.50480032
0.52579349
0.54373317
0.55998534
0.57595583
0.59338618
0.61481733
0.64432641
0.68896635
0.76176334
0.88841719
1.1251418
1.6007057
2.6059654
4.7535794
9.1451691
17.444927
31.946376
55.7235
92.903947
148.87655
230.21692
344.85416
501.77718
710.06376
976.63677
1306.6161
1702.5257
2160.6986
2668.2377
3204.0727
3739.6592
4240.1479
4667.9285
4994.3186
5204.0026
0.40439932
0.41088677
0.44797413
0.47970488
0.50560942
0.52714127
0.54580902
0.56305922
0.58043379
0.59990768
0.62443761
0.65885132
0.71159695
0.79843055
0.95094127
1.2394301
1.8216102
3.0436145
5.5950679
10.639101
19.855078
35.514772
60.629085
99.185099
156.29638
238.07222
351.74059
505.31107
706.27736
960.38518
1271.3195
1640.3045
2062.9362
2526.7293
3012.3603
3494.4807
3942.9298
4325.9057
4620.0846
4813.9679
0.40451832
0.41098542
0.44825821
0.48030484
0.50665997
0.52880608
0.54830717
0.56670458
0.58570038
0.60754439
0.63568435
0.6758393
0.73812918
0.84161043
1.0251742
1.3758351
2.0841282
3.5538042
6.5432581
12.258369
22.377916
39.140596
65.479223
105.22108
163.1871
245.01595
357.25328
506.98136
700.25208
941.81627
1234.1102
1577.2869
1966.4266
2389.5733
2829.0986
3262.5929
3664.04
4006.6243
4271.4499
4449.9706
0.40480912
0.41123912
0.44872321
0.48112858
0.50799614
0.53084325
0.55129934
0.57101723
0.59188728
0.61648308
0.64883226
0.69571133
0.76923208
0.89236949
1.1134457
1.5383569
2.3943855
4.1428868
7.6002376
13.997846
25.001417
42.806245
70.252755
110.99178
169.53942
251.06589
361.45784
506.85982
692.15384
921.16189
1195.2665
1513.774
1871.4033
2256.7666
2653.8867
3043.0375
3401.8659
3707.8462
3945.7496
4109.3197
0.40530966
0.41168004
0.44940188
0.48221147
0.5096584
0.53330182
0.55484805
0.57608036
0.59910935
0.62688794
0.66412555
0.71884611
0.80551583
0.95200239
1.217831
1.7303644
2.7564771
4.8123511
8.7597473
15.840596
27.697564
46.472962
74.901925
116.44558
175.30849
256.20208
364.39455
505.02399
682.18857
898.76954
1155.2866
1450.3466
1778.4774
2128.9403
2487.2709
2836.1642
3156.4846
3429.381
3642.6538
3791.8169
0.40606443
0.41234412
0.45033104
0.48359426
0.51169514
0.5362429
0.55903414
0.58200443
0.60752142
0.63898185
0.68189704
0.74577083
0.84789309
1.02216
1.3410533
1.9560506
3.1752634
5.5645986
10.018198
17.776054
30.449459
50.118605
79.401823
121.55978
180.48151
260.42896
366.07689
501.62476
670.53609
874.85943
1114.402
1387.2317
1687.8001
2006.0438
2328.9102
2641.2615
2926.7742
3169.7371
3360.4545
3495.814
0.40710707
0.41325754
0.45153504
0.48530088
0.51413228
0.53969801
0.5638996
0.58884843
0.61720861
0.65288998
0.70233543
0.7767741
0.89674201
1.1038407
1.4845987
2.2169724
3.6499854
6.3918787
11.356547
19.772038
33.211433
53.684821
83.684868
126.26607
185.00472
263.72796
366.53644
496.81807
657.48158
849.86945
1073.2207
1325.2125
1600.3184
1889.1519
2179.9626
2459.5267
2713.9418
2930.144
3100.4784
3222.8864
0.40848629
0.41445604
0.4530508
0.48737453
0.51702558
0.54374396
0.5695536
0.59676924
0.62839754
0.66894253
0.72592806
0.8125783
0.95350716
1.1992453
1.6518891
2.5177734
4.1851061
7.2961101
12.773204
21.824456
35.978487
57.167624
87.751231
130.57413
188.90662
266.1697
365.80609
490.68673
643.11637
823.85825
1031.7188
1264.1001
1515.578
1777.4436
2039.1498
2289.1696
2515.6894
2707.8774
2859.7434
2970.0385
0.41021992
0.41595023
0.4548874
0.48982519
0.52039031
0.54840761
0.57604268
0.60584323
0.64120771
0.68732105
0.75294563
0.8535731
1.0191143
1.3095224
1.8442431
2.8586801
4.7766816
8.2653645
14.246034
23.900477
38.707555
60.515581
91.545528
134.43232
192.14828
267.7259
363.98543
483.39108
627.70258
797.2073
990.39187
1204.4918
1434.2492
1671.625
1907.1722
2130.8511
2332.6276
2503.5282
2638.8983
2738.0975
0.41234042
0.41775978
0.4570668
0.4926841
0.52427636
0.55376994
0.58349479
0.61626584
0.6559305
0.7084568
0.78404158
0.90102089
1.0952915
1.4372474
2.0651803
3.2434088
5.4268109
9.2985756
15.770892
25.993942
41.391782
63.723096
95.066463
137.84781
194.74859
268.42491
361.14396
475.01369
611.32104
769.96421
949.18836
1146.1617
1355.8612
1570.895
1782.8244
1982.9193
2162.6661
2314.6395
2435.2546
2524.3223
0.41484194
0.41987442
0.45958072
0.49595041
0.52869909
0.55987448
0.59199662
0.62818555
0.67279972
0.73269432
0.81964676
0.95571736
1.183361
1.5842081
2.3164653
3.6720972
6.1313925
10.385348
17.330559
28.08131
44.002525
66.758959
98.285543
140.80499
196.72738
268.27188
357.35668
465.69222
594.16827
742.37297
908.39374
1089.3973
1280.6391
1475.3618
1666.0466
1845.1129
2005.3388
2140.5798
2248.097
2328.0254
0.41770695
0.42227401
0.46241338
0.49962051
0.53367877
0.56678097
0.60166698
0.64180525
0.69213789
0.76054858
0.86085509
1.019184
1.2850969
1.7526666
2.6002996
4.1453407
6.8873728
11.517842
18.912551
30.146243
46.520961
69.604276
101.18731
143.29448
198.07566
267.32815
352.70301
455.53791
576.38373
714.58614
868.14076
1034.2684
1208.5288
1384.7779
1556.3412
1716.6464
1859.5696
1980.0246
2075.9366
2147.6637
0.42089407
0.42492103
0.46553368
0.50367868
0.5392287
0.57454989
0.61263703
0.65735758
0.71430827
0.7924319
0.90838959
1.0927316
1.4024068
1.9449227
2.9185905
4.6630211
7.6908748
12.68773
20.504409
32.173014
48.929659
72.242562
103.76026
145.31388
198.7998
265.64171
347.25627
444.65219
558.09531
686.74911
828.56492
980.84967
1139.4887
1298.9284
1453.2643
1596.811
1724.3789
1831.7564
1917.3874
1981.7747
0.42432455
0.42775156
0.46888435
0.5080823
0.54533397
0.58321175
0.62500483
0.67503433
0.7396578
0.82934747
0.96352397
1.1776116
1.5368203
2.1623869
3.2714705
5.2220993
8.5339894
13.881602
22.087572
34.138934
51.203778
74.650714
105.99026
146.87387
198.89981
263.26377
341.11692
433.19079
539.51668
659.11357
789.93682
929.41747
1073.7599
1217.9669
1356.8338
1485.4516
1599.4253
1695.2653
1771.8174
1829.6691
0.42793556
0.43071675
0.47242693
0.51281575
0.55202011
0.59285798
0.63896297
0.69518841
0.76868258
0.87199433
1.0275296
1.2757255
1.6908035
2.4077712
3.6610089
5.8227717
9.4143179
15.094688
23.655681
36.03713
53.337492
76.825934
107.87829
147.97307
198.42006
260.24373
334.34632
421.22154
520.70813
631.72264
752.25221
879.87079
1011.0986
1141.4576
1266.3767
1381.6298
1483.5012
1569.1005
1637.5855
1689.5862
0.43166355
0.43377097
0.47612917
0.5178739
0.55933015
0.60360803
0.65473513
0.71812794
0.80227628
0.92168295
1.101974
1.3892626
1.8671443
2.684071
4.0895117
6.4656363
10.330335
16.323643
25.204308
37.863212
55.32805
78.769487
109.4319
148.62147
197.39541
256.62674
326.99764
408.79883
501.71362
604.59159
715.47391
832.08555
951.25421
1068.9828
1181.2734
1284.5007
1375.5324
1451.9798
1513.2446
1559.9703
0.43540391
0.43684126
0.47992799
0.52320924
0.56724381
0.61548875
0.6724466
0.74435778
0.84091903
0.97905107
1.1877548
1.519275
2.0666842
2.991014
4.5541381
7.1438169
11.270348
17.552088
26.713179
39.59455
57.153519
80.465694
110.65392
148.81732
195.86437
252.49129
319.19545
396.10057
482.77216
578.01857
679.94948
786.44601
894.62777
1000.9363
1101.8841
1194.3672
1275.7518
1344.0667
1398.9036
1440.8994
0.43912739
0.43991394
0.48382748
0.52885861
0.57585058
0.62866224
0.69230895
0.77406649
0.88547686
1.0453178
1.2866326
1.6680977
2.292171
3.3312591
5.0567452
7.8579349
12.233936
18.779201
28.181933
41.232278
58.817629
81.92075
111.54636
148.59452
193.85934
247.8727
310.97375
383.14926
463.87361
551.94125
645.54446
742.71755
840.85387
936.79279
1027.5032
1110.3335
1183.0761
1244.1105
1293.1774
1330.8961
0.44277325
0.44295596
0.48780889
0.5348236
0.5851854
0.64323298
0.71471419
0.80796579
0.9363761
1.1210726
1.3993316
1.8363806
2.5436282
3.7032233
5.592987
8.6000945
13.2096
19.990458
29.594125
42.760027
60.307563
83.130681
112.10686
147.98018
191.43359
242.8564
302.45505
370.10631
445.21691
526.58993
612.51126
701.16383
790.19353
876.7985
958.34303
1032.568
1097.6259
1152.1884
1196.1121
1229.992
0.44637388
0.44600666
0.49193819
0.54121493
0.59542287
0.65944321
0.73984207
0.84667037
0.99465455
1.2077981
1.5278454
2.0265992
2.8237723
4.1094311
6.1648447
9.3718062
14.198909
21.188217
30.953705
44.184284
61.633359
84.111599
112.34883
146.99661
188.61167
237.46258
293.64497
356.94848
426.73562
501.83252
580.62539
661.44275
742.16399
820.31019
893.59468
960.0944
1018.2685
1067.0328
1106.335
1136.7418
0.44993659
0.4490891
0.49626128
0.54810961
0.60667623
0.67741476
0.76826567
0.89053875
1.0608153
1.3061211
1.6728075
2.2390684
3.1319796
4.5474931
6.7674692
10.165555
15.19204
22.361152
32.249114
45.49505
62.78817
84.856938
112.29395
145.67674
185.44616
231.76719
284.64396
343.79967
408.57119
477.8206
550.03718
623.6904
696.87475
767.39935
833.28099
892.8853
944.92906
988.53037
1023.7064
1050.9942
0.45351012
0.45225944
0.50086334
0.5556347
0.61912972
0.69758597
0.8003105
0.94003436
1.1354151
1.416649
1.8347211
2.473833
3.4672607
5.0147435
7.3961286
10.97466
16.180922
23.500716
33.472798
46.688419
63.777178
85.363469
111.95877
144.0516
181.98329
225.83196
275.52804
330.74677
390.81358
454.63397
520.80282
587.92474
654.29115
717.96718
777.23147
830.69772
877.29788
916.31641
947.82224
972.32111
0.45719177
0.455615
0.50588677
0.56400475
0.63310054
0.72030535
0.83656006
0.99593448
1.2194348
1.5405391
2.0147953
2.7318819
3.8299928
5.5106161
8.0492823
11.796953
17.163394
24.605539
34.624985
47.766218
64.600681
85.647391
111.36196
142.14445
178.25014
219.68492
266.3201
317.79388
373.43503
432.20252
492.79337
553.9405
614.116
671.61354
724.93934
772.91992
814.66745
849.60351
877.83451
899.83439
0.46107901
0.4592573
0.51148115
0.57344073
0.64891888
0.74614793
0.87756498
1.0588902
1.3135829
1.678442
2.2133804
3.0128677
4.2186479
6.0320291
8.7222488
12.626498
18.132929
25.669516
35.701685
48.729491
65.25397
85.720244
110.5233
139.98517
174.28713
213.37545
257.07483
304.99915
356.48877
410.56084
466.01303
521.69891
576.25587
628.18117
676.17938
719.25873
756.68191
787.98326
813.2953
833.05978
0.46529172
0.46330511
0.51781634
0.58416451
0.6667364
0.77547408
0.92387058
1.1295243
1.4184537
1.8307449
2.4303554
3.3157411
4.6308079
6.5749268
9.4094149
13.456562
19.082396
26.686111
36.697881
49.575151
65.740631
85.594101
109.46426
137.60577
170.13685
206.95523
247.85018
292.42189
340.02941
389.74975
440.47839
491.18174
540.64659
587.55085
630.77322
669.47588
703.04802
731.11629
753.83007
771.59907
0.46996182
0.46789819
0.52509774
0.59646075
0.68709889
0.80880696
0.97606117
1.208439
1.5345294
1.9975778
2.6651613
3.6388433
5.0633525
7.1345818
10.104615
14.280031
20.004523
27.649038
37.609702
50.296349
66.068102
85.281785
108.20602
135.03678
165.83905
200.47241
238.70173
280.12016
324.10865
369.8062
416.2019
462.36646
507.22235
549.60808
588.55354
623.34975
653.49362
678.68691
699.08864
715.07728
0.47529576
0.47324768
0.53364964
0.61085154
0.71084223
0.8470371
1.0351676
1.2967761
1.6629683
2.1799411
2.9183979
3.9821165
5.515401
7.7093469
10.805752
15.094863
20.897955
28.558326
38.439764
50.894671
66.244555
84.795392
106.76382
132.29525
161.41021
193.93855
229.6263
268.06869
308.67507
350.64361
393.05223
435.06844
475.73614
514.03607
549.13142
580.42236
607.49769
630.12057
648.45458
662.84795
0.48149096
0.479571
0.54380008
0.62779939
0.73855325
0.8908954
1.1019262
1.3951282
1.8040104
2.3774295
3.1886599
4.342814
5.982644
8.2933438
11.505641
15.893087
21.75464
29.406319
39.179484
51.373087
66.276868
84.149465
105.16169
129.41556
156.8949
187.40719
220.68669
256.33557
293.79401
332.31839
371.06981
409.30457
446.17703
480.79388
512.4327
540.58649
564.92055
585.24853
601.7347
614.69857
0.48890004
0.48720834
0.55600556
0.64775962
0.77099243
0.94135369
1.1773946
1.5044972
1.9584253
2.5903692
3.4756074
4.7197489
6.4630408
8.8839368
12.201499
16.67236
22.573441
30.194219
39.830123
51.739727
66.178208
83.362144
103.4221
126.4228
152.31773
180.89822
211.89311
244.91586
279.43926
314.77708
350.16789
384.9479
418.36993
449.65285
478.17481
503.5087
525.3822
543.65231
558.48161
570.16269
0.49787767
0.49645286
0.57059229
0.67115376
0.80850163
0.99858299
1.2613984
1.6241419
2.1246511
2.8161034
3.7752451
5.1074737
6.9497626
9.4731946
12.884855
17.424494
23.347353
30.916954
40.392917
52.002394
65.96471
82.459274
101.58155
123.36453
147.73721
174.48003
203.32029
233.88494
265.6804
298.07558
330.38117
362.00654
392.29284
420.5579
446.26739
469.06257
488.72133
505.13758
518.46955
528.98493
0.50883939
0.50742554
0.58746503
0.69780243
0.85002636
1.0605428
1.3506076
1.7490474
2.2955075
3.04482
4.0748023
5.490223
7.4244752
10.041226
13.535891
18.132001
24.064036
31.570349
40.880678
52.192104
65.691492
81.525302
99.758416
120.39666
143.34876
168.3876
195.24232
223.55482
252.86228
282.58365
312.0948
340.87025
368.32904
393.87559
417.05165
437.55745
455.21362
469.9458
481.91082
491.35814
0.52100046
0.51822704
0.6033328
0.72252334
0.88766371
1.1158058
1.4291755
1.8579097
2.4431398
3.2410024
4.3300535
5.8143637
7.8242049
10.517015
14.078567
18.719053
24.655749
32.106153
41.274703
52.33583
65.449426
80.734929
98.232318
117.92541
139.70663
163.34309
188.56552
215.02748
242.2904
269.81346
297.02479
323.45108
348.57395
371.86809
392.93766
411.53187
427.50739
440.81457
451.61122
460.12925
)
;

boundaryField
{
    inletCH4
    {
        type            compressible::turbulentMixingLengthDissipationRateInlet;
        mixingLength    0.000504;
        phi             phi;
        k               k;
        value           uniform 7021.4967;
    }
    wallOutside
    {
        type            compressible::epsilonWallFunction;
        Cmu             0.09;
        kappa           0.41;
        E               9.8;
        value           nonuniform List<scalar> 
110
(
0.009046793
0.0089034969
0.0087587535
0.0086140081
0.0084718519
0.0083325404
0.0081955902
0.0080608734
0.0079294655
0.0078002874
0.0076733137
0.0075485164
0.0074258802
0.0073054101
0.0071871641
0.0070721538
0.0069599385
0.0068510661
0.0067463206
0.0066471611
0.0065564962
0.0064796016
0.0064277753
0.0064195663
0.0064853283
0.0066719385
0.0070498781
0.0077154525
0.0088177054
0.010522271
0.013043053
0.016629625
0.021619761
0.028243199
0.036733907
0.047390102
0.060207591
0.075331225
0.092499299
0.11167102
0.13254614
0.15452275
0.17735446
0.20056731
0.22367871
0.24623086
0.2678154
0.28809126
0.30679585
0.32374933
0.33885284
0.35208313
0.363554
0.37325649
0.38137257
0.38799455
0.39333116
0.39754337
0.40079315
0.40323675
0.40501879
0.40626846
0.40710089
0.4076038
0.4078563
0.40791904
0.40784072
0.40765973
0.40740443
0.40709763
0.40675763
0.40639945
0.40603593
0.40567645
0.40533393
0.40502126
0.40475286
0.4045443
0.40441772
0.40439932
0.40451832
0.40480912
0.40530966
0.40606443
0.40710707
0.40848629
0.41021992
0.41234042
0.41484194
0.41770695
0.42089407
0.42432455
0.42793556
0.43166355
0.43540391
0.43912739
0.44277325
0.44637388
0.44993659
0.45351012
0.45719177
0.46107901
0.46529172
0.46996182
0.47529576
0.48149096
0.48890004
0.49787767
0.50883939
0.52100046
)
;
    }
    outlet
    {
        type            zeroGradient;
    }
    inletPilot
    {
        type            compressible::turbulentMixingLengthDissipationRateInlet;
        mixingLength    0.000735;
        phi             phi;
        k               k;
        value           uniform 150.70405;
    }
    wallTube
    {
        type            compressible::epsilonWallFunction;
        Cmu             0.09;
        kappa           0.41;
        E               9.8;
        value           nonuniform List<scalar> 
77
(
782.58152
57533.002
45613.181
57016.718
44853.448
59934.435
42007.869
47513.745
29095.381
113675.54
119009.16
29854.053
23840.697
52590.554
44695.88
58832.605
54352.361
57038.942
57262.416
119428.87
119959.29
120641.47
121405.24
122291.51
123257.35
124326.3
125451.73
126639.77
127830.55
128997.39
130038.87
130859.48
131269.3
131041.06
129793.98
127032.95
122127.44
114371.13
102875.84
86506.01
65346.714
41618.499
54154.987
58001.109
51872.138
58212.578
50235.677
58254.104
49122.484
58258.627
48387.293
58269.146
47899.311
58290.607
47570.532
58307.54
47341.156
58313.764
47170.958
58303.075
47038.278
58271.621
46923.874
58221.53
46820.514
58155.178
46718.06
58072.859
46616.861
57975.355
46504.167
57860.256
46395.681
57737.063
46240.055
57590.623
46106.437
)
;
    }
    inletAir
    {
        type            compressible::turbulentMixingLengthDissipationRateInlet;
        mixingLength    0.019677;
        phi             phi;
        k               k;
        value           uniform 0.0011685576;
    }
    frontAndBack_pos
    {
        type            wedge;
    }
    frontAndBack_neg
    {
        type            wedge;
    }
}


// ************************************************************************* //
