/*--------------------------------*- C++ -*----------------------------------*\
| =========                 |                                                 |
| \\      /  F ield         | OpenFOAM: The Open Source CFD Toolbox           |
|  \\    /   O peration     | Version:  2.3.0                                 |
|   \\  /    A nd           | Web:      www.OpenFOAM.org                      |
|    \\/     M anipulation  |                                                 |
\*---------------------------------------------------------------------------*/
FoamFile
{
    version     2.0;
    format      ascii;
    class       volScalarField;
    location    "0.2";
    object      H2O;
}
// * * * * * * * * * * * * * * * * * * * * * * * * * * * * * * * * * * * * * //

dimensions      [0 0 0 0 0 0 0];

internalField   nonuniform List<scalar> 
5835
(
8.6446939e-09
8.7823692e-08
1.0340836e-06
8.0244336e-06
3.7605911e-11
3.1112749e-10
3.2750539e-09
2.0336759e-08
1.330404e-13
9.5701105e-13
0.0942
0.0942
0.0942
0.0942
0.0942
0.0942
0.0942
0.0942
0.0942
0.0942
0.0942
0.0942
0.0942
0.0942
0.0942
0.0942
0.0942
0.0942
0.0942
0.0942
9.4428232e-12
5.1951297e-11
4.2121304e-16
2.6955757e-15
2.5426788e-14
1.3281194e-13
1.2480136e-18
7.1814651e-18
6.5406596e-17
3.3963968e-16
3.5378622e-21
1.8388658e-20
1.6286366e-19
8.6859488e-19
9.7500906e-24
4.5892608e-23
3.9684341e-22
2.2208819e-21
2.6471033e-26
1.1291956e-25
9.5449641e-25
5.6764419e-24
9.9133814e-29
3.0434767e-28
2.3116844e-27
1.4531986e-26
2.6532607e-29
2.7212975e-29
3.2820389e-29
6.6092355e-29
2.4768355e-29
2.4931962e-29
2.5661555e-29
2.7313e-29
2.3188112e-29
2.3321548e-29
2.3937742e-29
2.5366508e-29
2.1600871e-29
2.1708672e-29
2.2229581e-29
2.3515163e-29
2.0005538e-29
2.0090881e-29
2.0523754e-29
2.1666077e-29
1.8401513e-29
1.8467381e-29
1.8819897e-29
1.9819868e-29
1.6788175e-29
1.6837382e-29
1.7117568e-29
1.797744e-29
1.5164874e-29
1.5200087e-29
1.5416263e-29
1.6139736e-29
1.3530956e-29
1.355469e-29
1.3715345e-29
1.4307767e-29
1.1885737e-29
1.1900365e-29
1.2014089e-29
1.2482599e-29
1.0228538e-29
1.0236299e-29
1.031157e-29
1.0665327e-29
8.5586268e-30
8.5616317e-30
8.6068775e-30
8.856938e-30
6.8753427e-30
6.875444e-30
6.8986646e-30
7.0587799e-30
5.1786912e-30
5.1774788e-30
5.1863434e-30
5.271641e-30
3.4672298e-30
3.4661057e-30
3.4676971e-30
3.4978223e-30
1.7372702e-30
1.737321e-30
1.737959e-30
1.7408255e-30
0.0942
0.0942
0.0942
0.0942
0.0942
0.0942
0.0942
0.0942
0.0942
0.0942
0.0942
0.0942
0.0942
0.0942
0.0942
0.0942
0.0942
0.0942
0.0942
0.0942
0.0942
0.0942
0.0942
0.0942
0.0942
0.0942
0.0942
0.0942
0.0942
0.0942
0.0942
0.0942
0.0942
0.0942
0.0942
0.0942
0.0942
0.0942
0.0942
0.0942
0.0942
0.0942
0.0942
0.0942
0.0942
0.0942
0.0942
0.0942
0.0942
0.0942
0.0942
0.0942
0.0942
0.0942
0.0942
0.0942
0.0942
0.0942
0.0942
0.0942
0.0942
0.0942
0.0942
0.0942
0.0942
0.0942
0.0942
0.0942
0.0942
0.0942
0.0942
0.0942
0.0942
0.0942
0.0942
0.0942
0.0942
0.0942
0.0942
0.0942
0.0942
0.0942
0.0942
0.0942
0.0942
0.094199993
0.094199998
0.0942
0.094200002
0.094200006
0.094199665
0.094199886
0.094199986
0.094200083
0.094200375
0.094184115
0.094194314
0.094199069
0.09420424
0.094222054
0.093451329
0.0939175
0.094130073
0.094389693
0.095479046
0.050937827
0.050906717
0.050838033
0.050733761
0.051804402
0.051771996
0.051700448
0.051591834
0.052897521
0.052863453
0.052788235
0.052674054
0.05406988
0.054033996
0.053954772
0.053834521
0.055291847
0.055254014
0.055170487
0.055043718
0.056553067
0.056513161
0.056425068
0.056291382
0.057858372
0.057816254
0.057723284
0.057582212
0.059204535
0.059160065
0.059061907
0.058912978
0.060599624
0.060552636
0.060448924
0.060291583
0.062043926
0.061994245
0.061884589
0.061718248
0.063538348
0.063485784
0.063369766
0.063193792
0.065084528
0.065028875
0.064906042
0.064719753
0.06669127
0.066632287
0.066502114
0.06630472
0.068358119
0.068295546
0.068157472
0.067948131
0.070079809
0.07001338
0.06986683
0.069644684
0.071871518
0.071800909
0.071645187
0.071409192
0.073724293
0.073649183
0.073483593
0.073232707
0.075651067
0.075571085
0.075394808
0.075127799
0.077641669
0.07755645
0.077368676
0.07708432
0.079707882
0.079617011
0.079416803
0.079113684
0.081862709
0.081765708
0.081551984
0.08122846
0.084104893
0.084001252
0.083772858
0.083427185
0.086442156
0.086331293
0.086086929
0.085717147
0.088883055
0.088764299
0.088502485
0.088106378
0.091426555
0.09129916
0.091018286
0.090593453
0.094093721
0.093956776
0.093654891
0.093198442
0.096868912
0.09672146
0.096396544
0.095905501
0.099775075
0.099615956
0.099265559
0.098736318
0.10279155
0.10261957
0.10224118
0.10167006
0.10592797
0.10574178
0.10533253
0.10471533
0.10918012
0.10897827
0.10853507
0.10786728
0.11256421
0.11234506
0.11186442
0.11114091
0.11607451
0.11583647
0.1153154
0.11453127
0.11966651
0.11941163
0.11885822
0.1180209
0.12242769
0.12233052
0.12205764
0.12145521
0.12258995
0.12258193
0.12255268
0.12246794
0.12245043
0.12245888
0.12247376
0.12248355
0.12226538
0.12227916
0.12230792
0.12234624
0.12206755
0.12208395
0.12211921
0.12216992
0.12186211
0.12188026
0.12191965
0.12197749
0.12165107
0.12167082
0.12171388
0.12177776
0.12143469
0.121456
0.12150258
0.12157204
0.12121298
0.12123586
0.12128588
0.12136058
0.12098617
0.12101073
0.12106444
0.12114466
0.12075315
0.12077958
0.12083733
0.12092359
0.12051376
0.12054225
0.12060448
0.1206974
0.12026778
0.12029857
0.12036576
0.120466
0.12001486
0.1200482
0.12012088
0.12022916
0.11975324
0.11978945
0.11986825
0.11998546
0.11948396
0.11952338
0.11960905
0.11973619
0.11920505
0.11924812
0.11934155
0.11947987
0.11891588
0.11896311
0.11906537
0.1192163
0.11861573
0.11866776
0.1187801
0.11894535
0.11830372
0.11836129
0.11848526
0.11866683
0.11797854
0.11804261
0.11818011
0.11838045
0.11763796
0.1177098
0.1178633
0.11808547
0.11727552
0.11735703
0.11753013
0.1177784
0.11688511
0.1169793
0.1171775
0.11745801
0.11644482
0.11655768
0.11679137
0.11711489
0.11591098
0.11605629
0.11634789
0.11673556
0.11515839
0.1153741
0.11578112
0.11628206
0.1138534
0.11425431
0.11493774
0.1156755
0.11108394
0.11202377
0.11344801
0.11474437
0.10468415
0.10709507
0.11048286
0.11314024
0.092190814
0.09721793
0.10465694
0.11028807
0.077839703
0.084147652
0.095482735
0.10567188
0.067196561
0.073289648
0.085522318
0.099479414
0.059218343
0.064985288
0.076920088
0.092519742
0.052697104
0.058265556
0.069808033
0.085770288
0.047083999
0.052552426
0.0638148
0.079713075
0.04208164
0.047503457
0.058575343
0.074286864
0.037615461
0.043017845
0.053954733
0.069447039
0.033604928
0.038999346
0.049834445
0.065118648
0.02995937
0.035347019
0.046098777
0.061208458
0.026678651
0.032053261
0.04272777
0.05769785
0.023697317
0.029047326
0.039639537
0.054491088
0.021020058
0.026330871
0.036829746
0.05157114
0.018592286
0.023846847
0.034237182
0.048866625
0.016395226
0.02157536
0.031842601
0.046357618
0.014432477
0.019519467
0.029649541
0.044047505
0.012661438
0.017634601
0.027611101
0.041888245
0.011067243
0.01590564
0.025712304
0.039867544
0.0096360862
0.014319166
0.023939676
0.037974556
0.0083698686
0.012879722
0.022298025
0.036213938
0.007238197
0.011556753
0.02075338
0.034549138
0.0062330353
0.010345094
0.019300792
0.03297434
0.0053399812
0.0092322263
0.017926407
0.031472427
0.0045491715
0.0082110594
0.016623512
0.030034945
0.0038514459
0.0072752201
0.015386804
0.0286559
0.0032383087
0.0064187385
0.014211422
0.027329342
0.0027054639
0.0056410663
0.013099396
0.026054764
0.0022412146
0.004931037
0.012038835
0.024817346
0.0018391158
0.0042842646
0.01102741
0.023614358
0.0014932221
0.003696552
0.010062304
0.022441178
0.0011980227
0.003164001
0.0091405855
0.021292405
0.00094838336
0.0026831291
0.0082596009
0.020163161
0.00073793905
0.0022477848
0.0074116279
0.019045044
0.00056426996
0.0018592503
0.006602053
0.017947308
0.00042300661
0.0015150914
0.0058289267
0.016866605
0.00030990941
0.0012128616
0.0050900836
0.015796828
0.00022091734
0.00095005461
0.0043837782
0.014728538
0.00015264635
0.00072550193
0.0037132284
0.013658937
0.00010170918
0.00053782662
0.0030828551
0.012583248
6.451263e-05
0.00038309845
0.0024904094
0.011476738
3.8621878e-05
0.00026001041
0.0019428175
0.010318974
2.1480994e-05
0.00016571337
0.0014467694
0.0090926082
1.0826168e-05
9.7053593e-05
0.0010125228
0.0077944261
4.7217097e-06
5.0159529e-05
0.00064591223
0.0064008379
1.6075793e-06
2.0890817e-05
0.00034871709
0.0048220728
3.3589393e-07
5.5150989e-06
0.00012913421
0.002944134
0.025164804
0.024193641
0.023225315
0.023127666
0.023598293
0.024321424
0.025127367
0.025967933
0.026843364
0.027746701
0.028658693
0.029570163
0.030492927
0.031435242
0.032403166
0.033387459
0.034397699
0.035445021
0.03653773
0.037680842
0.038874992
0.040134734
0.041462794
0.042863195
0.0443407
0.045904168
0.047571845
0.049347693
0.051266801
0.053323031
0.055521798
0.057871741
0.060421095
0.063167527
0.066130898
0.069388163
0.072953436
0.076894989
0.081155919
0.085697514
0.090445368
0.095330099
0.10035013
0.10518392
0.10928975
0.11231244
0.11424027
0.11539379
0.11611443
0.11661725
0.1170131
0.11735534
0.11767116
0.11796979
0.11825851
0.11853773
0.11881028
0.11907656
0.11933667
0.11959056
0.11983825
0.12007977
0.12031645
0.12054691
0.12077244
0.12099326
0.12120941
0.12142079
0.12162786
0.12182851
0.12202245
0.12220759
0.12236944
0.12247042
0.12233053
0.12076916
0.11733124
0.11389075
0.11054936
0.10732079
0.10420988
0.10120204
0.098302381
0.09550267
0.092823794
0.090244566
0.0877809
0.085413133
0.083142843
0.080962211
0.078864125
0.076850133
0.074907843
0.07302599
0.071214711
0.069461585
0.067775557
0.066141965
0.064566125
0.063048642
0.061581017
0.060161754
0.05879007
0.05746577
0.056181022
0.054939054
0.053735226
0.05257976
0.051502125
0.050647631
0.049385574
0.050188144
0.051199461
0.052282617
0.053408971
0.054568806
0.055765992
0.056997274
0.058269522
0.059582558
0.060936687
0.062332883
0.063778449
0.065272268
0.066808909
0.06840098
0.070039611
0.071735112
0.073477482
0.075275863
0.077140199
0.079067951
0.081064101
0.083133994
0.085274565
0.087500696
0.089796363
0.092176853
0.094621577
0.097134492
0.099708654
0.1023537
0.10506459
0.10783445
0.11065679
0.11353612
0.11643952
0.11923343
0.121209
0.12175192
0.12202161
0.12213304
0.12204966
0.1219364
0.12181523
0.12169074
0.12156242
0.12142177
0.12127094
0.12111908
0.12096761
0.12081737
0.12066912
0.12052357
0.12038131
0.12024261
0.12010725
0.11997627
0.11984873
0.11972529
0.11960461
0.11948652
0.11937166
0.11926172
0.11916098
0.11907412
0.11900181
0.11894132
0.11888982
0.11884532
0.11880759
0.11877796
0.11875592
0.11873973
0.11873196
0.11873574
0.11875074
0.11877699
0.11881541
0.11886658
0.11893169
0.11901207
0.11910806
0.11921749
0.11933605
0.11944413
0.11949409
0.11947704
0.11948658
0.11954201
0.11963795
0.11977083
0.11993291
0.12009496
0.1201594
0.11983734
0.11924685
0.11741815
0.110092
0.10156265
0.092354106
0.082584345
0.072891531
0.063232259
0.055189413
0.049936956
0.04766542
0.04785476
0.050374506
0.059096071
0.049739995
0.050557034
0.0515868
0.052690067
0.053837943
0.055020579
0.05624205
0.05749911
0.05879889
0.060141312
0.061526804
0.062956477
0.064437948
0.065970225
0.067547894
0.06918411
0.070869972
0.072616359
0.074413229
0.076270295
0.078198149
0.08019449
0.082264823
0.084415087
0.086642515
0.088963149
0.091360853
0.093852324
0.096416729
0.099058972
0.10177242
0.10456786
0.10744039
0.11038302
0.11338865
0.11644961
0.11943113
0.12145849
0.12209586
0.12218914
0.12217435
0.12209929
0.12195662
0.12180168
0.12164271
0.12148166
0.12131829
0.12114965
0.12097617
0.12080214
0.12062775
0.12045365
0.12028046
0.12010888
0.1199395
0.11977273
0.11960803
0.11944664
0.11928727
0.11913041
0.11897392
0.11881661
0.1186577
0.11849754
0.11833971
0.11818967
0.11804928
0.1179162
0.11778714
0.11765869
0.11752923
0.11740306
0.11728442
0.11717553
0.11707862
0.11699257
0.11691694
0.11685032
0.11679471
0.11675211
0.11672443
0.11671579
0.11672944
0.11676606
0.11682622
0.11690763
0.11700423
0.11711814
0.11726493
0.11744764
0.11766318
0.11791171
0.11819244
0.11849988
0.11881791
0.11911893
0.11941137
0.11958263
0.11936543
0.11919641
0.11907743
0.11858945
0.11433829
0.1032917
0.091706608
0.082261267
0.076514594
0.074947042
0.077244109
0.08388911
0.050050864
0.050880665
0.05192673
0.053047762
0.054214665
0.055417466
0.056660431
0.057940319
0.059264498
0.060632981
0.06204631
0.063505719
0.065019113
0.066585618
0.068199843
0.069875441
0.071603494
0.073395398
0.075241085
0.077150791
0.079135705
0.081193759
0.08333096
0.085553813
0.087859874
0.090266293
0.09275691
0.095349794
0.098023989
0.10078537
0.1036277
0.1065629
0.10958617
0.11269021
0.11586603
0.11905271
0.12149093
0.12219147
0.12231534
0.12223944
0.12211955
0.12197433
0.12180262
0.12162461
0.1214433
0.12125964
0.12107356
0.12088402
0.12069065
0.12049601
0.12029971
0.12010223
0.11990412
0.11970601
0.11950847
0.11931193
0.11911552
0.11892056
0.11872517
0.1185294
0.11832937
0.11812135
0.11790048
0.11766167
0.11740327
0.11712889
0.116842
0.11654203
0.11622534
0.11588323
0.11550646
0.1151034
0.11468871
0.11427389
0.11386924
0.11346983
0.11307498
0.11267642
0.11227732
0.11188469
0.11150121
0.11114029
0.11081573
0.11053911
0.11031578
0.11015434
0.11005712
0.11002849
0.11007596
0.11020423
0.11041161
0.11070009
0.11107327
0.11152932
0.11205964
0.11265557
0.11331862
0.1140292
0.11475876
0.11554154
0.11635607
0.11714016
0.11768885
0.11799636
0.11849261
0.11850479
0.11137736
0.099275975
0.092414709
0.09185502
0.050316897
0.051157673
0.052217771
0.053354097
0.054537394
0.055757578
0.057019081
0.058318669
0.059663915
0.061054913
0.062492307
0.063977442
0.065518479
0.067114652
0.068760596
0.070470406
0.072235155
0.074066694
0.075954936
0.077910581
0.079945347
0.082057387
0.084253168
0.086539731
0.088914957
0.091397031
0.093969837
0.096652741
0.099424758
0.10229273
0.10525086
0.10831214
0.11147188
0.11472197
0.11804242
0.12118318
0.12222001
0.12238199
0.12231657
0.12217265
0.12200853
0.12183179
0.12164261
0.12144894
0.12125166
0.12105123
0.12084766
0.12064053
0.12042906
0.1202151
0.11999785
0.11977764
0.11955488
0.11933005
0.11910363
0.11887589
0.11864549
0.1184136
0.11817729
0.11793523
0.11767986
0.11740087
0.11708171
0.11669878
0.11622735
0.11565381
0.11497917
0.11420814
0.11334011
0.11235029
0.11119754
0.10989481
0.10849102
0.10703599
0.10557926
0.10411047
0.10263078
0.10110853
0.099545522
0.097963254
0.096362464
0.09477978
0.093255691
0.091834152
0.09052325
0.089347561
0.088310717
0.087419507
0.086683925
0.086114786
0.08571986
0.085509188
0.085506866
0.085733808
0.086208539
0.08695457
0.088016136
0.089420157
0.091154747
0.093178314
0.095413328
0.097797516
0.1002892
0.10291529
0.10566607
0.10852354
0.11139236
0.11447543
0.1153517
0.10246073
0.05053693
0.05138682
0.052458579
0.05360762
0.054804555
0.056039204
0.057316142
0.058632138
0.059994939
0.061404705
0.062862171
0.064368778
0.065932906
0.067553887
0.069226385
0.07096487
0.072760406
0.074625232
0.07654924
0.078543516
0.080620231
0.082777733
0.085022901
0.087363261
0.089797013
0.092343277
0.094986033
0.097745816
0.10060169
0.10356138
0.10661956
0.10979024
0.11306874
0.11644504
0.11987266
0.12210968
0.12243989
0.12239417
0.12225376
0.12207893
0.12189298
0.12169917
0.12149785
0.12129236
0.12108258
0.12086872
0.12065077
0.12042851
0.12020081
0.1199692
0.11973256
0.11949098
0.11924468
0.11899389
0.11873881
0.1184794
0.11821358
0.11794185
0.11765929
0.11736124
0.11703199
0.11664468
0.1161496
0.11546272
0.11446909
0.1130685
0.1112361
0.1090087
0.10644748
0.10353806
0.10018946
0.096480764
0.092632055
0.088871048
0.085389784
0.082186019
0.079265079
0.076554629
0.074032802
0.0717026
0.069521633
0.067488179
0.065602203
0.06387579
0.062279545
0.060812132
0.059457657
0.058208991
0.05706316
0.056017737
0.055071976
0.05421692
0.053454657
0.052781671
0.052190034
0.051670159
0.05121544
0.050825673
0.050483244
0.050169573
0.049873702
0.049615082
0.049433222
0.049378823
0.049527582
0.050078087
0.051470771
0.054600852
0.061381307
0.073641379
0.029065641
0.02790803
0.028968105
0.030216989
0.032665676
0.037329298
0.044468787
0.052980787
0.061735984
0.070888712
0.08006674
0.088582097
0.096326956
0.10293062
0.10890357
0.11347906
0.11498122
0.11578633
0.11643314
0.11706329
0.11771481
0.11840941
0.11915966
0.11986558
0.12011716
0.12007005
0.11995866
0.11984571
0.1197442
0.1196568
0.11958479
0.11952743
0.11948449
0.11945414
0.11943645
0.11943143
0.1194387
0.11944641
0.11944745
0.11945054
0.11946045
0.11947778
0.1195029
0.11953761
0.11958447
0.1196461
0.11972216
0.11980855
0.11990111
0.11999824
0.12009889
0.12020311
0.12031195
0.1204246
0.1205419
0.12066304
0.1207878
0.12091613
0.12104749
0.12118101
0.1213158
0.12145062
0.12158205
0.12169122
0.12177275
0.12184666
0.12191344
0.12196376
0.12195065
0.12147037
0.12066672
0.11944042
0.11699354
0.11424214
0.11146419
0.10871679
0.10602078
0.10337008
0.10077101
0.098230382
0.095753344
0.093330974
0.090970333
0.088668031
0.086444409
0.084285122
0.082206095
0.080193253
0.078249878
0.076371045
0.074552136
0.072795843
0.071092662
0.069433831
0.067829292
0.066269123
0.064762154
0.063296165
0.061876595
0.060504655
0.05917327
0.057881563
0.056629319
0.055416785
0.054237275
0.05309405
0.051983378
0.050914892
0.049917014
0.049125021
2.6025231e-33
2.4004874e-31
3.9995745e-30
4.3656094e-29
3.9255042e-28
3.0683212e-27
2.1486405e-26
1.3751604e-25
8.152646e-25
4.5115828e-24
2.3550673e-23
1.1694696e-22
5.5518089e-22
2.5315345e-21
1.1146318e-20
4.7681178e-20
1.9872194e-19
8.0885498e-19
3.2241098e-18
1.263212e-17
4.8769619e-17
1.8613291e-16
7.0309231e-16
2.6333534e-15
9.8070081e-15
3.6300422e-14
1.3395773e-13
4.9486849e-13
1.835528e-12
6.8564376e-12
2.5851194e-11
9.9282678e-11
3.927072e-10
1.6122925e-09
6.9943989e-09
3.3298788e-08
2.0486429e-07
2.5091516e-06
0.00012074766
0.004163742
1.6815788e-32
1.4302399e-30
2.4130723e-29
2.6333189e-28
2.3640289e-27
1.8449547e-26
1.2901065e-25
8.2454088e-25
4.881418e-24
2.6973392e-23
1.4057889e-22
6.9686404e-22
3.3018091e-21
1.5023108e-20
6.5985821e-20
2.8149841e-19
1.1695926e-18
4.7440805e-18
1.8836347e-17
7.3477506e-17
2.822752e-16
1.0712729e-15
4.0206228e-15
1.4947369e-14
5.5184873e-14
2.0217539e-13
7.3689758e-13
2.6810144e-12
9.7547336e-12
3.5535823e-11
1.2958507e-10
4.7520366e-10
1.7615558e-09
6.5976355e-09
2.5305212e-08
1.0441268e-07
5.7536437e-07
6.6195598e-06
0.00026304451
0.0056923739
6.8015142e-32
5.5646222e-30
9.4859589e-29
1.0346193e-27
9.262899e-27
7.210143e-26
5.0296737e-25
3.2071803e-24
1.8942832e-23
1.0441745e-22
5.4276476e-22
2.6827239e-21
1.2669771e-20
5.743672e-20
2.5124102e-19
1.0668252e-18
4.4092953e-18
1.7779316e-17
7.0124032e-17
2.7149885e-16
1.0342262e-15
3.8876651e-15
1.4433025e-14
5.2992859e-14
1.9284643e-13
6.9472832e-13
2.4823925e-12
8.8196238e-12
3.1180431e-11
1.0965342e-10
3.8277021e-10
1.3290586e-09
4.6019179e-09
1.5866729e-08
5.5533682e-08
2.113575e-07
1.1130414e-06
1.248877e-05
0.00042547657
0.0071309856
2.2588504e-31
1.8286702e-29
3.1500014e-28
3.4312964e-27
3.0596126e-26
2.3724261e-25
1.6491827e-24
1.0481091e-23
6.1699431e-23
3.3892277e-22
1.7551542e-21
8.6395694e-21
4.0615393e-20
1.8317648e-19
7.9660302e-19
3.3603729e-18
1.3786074e-17
5.5126386e-17
2.1539564e-16
8.2520328e-16
3.1064701e-15
1.1522635e-14
4.2139417e-14
1.5210836e-13
5.4290497e-13
1.9128905e-12
6.6625375e-12
2.2978349e-11
7.8464395e-11
2.6490273e-10
8.8135371e-10
2.8923948e-09
9.3818476e-09
3.0106565e-08
9.8232671e-08
3.5495265e-07
1.8206092e-06
2.006337e-05
0.00060836265
0.0086455652
6.7635129e-31
5.4632072e-29
9.4852115e-28
1.0303397e-26
9.1357633e-26
7.0470789e-25
4.8760153e-24
3.0854158e-23
1.8085231e-22
9.8905104e-22
5.0976806e-21
2.496245e-20
1.1667155e-19
5.2277142e-19
2.2567826e-18
9.4411639e-18
3.8371473e-17
1.5182856e-16
5.862851e-16
2.2167053e-15
8.2228983e-15
3.0003682e-14
1.07731e-13
3.8096836e-13
1.3287684e-12
4.5620427e-12
1.5431228e-11
5.1483434e-11
1.692905e-10
5.4751263e-10
1.7350836e-09
5.3913915e-09
1.6471082e-08
4.9719364e-08
1.5356653e-07
5.3506483e-07
2.6983079e-06
2.9508756e-05
0.00083145583
0.010462127
1.8954685e-30
1.5311638e-28
2.6696483e-27
2.8850809e-26
2.5386056e-25
1.9448151e-24
1.3376259e-23
8.4179401e-23
4.9081019e-22
2.6697177e-21
1.368163e-20
6.6580565e-20
3.0904721e-19
1.3740778e-18
5.8804361e-18
2.4360537e-17
9.7922541e-17
3.8270698e-16
1.4576138e-15
5.4273959e-15
1.9793961e-14
7.0877592e-14
2.4924622e-13
8.6132449e-13
2.9284021e-12
9.7734241e-12
3.2036306e-11
1.0321242e-10
3.2644403e-10
1.0111729e-09
3.0556455e-09
9.0176599e-09
2.6095106e-08
7.4731736e-08
2.2071018e-07
7.4759264e-07
3.7361234e-06
4.1690476e-05
0.0011542709
0.01293122
5.0780749e-30
4.0976603e-28
7.1416684e-27
7.6527773e-26
6.6641828e-25
5.0596895e-24
3.4535615e-23
2.1587012e-22
1.2506021e-21
6.7592842e-21
3.4410229e-20
1.6626096e-19
7.6568848e-19
3.3747213e-18
1.4301505e-17
5.8598162e-17
2.3266465e-16
8.9689913e-16
3.3642297e-15
1.2316532e-14
4.4088512e-14
1.5466066e-13
5.3174372e-13
1.7926697e-12
5.9317863e-12
1.921815e-11
6.0981472e-11
1.895982e-10
5.7677736e-10
1.7124595e-09
4.943812e-09
1.3902264e-08
3.8293707e-08
1.0468636e-07
2.9743377e-07
9.8452518e-07
4.9563951e-06
6.0224533e-05
0.0017128803
0.016448434
1.3196488e-29
1.0601922e-27
1.8368458e-26
1.9426729e-25
1.6680165e-24
1.2515023e-23
8.4593436e-23
5.2434437e-22
3.0144887e-21
1.617236e-20
8.171106e-20
3.91664e-19
1.7881702e-18
7.8062212e-18
3.2731411e-17
1.3252751e-16
5.1926924e-16
1.9724174e-15
7.2785697e-15
2.6171108e-14
9.1846718e-14
3.1528763e-13
1.0586745e-12
3.4784942e-12
1.1192718e-11
3.5181e-11
1.0803305e-10
3.2418106e-10
9.4915178e-10
2.7046212e-09
7.4754495e-09
2.0092335e-08
5.2894068e-08
1.3865431e-07
3.8071786e-07
1.2420857e-06
6.5304238e-06
9.6270404e-05
0.0026922256
0.021031132
3.3484069e-29
2.6719506e-27
4.5748362e-26
4.746633e-25
3.998082e-24
2.9528491e-23
1.9708837e-22
1.2088841e-21
6.8861506e-21
3.6626779e-20
1.8349166e-19
8.7183967e-19
3.9433453e-18
1.7039891e-17
7.0648984e-17
2.8250335e-16
1.091652e-15
4.0833043e-15
1.4814513e-14
5.2282798e-14
1.7977689e-13
6.035502e-13
1.9782615e-12
6.3325564e-12
1.9810456e-11
6.041274e-11
1.795914e-10
5.2049928e-10
1.4684212e-09
4.0227697e-09
1.0670187e-08
2.7495092e-08
6.9433619e-08
1.752563e-07
4.6785598e-07
1.5309021e-06
8.918137e-06
0.00017682685
0.0042408315
0.026369158
8.4943515e-29
6.6923963e-27
1.1234475e-25
1.1345818e-24
9.3110927e-24
6.7330926e-23
4.4199779e-22
2.6750822e-21
1.5066847e-20
7.9332554e-20
3.9363362e-19
1.8523697e-18
8.294578e-18
3.5458773e-17
1.4530118e-16
5.7355464e-16
2.1849063e-15
8.0447213e-15
2.8684553e-14
9.9323552e-14
3.345082e-13
1.0979564e-12
3.5120528e-12
1.0951087e-11
3.3307272e-11
9.8562452e-11
2.83764e-10
7.948819e-10
2.1631027e-09
5.7055861e-09
1.4552065e-08
3.6040672e-08
8.7579392e-08
2.1375003e-07
5.5958458e-07
1.8897444e-06
1.3279732e-05
0.00036204371
0.0064738222
0.032408356
2.1801414e-28
1.6865304e-26
2.7541561e-25
2.6831354e-24
2.1269057e-23
1.495016e-22
9.5991829e-22
5.7093887e-21
3.1704089e-20
1.6491739e-19
8.0929465e-19
3.7680541e-18
1.6692118e-17
7.0558496e-17
2.8565871e-16
1.1128428e-15
4.1784486e-15
1.5142357e-14
5.3059015e-14
1.8025105e-13
5.9457785e-13
1.9081026e-12
5.956977e-12
1.8096852e-11
5.3528192e-11
1.5377719e-10
4.2905222e-10
1.1626668e-09
3.055575e-09
7.7721913e-09
1.909946e-08
4.5582679e-08
1.0695973e-07
2.5388961e-07
6.6153013e-07
2.4158903e-06
2.3060671e-05
0.00076232673
0.0094282257
0.039093256
5.7181935e-28
4.3233258e-26
6.8219837e-25
6.3539083e-24
4.8166738e-23
3.2607615e-22
2.0324632e-21
1.1812529e-20
6.4404687e-20
3.3001257e-19
1.5984561e-18
7.3535729e-18
3.2198506e-17
1.3450681e-16
5.3785455e-16
2.06767e-15
7.6523493e-15
2.7297802e-14
9.4017932e-14
3.1344379e-13
1.0129922e-12
3.1796231e-12
9.6924973e-12
2.8702091e-11
8.2613812e-11
2.3057688e-10
6.2401406e-10
1.6376438e-09
4.1621873e-09
1.0227371e-08
2.4271059e-08
5.5993544e-08
1.2749148e-07
2.9715218e-07
7.9077257e-07
3.3574712e-06
4.9040609e-05
0.0015330403
0.013055072
0.046231723
1.5426332e-27
1.1365279e-25
1.7255731e-24
1.5257944e-23
1.0952534e-22
7.0649824e-22
4.2336999e-21
2.3855874e-20
1.2695382e-19
6.3807341e-19
3.0414827e-18
1.3797671e-17
5.9639055e-17
2.4602587e-16
9.7131765e-16
3.6844247e-15
1.3442259e-14
4.7215977e-14
1.5990964e-13
5.2345935e-13
1.6584741e-12
5.0950469e-12
1.5176279e-11
4.3842471e-11
1.2290835e-10
3.3360519e-10
8.7673815e-10
2.231319e-09
5.4934123e-09
1.3067136e-08
3.0030112e-08
6.7238709e-08
1.4955917e-07
3.4710278e-07
9.7869389e-07
5.2635887e-06
0.00012009008
0.0028199203
0.017191699
0.053248687
4.2881295e-27
3.0747728e-25
4.4875752e-24
3.7555304e-23
2.5340336e-22
1.5412704e-21
8.7802838e-21
4.7480663e-20
2.4459682e-19
1.1983336e-18
5.5962113e-18
2.4957559e-17
1.062773e-16
4.3241444e-16
1.6844658e-15
6.3033792e-15
2.2673558e-14
7.844863e-14
2.6141136e-13
8.4083284e-13
2.6138745e-12
7.8669525e-12
2.2920756e-11
6.4668431e-11
1.7678475e-10
4.6724989e-10
1.1941887e-09
2.9522551e-09
7.054717e-09
1.6285829e-08
3.6367737e-08
7.9427291e-08
1.7407018e-07
4.0947633e-07
1.278767e-06
9.4547332e-06
0.000297097
0.0046699797
0.021682682
0.060068694
1.2250358e-26
8.5485587e-25
1.201627e-23
9.5330208e-23
6.0314248e-22
3.433181e-21
1.839213e-20
9.4332862e-20
4.653741e-19
2.2029407e-18
1.0011892e-17
4.3684664e-17
1.8266821e-16
7.3151771e-16
2.8083033e-15
1.0361443e-14
3.6744232e-14
1.2527054e-13
4.1097475e-13
1.3000248e-12
3.9694471e-12
1.1717959e-11
3.3438755e-11
9.2270712e-11
2.4634625e-10
6.350686e-10
1.5813261e-09
3.8053252e-09
8.8478016e-09
1.9884364e-08
4.3329387e-08
9.2890087e-08
2.0280255e-07
4.9527846e-07
1.8164956e-06
2.0181574e-05
0.00068239164
0.00704904
0.026442139
0.066869893
3.5583224e-26
2.4227097e-24
3.2928477e-23
2.4898021e-22
1.4817729e-21
7.8787206e-21
3.9403507e-20
1.8958708e-19
8.8476822e-19
4.0007261e-18
1.7527669e-17
7.4281812e-17
3.0341912e-16
1.1917141e-15
4.4986826e-15
1.6345489e-14
5.7120379e-14
1.9191055e-13
6.2021356e-13
1.9312208e-12
5.7988175e-12
1.6814659e-11
4.7073084e-11
1.2726869e-10
3.324988e-10
8.3785568e-10
2.037415e-09
4.7853663e-09
1.0860848e-08
2.3857269e-08
5.100222e-08
1.0820077e-07
2.387748e-07
6.2543914e-07
2.8910684e-06
5.058276e-05
0.0013968241
0.0098623727
0.031359519
0.073541431
1.060883e-25
7.0280063e-24
9.2475651e-23
6.7035396e-22
3.7787228e-21
1.8845327e-20
8.7886709e-20
3.9393426e-19
1.7196571e-18
7.3317287e-18
3.0579283e-17
1.2453858e-16
4.9281319e-16
1.8868914e-15
6.9750474e-15
2.489093e-14
8.5586778e-14
2.8320089e-13
9.0165298e-13
2.7652755e-12
8.1735287e-12
2.3311278e-11
6.4127033e-11
1.7019129e-10
4.3602208e-10
1.0765086e-09
2.5632687e-09
5.8942201e-09
1.3106438e-08
2.8271735e-08
5.9673429e-08
1.2648728e-07
2.8706059e-07
8.3778556e-07
5.2035936e-06
0.00013463267
0.0025450403
0.013058036
0.036505928
0.080107168
3.2439672e-25
2.0792869e-23
2.6470052e-22
1.8489547e-21
9.9534908e-21
4.6954206e-20
2.0533887e-19
8.5772661e-19
3.4820175e-18
1.384604e-17
5.4241157e-17
2.0942697e-16
7.933208e-16
2.932961e-15
1.0541684e-14
3.6764513e-14
1.2398425e-13
4.0329907e-13
1.263934e-12
3.8179951e-12
1.1116091e-11
3.1219301e-11
8.4524791e-11
2.2064264e-10
5.556283e-10
1.3477471e-09
3.1522894e-09
7.1231681e-09
1.5588014e-08
3.3205782e-08
6.9718635e-08
1.4929462e-07
3.5546222e-07
1.2070349e-06
1.0711835e-05
0.00033872921
0.0041557638
0.016586968
0.041918152
0.086529214
1.0202512e-24
6.2626223e-23
7.6866352e-22
5.189432e-21
2.6872489e-20
1.2104965e-19
5.0126259e-19
1.9657928e-18
7.4395464e-18
2.7481504e-17
1.0012331e-16
3.6155122e-16
1.2921188e-15
4.5512649e-15
1.5729404e-14
5.3155687e-14
1.747428e-13
5.5648772e-13
1.7125215e-12
5.0891471e-12
1.4592513e-11
4.0382085e-11
1.0774558e-10
2.7716134e-10
6.8771895e-10
1.6438221e-09
3.7904613e-09
8.4540603e-09
1.8305595e-08
3.8770977e-08
8.1706554e-08
1.7918803e-07
4.5970114e-07
1.9249472e-06
2.6146715e-05
0.00076242924
0.0061894454
0.020371722
0.047436703
0.092560355
3.325182e-24
1.9223001e-22
2.2599283e-21
1.4757326e-20
7.3880134e-20
3.2035387e-19
1.2689695e-18
4.7234833e-18
1.6822042e-17
5.8020651e-17
1.9633807e-16
6.5781629e-16
2.1893562e-15
7.23591e-15
2.3688635e-14
7.6561754e-14
2.427876e-13
7.5108614e-13
2.2573249e-12
6.576492e-12
1.8536528e-11
5.0513479e-11
1.3287842e-10
3.3728153e-10
8.2640435e-10
1.9523447e-09
4.4556347e-09
9.8575687e-09
2.1253039e-08
4.511536e-08
9.6453933e-08
2.202203e-07
6.2921258e-07
3.4484309e-06
7.1422893e-05
0.0015106109
0.0085824954
0.024350235
0.052969349
0.098285508
1.1365747e-23
6.0369879e-22
6.7334538e-21
4.2476577e-20
2.0618551e-19
8.6551275e-19
3.3065368e-18
1.1805323e-17
4.0038046e-17
1.3041931e-16
4.1328454e-16
1.2877603e-15
3.9723965e-15
1.2182672e-14
3.7212384e-14
1.1316147e-13
3.4090824e-13
1.0113127e-12
2.9383444e-12
8.3301154e-12
2.2962299e-11
6.1425914e-11
1.590679e-10
3.9835901e-10
9.6490978e-10
2.2583507e-09
5.1197659e-09
1.129381e-08
2.4413678e-08
5.2412284e-08
1.1503067e-07
2.7833103e-07
9.1701426e-07
6.9049407e-06
0.00019087112
0.0026401669
0.011266014
0.028471337
0.058466193
0.103754
4.1541589e-23
1.9577051e-21
2.0463457e-20
1.2437525e-19
5.8607796e-19
2.3899725e-18
8.8548928e-18
3.0563756e-17
9.9743723e-17
3.1068147e-16
9.3410593e-16
2.7378216e-15
7.8805491e-15
2.2423741e-14
6.343091e-14
1.7906863e-13
5.0398286e-13
1.4090692e-12
3.8955806e-12
1.0603971e-11
2.8287827e-11
7.3707706e-11
1.8689612e-10
4.6028959e-10
1.1006481e-09
2.5530721e-09
5.7626069e-09
1.2731512e-08
2.7788813e-08
6.0941112e-08
1.3922597e-07
3.6530413e-07
1.4559808e-06
1.610579e-05
0.00046076305
0.0041468417
0.014190424
0.032753642
0.063791216
0.10905399
1.6070763e-22
6.5286974e-21
6.3347675e-20
3.701626e-19
1.6940806e-18
6.7241117e-18
2.4241147e-17
8.1298236e-17
2.5715293e-16
7.73503e-16
2.2342593e-15
6.2488532e-15
1.7028027e-14
4.5492449e-14
1.1994993e-13
3.1411757e-13
8.1924206e-13
2.1290321e-12
5.5064976e-12
1.4141443e-11
3.5918602e-11
8.9895102e-11
2.206829e-10
5.2987735e-10
1.2430933e-09
2.846877e-09
6.3894703e-09
1.4163284e-08
3.1388771e-08
7.1034804e-08
1.7169151e-07
5.0329039e-07
2.5679754e-06
4.3189298e-05
0.00096786607
0.0059550595
0.017258559
0.037049502
0.068863803
0.11420964
6.5514576e-22
2.251943e-20
2.0151913e-19
1.1302174e-18
5.0231827e-18
1.9420469e-17
6.8227925e-17
2.2289612e-16
6.8609641e-16
2.004897e-15
5.6107961e-15
1.5143838e-14
3.9614127e-14
1.0093001e-13
2.5189529e-13
6.1960019e-13
1.5079522e-12
3.641941e-12
8.7473349e-12
2.0917868e-11
4.9754619e-11
1.1749738e-10
2.7448958e-10
6.3260074e-10
1.4364526e-09
3.2117414e-09
7.1070892e-09
1.573118e-08
3.5422341e-08
8.3366591e-08
2.1667377e-07
7.3250575e-07
5.0022205e-06
0.00011773059
0.0017711283
0.0079862004
0.020387591
0.041193717
0.073513519
0.11865606
2.7777385e-21
8.0706327e-20
6.6575605e-19
3.5829775e-18
1.5460733e-17
5.8218729e-17
1.9937265e-16
6.3499289e-16
1.9051373e-15
5.423548e-15
1.4770506e-14
3.8725275e-14
9.8136626e-14
2.4132896e-13
5.785039e-13
1.3585911e-12
3.135876e-12
7.1353495e-12
1.6054846e-11
3.582911e-11
7.9437159e-11
1.7513573e-10
3.8355477e-10
8.3367312e-10
1.798159e-09
3.8511004e-09
8.2481387e-09
1.7938482e-08
4.0631252e-08
9.9525226e-08
2.8235574e-07
1.1429899e-06
1.0961454e-05
0.00029220775
0.0028686028
0.010172785
0.023529384
0.045172872
0.07784694
0.12036207
1.2041227e-20
3.008844e-19
2.3031941e-18
1.19134e-17
4.9904039e-17
1.8292904e-16
6.1031281e-16
1.8944524e-15
5.5405505e-15
1.537674e-14
4.0817102e-14
1.0424295e-13
2.5706168e-13
6.1414416e-13
1.4269521e-12
3.237621e-12
7.190374e-12
1.5665849e-11
3.3571216e-11
7.0965981e-11
1.4831192e-10
3.0707617e-10
6.3030329e-10
1.283818e-09
2.5985169e-09
5.2381581e-09
1.0614328e-08
2.207772e-08
4.9046025e-08
1.2354968e-07
3.8754557e-07
1.9700653e-06
2.7740503e-05
0.00063542854
0.0042179028
0.012475528
0.026684651
0.049087396
0.082081849
0.12060863
5.2699618e-20
1.1653201e-18
8.3735733e-18
4.1748595e-17
1.6977409e-16
6.0533992e-16
1.9657185e-15
5.9413384e-15
1.6925409e-14
4.5772346e-14
1.1842181e-13
2.9477413e-13
7.0834693e-13
1.6483087e-12
3.7271287e-12
8.2185982e-12
1.7705976e-11
3.7330395e-11
7.7180036e-11
1.5683518e-10
3.1381995e-10
6.1947032e-10
1.2073295e-09
2.32637e-09
4.4391269e-09
8.4086471e-09
1.5955764e-08
3.1041457e-08
6.5417657e-08
1.6478541e-07
5.7302139e-07
3.7883312e-06
7.505289e-05
0.00120942
0.0057747525
0.014881771
0.029878844
0.053009176
0.086184226
0.12060424
2.2782693e-19
4.6169517e-18
3.1569397e-17
1.5223659e-16
6.011668e-16
2.0835716e-15
6.579051e-15
1.9342422e-14
5.3619245e-14
1.4117479e-13
3.5574773e-13
8.6274835e-13
2.0202741e-12
4.5814039e-12
1.0094409e-11
2.1680796e-11
4.5466216e-11
9.3222316e-11
1.8720017e-10
3.6885795e-10
7.1419437e-10
1.3607977e-09
2.5528005e-09
4.7199658e-09
8.6104677e-09
1.5521952e-08
2.7840581e-08
5.0689447e-08
9.9595461e-08
2.4333393e-07
9.3103661e-07
8.1189163e-06
0.00019113183
0.0020329972
0.0074924351
0.017373316
0.033108475
0.05692887
0.090191968
0.12056339
9.795836e-19
1.871567e-17
1.2300425e-16
5.7503884e-16
2.2053147e-15
7.4255704e-15
2.2781161e-14
6.509074e-14
1.7541972e-13
4.49246e-13
1.1016614e-12
2.601035e-12
5.9317836e-12
1.3104192e-11
2.8132662e-11
5.8874319e-11
1.2028533e-10
2.4022102e-10
4.6967034e-10
9.0047233e-10
1.6951012e-09
3.1366529e-09
5.7070931e-09
1.0218577e-08
1.8015959e-08
3.1304029e-08
5.3874966e-08
9.329941e-08
1.7254727e-07
4.0615418e-07
1.7216313e-06
2.0072184e-05
0.00043540825
0.003096825
0.0093580864
0.019963762
0.036411108
0.060827788
0.094182436
0.1205277
4.0020739e-18
7.3936192e-17
4.7088551e-16
2.139171e-15
7.9746417e-15
2.6098566e-14
7.7819092e-14
2.1612972e-13
5.6635568e-13
1.4109576e-12
3.3674767e-12
7.7414177e-12
1.7197305e-11
3.7020973e-11
7.7471731e-11
1.5806294e-10
3.1487426e-10
6.131592e-10
1.1689014e-09
2.1847865e-09
4.0085142e-09
7.2267679e-09
1.2805395e-08
2.2317958e-08
3.8276286e-08
6.4649082e-08
1.08014e-07
1.8104897e-07
3.2284084e-07
7.4862589e-07
3.5867501e-06
5.3569841e-05
0.00086293218
0.0043475823
0.011324466
0.022614598
0.039752147
0.0645904
0.097877354
0.12049859
1.5479708e-17
2.8095424e-16
1.7411619e-15
7.6951924e-15
2.7901527e-14
8.8790965e-14
2.5741846e-13
6.9520963e-13
1.7719874e-12
4.2958384e-12
9.9817277e-12
2.2350438e-11
4.8382219e-11
1.0153442e-10
2.0720669e-10
4.1238073e-10
8.0150445e-10
1.5230518e-09
2.8336289e-09
5.1691297e-09
9.2563519e-09
1.6286754e-08
2.8165224e-08
4.7910301e-08
8.0210343e-08
1.3231435e-07
2.161408e-07
3.550315e-07
6.2471039e-07
1.4763203e-06
8.1440759e-06
0.0001377098
0.0015022915
0.0057454837
0.013372683
0.025308735
0.0430927
0.06823349
0.10140027
0.12048361
5.6722678e-17
1.0202945e-15
6.1630426e-15
2.650873e-14
9.3512602e-14
2.89461e-13
8.162572e-13
2.1444656e-12
5.3186803e-12
1.2552181e-11
2.8405877e-11
6.1975717e-11
1.3078506e-10
2.6767942e-10
5.3297159e-10
1.0352204e-09
1.9642394e-09
3.6447022e-09
6.6227427e-09
1.1801303e-08
2.0645986e-08
3.5496312e-08
5.999589e-08
9.9786399e-08
1.6346299e-07
2.6421489e-07
4.2415339e-07
6.8934035e-07
1.2211417e-06
3.0491426e-06
1.9666628e-05
0.00031695406
0.0023426349
0.0072587121
0.015486654
0.028027151
0.046397651
0.071741827
0.10473062
0.12048307
1.9971356e-16
3.5699861e-15
2.1015928e-14
8.7955339e-14
3.0188313e-13
9.0914013e-13
2.4943995e-12
6.3770038e-12
1.5395131e-11
3.5380188e-11
7.8002012e-11
1.6587226e-10
3.4132524e-10
6.8152166e-10
1.3243375e-09
2.5113465e-09
4.653556e-09
8.4352352e-09
1.4977323e-08
2.6085335e-08
4.4615597e-08
7.5016731e-08
1.2405772e-07
2.0203003e-07
3.2445482e-07
5.1535484e-07
8.1693872e-07
1.3256911e-06
2.4082367e-06
6.5742983e-06
4.9422806e-05
0.00064443836
0.0033613391
0.0088784027
0.017670327
0.030774936
0.049669832
0.075153634
0.10798401
0.12050085
6.5748509e-16
1.1679069e-14
6.7010593e-14
2.7300655e-13
9.1238781e-13
2.6758482e-12
7.1508463e-12
1.7809303e-11
4.1896384e-11
9.3861265e-11
2.018126e-10
4.1871657e-10
8.4103464e-10
1.6398947e-09
3.1131497e-09
5.7693615e-09
1.0451379e-08
1.8526682e-08
3.2179983e-08
5.4845698e-08
9.1830868e-08
1.512251e-07
2.4510724e-07
3.9163329e-07
6.1822657e-07
9.6847617e-07
1.5243658e-06
2.4927461e-06
4.71413e-06
1.4362401e-05
0.00011973647
0.0011483109
0.0045117006
0.01056838
0.019886593
0.033510465
0.052844324
0.078432724
0.11093281
0.12052829
2.0291972e-15
3.5745396e-14
1.9981845e-13
7.926395e-13
2.5808588e-12
7.3771307e-12
1.9219815e-11
4.6677866e-11
1.0711401e-10
2.3416994e-10
4.9152513e-10
9.9598507e-10
1.9546675e-09
3.7255635e-09
6.9162384e-09
1.2538775e-08
2.2229009e-08
3.8576998e-08
6.5625027e-08
1.0958839e-07
1.7987384e-07
2.9057031e-07
4.6243796e-07
7.2659265e-07
1.1307321e-06
1.7540339e-06
2.757416e-06
4.5831876e-06
9.1285793e-06
3.1263376e-05
0.00026516642
0.0018250867
0.0057622715
0.012312831
0.022123451
0.036232931
0.055881092
0.081510534
0.11370475
0.12056961
5.9497161e-15
1.0344784e-13
5.6270399e-13
2.1728874e-12
6.8949022e-12
1.9219472e-11
4.8852416e-11
1.1579103e-10
2.5940885e-10
5.5388017e-10
1.1359267e-09
2.2498557e-09
4.3177633e-09
8.0510313e-09
1.4627946e-08
2.5965412e-08
4.5088385e-08
7.6677346e-08
1.2788103e-07
2.094763e-07
3.3749049e-07
5.3562245e-07
8.3857233e-07
1.2987164e-06
1.9986184e-06
3.0830572e-06
4.8689261e-06
8.287661e-06
1.7553235e-05
6.7374364e-05
0.00052756961
0.0026585011
0.0071028997
0.01411296
0.024383556
0.038932376
0.058807478
0.084440396
0.11631988
0.12062569
1.6287933e-14
2.785065e-13
1.4736285e-12
5.5418976e-12
1.7151167e-11
4.6669678e-11
1.1586537e-10
2.6834476e-10
5.8764394e-10
1.2269604e-09
2.4616169e-09
4.7714694e-09
8.9653111e-09
1.6373981e-08
2.9151787e-08
5.0726793e-08
8.6389451e-08
1.4415557e-07
2.3603673e-07
3.7984438e-07
6.0171764e-07
9.4003416e-07
1.4510654e-06
2.2211555e-06
3.3915339e-06
5.2241537e-06
8.328386e-06
1.4592288e-05
3.3081201e-05
0.00013977956
0.00093293772
0.003609266
0.0085026004
0.015936961
0.026625434
0.041550002
0.061580002
0.087172788
0.11869916
0.12069314
4.2152581e-14
7.0523023e-13
3.6264578e-12
1.3283263e-11
4.0114282e-11
1.066329e-10
2.588035e-10
5.8625145e-10
1.2561991e-09
2.5674918e-09
5.0443338e-09
9.5787689e-09
1.7639107e-08
3.1586876e-08
5.5162873e-08
9.4197826e-08
1.5750652e-07
2.5819452e-07
4.1558116e-07
6.5794367e-07
1.0264199e-06
1.581339e-06
2.4119397e-06
3.6584414e-06
5.5597103e-06
8.5819933e-06
1.3864245e-05
2.5115812e-05
6.1301068e-05
0.00027535573
0.0014899501
0.0046591526
0.0099600013
0.017788216
0.028853322
0.04409203
0.064223188
0.089738762
0.12013187
0.12072805
1.0188295e-13
1.6635682e-12
8.3154837e-12
2.9688616e-11
8.7569457e-11
2.2764659e-10
5.4075613e-10
1.1995406e-09
2.5181474e-09
5.0443983e-09
9.7174644e-09
1.8099874e-08
3.2706758e-08
5.7497827e-08
9.8621068e-08
1.6548004e-07
2.720298e-07
4.386814e-07
6.9512729e-07
1.0844304e-06
1.6689894e-06
2.5407063e-06
3.8374999e-06
5.7820428e-06
8.7686188e-06
1.3600455e-05
2.2322768e-05
4.1958601e-05
0.00011032822
0.00050111305
0.0021772345
0.0057783304
0.011452079
0.019643399
0.031045092
0.0465484
0.066743768
0.09215828
0.12052752
0.12070928
2.328813e-13
3.6982387e-12
1.7965369e-11
6.2547187e-11
1.8031618e-10
4.587965e-10
1.0676381e-09
2.3214899e-09
4.7793649e-09
9.3935574e-09
1.7761532e-08
3.2484727e-08
5.7663047e-08
9.9623267e-08
1.6800841e-07
2.773167e-07
4.4871157e-07
7.1272075e-07
1.1133038e-06
1.7138631e-06
2.6062923e-06
3.9270993e-06
5.8848406e-06
8.8256103e-06
1.338381e-05
2.0900545e-05
3.4934841e-05
6.844875e-05
0.00019337537
0.00084162968
0.0029771634
0.0069625277
0.012984087
0.021513916
0.033221335
0.048955742
0.069184186
0.094457499
0.12066032
0.1206743
5.0285324e-13
7.7477092e-12
3.659001e-11
1.2432096e-10
3.5061774e-10
8.7403532e-10
1.9945881e-09
4.2559701e-09
8.6024628e-09
1.6607474e-08
3.0856917e-08
5.5477973e-08
9.684787e-08
1.6462689e-07
2.73293e-07
4.4428259e-07
7.0844142e-07
1.1097633e-06
1.7111443e-06
2.603093e-06
3.917266e-06
5.8514512e-06
8.7136211e-06
1.3028123e-05
1.9785941e-05
3.1156362e-05
5.3163372e-05
0.00010908932
0.00032742877
0.0013041561
0.0038663674
0.0081998681
0.014548752
0.023395533
0.03538384
0.051316284
0.071553445
0.096668018
0.12072647
0.12064077
1.0195628e-12
1.5244159e-11
7.0085004e-11
2.3269935e-10
6.4283873e-10
1.5719969e-09
3.5224091e-09
7.3847061e-09
1.4673234e-08
2.7859673e-08
5.0929878e-08
9.0127931e-08
1.5492819e-07
2.5944273e-07
4.2450692e-07
6.8056094e-07
1.0708807e-06
1.6566477e-06
2.5249368e-06
3.8010893e-06
5.6684979e-06
8.4060682e-06
1.2456103e-05
1.8589249e-05
2.8303338e-05
4.4996707e-05
7.8586339e-05
0.00016939038
0.00052896102
0.0018746291
0.0048172752
0.0094696271
0.016125811
0.025268977
0.037521176
0.053589688
0.073812358
0.09870702
0.12076926
0.12061397
1.9636227e-12
2.8473461e-11
1.2755505e-10
4.1429546e-10
1.1222613e-09
2.6950173e-09
5.9358452e-09
1.2240501e-08
2.3935381e-08
4.4744894e-08
8.057011e-08
1.4049726e-07
2.3808455e-07
3.9322086e-07
6.348833e-07
1.0049218e-06
1.5622385e-06
2.389556e-06
3.60433e-06
5.3759989e-06
7.9542385e-06
1.1723475e-05
1.7303998e-05
2.580028e-05
3.9420475e-05
6.3376644e-05
0.00011370329
0.00025789642
0.00081426994
0.0025404038
0.0058238462
0.010773946
0.017720398
0.027140161
0.039631522
0.055791763
0.075970452
0.10058882
0.12080392
0.12059517
3.5998278e-12
5.0641248e-11
2.2133631e-10
7.0411649e-10
1.872481e-09
4.4208049e-09
9.5818346e-09
1.9457234e-08
3.7485572e-08
6.9073924e-08
1.2265162e-07
2.1099404e-07
3.5287642e-07
5.7546641e-07
9.1789013e-07
1.4361046e-06
2.2082259e-06
3.3434372e-06
4.9966562e-06
7.3921108e-06
1.0862733e-05
1.592733e-05
2.343698e-05
3.4940041e-05
5.3626442e-05
8.7356434e-05
0.00016156874
0.00038472278
0.0011912362
0.0032836408
0.0068753919
0.012105401
0.019324583
0.028998229
0.041697898
0.057912506
0.078015902
0.10232802
0.12083715
0.12058585
6.2973331e-12
8.6028024e-11
3.6738569e-10
1.1462481e-09
2.9962915e-09
6.9631248e-09
1.4869154e-08
2.9767205e-08
5.6567192e-08
1.0286359e-07
1.8032218e-07
3.0637152e-07
5.0627732e-07
8.1615938e-07
1.2875209e-06
1.9934209e-06
3.0351866e-06
4.5539816e-06
6.7501975e-06
9.915055e-06
1.4484321e-05
2.1145052e-05
3.1043083e-05
4.6310866e-05
7.1489703e-05
0.0001182998
0.00022642013
0.00056188898
0.001658308
0.0040888727
0.007962945
0.013456313
0.020929417
0.030831372
0.043704027
0.059935918
0.079919225
0.10389692
0.12087111
0.12058787
1.0541454e-11
1.4004595e-10
5.8530275e-10
1.7935422e-09
4.6143054e-09
1.0567914e-08
2.2259578e-08
4.3983612e-08
8.2539098e-08
1.4828574e-07
2.5692642e-07
4.3162083e-07
7.055366e-07
1.1255915e-06
1.7581221e-06
2.6965987e-06
4.0699944e-06
6.0576147e-06
8.9143294e-06
1.3012182e-05
1.8912271e-05
2.7509788e-05
4.0323838e-05
6.0252897e-05
9.3699148e-05
0.0001579872
0.00031384905
0.00080079402
0.002207139
0.0049443343
0.0090794068
0.014819867
0.02252669
0.03262912
0.045637378
0.061851545
0.081673728
0.10526844
0.1209067
0.12060332
1.6935588e-11
2.19193e-10
8.9800403e-10
2.706443e-09
6.8617911e-09
1.5506133e-08
3.2253596e-08
6.2974585e-08
1.1683188e-07
2.0759815e-07
3.559023e-07
5.9182233e-07
9.5797355e-07
1.5140884e-06
2.3440236e-06
3.5652924e-06
5.3394017e-06
7.8906305e-06
1.1538388e-05
1.6751189e-05
2.4241444e-05
3.5160165e-05
5.1498319e-05
7.7162016e-05
0.00012112585
0.00020879459
0.00043107288
0.0011098264
0.0028262524
0.0058408896
0.0102188
0.016190085
0.024109485
0.034383101
0.047487311
0.063654041
0.083298601
0.10649039
0.12094773
0.12063287
2.6191355e-11
3.3090126e-10
1.331077e-09
3.9510947e-09
9.8841575e-09
2.2064364e-08
4.5372696e-08
8.7632278e-08
1.6089728e-07
2.8306623e-07
4.8066559e-07
7.9198236e-07
1.2707544e-06
1.9917138e-06
3.0591553e-06
4.6185954e-06
6.8694332e-06
1.0088466e-05
1.4670879e-05
2.1199443e-05
3.0568284e-05
4.4242391e-05
6.4811255e-05
9.7515651e-05
0.00015490843
0.00027400314
0.00058668992
0.0014922415
0.0035046018
0.0067716907
0.011376275
0.017562194
0.025673353
0.036091411
0.049247606
0.065327385
0.084746904
0.10754379
0.12099104
0.12067417
3.9107786e-11
4.8329919e-10
1.9119094e-09
5.5970224e-09
1.3831801e-08
3.0534721e-08
6.2141391e-08
1.1884326e-07
2.1616255e-07
3.7689652e-07
6.3451766e-07
1.0369103e-06
1.6507345e-06
2.5680731e-06
3.9168098e-06
5.874762e-06
8.685076e-06
1.2685394e-05
1.8359268e-05
2.642413e-05
3.7991894e-05
5.491354e-05
8.0541224e-05
0.00012189082
0.00019647574
0.00035782055
0.00078997405
0.0019460202
0.0042327184
0.0077313795
0.012547828
0.018932493
0.027216154
0.03775788
0.050916506
0.066872981
0.086005295
0.1082797
0.12102449
0.1207235
5.6543244e-11
6.8493175e-10
2.6687637e-09
7.7148527e-09
1.8855384e-08
4.1206178e-08
8.3072748e-08
1.5746615e-07
2.8399817e-07
4.9119307e-07
8.2058982e-07
1.3311521e-06
2.1043842e-06
3.2522372e-06
4.9295744e-06
7.3511678e-06
1.0810308e-05
1.5714704e-05
2.2650503e-05
3.2493548e-05
4.6617229e-05
6.7349796e-05
9.9024304e-05
0.00015104207
0.00024782981
0.00046585571
0.0010488879
0.0024650666
0.0050026126
0.0087152843
0.013729762
0.020297549
0.028734687
0.039377516
0.052505348
0.068310985
0.087133685
0.10892337
0.12105963
0.12077975
7.9387281e-11
9.4451773e-10
3.6300662e-09
1.0374747e-08
2.5102944e-08
5.4359963e-08
1.0866196e-07
2.04324e-07
3.6571083e-07
6.2795463e-07
1.0418513e-06
1.679019e-06
2.6378532e-06
4.0528658e-06
6.1095466e-06
9.0646685e-06
1.3268685e-05
1.9209674e-05
2.7592663e-05
3.9480016e-05
5.6560417e-05
8.1756649e-05
0.00012067413
0.00018593869
0.00031160793
0.00060476056
0.0013684496
0.003041443
0.0058076891
0.0097192185
0.014918546
0.021654081
0.030225937
0.040947581
0.054019674
0.069651564
0.088133588
0.10936269
0.1210873
0.12084089
1.0854888e-10
1.2709201e-09
4.824461e-09
1.3646864e-08
3.2721591e-08
7.0274192e-08
1.3939716e-07
2.6022679e-07
4.6258671e-07
7.8915263e-07
1.3012424e-06
2.084805e-06
3.2573138e-06
4.9787332e-06
7.4691242e-06
1.1032774e-05
1.6085086e-05
2.3206168e-05
3.3238908e-05
4.7466118e-05
6.7959321e-05
9.8388567e-05
0.00014602268
0.00022784454
0.00039129466
0.00078194423
0.0017497621
0.0036670634
0.0066425355
0.010739547
0.016111075
0.022999392
0.031687786
0.042466478
0.055461999
0.070902817
0.089039666
0.1097166
0.12111488
0.12090689
1.4524188e-10
1.6757128e-09
6.2895645e-09
1.7624514e-08
4.1910278e-08
8.9332573e-08
1.7596719e-07
3.2634648e-07
5.7653721e-07
9.7779946e-07
1.6033842e-06
2.5554495e-06
3.9730086e-06
6.0447566e-06
9.0298357e-06
1.328642e-05
1.9304001e-05
2.7768719e-05
3.968472e-05
5.659845e-05
8.1053232e-05
0.00011767439
0.00017594382
0.00027882654
0.00049201797
0.0010059672
0.002193313
0.0043390008
0.0075080447
0.011779443
0.01731204
0.024340283
0.03313162
0.043936454
0.056840238
0.072074965
0.089860585
0.11005201
0.12114745
0.12097844
1.9016954e-10
2.1658756e-09
8.0475727e-09
2.2360772e-08
5.2777315e-08
1.1173411e-07
2.1871136e-07
4.0323019e-07
7.0840761e-07
1.1951586e-06
1.9501209e-06
3.093601e-06
4.7887077e-06
7.2562921e-06
1.0799337e-05
1.5836722e-05
2.2942008e-05
3.2923062e-05
4.6972381e-05
6.6951841e-05
9.598699e-05
0.00013992413
0.00021117278
0.00034089129
0.00061874993
0.0012809318
0.0026907753
0.0050458861
0.0083935554
0.012827467
0.018508509
0.025662588
0.034542844
0.045337587
0.058136643
0.073153091
0.090574177
0.11019481
0.12117092
0.12105404
2.4474818e-10
2.7544242e-09
1.0139838e-08
2.7956331e-08
6.5533982e-08
1.3788052e-07
2.6834167e-07
4.920753e-07
8.6013031e-07
1.4442472e-06
2.3460435e-06
3.7061076e-06
5.7144693e-06
8.6279548e-06
1.279875e-05
1.8714231e-05
2.7043693e-05
3.8735571e-05
5.5204296e-05
7.8693634e-05
0.00011305808
0.00016572883
0.00025303453
0.00041734731
0.00077831617
0.0016110618
0.0032386883
0.0057863141
0.0093004738
0.013886471
0.019704031
0.026969488
0.035921117
0.046681718
0.059359543
0.074142195
0.091185711
0.11025493
0.12119242
0.1211345
3.0973906e-10
3.4489759e-09
1.2590774e-08
3.4470107e-08
8.0302012e-08
1.6799915e-07
3.2525366e-07
5.9353522e-07
1.0327434e-06
1.7266656e-06
2.7935664e-06
4.3965577e-06
6.7555784e-06
1.0167501e-05
1.5039498e-05
2.1935987e-05
3.1635071e-05
4.5247508e-05
6.4449711e-05
9.1949335e-05
0.00013251685
0.00019564564
0.00030290484
0.00051149941
0.00097573854
0.0019936148
0.0038266241
0.0065504023
0.01021922
0.014946282
0.020887532
0.028248561
0.037251843
0.047959415
0.060500916
0.075039349
0.091711409
0.11034586
0.12121952
0.1212197
3.8698625e-10
4.2665852e-09
1.5455014e-08
4.2036493e-08
9.7366818e-08
2.0264011e-07
3.9043693e-07
7.0930027e-07
1.2290184e-06
2.04681e-06
3.2994814e-06
5.1752278e-06
7.9273283e-06
1.1897415e-05
1.7554407e-05
2.5549895e-05
3.67866e-05
5.2564523e-05
7.4872804e-05
0.00010698912
0.00015484536
0.0002306227
0.00036301006
0.00062846444
0.0012171425
0.0024273996
0.0044515183
0.0073377594
0.011150927
0.016008837
0.022062077
0.029505717
0.038532464
0.049172253
0.061561451
0.075837633
0.092098597
0.11007832
0.12122394
0.1213079
4.7826472e-10
5.2240805e-09
1.8786714e-08
5.0788558e-08
1.1701e-07
2.4234351e-07
4.6485753e-07
8.4101031e-07
1.4516271e-06
2.4088907e-06
3.8702529e-06
6.0518429e-06
9.244122e-06
1.3838798e-05
2.0374252e-05
2.9600984e-05
4.2565053e-05
6.0788448e-05
8.6636642e-05
0.00012409469
0.00018058416
0.00027183039
0.00043604884
0.00077336859
0.0015056661
0.002907361
0.0051075212
0.0081440142
0.012091628
0.017069913
0.023223142
0.030736277
0.039756744
0.050315565
0.062537922
0.076537444
0.092381405
0.10978341
0.12122499
0.12139991
5.8574467e-10
6.3415366e-09
2.2649658e-08
6.0881607e-08
1.3955784e-07
2.877314e-07
5.4962204e-07
9.9053439e-07
1.7036001e-06
2.8176618e-06
4.5131478e-06
7.0372892e-06
1.072202e-05
1.6015109e-05
2.3533179e-05
3.413923e-05
4.9044854e-05
7.0033901e-05
9.9927831e-05
0.00014359553
0.00021037846
0.00032069273
0.00052519869
0.00095121835
0.0018415872
0.0034273083
0.0057889313
0.0089644995
0.013036689
0.018124259
0.024364009
0.031929861
0.040923128
0.051386008
0.063427111
0.077136975
0.092557592
0.10940072
0.12121756
0.12149511
7.1212231e-10
7.6436953e-09
2.712214e-08
7.2505747e-08
1.6540888e-07
3.3956206e-07
6.4607692e-07
1.1601422e-06
1.9886095e-06
3.2788699e-06
5.2369265e-06
8.1446512e-06
1.2380266e-05
1.8454366e-05
2.707187e-05
3.9224094e-05
5.6314605e-05
8.0437896e-05
0.00011497124
0.00016589211
0.00024500614
0.00037899399
0.0006342275
0.0011661943
0.0022225153
0.0039808736
0.006490482
0.0097946903
0.013981508
0.019166786
0.02547872
0.033079252
0.042027897
0.052379807
0.064225378
0.077632869
0.092618061
0.10889801
0.12119413
0.12159226
8.607527e-10
9.1611683e-09
3.2300652e-08
8.5894524e-08
1.9505135e-07
3.9876205e-07
7.5586314e-07
1.3525925e-06
2.3111064e-06
3.7994595e-06
6.0521411e-06
9.3896358e-06
1.4241878e-05
2.1189976e-05
3.1038693e-05
4.492618e-05
6.4479694e-05
9.2164524e-05
0.00013204046
0.00019148697
0.00028550187
0.00044893994
0.00076715513
0.001420923
0.0026442185
0.0045620817
0.0072073736
0.010630256
0.014921664
0.020193059
0.02656369
0.03417698
0.043066636
0.053292928
0.064929124
0.078023172
0.092568359
0.10828043
0.12114616
0.12168995
1.0358342e-09
1.0932212e-08
3.8305276e-08
1.0133748e-07
2.2908851e-07
4.6647263e-07
8.8099588e-07
1.5712632e-06
2.6765237e-06
4.3878799e-06
6.9715879e-06
1.0791226e-05
1.6334588e-05
2.4262063e-05
3.5491622e-05
5.1330066e-05
7.3666604e-05
0.00010541165
0.00015146706
0.00022098771
0.0003331304
0.00053318697
0.0009279521
0.0017159668
0.0031015076
0.0051655751
0.0079353143
0.011467178
0.015852952
0.021198831
0.027615516
0.03521648
0.044034416
0.054120904
0.065533916
0.078303543
0.09240339
0.10758073
0.12105611
0.12178572
1.2438758e-09
1.3014579e-08
4.5316375e-08
1.1926944e-07
2.6842796e-07
5.4441552e-07
1.0245248e-06
1.8212828e-06
3.0931378e-06
5.0570431e-06
8.0148772e-06
1.2378584e-05
1.8701065e-05
2.7732423e-05
4.0519911e-05
5.8565701e-05
8.4068841e-05
0.00012047991
0.00017374973
0.00025528898
0.00038972766
0.00063530543
0.001120982
0.0020514892
0.0035912955
0.0057894942
0.0086737945
0.012305505
0.016775436
0.022183561
0.028631108
0.036201869
0.044932477
0.054863591
0.066038029
0.078468658
0.09210917
0.10672477
0.12083834
0.12187006
1.4902038e-09
1.5456861e-08
5.3484506e-08
1.400478e-07
3.138023e-07
6.33954e-07
1.1888172e-06
2.1065524e-06
3.5671153e-06
5.8163724e-06
9.1960326e-06
1.4172161e-05
2.1370727e-05
3.1643107e-05
4.6183989e-05
6.6721807e-05
9.5822449e-05
0.00013759308
0.00019929345
0.00029520553
0.00045694191
0.00075807769
0.0013475886
0.0024226408
0.0041057239
0.006426198
0.0094152277
0.013137212
0.017680439
0.023137885
0.029600806
0.037126469
0.045754923
0.055516534
0.066439687
0.078522156
0.091701475
0.10575734
0.11998883
0.12189259
1.7845138e-09
1.8343189e-08
6.3066997e-08
1.6428202e-07
3.6646415e-07
7.3743184e-07
1.3779728e-06
2.4338861e-06
4.1093312e-06
6.6826566e-06
1.05403e-05
1.6209156e-05
2.4397582e-05
3.6071906e-05
5.2596046e-05
7.5962524e-05
0.00010917523
0.00015714516
0.00022877008
0.00034203277
0.00053730898
0.00090526518
0.0016095537
0.0028269571
0.0046421702
0.0070744549
0.010159212
0.013962283
0.018568235
0.024062477
0.030526191
0.037993634
0.046506604
0.056086416
0.066748197
0.078477236
0.091199747
0.10469576
0.1183675
0.12183731
2.1373623e-09
2.1765775e-08
7.4343994e-08
1.9262959e-07
4.2775206e-07
8.5733006e-07
1.5962909e-06
2.8103644e-06
4.7309821e-06
7.673023e-06
1.2073204e-05
1.8526863e-05
2.7835374e-05
4.1095815e-05
5.9866967e-05
8.6450961e-05
0.00012437738
0.00017954533
0.00026289945
0.00039719482
0.00063342183
0.0010797237
0.0019060424
0.0032598044
0.0051960396
0.0077304289
0.010902204
0.014777226
0.019435499
0.024954592
0.03140501
0.038802849
0.047189243
0.056577869
0.066971863
0.078345912
0.090617214
0.1035646
0.11665842
0.12176255
2.5620095e-09
2.5837687e-08
8.7651989e-08
2.2586682e-07
4.9922371e-07
9.9649964e-07
1.8486576e-06
3.243953e-06
5.4445483e-06
8.8064008e-06
1.3822735e-05
2.1165891e-05
3.1742303e-05
4.6797957e-05
6.8116609e-05
9.8364836e-05
0.00014170625
0.00020526071
0.00030254314
0.00046229135
0.00074786822
0.0012832978
0.0022345967
0.0037162686
0.0057628558
0.0083901943
0.011640416
0.015578293
0.020278924
0.025812653
0.032232722
0.039552073
0.047802859
0.056992849
0.067114477
0.078133075
0.089957298
0.10236366
0.11488914
0.12166812
3.0757235e-09
3.0703815e-08
1.0341391e-07
2.6495334e-07
5.8277776e-07
1.1583747e-06
2.1408985e-06
3.7440662e-06
6.2646666e-06
1.0104839e-05
1.5821301e-05
2.4173022e-05
3.6185164e-05
5.3273544e-05
7.7482301e-05
0.00011190815
0.00016147993
0.00023481812
0.00034869483
0.00053918192
0.00088314599
0.0015166094
0.0025917575
0.0041917092
0.0063386288
0.0090502093
0.01237039
0.016361961
0.021094812
0.026631789
0.033009057
0.040240213
0.048347173
0.057332065
0.067177496
0.077840357
0.089221998
0.10109728
0.11307105
0.12153084
3.7053046e-09
3.658144e-08
1.2225154e-07
3.1128131e-07
6.8114306e-07
1.3478596e-06
2.4812988e-06
4.3240618e-06
7.2120858e-06
1.1599602e-05
1.8114916e-05
2.761482e-05
4.1259244e-05
6.0658823e-05
8.8161224e-05
0.00012737507
0.0001841599
0.00026898644
0.00040276369
0.00063027527
0.0010420663
0.0017801385
0.0029752009
0.0046839298
0.0069221768
0.0097099336
0.013091882
0.017128114
0.02188305
0.027411931
0.03373566
0.040868832
0.048823604
0.057596511
0.067160926
0.077465917
0.088406064
0.099756408
0.11119212
0.12122859
4.4849213e-09
4.3738886e-08
1.449059e-07
3.6645657e-07
7.9737638e-07
1.5703051e-06
2.8786867e-06
4.9978701e-06
8.3080246e-06
1.3322097e-05
2.0749062e-05
3.1556157e-05
4.7056418e-05
6.9084427e-05
0.00010034294
0.00014505238
0.00021020894
0.00030857353
0.00046615068
0.00073770771
0.0012262201
0.0020721713
0.0033808014
0.0051888881
0.0075099545
0.010366019
0.013801543
0.017873368
0.022640304
0.028150145
0.034410577
0.04143666
0.049231844
0.057787035
0.067067181
0.077014185
0.08751734
0.098352963
0.1092345
0.11956576
5.4639525e-09
5.2546026e-08
1.7235835e-07
4.3253253e-07
9.3526638e-07
1.8321614e-06
3.3434437e-06
5.7815166e-06
9.5764212e-06
1.5307154e-05
2.377343e-05
3.6067044e-05
5.3674918e-05
7.8689272e-05
0.0001142286
0.0001652434
0.00024010684
0.00035444597
0.00054039381
0.00086342364
0.0014361057
0.0023898515
0.0038042456
0.0057026041
0.0080983756
0.011015007
0.014495943
0.01859437
0.023363473
0.028843934
0.035032123
0.041943015
0.049572586
0.057906241
0.066901723
0.076494994
0.086571796
0.096911961
0.10724825
0.11715524
6.7163623e-09
6.3533568e-08
2.0596627e-07
5.1225675e-07
1.0997308e-06
2.1415719e-06
3.8883506e-06
6.6942877e-06
1.1045511e-05
1.7595137e-05
2.7244748e-05
4.1226431e-05
6.1224574e-05
8.9628182e-05
0.00013004362
0.00018829412
0.00027441651
0.00040760435
0.00062708584
0.0010089976
0.001671143
0.0027297207
0.0042414374
0.0062214571
0.0086841831
0.011653794
0.0151721
0.019288367
0.02405023
0.029491713
0.035599479
0.042388132
0.049847317
0.057957177
0.066669421
0.07591518
0.085577769
0.095441206
0.1052515
0.11467153
8.3561878e-09
7.7486945e-08
2.4766987e-07
6.0943307e-07
1.2973763e-06
2.509171e-06
4.5296613e-06
7.7601213e-06
1.2749576e-05
2.0234113e-05
3.1229475e-05
4.712564e-05
6.9831418e-05
0.00010207845
0.00014804729
0.00021460718
0.00031381059
0.00046914152
0.00072777455
0.0011754716
0.0019298574
0.0030881989
0.0046887388
0.0067423353
0.0092646154
0.012279824
0.015827672
0.019953364
0.02469908
0.030092546
0.036112355
0.042772519
0.050057253
0.057941866
0.066372978
0.075277849
0.084538195
0.093942796
0.10324922
0.11215909
1.057827e-08
9.5688166e-08
3.0056406e-07
7.3002865e-07
1.5384311e-06
2.9512498e-06
5.2920751e-06
9.0151844e-06
1.4740243e-05
2.3296416e-05
3.5827763e-05
5.3902723e-05
7.9686553e-05
0.00011630874
0.00016862766
0.00024476122
0.00035925474
0.00054065997
0.00084453205
0.0013642288
0.002211594
0.0034637885
0.0051453279
0.0072652533
0.0098402774
0.012894134
0.016464115
0.020591381
0.025312899
0.030648509
0.036573409
0.043099127
0.050205187
0.057862607
0.066013763
0.074582887
0.083450972
0.092412183
0.10123592
0.10964789
1.3665618e-08
1.1991413e-07
3.6876205e-07
8.8163546e-07
1.8353211e-06
3.486656e-06
6.20274e-06
1.0497184e-05
1.7068534e-05
2.6849852e-05
4.1128884e-05
6.1675267e-05
9.0947014e-05
0.00013253556
0.00019209908
0.00027923927
0.00041155626
0.00062334771
0.00097841001
0.0015745958
0.0025131578
0.0038523264
0.0056072276
0.0077865175
0.010407638
0.013493332
0.017078263
0.021199658
0.025889684
0.031158327
0.036982404
0.043368821
0.050293062
0.05772254
0.065596286
0.073836187
0.082323197
0.09085721
0.09921892
0.10715355
1.8060747e-08
1.5282977e-07
4.5827143e-07
1.0750777e-06
2.2053424e-06
4.1409851e-06
7.2975912e-06
1.2254729e-05
1.9798492e-05
3.0977349e-05
4.723941e-05
7.0580816e-05
0.00010379386
0.00015100691
0.00021882258
0.00031860849
0.00047157052
0.00071832462
0.001130074
0.0018052969
0.0028313868
0.0042503388
0.006071351
0.008303391
0.010964214
0.014075194
0.017668229
0.02177672
0.026428301
0.031623202
0.037341111
0.043584323
0.050324648
0.057526548
0.065126468
0.073044618
0.081162463
0.089285777
0.097205691
0.10468406
2.4439917e-08
1.9837737e-07
5.7779452e-07
1.3257383e-06
2.6726154e-06
4.9492389e-06
8.6247679e-06
1.4351546e-05
2.3012215e-05
3.5782842e-05
5.4290002e-05
8.0784469e-05
0.00011843977
0.00017200557
0.00024918573
0.00036348873
0.00054026823
0.00082663721
0.0012997148
0.0020545587
0.003163246
0.0046548771
0.0065352164
0.0088137798
0.011508235
0.014638306
0.018233043
0.022322135
0.026928987
0.032044636
0.037651971
0.043749097
0.050304549
0.057280403
0.064611158
0.072216029
0.079977491
0.087707267
0.095206189
0.10225033
3.3906158e-08
2.6273701e-07
7.4077416e-07
1.6571846e-06
3.2739216e-06
5.9646902e-06
1.0257581e-05
1.688499e-05
2.6835894e-05
4.1427539e-05
6.2485752e-05
9.2549122e-05
0.00013522912
0.00019599982
0.00028385504
0.00041489584
0.00061909721
0.00094990372
0.0014882018
0.0023219648
0.0035080583
0.0050659419
0.0069995939
0.0093190599
0.012041579
0.015185032
0.018775576
0.022839224
0.027395251
0.032426599
0.037919247
0.043867496
0.050236951
0.056987813
0.064053295
0.071352094
0.078768178
0.086119324
0.093215505
0.099845631
4.802775e-08
3.543849e-07
9.6523005e-07
2.1002873e-06
4.0562378e-06
7.2534432e-06
1.2284014e-05
1.996748e-05
3.1408965e-05
4.8081075e-05
7.2031525e-05
0.00010612412
0.00015447374
0.00022339968
0.00032341019
0.00047362275
0.00070902744
0.0010887597
0.001694757
0.0026051583
0.0038630026
0.0054809705
0.0074622571
0.0098172731
0.012562556
0.015714063
0.019295191
0.023328604
0.027826273
0.032769797
0.038144842
0.043942437
0.050125641
0.05665346
0.063458289
0.070458816
0.077540878
0.084528365
0.091240032
0.097477031
6.9029175e-08
4.849329e-07
1.2754096e-06
2.6959401e-06
5.0808231e-06
8.9002487e-06
1.4814726e-05
2.3737325e-05
3.6898643e-05
5.594095e-05
8.3157843e-05
0.00012177905
0.00017649382
0.00025459136
0.00036840144
0.00054045472
0.00081081466
0.0012432603
0.0019178688
0.0029013757
0.0042251172
0.0058972698
0.0079207914
0.010306236
0.013069216
0.016223724
0.019790507
0.023789137
0.02822263
0.033075411
0.038330757
0.043976851
0.049974508
0.056282031
0.062831524
0.069542106
0.07630181
0.082940736
0.089286301
0.09515165
9.9965002e-08
6.699141e-07
1.7033302e-06
3.4975613e-06
6.4268854e-06
1.1013544e-05
1.7989702e-05
2.8367261e-05
4.351076e-05
6.5246311e-05
9.6138856e-05
0.00013982911
0.0002016612
0.00029003425
0.00041944382
0.00061612932
0.00092501868
0.0014130289
0.0021556862
0.0032079355
0.0045917703
0.0063125295
0.0083731773
0.010784187
0.013560069
0.016712828
0.020260615
0.024219925
0.028585511
0.033345012
0.038479226
0.043973743
0.049787329
0.055878016
0.06217801
0.06860726
0.075056358
0.081361795
0.08735968
0.092875038
1.4524523e-07
9.3104807e-07
2.2933095e-06
4.5787444e-06
8.2033837e-06
1.3742655e-05
2.2002417e-05
3.4097652e-05
5.1534773e-05
7.6338662e-05
0.00011137426
0.00016074567
0.00023054727
0.00033045984
0.00047745663
0.00070174624
0.001052631
0.0015982951
0.0024075392
0.0035240332
0.0049626308
0.0067269703
0.0088200866
0.011252175
0.014036538
0.017183218
0.020707823
0.024622509
0.028917218
0.033581203
0.038592985
0.043935878
0.049566715
0.055443495
0.061498943
0.067654242
0.073802905
0.079788097
0.085454769
0.090639754
2.1030506e-07
1.2945874e-06
3.0983693e-06
6.0266368e-06
1.0537865e-05
1.7259994e-05
2.7072522e-05
4.119568e-05
6.1283985e-05
8.9575285e-05
0.00012926397
0.00018497143
0.00026363367
0.00037646863
0.00054320485
0.00079797919
0.0011937735
0.0017980026
0.0026712981
0.0038472419
0.0053354545
0.0071386057
0.0092597543
0.011708644
0.014497305
0.017633914
0.021131869
0.024996065
0.029217965
0.033785008
0.038673879
0.043865936
0.049316235
0.05498288
0.060799515
0.066688887
0.072547834
0.078226475
0.083578731
0.088453077
3.0236728e-07
1.7943278e-06
4.1861414e-06
7.9519567e-06
1.3592139e-05
2.1784358e-05
3.3479299e-05
5.0002375e-05
7.316084e-05
0.00010541975
0.0001503356
0.00021310958
0.00030162797
0.00042892207
0.00061767004
0.00090576584
0.0013488678
0.0020116686
0.0029459329
0.004176649
0.0057097181
0.0075472777
0.0096923141
0.012153967
0.014942929
0.018065524
0.021532903
0.025342935
0.029489657
0.033958349
0.038723935
0.043766019
0.049038082
0.054498388
0.060081797
0.065712935
0.071292311
0.076677262
0.081730768
0.086312728
4.2843253e-07
2.4632217e-06
5.6225284e-06
1.0461981e-05
1.7521399e-05
2.7522401e-05
4.1480872e-05
6.0823669e-05
8.7512047e-05
0.00012425014
0.00017498856
0.00024557305
0.00034496141
0.00048821187
0.0007010838
0.0010248337
0.0015165239
0.0022365075
0.003227752
0.0045082775
0.0060814217
0.0079490204
0.010113871
0.012584393
0.015369916
0.018474871
0.021907859
0.025661244
0.029731287
0.034101229
0.038744403
0.043638905
0.048736905
0.053996698
0.059354733
0.064737745
0.07005015
0.075156606
0.079929082
0.084238486
5.9852899e-07
3.3468942e-06
7.498263e-06
1.3705086e-05
2.2542637e-05
3.476795e-05
5.1453062e-05
7.4119835e-05
0.00010488298
0.00014669725
0.00020393929
0.000283154
0.00039460436
0.00055555596
0.00079470955
0.0011562869
0.0016973651
0.0024727359
0.003517092
0.0048429493
0.0064519009
0.0083455842
0.010526499
0.013002273
0.015780935
0.018865356
0.02225829
0.025953226
0.029945091
0.034215579
0.038736736
0.043485411
0.048412775
0.053476932
0.058616301
0.06375991
0.068816262
0.073657385
0.078164101
0.082217904
8.1982941e-07
4.4799833e-06
9.8840594e-06
1.7798406e-05
2.8827681e-05
4.3752321e-05
6.368734e-05
9.0238933e-05
0.00012567085
0.00017319755
0.00023765554
0.00032636326
0.00045107216
0.00063134144
0.00089864217
0.0012994688
0.0018895793
0.0027175246
0.0038106429
0.005177246
0.0068177481
0.0087336018
0.010926897
0.013404396
0.016172797
0.019233357
0.022582962
0.026217521
0.030130209
0.034301325
0.038701875
0.043307691
0.048069311
0.052944401
0.057873684
0.062788615
0.067601855
0.072192683
0.07645046
0.080266666
1.1021393e-06
5.9084276e-06
1.2873272e-05
2.289761e-05
3.6607765e-05
5.4792369e-05
7.859262e-05
0.00010968508
0.00015047571
0.0002044462
0.00027692262
0.00037613534
0.00051548924
0.00071677253
0.0010140365
0.0014552072
0.0020935381
0.0029710861
0.0041088667
0.0055120297
0.007180183
0.0091145705
0.011316779
0.013792635
0.01654742
0.019580571
0.022884094
0.026456209
0.030288438
0.034359845
0.038640603
0.043105784
0.047705728
0.052397279
0.057123874
0.061819511
0.066401019
0.070754753
0.074778249
0.078372365
1.4504715e-06
7.6604441e-06
1.652828e-05
2.9112565e-05
4.6051964e-05
6.8124852e-05
9.6477935e-05
0.00013284047
0.00017975106
0.00024096586
0.00032233554
0.0004331702
0.00058857943
0.00081246737
0.001141151
0.0016230587
0.0023080072
0.0032317221
0.0044099754
0.0058455837
0.0075375846
0.0094869721
0.011694773
0.014165915
0.016904471
0.019905205
0.023160899
0.026669061
0.030419939
0.034391642
0.038553767
0.042880924
0.047323728
0.05183768
0.056369522
0.060855776
0.065217396
0.069347547
0.073151473
0.07653871
1.8678111e-06
9.7570846e-06
2.0899897e-05
3.6538264e-05
5.7312766e-05
8.397029e-05
0.00011763893
0.00016007957
0.00021395042
0.00028328373
0.00037454509
0.00049826899
0.00067117142
0.00091918929
0.0012804271
0.0018028983
0.0025323453
0.0034986101
0.0047132335
0.0061773335
0.0078895205
0.0098504854
0.012060633
0.014523943
0.017243222
0.02020824
0.023414029
0.026856734
0.030525443
0.034397494
0.038442144
0.042633796
0.04692369
0.051265877
0.055610538
0.059896868
0.064049862
0.067969185
0.07156728
0.074761652
2.3526484e-06
1.2202991e-05
2.601131e-05
4.5230983e-05
7.0493645e-05
0.00010249146
0.00014230736
0.00019171101
0.00025346742
0.00033189218
0.00043420219
0.00057217049
0.00076402012
0.001037577
0.0014321404
0.0019944656
0.0027658847
0.0037709863
0.0050179795
0.0065067583
0.0082355914
0.010204817
0.012414165
0.01486657
0.017563334
0.020490087
0.023643986
0.02701984
0.030605686
0.034378264
0.038306665
0.042365318
0.046506521
0.050682345
0.054847017
0.058942385
0.06289739
0.066617856
0.070022913
0.07303732
2.8958746e-06
1.4972451e-05
3.1830305e-05
5.516221e-05
8.5580423e-05
0.00012369822
0.00017052493
0.00022781285
0.00029841268
0.00038700021
0.00050165907
0.00065521769
0.00086740154
0.0011676393
0.0015957817
0.0021966261
0.0030070485
0.00404712
0.0053224927
0.0068321907
0.0085741974
0.010548477
0.012754122
0.015193189
0.017862951
0.020749856
0.02385049
0.027158628
0.030661453
0.03433527
0.038149175
0.042077818
0.046074842
0.05009021
0.054082399
0.057995964
0.061763685
0.06529719
0.068521763
0.07136872
3.4886497e-06
1.8041926e-05
3.8331164e-05
6.6317501e-05
0.00010258459
0.00014764286
0.00020240043
0.00026857088
0.00034908809
0.00044909632
0.00057749219
0.00074808995
0.00098203532
0.0013099839
0.0017716911
0.0024094626
0.0032558747
0.0043272111
0.0056272012
0.0071542577
0.0089061116
0.010882324
0.013081312
0.015504182
0.018143916
0.020989032
0.024034967
0.027274517
0.03069412
0.034269768
0.037970728
0.041772036
0.045628931
0.049488974
0.053315255
0.057055049
0.060644848
0.064001788
0.067056837
0.069747249
4.1199597e-06
2.1379503e-05
4.5474428e-05
7.8663502e-05
0.00012149448
0.00017435178
0.00023801371
0.00031412472
0.00040579193
0.00051868925
0.00066230354
0.00085150175
0.0011086655
0.0014652403
0.0019602716
0.0026332127
0.0035126381
0.0046117266
0.0059327919
0.0074738285
0.0092323416
0.011207475
0.013396891
0.015800424
0.018407665
0.021209024
0.024198783
0.027368822
0.030704918
0.034182857
0.037772189
0.041448458
0.04516864
0.048878061
0.052544155
0.056117145
0.059537169
0.062726571
0.065621599
0.068164919
4.7698022e-06
2.4909784e-05
5.3131228e-05
9.2015229e-05
0.00014206884
0.00020353033
0.00027702544
0.00036414101
0.00046826732
0.00059543234
0.00075572287
0.00096498133
0.00124657
0.0016322496
0.0021598246
0.0028657334
0.0037749725
0.0048982493
0.0062368708
0.0077885636
0.0095506456
0.011521896
0.013699408
0.016079428
0.01865262
0.021408848
0.024341539
0.027441814
0.030694904
0.034076472
0.037556426
0.041110881
0.044698542
0.048263501
0.051776108
0.05519013
0.058449227
0.061480669
0.064225584
0.066631545
5.4302828e-06
2.8606776e-05
6.1264654e-05
0.00010633087
0.00016426908
0.000235155
0.00031943965
0.00041875159
0.00053671843
0.0006796135
0.00085814583
0.0010889961
0.0013962069
0.001811378
0.002370638
0.0031073805
0.0040434647
0.005187661
0.0065405868
0.0080998132
0.0098624944
0.011827024
0.013989812
0.016343475
0.018880596
0.02159014
0.024464727
0.027494814
0.030665177
0.033951423
0.037323862
0.040759206
0.044217855
0.047644086
0.051008891
0.054270636
0.057376344
0.060257957
0.062861149
0.065137993
6.0881952e-06
3.2414828e-05
6.9770466e-05
0.00012144461
0.00018785541
0.00026890393
0.0003648841
0.00047755455
0.0006106495
0.00077066808
0.00096889015
0.0012226578
0.0015563559
0.002000977
0.0025906688
0.0033558889
0.0043158189
0.0054777462
0.0068418468
0.0084056308
0.010166141
0.012121376
0.014266206
0.016591456
0.019090868
0.021752583
0.024568513
0.027528542
0.030617071
0.033809731
0.037077284
0.04039706
0.043731126
0.047024952
0.05024873
0.05336567
0.056326175
0.059066592
0.061536806
0.063693005
6.7488319e-06
3.6359136e-05
7.8697782e-05
0.00013743158
0.00021292914
0.00030489789
0.00041357888
0.00054081868
0.00069037541
0.00086899178
0.0010884207
0.0013664601
0.0017274904
0.0022014996
0.0028204483
0.003612022
0.004593132
0.0057699402
0.0071423696
0.0087079511
0.010463673
0.012407269
0.014530413
0.016825435
0.019285449
0.021898015
0.024654465
0.027544191
0.030551316
0.033651573
0.036816231
0.04002327
0.043236434
0.046403274
0.049491409
0.052469719
0.055291797
0.057898159
0.060242619
0.062285164
7.4156085e-06
4.044982e-05
8.8053448e-05
0.00015427794
0.00023943709
0.00034304797
0.00046535989
0.00060827634
0.00077553323
0.00097408746
0.0012160468
0.0015194337
0.0019082856
0.0024112659
0.0030580581
0.0038738012
0.0048735071
0.0060624972
0.0074405802
0.0090053624
0.010753763
0.012683074
0.014782074
0.017044971
0.019464091
0.022026442
0.024723006
0.027542552
0.030469117
0.033478609
0.036542862
0.039640554
0.042737118
0.045782663
0.048741076
0.051587371
0.054278165
0.05675788
0.058983976
0.060919923
8.1031068e-06
4.4744071e-05
9.7924417e-05
0.00017207635
0.00026743726
0.00038339081
0.00052023048
0.00067981368
0.0008658807
0.001085544
0.0013511299
0.0016806475
0.0020974866
0.0026287511
0.003301849
0.0041396202
0.005155494
0.0063541729
0.007735467
0.0092971533
0.011036199
0.012947622
0.015020809
0.017250037
0.019627042
0.022138444
0.024774789
0.027524548
0.030371649
0.033292248
0.036258798
0.039250705
0.042235067
0.045164673
0.047999838
0.050720732
0.053287297
0.055647642
0.057762552
0.059598687
8.8389491e-06
4.9364986e-05
0.00010852728
0.0001911272
0.00029729357
0.00042636213
0.0005786108
0.00075582206
0.00096175607
0.0012036053
0.0014937702
0.0018500188
0.0022948349
0.0028536056
0.0035515215
0.0044093583
0.0054392171
0.0066453404
0.0080276105
0.009583986
0.011311411
0.013202283
0.01524786
0.017441849
0.019775501
0.022235119
0.024810912
0.027491111
0.0302596
0.033092847
0.035963967
0.038853096
0.041728905
0.044546702
0.047265209
0.049866613
0.052315201
0.05456257
0.056572596
0.058314854
9.6552417e-06
5.445901e-05
0.00012011705
0.00021177718
0.000329418
0.00047236453
0.00064086138
0.00083658003
0.0010632897
0.0013281864
0.0016436013
0.0020268576
0.002499335
0.0030846248
0.0038058066
0.0046818143
0.0057236263
0.0069351484
0.0083164128
0.009865602
0.011578449
0.013446995
0.015463336
0.017620695
0.019909935
0.022317112
0.024832171
0.02744316
0.030133991
0.032881493
0.035659468
0.038448778
0.041219584
0.043929599
0.04653798
0.04902555
0.051362156
0.053502662
0.055413782
0.05706776
1.059246e-05
6.0216466e-05
0.00013302446
0.00023447172
0.0003643382
0.0005219221
0.00070745239
0.00092243948
0.0011706368
0.0014591683
0.0018001662
0.0022103437
0.0027098434
0.0033204515
0.0040632745
0.0049556069
0.0060074664
0.0072225031
0.0086009215
0.010141127
0.011836745
0.013681475
0.015667167
0.017786725
0.020030714
0.022385014
0.02483936
0.027381686
0.029995982
0.032659481
0.035346696
0.03803922
0.040708658
0.043315099
0.045819418
0.048198624
0.050429005
0.052468483
0.05428638
0.055857363
1.1700214e-05
6.6877531e-05
0.00014766002
0.000259733
0.00040270201
0.00057575813
0.00077900562
0.0010138603
0.001284012
0.0015964413
0.0019629753
0.0023995991
0.0029251518
0.0035596618
0.0043224178
0.0052292559
0.0062893617
0.0075061927
0.00888011
0.010409108
0.012085855
0.013905351
0.015859179
0.017939997
0.020138137
0.022439368
0.024833276
0.027307719
0.029846812
0.032428229
0.035027213
0.037626095
0.040197894
0.04270503
0.045110666
0.047387211
0.04951692
0.05146095
0.053191051
0.054684069
1.3052854e-05
7.4803676e-05
0.00016465154
0.00028843465
0.00044556032
0.00063500502
0.00085668405
0.0011119325
0.0014043472
0.001740713
0.0021324786
0.0025948308
0.0031452909
0.0038022098
0.0045832109
0.0055028233
0.006569497
0.0077865353
0.0091545002
0.010669804
0.012326445
0.014119428
0.016040258
0.018081436
0.020233132
0.022481059
0.024814699
0.027221881
0.029686883
0.032187847
0.034700757
0.037208675
0.039685965
0.042097223
0.044407844
0.046588005
0.048621862
0.050475253
0.052122205
0.053541551
1.473659e-05
8.4400703e-05
0.00018465554
0.00032140801
0.00049379975
0.00070052049
0.00094121022
0.0012171239
0.0015317525
0.0018916612
0.0023078873
0.0027948026
0.0033686498
0.0040462173
0.0048436199
0.0057742144
0.00684578
0.0080614386
0.0094218064
0.01092194
0.012557271
0.014322716
0.016209735
0.018210724
0.020315739
0.022510487
0.024784388
0.027125295
0.029517678
0.031940167
0.034369492
0.036789421
0.039175585
0.041494603
0.043714039
0.045804247
0.047747143
0.049514724
0.051083156
0.052433113
1.6892348e-05
9.6254063e-05
0.00020853936
0.00035969492
0.00054849887
0.00077333126
0.0010334662
0.0013300817
0.0016665733
0.0020492951
0.0024888798
0.0029989087
0.0035944193
0.004290765
0.0051026979
0.0060425165
0.0071173859
0.0083302305
0.0096811919
0.011165156
0.01277823
0.014515329
0.016367922
0.018328342
0.020386576
0.022528369
0.024743123
0.027018752
0.029339948
0.031685844
0.034033908
0.036368602
0.038666766
0.040896938
0.043028865
0.045034406
0.046890858
0.048576936
0.05007095
0.051355255
1.9684522e-05
0.00011082338
0.00023669038
0.00040349021
0.0006095303
0.00085279379
0.0011322431
0.0014489869
0.001806359
0.0022105414
0.0026718027
0.0032029961
0.0038180602
0.0045310579
0.0053555224
0.0063027929
0.0073794451
0.0085881645
0.0099284489
0.011395686
0.012986092
0.01469465
0.016512874
0.018433066
0.02044518
0.022535035
0.024692047
0.026904227
0.029156513
0.031428548
0.033698521
0.035951554
0.038165622
0.040311049
0.042359618
0.04428492
0.046061405
0.047670732
0.049094782
0.050317524
2.32827e-05
0.00012791942
0.00026801556
0.0004505811
0.00067346014
0.00093420934
0.001231593
0.0015667016
0.001942862
0.0023661434
0.0028465223
0.0033962258
0.0040282337
0.0047554816
0.005590431
0.0065435518
0.0076208345
0.0088246303
0.010154214
0.011605158
0.013173752
0.014855038
0.016640581
0.018522666
0.020491235
0.022532192
0.024634982
0.026787724
0.028975603
0.031178746
0.033376019
0.035553154
0.037689157
0.039755948
0.041727132
0.043577989
0.045282774
0.046821621
0.048181467
0.049347721
2.7372447e-05
0.00014415607
0.00029569619
0.00049052545
0.00072623595
0.0010000666
0.001310713
0.0016593142
0.0020492513
0.0024865536
0.0029810044
0.0035443688
0.0041889025
0.0049266826
0.0057693437
0.0067266674
0.0078041511
0.0090038471
0.010324738
0.011762742
0.013314125
0.014973938
0.016733773
0.018585899
0.020520244
0.022522782
0.02458298
0.026689035
0.028826316
0.030975321
0.033115439
0.035232872
0.037307413
0.039312205
0.041222266
0.043014306
0.044663462
0.04614688
0.047456136
0.048577985
)
;

boundaryField
{
    inletCH4
    {
        type            fixedValue;
        value           uniform 0;
    }
    wallOutside
    {
        type            zeroGradient;
    }
    outlet
    {
        type            zeroGradient;
    }
    inletPilot
    {
        type            fixedValue;
        value           uniform 0.0942;
    }
    wallTube
    {
        type            zeroGradient;
    }
    inletAir
    {
        type            fixedValue;
        value           uniform 0;
    }
    frontAndBack_pos
    {
        type            wedge;
    }
    frontAndBack_neg
    {
        type            wedge;
    }
}


// ************************************************************************* //
