/*--------------------------------*- C++ -*----------------------------------*\
| =========                 |                                                 |
| \\      /  F ield         | OpenFOAM: The Open Source CFD Toolbox           |
|  \\    /   O peration     | Version:  2.3.0                                 |
|   \\  /    A nd           | Web:      www.OpenFOAM.org                      |
|    \\/     M anipulation  |                                                 |
\*---------------------------------------------------------------------------*/
FoamFile
{
    version     2.0;
    format      ascii;
    class       volScalarField;
    location    "0.2";
    object      k;
}
// * * * * * * * * * * * * * * * * * * * * * * * * * * * * * * * * * * * * * //

dimensions      [0 2 -2 0 0 0 0];

internalField   nonuniform List<scalar> 
5835
(
3.3825033
5.6222297
13.292421
24.53913
3.3055132
5.2375968
12.540742
25.300837
3.2887535
5.0124913
11.364278
2.373696
0.98555086
1.824299
10.179923
16.575913
3.7529297
1.3033772
2.8103545
15.477814
17.862824
4.5502175
1.5949863
3.5207127
17.633676
17.497853
4.9410222
1.8293216
3.9553445
18.257568
11.989713
25.360299
3.2925265
4.8326412
11.488886
25.435341
3.3135038
4.686679
11.017482
25.531685
3.3499434
4.5694055
10.574812
25.639337
3.4013125
4.4813616
10.162701
25.763971
3.4671495
4.4203476
9.7832013
25.899451
3.5470558
4.3861378
9.4371676
26.048983
3.6408827
4.3771938
9.1250256
26.205956
3.7485377
4.3934144
8.8470649
26.371155
3.8700568
4.4336984
8.6026129
26.536219
4.0055629
4.4978937
8.3909764
26.69747
4.1552968
4.5850975
8.2101338
26.840987
4.3196546
4.695164
8.0582926
26.953802
4.4992012
4.8273981
7.9320671
27.010059
4.6947764
4.9816805
7.828076
26.978752
4.9075956
5.1576453
7.7410665
26.807322
5.1393665
5.355506
7.6659469
26.425796
5.3925249
5.5759041
7.5961944
25.741038
5.6705668
5.8206354
7.5284061
24.639292
5.9783943
6.0933851
7.4553107
22.959348
6.322343
6.4015657
7.3968543
20.454151
6.7092391
6.7533278
7.3586544
16.96549
7.1467089
7.1610262
7.3959535
12.558605
16.902926
5.1263667
2.0086576
4.2406619
18.414217
16.424477
5.2433881
2.1535694
4.4427045
18.458918
16.077168
5.3341282
2.2752499
4.5898582
18.467666
15.838746
5.4108958
2.3793272
4.7025532
18.468596
15.680289
5.4772932
2.4687435
4.78966
18.470794
15.574663
5.5339517
2.5452675
4.8568904
18.475305
15.503287
5.5807277
2.6100168
4.9085647
18.478861
15.453386
5.618302
2.6643091
4.9478807
18.480154
15.416301
5.6475256
2.7090532
4.9776538
18.477872
15.387355
5.6694231
2.7454798
4.9996288
18.471207
15.36237
5.685267
2.7747032
5.0153572
18.4606
15.339777
5.6958456
2.7978616
5.0261371
18.44655
15.317365
5.7019513
2.8158353
5.0329144
18.429116
15.29521
5.7045091
2.8293801
5.0365351
18.408459
15.270522
5.7040003
2.8392967
5.037519
18.384064
15.246737
5.7016643
2.8461405
5.0360935
18.357937
15.212595
5.6980648
2.8511842
5.0311546
18.326858
15.183247
5.6985967
2.8571181
5.0233373
18.314609
15.074735
5.7234359
2.8817276
4.9866068
18.204856
14.906842
5.8210039
2.9548426
4.9285805
18.820734
14.269425
6.2916715
3.3638339
4.5144796
16.121166
9.2000742
9.1970688
9.1904327
9.1803213
9.543835
9.5405916
9.5334459
9.5225581
9.9432639
9.9397857
9.9321132
9.9204183
10.363344
10.359636
10.35146
10.338993
10.801138
10.797186
10.788468
10.775172
11.257774
11.253567
11.244287
11.230129
11.735783
11.731305
11.721421
11.706337
12.235033
12.230268
12.219749
12.203689
12.758817
12.753746
12.742549
12.725447
13.307675
13.302282
13.290369
13.272164
13.882176
13.876443
13.863774
13.844405
14.483402
14.477314
14.463853
14.44326
15.114882
15.108422
15.094134
15.072262
15.776022
15.769179
15.754039
15.730846
16.464581
16.45735
16.441347
16.416813
17.186046
17.178424
17.161553
17.135662
17.936067
17.928063
17.910336
17.883105
18.719031
18.710657
18.692099
18.663553
19.529957
19.521237
19.501896
19.472095
20.373407
20.364374
20.34431
20.313331
21.253588
21.24429
21.223592
21.191552
22.168376
22.158882
22.137689
22.104777
23.118933
23.109344
23.087865
23.054371
24.105156
24.095619
24.074166
24.040529
25.122045
25.112771
25.091801
25.058673
26.170813
26.162105
26.142271
26.110594
27.236398
27.228678
27.210896
27.18199
28.316248
28.310105
28.295647
28.271349
29.388791
29.385024
29.375608
29.358395
30.442146
30.441861
30.439844
30.433097
31.456771
31.461509
31.470156
31.478523
32.414709
32.426755
32.450877
32.481116
33.283005
33.305912
33.352937
33.415189
34.01141
34.051173
34.133868
34.245042
34.576764
34.633774
34.755809
34.926652
35.158292
35.221667
35.360893
35.563244
35.919036
35.982136
36.121166
36.3249
36.816392
36.880946
37.02286
37.230168
37.802475
37.870288
38.018914
38.235121
38.860002
38.93259
39.091299
39.321317
39.971177
40.049859
40.221486
40.469348
41.123963
41.210397
41.398361
41.668821
42.309111
42.405189
42.613582
42.912518
43.511426
43.618857
43.851383
44.184022
44.722512
44.843174
45.103729
45.475272
45.930336
46.066753
46.360525
46.77789
47.120063
47.275545
47.609319
48.081635
48.2746
48.453219
48.835373
49.373929
49.378579
49.585178
50.025675
50.643787
50.400559
50.640707
51.150884
51.863449
51.318688
51.599423
52.19346
53.018837
52.101148
52.431338
53.126933
54.087724
52.70996
53.10086
53.920252
55.044452
53.100461
53.566473
54.537786
55.860183
53.220468
53.780145
54.939123
56.502998
53.008549
53.685939
55.078184
56.937186
52.388807
53.216295
54.902041
57.125013
51.28012
52.299249
54.353864
57.023819
49.582618
50.848484
53.369336
56.589767
47.215805
48.795513
51.897388
55.78506
44.095098
46.066788
49.880942
54.56673
40.221172
42.652013
47.296396
52.903276
35.777827
38.662034
44.172549
50.778742
31.307676
34.462296
40.661637
48.217584
27.684091
30.773588
37.201844
45.441082
25.309067
28.200811
34.428501
42.909248
23.695551
26.512861
32.521324
40.939622
22.284652
25.145848
31.112668
39.440084
20.915741
23.860388
29.892433
38.20323
19.59504
22.630995
28.76227
37.105972
18.331622
21.461956
27.705311
36.107131
17.148435
20.373613
26.737326
35.220513
16.042917
19.357707
25.84004
34.420832
15.007579
18.403701
24.9937
33.674577
14.054349
17.521535
24.201964
32.971255
13.173713
16.703207
23.458766
32.300885
12.372563
15.955962
22.774816
31.676718
11.636683
15.265621
22.139051
31.093249
10.964635
14.630783
21.553423
30.560941
10.357681
14.050598
21.015447
30.079887
9.8033434
13.510895
20.507914
29.632383
9.2995096
13.009186
20.02611
29.213665
8.8438804
12.544014
19.56656
28.820503
8.4367862
12.116899
19.126737
28.441876
8.0681761
11.719898
18.69663
28.063269
7.7358471
11.354612
18.278528
27.681284
7.434088
11.018796
17.87164
27.291698
7.15845
10.711772
17.478307
26.892813
6.9041701
10.432184
17.101893
26.48678
6.6669212
10.17854
16.747205
26.078976
6.4436689
9.9491352
16.419364
25.674694
6.2286547
9.7382512
16.119331
25.276851
6.0189779
9.5424777
15.852511
24.895691
5.8123052
9.3572333
15.62144
24.541333
5.60725
9.1775457
15.427273
24.223739
5.4033291
8.9980399
15.268048
23.951665
5.199749
8.8130574
15.141627
23.738497
4.9995783
8.6205834
15.045969
23.602173
4.8048513
8.4175454
14.972694
23.547741
4.6159721
8.2014267
14.91112
23.573859
4.4275528
7.9689016
14.845377
23.66605
4.2453533
7.7224415
14.76778
23.813042
4.080222
7.4695769
14.67523
23.995716
3.9321043
7.2126872
14.562916
24.185579
3.8026954
6.947715
14.421845
24.330236
3.6936315
6.6746549
14.243416
24.395673
3.6035662
6.4121907
14.05405
24.387881
3.5286038
6.1708464
13.879411
24.348674
3.464275
5.9505939
13.703177
24.143201
3.4133368
5.7588282
13.459589
23.239027
24.824051
35.787396
36.531903
35.570732
34.424291
33.35395
32.441634
31.704554
31.17311
30.836263
30.669975
30.643934
30.736678
30.923754
31.184762
31.486874
31.814129
32.159919
32.516998
32.876013
33.228707
33.574243
33.90987
34.230457
34.536394
34.834853
35.135063
35.443566
35.776033
36.146438
36.554348
37.0025
37.506358
38.060888
38.64888
39.274503
39.926614
40.62186
41.379994
42.235255
43.201483
44.249865
45.411396
46.785256
48.517699
50.643039
52.871959
54.83545
56.383779
57.52809
58.293092
58.710373
58.815954
58.642924
58.225852
57.60144
56.799843
55.851476
54.783723
53.621621
52.387668
51.101565
49.775309
48.435816
47.092746
45.757124
44.437564
43.141282
41.876708
40.66084
39.499868
38.403769
37.392701
36.484951
35.718833
35.050809
34.322042
33.457046
32.499349
31.480435
30.423723
29.341253
28.249013
27.156343
26.083024
25.030176
24.011807
23.025913
22.076911
21.164496
20.28723
19.447039
18.6396
17.860299
17.114017
16.396333
15.71151
15.054044
14.426122
13.828293
13.257028
12.711235
12.190348
11.693813
11.218378
10.764141
10.328654
9.9107246
9.5135336
9.171944
9.0430392
9.3747246
9.7614903
10.169183
10.59373
11.036464
11.499532
11.98292
12.489692
13.020415
13.575617
14.156391
14.766222
15.404687
16.069794
16.766992
17.492292
18.250081
19.035762
19.853927
20.709065
21.599791
22.528286
23.496025
24.500386
25.545649
26.621087
27.729508
28.856228
29.998237
31.147713
32.304291
33.459902
34.605633
35.726972
36.81834
37.887955
38.956351
40.046578
41.209361
42.452352
43.760506
45.159861
46.634969
48.152516
49.704335
51.292775
52.924424
54.600669
56.292592
57.991084
59.684114
61.359725
63.004968
64.607819
66.153089
67.633742
69.031633
70.342532
71.547716
72.641957
73.602896
74.399991
74.992596
75.368759
75.596967
75.775721
75.94069
76.078934
76.165307
76.184208
76.150869
76.089643
76.009423
75.88694
75.685891
75.405207
75.035114
74.568095
74.012113
73.356147
72.594003
71.725509
70.764977
69.707796
68.60595
67.526583
66.453887
65.242571
63.799068
62.115189
60.143513
57.849284
55.199095
52.162001
48.736268
44.865764
40.476329
35.864189
31.061423
25.903614
20.537319
15.258209
10.360811
6.4809489
3.9108881
2.5862839
2.1951539
2.7023431
5.1012184
9.0802435
9.4147854
9.8045831
10.215288
10.643048
11.089177
11.555899
12.043185
12.554154
13.089377
13.649394
14.235306
14.850619
15.494883
16.166059
16.869629
17.60154
18.366214
19.158998
19.984524
20.847282
21.745783
22.682068
23.65737
24.668668
25.719769
26.799195
27.908955
29.033273
30.167933
31.303641
32.438186
33.561348
34.661958
35.721581
36.732297
37.708737
38.696898
39.747812
40.898387
42.133313
43.439854
44.830602
46.285834
47.782065
49.314808
50.885959
52.497165
54.146676
55.807292
57.472142
59.129765
60.768195
62.374164
63.934565
65.433619
66.863474
68.203516
69.447286
70.574779
71.577875
72.434905
73.115895
73.577015
73.815376
73.92249
74.01674
74.133842
74.249793
74.33638
74.377205
74.388412
74.392583
74.387591
74.348242
74.244632
74.081155
73.854044
73.562755
73.220343
72.825784
72.38006
71.892543
71.385506
70.86388
70.367602
69.914252
69.437651
68.82371
68.029197
67.046815
65.844459
64.402964
62.71395
60.768306
58.547056
55.946008
52.983729
49.712746
45.958354
41.461873
36.067356
29.846968
23.178331
16.398929
10.454426
6.3920423
4.4448839
4.2480885
5.333044
9.1122651
9.449262
9.8416597
10.25492
10.685413
11.134418
11.604234
12.094814
12.609322
13.148328
13.712385
14.302593
14.92247
15.571538
16.247711
16.956492
17.693763
18.463964
19.262378
20.093657
20.962263
21.866588
22.808507
23.788989
24.804597
25.858626
26.938841
28.046377
29.164318
30.287089
31.403683
32.509574
33.591696
34.635404
35.616396
36.526396
37.406168
38.343
39.380142
40.520514
41.741782
43.033582
44.399922
45.820664
47.279593
48.773323
50.301563
51.861881
53.450437
55.041317
56.628358
58.199753
59.742732
61.2432
62.686582
64.056099
65.341882
66.521126
67.583844
68.508247
69.28179
69.882549
70.282016
70.43417
70.351535
70.157792
69.995676
69.896201
69.820705
69.730146
69.606746
69.47295
69.352762
69.236755
69.101537
68.922418
68.70405
68.449183
68.167518
67.875361
67.580261
67.291408
67.02063
66.788296
66.592907
66.449502
66.344201
66.21486
65.998888
65.683687
65.265965
64.731552
64.07682
63.304629
62.407206
61.358997
60.101065
58.669926
57.001665
54.879084
52.161501
48.757115
44.604939
39.402561
32.624612
24.059017
15.037929
8.2753754
4.7715743
3.8763301
9.139205
9.4782686
9.8728404
10.288223
10.720988
11.172378
11.644756
12.138057
12.655484
13.197602
13.764971
14.35869
14.982282
15.63524
16.315437
17.02838
17.769892
18.544417
19.347174
20.182811
21.055747
21.964245
22.910008
23.893733
24.911575
25.966307
27.044962
28.147776
29.256688
30.364672
31.458845
32.531975
33.567458
34.545624
35.434292
36.235977
37.045014
37.963111
38.991613
40.117745
41.318915
42.585717
43.916796
45.293042
46.702896
48.142293
49.607908
51.093853
52.594309
54.083832
55.555355
56.995356
58.388918
59.719773
60.970683
62.122422
63.161039
64.061158
64.807332
65.375488
65.746962
65.897643
65.800889
65.412438
64.770041
64.043746
63.407333
62.882683
62.410483
61.937548
61.446794
60.977138
60.552217
60.158761
59.776033
59.38194
58.981588
58.577112
58.189475
57.837411
57.524462
57.263586
57.058028
56.914033
56.818777
56.767969
56.740266
56.698484
56.618501
56.501454
56.348051
56.15472
55.925118
55.663885
55.363995
55.008186
54.572832
54.074715
53.459945
52.661266
51.683785
50.545589
49.216063
47.41636
44.718308
40.67502
34.496735
24.924592
13.624816
7.0794463
9.1611068
9.5018574
9.8981839
10.315276
10.749867
11.203169
11.677601
12.173077
12.692832
13.237426
13.807422
14.403916
15.030434
15.686441
16.369772
17.085934
17.830694
18.608488
19.414471
20.253276
21.129264
22.040577
22.988749
23.974221
24.992775
26.04669
27.122324
28.21905
29.317713
30.409839
31.480613
32.519868
33.50693
34.415349
35.203526
35.914
36.687891
37.598843
38.617344
39.725648
40.902644
42.138793
43.429319
44.756482
46.111219
47.487721
48.879398
50.277163
51.67298
53.040872
54.371263
55.647418
56.850517
57.959916
58.953418
59.806555
60.497704
60.996688
61.279152
61.317572
61.085173
60.55474
59.702569
58.499947
57.030419
55.535791
54.234026
53.13592
52.159713
51.241887
50.368627
49.587371
48.906354
48.296981
47.732297
47.187435
46.669813
46.177353
45.731807
45.345547
45.009283
44.725684
44.49467
44.304898
44.13986
43.990009
43.840179
43.675063
43.48909
43.285873
43.066963
42.831219
42.583556
42.330719
42.074885
41.818531
41.573601
41.38006
41.262915
41.267276
41.460312
41.916751
42.69226
43.792118
45.17222
46.734987
47.993231
47.643417
42.792299
31.991819
2.2282236
1.3490226
1.1024906
1.2736401
1.93293
3.3813538
5.896013
9.3793058
13.425556
17.872251
22.527534
27.04663
31.475437
35.814557
39.898961
43.732894
47.24267
50.370318
53.144109
55.599725
57.767552
59.694434
61.392399
62.993477
64.616068
66.199914
67.664083
68.975396
70.15471
71.193735
72.098405
72.877716
73.547652
74.103042
74.553417
74.91119
75.183618
75.41211
75.612691
75.767903
75.849941
75.845705
75.772376
75.65496
75.502896
75.280964
74.902261
74.310034
73.51855
72.56594
71.483023
70.292503
68.998248
67.618773
66.157317
64.630188
63.044497
61.414868
59.752465
58.070169
56.380079
54.695033
53.026533
51.404285
49.823318
48.273702
46.754362
45.278119
43.885509
42.58387
41.334172
40.14832
39.016022
37.898299
36.782795
35.65348
34.503566
33.33727
32.167428
31.002035
29.848161
28.705263
27.580359
26.475786
25.405563
24.366429
23.368645
22.407674
21.485904
20.601731
19.75291
18.940771
18.160846
17.408586
16.688551
15.996387
15.336042
14.702097
14.096519
13.519714
12.96822
12.440954
11.937398
11.456996
10.996718
10.55658
10.134474
9.7290841
9.3445985
9.0150651
0.0026148817
0.0027288289
0.002737465
0.0027391574
0.0027397421
0.002740066
0.0027403134
0.0027405294
0.0027407385
0.0027409425
0.0027411448
0.0027413484
0.0027415545
0.0027417621
0.0027419709
0.0027421829
0.0027423994
0.0027426201
0.0027428437
0.0027430708
0.0027433016
0.0027435386
0.0027437779
0.0027440395
0.002744269
0.002744603
0.0027447471
0.0027453048
0.0027449374
0.0027464744
0.0027438961
0.0027482841
0.0027389301
0.0027504315
0.0027237492
0.0027587005
0.0027142414
0.0027374601
0.0063725491
0.21902365
0.0025871942
0.0027365972
0.0027495234
0.0027522336
0.0027530419
0.0027534065
0.0027536164
0.0027537748
0.0027539151
0.0027540496
0.0027541832
0.0027543196
0.002754461
0.0027546068
0.0027547574
0.002754914
0.002755078
0.0027552501
0.0027554298
0.0027556197
0.0027558205
0.002756038
0.0027562624
0.002756537
0.0027567619
0.0027571719
0.00275731
0.0027580364
0.0027577092
0.0027594123
0.0027571233
0.0027613166
0.002753147
0.0027631345
0.002744081
0.0027796846
0.0027429595
0.0027924412
0.0070842224
0.17939362
0.002559078
0.0027289853
0.0027450277
0.0027482056
0.0027490892
0.0027494372
0.0027496324
0.0027497747
0.0027499009
0.002750021
0.0027501398
0.0027502602
0.002750384
0.0027505109
0.0027506413
0.0027507761
0.0027509165
0.0027510636
0.0027512178
0.0027513818
0.0027515582
0.002751751
0.0027519623
0.0027522067
0.0027524673
0.0027528072
0.0027531253
0.0027536232
0.0027539736
0.0027546958
0.0027549046
0.002755714
0.0027553346
0.0027571241
0.002759356
0.0027849879
0.002782486
0.0027744613
0.0068207231
0.15582781
0.0025308067
0.00272139
0.0027409001
0.0027447921
0.0027458408
0.0027462307
0.0027464465
0.0027466068
0.0027467529
0.002746896
0.0027470408
0.0027471905
0.0027473466
0.0027475092
0.0027476792
0.0027478578
0.0027480464
0.0027482468
0.002748461
0.0027486925
0.0027489457
0.0027492262
0.0027495417
0.0027499003
0.0027503203
0.002750798
0.0027514027
0.0027520364
0.0027529711
0.0027537205
0.0027552989
0.0027557197
0.0027589771
0.002759696
0.0027711001
0.0027919973
0.0028045381
0.0027151507
0.0066893053
0.16571914
0.0025028863
0.0027128218
0.002736004
0.0027407428
0.0027420168
0.0027424818
0.0027427346
0.0027429249
0.0027431
0.0027432736
0.0027434517
0.0027436376
0.0027438331
0.0027440388
0.0027442564
0.0027444876
0.0027447344
0.0027449994
0.0027452861
0.0027455999
0.0027459476
0.0027463378
0.0027467823
0.0027472933
0.0027479008
0.0027485977
0.0027495021
0.0027504565
0.0027519261
0.0027531666
0.0027557528
0.0027570477
0.002762401
0.0027646041
0.0027794978
0.0027971085
0.0028122063
0.0026374011
0.0075364371
0.23220991
0.0024753727
0.0027034272
0.0027304022
0.0027361044
0.0027376512
0.0027382054
0.0027384981
0.0027387175
0.0027389197
0.0027391218
0.002739331
0.002739551
0.002739784
0.0027400313
0.002740295
0.002740578
0.002740883
0.0027412138
0.0027415757
0.0027419761
0.0027424247
0.0027429342
0.0027435211
0.0027442055
0.0027450255
0.0027459929
0.0027472325
0.0027486346
0.0027506824
0.00275271
0.0027563296
0.002759165
0.0027662534
0.0027708356
0.0027865604
0.0028006888
0.0028070112
0.0025555367
0.011523391
0.42676717
0.0024481755
0.0026936561
0.0027245934
0.0027313829
0.0027332581
0.0027339233
0.0027342659
0.0027345202
0.0027347546
0.0027349904
0.0027352359
0.0027354957
0.0027357724
0.002736068
0.0027363856
0.0027367287
0.0027371015
0.0027375094
0.0027379596
0.0027384622
0.0027390306
0.0027396825
0.002740441
0.0027413363
0.0027424164
0.0027437198
0.0027453715
0.0027473577
0.0027500949
0.0027532057
0.0027580192
0.0027628951
0.0027717223
0.0027789724
0.0027938919
0.0028032676
0.0027891035
0.0025073242
0.025735106
0.89280713
0.0024212736
0.0026836499
0.0027187269
0.0027267214
0.002728982
0.0027297824
0.0027301858
0.0027304815
0.0027307535
0.002731028
0.0027313156
0.0027316214
0.0027319486
0.0027323003
0.0027326801
0.0027330932
0.0027335451
0.0027340428
0.0027345965
0.0027352195
0.0027359296
0.0027367508
0.0027377144
0.0027388625
0.0027402571
0.0027419655
0.0027441245
0.0027468175
0.0027504094
0.0027548372
0.0027610936
0.0027683078
0.0027790712
0.0027888226
0.0028021753
0.0028049525
0.0027591625
0.0027081939
0.067201782
1.7813498
0.0023948878
0.0026734482
0.0027127685
0.0027220681
0.0027247692
0.0027257297
0.0027262052
0.0027265483
0.0027268626
0.0027271805
0.0027275148
0.0027278718
0.0027282556
0.0027286699
0.0027291198
0.0027296117
0.002730153
0.002730753
0.0027314249
0.0027321859
0.0027330595
0.0027340768
0.002735279
0.0027367223
0.0027384865
0.0027406691
0.0027434322
0.0027469447
0.0027515672
0.0027574798
0.0027654309
0.0027750441
0.0027880027
0.0027993126
0.0028114771
0.0028034611
0.002724816
0.0040734532
0.16662906
3.1676977
0.0023688072
0.0026629887
0.0027066625
0.0027173712
0.0027205728
0.0027217225
0.002722284
0.0027226826
0.0027230451
0.002723412
0.0027237989
0.0027242136
0.0027246611
0.0027251462
0.0027256754
0.0027262567
0.0027268996
0.0027276163
0.0027284234
0.0027293431
0.0027304051
0.0027316493
0.0027331283
0.0027349149
0.0027371102
0.0027398445
0.0027433159
0.0027477691
0.0027535951
0.0027611397
0.0027710039
0.002782874
0.0027983775
0.0028095853
0.0028220191
0.0027966553
0.0026989286
0.0094084031
0.37656581
5.1246932
0.002343031
0.0026523027
0.0027004264
0.0027126446
0.0027164083
0.0027177789
0.0027184425
0.0027189059
0.0027193237
0.0027197462
0.0027201927
0.0027206726
0.002721192
0.0027217572
0.0027223761
0.0027230589
0.0027238176
0.0027246674
0.0027256292
0.0027267308
0.0027280092
0.0027295146
0.0027313129
0.0027334957
0.0027361894
0.0027395599
0.0027438491
0.0027493716
0.002756564
0.0027658742
0.0027778398
0.0027917134
0.0028099534
0.0028194884
0.0028318087
0.002784788
0.0027302961
0.025869583
0.77024533
7.686808
0.0023175578
0.0026414236
0.0026940811
0.0027079041
0.0027122915
0.0027139169
0.0027147005
0.0027152392
0.0027157202
0.0027162056
0.0027167192
0.0027172724
0.002717873
0.0027185285
0.0027192488
0.0027200466
0.0027209365
0.0027219375
0.0027230752
0.0027243839
0.0027259092
0.002727713
0.0027298764
0.0027325129
0.0027357774
0.0027398754
0.0027450983
0.0027518284
0.0027605509
0.0027717648
0.0027859964
0.0028017187
0.0028224735
0.0028294728
0.0028391937
0.002771428
0.0031403701
0.068870949
1.4276914
10.802426
0.0022923885
0.0026303771
0.0026876406
0.0027031581
0.0027082304
0.0027101459
0.0027110689
0.0027116946
0.0027122476
0.0027128038
0.0027133927
0.0027140283
0.0027147199
0.002715477
0.0027163114
0.0027172386
0.0027182764
0.0027194481
0.0027207846
0.0027223277
0.0027241327
0.0027262747
0.0027288525
0.0027320041
0.0027359173
0.0027408407
0.0027471209
0.0027552069
0.0027656319
0.0027789044
0.0027955204
0.0028131269
0.0028357727
0.0028401705
0.0028439623
0.0027673673
0.0052468292
0.16592841
2.4019959
14.2632
0.0022675285
0.0026191871
0.0026811166
0.0026984125
0.0027042297
0.0027064719
0.0027075551
0.0027082807
0.0027089152
0.0027095511
0.0027102243
0.0027109519
0.0027117454
0.002712616
0.0027135783
0.0027146505
0.0027158544
0.0027172176
0.0027187774
0.0027205838
0.0027227033
0.0027252259
0.0027282704
0.0027320023
0.0027366465
0.0027424985
0.002749964
0.0027595572
0.0027718538
0.0027873307
0.0028063268
0.0028259063
0.0028491201
0.0028513872
0.0028439963
0.0027982892
0.012644414
0.35614275
3.7095843
17.93304
0.0022429941
0.0026078801
0.0026745221
0.0026936723
0.0027002915
0.0027028967
0.002704162
0.0027050012
0.0027057277
0.0027064527
0.0027072197
0.0027080497
0.0027089565
0.0027099537
0.0027110583
0.0027122921
0.0027136809
0.0027152576
0.0027170663
0.0027191663
0.0027216364
0.0027245835
0.0027281487
0.0027325283
0.0027379875
0.0027448725
0.0027536496
0.0027648937
0.0027792086
0.0027969952
0.0028182655
0.0028397834
0.0028619665
0.002862569
0.0028396001
0.0029849546
0.033564396
0.6874613
5.3550177
21.77589
0.0022190016
0.0025965564
0.0026679064
0.0026889635
0.0026964312
0.0026994317
0.0027008995
0.0027018658
0.0027026946
0.0027035178
0.002704388
0.0027053305
0.0027063617
0.0027074978
0.0027087587
0.00271017
0.0027117619
0.0027135728
0.0027156547
0.0027180767
0.0027209316
0.0027243445
0.002728481
0.0027335707
0.0027399221
0.0027479338
0.0027581326
0.0027711461
0.0027875859
0.0028077335
0.0028311674
0.0028543734
0.0028744376
0.0028733046
0.0028409334
0.0039118932
0.083191281
1.2017296
7.3035242
25.706509
0.0021954662
0.0025851605
0.0026612257
0.0026842404
0.0026925997
0.0026960262
0.0026977167
0.0026988239
0.0026997655
0.0027006967
0.0027016801
0.0027027457
0.0027039131
0.002705201
0.0027066329
0.0027082381
0.0027100518
0.0027121185
0.0027144984
0.0027172718
0.0027205462
0.0027244668
0.0027292254
0.002735087
0.0027424058
0.0027516338
0.002763356
0.0027782429
0.0027968885
0.0028194089
0.0028448757
0.0028693921
0.0028867886
0.002882229
0.0028693865
0.0075579497
0.18591141
1.9342333
9.5476836
29.601243
0.0021725104
0.0025737118
0.0026544648
0.0026794669
0.0026887477
0.0026926235
0.0026945534
0.0026958136
0.002696878
0.0026979264
0.0026990322
0.0027002309
0.0027015453
0.002702997
0.0027046131
0.0027064273
0.0027084798
0.0027108217
0.002713522
0.0027166729
0.0027203974
0.0027248622
0.0027302864
0.002736972
0.0027453192
0.0027558324
0.0027691493
0.0027859665
0.0028068242
0.0028316082
0.0028587592
0.0028836563
0.0028986758
0.0028870503
0.0029877311
0.018762515
0.37319282
2.9049394
12.059024
33.362043
0.0021503092
0.0025622409
0.002647601
0.0026745875
0.0026847984
0.0026891343
0.0026913135
0.002692735
0.0026939297
0.0026951024
0.0026963381
0.0026976779
0.002699148
0.0027007731
0.002702584
0.0027046187
0.002706923
0.0027095547
0.002712592
0.0027161395
0.0027203363
0.0027253707
0.0027314896
0.0027390318
0.0027484428
0.0027602756
0.0027752115
0.0027939522
0.0028169388
0.0028437593
0.0028722543
0.0028960661
0.002909473
0.0028937026
0.0034866817
0.047281718
0.67787598
4.1119087
14.77222
36.918073
0.002129185
0.002550808
0.002640609
0.0026695278
0.0026806455
0.0026854326
0.0026878597
0.0026894443
0.0026907723
0.0026920732
0.002693443
0.0026949283
0.0026965589
0.0026983626
0.0027003736
0.0027026347
0.0027051967
0.0027081247
0.002711506
0.0027154571
0.0027201334
0.0027257442
0.0027325637
0.0027409657
0.0027514382
0.002764578
0.0027811017
0.0028017013
0.0028266867
0.0028552816
0.00288494
0.0029068734
0.0029185629
0.0029205452
0.00551553
0.10935734
1.1277192
5.5426725
17.623804
40.253359
0.0021097763
0.002539553
0.0026334893
0.0026642148
0.0026761695
0.0026813704
0.002684027
0.0026857663
0.0026872239
0.0026886512
0.0026901542
0.0026917843
0.0026935744
0.0026955551
0.002697764
0.0027002483
0.0027030639
0.0027062823
0.0027099994
0.0027143433
0.0027194844
0.0027256515
0.0027331433
0.002742366
0.0027538452
0.0027682161
0.0027862237
0.0028085416
0.0028353363
0.002865403
0.0028957791
0.0029157605
0.0029250594
0.0030113797
0.012234262
0.22662138
1.7405769
7.1786334
20.567026
43.361238
0.0020932414
0.0025287448
0.0026263013
0.0026586068
0.0026712666
0.002676806
0.0026796512
0.0026815229
0.0026830971
0.002684642
0.0026862707
0.0026880383
0.0026899798
0.002692128
0.0026945236
0.0026972173
0.0027002695
0.0027037573
0.0027077843
0.0027124883
0.0027180524
0.002724722
0.0027328166
0.0027427689
0.0027551358
0.0027705837
0.0027898783
0.0028136698
0.0028419785
0.0028731346
0.0029033953
0.0029220693
0.0029307312
0.0033388996
0.030452332
0.42382067
2.5272574
9.0209169
23.531091
46.271874
0.0020820517
0.002519208
0.0026194597
0.0026529401
0.0026660759
0.0026718225
0.0026747825
0.002676744
0.0026784079
0.0026800506
0.0026817879
0.002683676
0.0026857504
0.0026880454
0.0026906033
0.0026934776
0.002696732
0.0027004476
0.0027047336
0.0027097349
0.0027156438
0.0027227176
0.0027312901
0.0027418126
0.002754864
0.0027711335
0.0027914037
0.0028163068
0.0028457437
0.0028776099
0.002906949
0.0029254815
0.0029502198
0.0046111367
0.071394383
0.71898404
3.4763292
11.017199
26.487101
49.00376
0.002080255
0.0025125102
0.0026139414
0.0026479522
0.0026612126
0.0026669674
0.0026699286
0.0026719124
0.0026736225
0.0026753309
0.0026771497
0.0026791319
0.0026813118
0.0026837228
0.0026864079
0.0026894216
0.0026928291
0.0026967136
0.0027011871
0.002706398
0.0027125433
0.0027198857
0.0027287651
0.0027396415
0.0027531039
0.0027698556
0.002790696
0.0028162603
0.0028463845
0.0028787281
0.0029069265
0.0029270276
0.0030191928
0.0089609844
0.14995035
1.1213621
4.563306
13.091192
29.400259
51.75315
0.0020943971
0.0025117279
0.0026119832
0.00264556
0.0026584407
0.0026639207
0.0026667187
0.0026686252
0.0026703165
0.0026720443
0.0026739068
0.0026759491
0.0026782004
0.002680691
0.0026834624
0.0026865681
0.0026900728
0.0026940593
0.0026986394
0.0027039611
0.0027102205
0.0027176786
0.0027266727
0.0027376591
0.0027512224
0.0027680666
0.0027890031
0.0028146856
0.0028449121
0.0028772556
0.0029045142
0.0029282115
0.0032489924
0.020930299
0.28111901
1.6306499
5.7609948
15.199782
32.242061
54.542422
0.0021343184
0.0025225838
0.0026182951
0.0026501113
0.0026619365
0.0026667582
0.002669162
0.0026708464
0.0026724245
0.0026741065
0.0026759647
0.002678028
0.0026803156
0.0026828514
0.0026856725
0.0026888293
0.0026923838
0.0026964161
0.0027010351
0.0027063845
0.0027126551
0.0027200995
0.0027290434
0.0027399271
0.0027533143
0.0027698896
0.0027904574
0.0028156925
0.0028453805
0.0028768938
0.0029043446
0.0029437472
0.004075897
0.048294459
0.47752909
2.2444305
7.0609203
17.359284
35.016817
57.140129
0.0022140798
0.0025552761
0.0026421614
0.0026706011
0.0026805404
0.0026842047
0.0026858914
0.002687141
0.0026884656
0.0026900093
0.0026918019
0.002693845
0.0026961404
0.0026987004
0.0027015543
0.002704747
0.0027083358
0.0027123965
0.0027170333
0.0027223841
0.002728631
0.0027360144
0.002744842
0.0027555288
0.0027686032
0.0027847096
0.0028046181
0.002829017
0.0028577838
0.0028880015
0.0029173367
0.0030129973
0.0069201118
0.1020932
0.74890955
2.9644594
8.4723332
19.608771
37.735332
59.464564
0.0023511949
0.0026263453
0.0027000582
0.0027235875
0.0027307886
0.0027327099
0.0027332519
0.0027337641
0.0027346287
0.0027359008
0.0027375475
0.0027395284
0.0027418168
0.0027444065
0.0027473143
0.0027505765
0.0027542446
0.0027583899
0.0027631121
0.0027685438
0.0027748595
0.0027822872
0.0027911151
0.0028017283
0.0028146093
0.0028303441
0.0028496325
0.0028731049
0.0029007925
0.0029295744
0.002963421
0.0032336544
0.015040071
0.1939863
1.0999383
3.7892261
9.9912678
21.927046
40.376975
61.535026
0.0025699402
0.0027633231
0.0028209425
0.0028387623
0.0028426057
0.0028421892
0.0028410545
0.00284041
0.0028405121
0.0028413144
0.0028427012
0.002844572
0.0028468574
0.0028495218
0.0028525628
0.0028560053
0.0028598935
0.0028642954
0.0028693089
0.0028750655
0.0028817362
0.0028895415
0.0028987517
0.0029097211
0.0029228753
0.0029387148
0.002957821
0.0029806259
0.0030071274
0.0030346845
0.0030822414
0.0039386972
0.034565404
0.33609964
1.5373848
4.7260396
11.630212
24.299221
42.947116
63.403997
0.0028911047
0.0030010369
0.0030444137
0.0030579103
0.0030587257
0.0030557333
0.0030524638
0.0030502046
0.0030491718
0.0030492451
0.0030502209
0.0030519256
0.0030542319
0.0030570632
0.0030603896
0.0030642205
0.0030685923
0.0030735724
0.0030792612
0.0030857961
0.0030933519
0.0031021481
0.0031124397
0.0031245468
0.0031388187
0.0031556243
0.0031753408
0.0031980329
0.0032231703
0.0032501196
0.0033453924
0.0061518219
0.073857148
0.53461696
2.0571858
5.7625702
13.366375
26.654993
45.395328
65.070867
0.0033359452
0.0033841816
0.0034235237
0.0034380274
0.0034380887
0.0034332078
0.0034277341
0.0034235233
0.0034209851
0.0034200345
0.0034204151
0.0034218866
0.0034242564
0.003427397
0.0034312432
0.0034357852
0.0034410507
0.0034471092
0.0034540693
0.0034620813
0.0034713299
0.0034820369
0.0034944358
0.0035087928
0.003525335
0.0035442057
0.0035654058
0.0035883763
0.0036115499
0.0036399972
0.0038904224
0.012353503
0.14238759
0.7933823
2.6577389
6.8895486
15.170785
28.972473
47.693471
66.550898
0.0039222554
0.0039639898
0.0040220246
0.0040490984
0.0040540819
0.0040498522
0.0040430731
0.0040370345
0.0040328111
0.0040306001
0.0040302106
0.004031385
0.004033882
0.0040375248
0.0040422098
0.0040479063
0.004054633
0.0040624633
0.0040715172
0.0040819611
0.0040939883
0.004107812
0.0041236143
0.0041415507
0.0041616185
0.0041835498
0.0042066335
0.004229227
0.004248719
0.0042873237
0.0050309818
0.027025032
0.2482759
1.1138529
3.3368112
8.0971171
17.020725
31.23355
49.834769
67.856781
0.0046720059
0.0048051944
0.0049218194
0.0049821816
0.005003161
0.0050053106
0.0049999743
0.004993245
0.0049876773
0.0049842133
0.0049829841
0.0049838469
0.0049865766
0.0049909749
0.0049969117
0.0050043392
0.005013269
0.0050237771
0.0050359931
0.0050500905
0.0050662519
0.0050846401
0.00510531
0.0051281748
0.0051527847
0.0051781108
0.0052021683
0.005221524
0.0052348414
0.0053222715
0.0076132934
0.057105424
0.398832
1.4996973
4.0978888
9.3859708
18.912334
33.449034
51.842438
69.013309
0.0055830809
0.005949381
0.0061825497
0.0063072853
0.0063620505
0.0063806946
0.0063823916
0.006377878
0.0063723647
0.006368254
0.0063664378
0.006367139
0.0063702925
0.0063757551
0.0063834098
0.0063932104
0.0064051676
0.0064193551
0.0064358986
0.0064549484
0.006476625
0.0065009496
0.0065277014
0.0065563157
0.0065855275
0.0066129979
0.006634761
0.0066453275
0.0066537824
0.0069211145
0.013534015
0.11002921
0.59575312
1.9466294
4.9296325
10.734013
20.804201
35.585512
53.712562
70.020106
0.0066523729
0.007432462
0.0078573164
0.0080883467
0.0082022575
0.0082528277
0.0082708383
0.0082739272
0.0082714704
0.0082683125
0.0082667487
0.0082677671
0.0082717096
0.0082786333
0.0082885177
0.0083013606
0.0083171863
0.0083360565
0.0083580628
0.0083832725
0.008411645
0.0084429
0.0084762952
0.0085104184
0.0085426468
0.0085686002
0.008581788
0.0085768588
0.0085991616
0.0094212513
0.026194003
0.19207848
0.83956783
2.4526006
5.8260636
12.134439
22.66921
37.637809
55.42769
70.888679
0.0078836621
0.0092943786
0.010002368
0.01039275
0.010599406
0.010703475
0.010751582
0.010770875
0.010776685
0.010777541
0.010777996
0.010780369
0.010785781
0.010794723
0.010807415
0.010823972
0.010844463
0.010868922
0.010897355
0.010929647
0.010965437
0.011003896
0.011043398
0.011081166
0.011112534
0.011130402
0.011126267
0.011104133
0.011213955
0.013567409
0.050887026
0.30884413
1.1326037
3.0201216
6.7883917
13.582916
24.522019
39.621122
57.020697
71.636328
0.0092479186
0.011514997
0.012601893
0.013209578
0.013547422
0.013731013
0.013826792
0.013873964
0.013895601
0.013905242
0.013910659
0.013916186
0.01392419
0.013935914
0.013952015
0.013972845
0.013998553
0.014029138
0.014064441
0.014104031
0.014147003
0.014191669
0.014235072
0.0142725
0.014296661
0.014297823
0.014269149
0.0142474
0.014649069
0.020782857
0.093387849
0.46152035
1.47125
3.6403206
7.7972747
15.044769
26.329965
41.522179
58.555427
72.285751
0.010738289
0.014094374
0.015658713
0.016545563
0.017057206
0.017350409
0.017515098
0.017604948
0.017652493
0.017677624
0.017692364
0.017703819
0.017716156
0.01773176
0.017751982
0.017777558
0.017808783
0.017845598
0.017887589
0.01793383
0.017982611
0.018031007
0.018074272
0.018105296
0.018114121
0.018090413
0.018039462
0.018081614
0.019265693
0.033717172
0.1594528
0.65213983
1.8569203
4.3130695
8.8486978
16.512061
28.09043
43.344872
60.061508
72.887665
0.012313647
0.016962186
0.019089797
0.020312271
0.021038461
0.021471495
0.02172748
0.021876404
0.021961601
0.02201044
0.022040109
0.022061209
0.022080255
0.022101181
0.022126314
0.022156942
0.022193577
0.022236081
0.022283684
0.022334776
0.022386567
0.022434564
0.022471916
0.0224891
0.022474712
0.022423338
0.022373925
0.022628839
0.025601196
0.055935905
0.25216386
0.87881679
2.2849768
5.0287821
9.927404
17.968966
29.788513
45.057039
61.438203
73.437245
0.01396147
0.020085365
0.022852834
0.024463241
0.025443184
0.026046271
0.026416834
0.026642571
0.026778656
0.026860847
0.026912292
0.026947741
0.026976582
0.027004705
0.027035701
0.027071584
0.027113154
0.027160181
0.027211428
0.02726442
0.027315051
0.027357046
0.027381474
0.027377246
0.02733488
0.027265004
0.027279738
0.028055784
0.034802775
0.092255861
0.37437366
1.143097
2.7577673
5.7906606
11.040013
19.43177
31.446922
46.663872
62.624057
73.899443
0.0156516
0.023392
0.026858654
0.028899733
0.030167153
0.030967568
0.031474691
0.031794728
0.031995306
0.032121168
0.032202002
0.03225721
0.032299485
0.032337019
0.032374927
0.032416111
0.032461725
0.032511429
0.032563432
0.03261426
0.032658378
0.032687783
0.032692105
0.032660885
0.032593032
0.032534317
0.032737604
0.034611275
0.048698201
0.14698979
0.52702649
1.4448871
3.2747852
6.5974512
12.18638
20.900834
33.066182
48.164323
63.625108
74.241323
0.01733745
0.026773779
0.030974665
0.033474572
0.035053823
0.036072775
0.036734652
0.03716426
0.037441805
0.03762122
0.037739021
0.037819548
0.037879079
0.037928348
0.037974187
0.038020503
0.038068857
0.038118794
0.038167932
0.038211763
0.038243421
0.038253655
0.038232121
0.038172844
0.038093239
0.038103539
0.038707912
0.042669508
0.069672004
0.22259184
0.70852002
1.7808158
3.8299123
7.4397023
13.356912
22.346453
34.622744
49.541299
64.45309
74.454925
0.019006156
0.030183873
0.035141207
0.03811983
0.040029618
0.041284434
0.04211668
0.04266953
0.043035624
0.043278075
0.043440327
0.043551802
0.043632516
0.043695908
0.043750658
0.043801764
0.04385124
0.043898536
0.043940705
0.043972323
0.043985566
0.043970954
0.043920671
0.043839195
0.043777533
0.043955312
0.045314033
0.053016021
0.10108231
0.3213351
0.91976931
2.1524618
4.4247504
8.3180647
14.547229
23.770314
36.114781
50.809821
65.143515
74.563378
0.020630758
0.033551817
0.03927147
0.042738024
0.044989481
0.046491983
0.047506241
0.048193196
0.048657516
0.048971254
0.049184685
0.049332292
0.049437858
0.049517584
0.049582066
0.049637439
0.049686215
0.04972781
0.049758839
0.049773271
0.049763061
0.049720161
0.049642982
0.049554885
0.049561953
0.050061192
0.05273378
0.066907087
0.14613069
0.44404417
1.1604221
2.5589407
5.0565113
9.226223
15.745844
25.163112
37.529622
51.958441
65.710272
74.59036
0.022187068
0.036814818
0.043287327
0.047240691
0.049837318
0.051593533
0.052797037
0.053625649
0.054195442
0.054586984
0.054857123
0.055045242
0.055178807
0.055276746
0.055351573
0.055410584
0.055456838
0.055489835
0.055506009
0.055499267
0.055462491
0.055391464
0.055295888
0.055229431
0.055383603
0.056438034
0.061307119
0.086147443
0.20747141
0.59079165
1.4297555
2.9983303
5.720595
10.155566
16.939256
26.510445
38.850883
52.977201
66.153309
74.54171
0.023654821
0.039921511
0.047123958
0.051553747
0.05449199
0.056502387
0.057897975
0.058872347
0.059552208
0.060026082
0.060357007
0.060589005
0.060753045
0.060870684
0.060956304
0.061018371
0.061060561
0.061082652
0.061081301
0.061051166
0.060987657
0.060893593
0.060796638
0.060796212
0.061213016
0.06317287
0.071632842
0.11303369
0.28694047
0.76130868
1.7268554
3.4681396
6.4115069
11.096322
18.112853
27.795521
40.058039
53.837014
66.441969
74.38288
0.025018179
0.042832723
0.050730849
0.05561873
0.058888809
0.061148817
0.062735216
0.063856127
0.064648006
0.065206693
0.065600955
0.065879111
0.0660754
0.066213851
0.066310647
0.066375416
0.066412566
0.066422426
0.06640244
0.066349107
0.066262451
0.066156436
0.066085338
0.06621539
0.067060852
0.070445656
0.084606649
0.15005339
0.38553576
0.95511102
2.0504898
3.9652136
7.1228976
12.037697
19.248631
28.993488
41.132959
54.532248
66.546781
74.05101
0.02626589
0.045520851
0.05407138
0.059392558
0.062979496
0.06548022
0.067252536
0.068517754
0.069421155
0.0700652
0.070523872
0.07084941
0.071079044
0.071239099
0.071347465
0.071414951
0.071446844
0.071444398
0.071406577
0.071333109
0.071231263
0.071131339
0.071125459
0.071475655
0.072983508
0.07854794
0.10163785
0.19954916
0.50366039
1.171639
2.3991829
4.4860787
7.8485106
12.97145
20.335942
30.093061
42.050967
55.032955
66.450474
73.511428
0.027391212
0.047968556
0.057121661
0.062846465
0.066731226
0.069460289
0.071410628
0.07281537
0.073827665
0.074555892
0.075078714
0.075451892
0.075715363
0.075897552
0.076017974
0.076088655
0.076115969
0.076102569
0.076049865
0.075962539
0.075858367
0.075790549
0.075903929
0.076596959
0.079099122
0.088032949
0.12446174
0.26341997
0.64134688
1.4102838
2.7713258
5.0273303
8.5831303
13.892964
21.36614
31.094248
42.818597
55.338478
66.163131
72.779584
0.028391595
0.050167249
0.05986901
0.065964494
0.070125153
0.073067581
0.075185735
0.076723179
0.077840005
0.078649803
0.07923539
0.079655655
0.079952951
0.080157625
0.080290747
0.080365629
0.080390013
0.080368543
0.08030621
0.080214757
0.080126496
0.080125915
0.080430672
0.081634635
0.085608513
0.099666927
0.15507981
0.34293685
0.7983634
1.6702934
3.1651639
5.5856822
9.3219303
14.795466
22.339096
31.999607
43.450322
55.481527
65.712337
71.888836
0.029268224
0.052115727
0.062310416
0.068741865
0.073154724
0.076293822
0.078567949
0.080229787
0.081445463
0.082333115
0.082979201
0.083445363
0.083776103
0.084003523
0.084150205
0.084230874
0.08425499
0.084229921
0.084165614
0.084083456
0.084035343
0.084148009
0.084739583
0.086685206
0.092831619
0.11454048
0.19552063
0.43877452
0.97431563
1.9507319
3.5787223
6.1578069
10.060453
15.67398
23.253537
32.811226
43.962667
55.484389
65.127749
70.871095
0.030025503
0.053819222
0.064451323
0.071183615
0.075824237
0.0791424
0.081559695
0.083336662
0.084644629
0.085605652
0.086309356
0.086819788
0.08718336
0.087433794
0.087595181
0.087683835
0.087711388
0.087688824
0.087632717
0.087577274
0.08760037
0.08788549
0.088889787
0.09189084
0.10120149
0.13402944
0.24756627
0.55114717
1.1687081
2.2505174
4.009872
6.7403227
10.794298
16.523691
24.107008
33.527409
44.353784
55.360618
64.428491
69.749707
0.030674453
0.055296456
0.06631395
0.073313826
0.078158788
0.081638919
0.084186767
0.086069603
0.087463199
0.088492978
0.089251306
0.089804338
0.090200192
0.090474125
0.090651786
0.090751341
0.090787174
0.090775
0.090740122
0.090733606
0.090867682
0.091402424
0.092988981
0.097486816
0.11151088
0.15994255
0.31301187
0.68080516
1.3822815
2.5703972
4.4591764
7.3339275
11.525879
17.342888
24.902986
34.156094
44.631179
55.116063
63.615769
68.526076
0.031218066
0.056549979
0.067901242
0.075135285
0.080160701
0.083785083
0.08645018
0.08842893
0.089900847
0.090994199
0.091803709
0.092397361
0.092824817
0.093122808
0.093318645
0.093432681
0.093482756
0.093490661
0.093492956
0.093562558
0.093856822
0.094739076
0.097132198
0.10377543
0.12459131
0.19387742
0.3923269
0.82668664
1.6130305
2.9070077
4.9213633
7.9313562
12.24664
18.119143
25.630878
34.690716
44.803696
54.774525
62.711442
67.218762
0.031669205
0.057602637
0.069240495
0.076677883
0.081861523
0.085613522
0.088383279
0.090448456
0.091991693
0.093143655
0.094001081
0.094633568
0.095092195
0.095415168
0.095631633
0.095764579
0.095836193
0.095876022
0.095935091
0.096114689
0.096632031
0.097992156
0.10150493
0.11121182
0.14167297
0.23767823
0.48634911
0.98912948
1.861233
3.2603214
5.3958128
8.5309653
12.952529
18.854436
26.292482
35.13417
44.862331
54.311878
61.710977
65.829511
0.032034942
0.058466426
0.070346129
0.077957347
0.083277703
0.087141065
0.090003057
0.092145208
0.093752727
0.094958275
0.095860313
0.09652986
0.097019334
0.097368466
0.097608472
0.097765534
0.097867259
0.097952965
0.098092041
0.09842226
0.099239531
0.10124059
0.10626823
0.12035217
0.16399308
0.29235756
0.59447354
1.1665333
2.1242801
3.626271
5.8766719
9.1249334
13.633813
19.541572
26.882646
35.487486
44.819036
53.738848
60.618946
64.370214
0.032328187
0.059166199
0.071248122
0.079006852
0.084444635
0.088404717
0.09134772
0.093558305
0.095223777
0.096478456
0.097422284
0.098127569
0.098648042
0.09902507
0.099292285
0.099479777
0.099621929
0.099770387
0.10001793
0.10054954
0.10176548
0.10462495
0.11177407
0.13200498
0.19311975
0.35906559
0.71698445
1.3590541
2.4021683
4.0045039
6.363409
9.7135842
14.286481
20.178931
27.40004
35.749784
44.680817
53.096605
59.452661
62.848762
0.032558722
0.059721332
0.071970046
0.079852611
0.085390372
0.089433879
0.092447682
0.094718938
0.096436648
0.097736504
0.098719742
0.099459872
0.10001196
0.10041922
0.10071812
0.10094357
0.10113843
0.10136986
0.10176046
0.10255676
0.10429947
0.10831419
0.11842404
0.1471359
0.2304742
0.43826237
0.8534667
1.5658754
2.6934827
4.3926905
6.8526815
10.292741
14.905116
20.76207
27.841569
35.917394
44.437319
52.350533
58.216145
61.278396
0.032736037
0.060151037
0.07253521
0.080520524
0.086142649
0.090257645
0.09333308
0.095658065
0.097422957
0.098764595
0.099785361
0.10055993
0.1011448
0.10158527
0.10192127
0.10219363
0.10245575
0.10279432
0.10336998
0.10450944
0.1069425
0.11251205
0.12672607
0.16685321
0.27719976
0.52994124
1.0032106
1.7857884
2.9962381
4.787768
7.3399931
10.855636
15.486984
21.287953
28.206582
35.993887
44.097156
51.516967
56.915988
59.668139
0.032869057
0.060474025
0.072966473
0.081036128
0.08672893
0.09090495
0.094034001
0.0964067
0.098214486
0.099595165
0.10065218
0.10146137
0.10208083
0.10255831
0.10293791
0.10326779
0.10361447
0.10408922
0.10490128
0.10648231
0.10981418
0.11746396
0.13731766
0.19232464
0.33403886
0.63375274
1.1653258
2.0173795
3.308228
5.1865229
7.8210197
11.39694
16.028505
21.753668
28.493667
35.981424
43.667705
50.605248
55.56501
58.030842
0.032965901
0.06070787
0.073285465
0.081423719
0.087175476
0.091403571
0.09457944
0.096994837
0.098842071
0.10025979
0.10135244
0.10219714
0.10285375
0.10337297
0.10380401
0.10420403
0.10465593
0.10530186
0.1064135
0.10856093
0.11306857
0.12356724
0.15097371
0.2246582
0.40131617
0.74911252
1.3387671
2.2590357
3.6270633
5.5857958
8.2923318
11.911111
16.525945
22.157263
28.703142
35.883042
43.155679
49.626441
54.17597
56.378935
0.033033736
0.060868553
0.073512015
0.081705706
0.087506625
0.091779373
0.094996501
0.097450623
0.099334758
0.10078832
0.10191678
0.10279863
0.10349584
0.10406268
0.10455455
0.10503979
0.10562162
0.10648113
0.10797009
0.11084109
0.11689623
0.13123388
0.16856905
0.26476585
0.47899305
0.87528734
1.5223795
2.5090112
3.9502031
5.9822763
8.750362
12.392842
16.97535
22.496531
28.835115
35.701918
42.572065
48.606559
52.772283
54.727278
0.03307889
0.060970565
0.073664352
0.081902913
0.087745211
0.09205682
0.095311025
0.097801093
0.099720654
0.10120987
0.10237528
0.10329696
0.10403945
0.10466131
0.10522563
0.10581454
0.10655676
0.10768284
0.10964863
0.11344812
0.12154278
0.1410379
0.19113453
0.31350414
0.56717514
1.0120875
1.7158268
2.7666579
4.2764786
6.3740228
9.191638
12.8416
17.375282
22.770432
28.890101
35.441837
41.920103
47.547049
51.383833
53.092805
0.033106161
0.061025262
0.073756683
0.082031497
0.087908878
0.092254759
0.095542866
0.098066971
0.10002126
0.10154666
0.10275092
0.10371597
0.10450939
0.10519504
0.10584539
0.10655965
0.10749823
0.1089544
0.11151865
0.11650386
0.12732337
0.15356362
0.21944631
0.37092801
0.66489951
1.1578809
1.9167494
3.0286726
4.6014637
6.7553977
9.6095376
13.251642
17.720323
22.974696
28.865607
35.102035
41.203094
46.456909
50.029074
51.506119
0.033119857
0.061042994
0.073802242
0.082106771
0.088014603
0.09239157
0.095711632
0.098268981
0.10025836
0.10182152
0.1030676
0.10408077
0.10493232
0.10569255
0.10644554
0.10731158
0.10849082
0.11035614
0.11367312
0.12019504
0.13461216
0.16956443
0.25436707
0.43727108
0.77190797
1.3122271
2.1244744
3.2940327
4.9237585
7.1247589
10.002596
13.622502
18.011249
23.111791
28.765744
34.68658
40.421664
45.324829
48.659335
49.953519
0.03312327
0.061031951
0.073811523
0.082140911
0.088075931
0.092481969
0.095833088
0.098423864
0.10044964
0.1020531
0.10334505
0.10441231
0.10533074
0.10617857
0.1070541
0.10810384
0.10957784
0.11195117
0.11621747
0.12472582
0.14385406
0.18978399
0.29643047
0.51228748
0.88745347
1.4740473
2.3374991
3.5607338
5.2409494
7.4796394
10.368701
13.953586
18.249889
23.187024
28.600323
34.210592
39.59254
44.159098
47.257885
48.418743
0.033119041
0.060998866
0.073793213
0.082144054
0.088104197
0.092538344
0.095920586
0.098545894
0.10061028
0.10225757
0.10360049
0.10472916
0.10572497
0.10667585
0.10769758
0.1089691
0.11080311
0.11380508
0.11926342
0.13037721
0.15555288
0.21490895
0.34586658
0.59547144
1.0106033
1.6420403
2.5540708
3.8265615
5.5506034
7.8181916
10.705069
14.244328
18.438495
23.206415
28.379932
33.688152
38.732861
42.980079
45.850895
46.904527
0.033109248
0.060949169
0.073754383
0.08212453
0.088108806
0.092571072
0.095985421
0.098647272
0.10075344
0.10244907
0.10384928
0.10504814
0.10613379
0.10720604
0.10840213
0.1099411
0.1122141
0.11599283
0.12296632
0.13743973
0.17025336
0.24550291
0.40263632
0.68617497
1.1403641
1.8148658
2.7724219
4.0893047
5.8501386
8.1373172
11.010832
14.494456
18.57857
23.173704
28.110528
33.128022
37.855373
41.80839
44.473094
45.434757
0.033095426
0.060886878
0.073700466
0.082088936
0.088097411
0.092588816
0.096037265
0.098738717
0.10089096
0.10264076
0.10410608
0.10538587
0.1065765
0.10779235
0.10919709
0.11105981
0.11387127
0.11861702
0.12751944
0.14630485
0.18859182
0.28210877
0.46675222
0.78407156
1.2762682
1.9918925
2.9917041
4.347901
6.1383475
8.4358591
11.285892
14.704335
18.670977
23.090021
27.792978
32.530425
36.958913
40.643495
43.136957
44.063353
0.033078808
0.060815331
0.073635917
0.082042656
0.088076257
0.092598665
0.096084074
0.098829114
0.10103275
0.10284373
0.1043835
0.10575688
0.10707034
0.10845602
0.11011013
0.11236393
0.11583357
0.12177528
0.13316536
0.15738642
0.21111881
0.3249416
0.53781419
0.88837095
1.4172317
2.1716971
3.2101181
4.6002083
6.4128875
8.7115837
11.528631
14.872933
18.715291
22.955449
27.427664
31.894733
36.040531
39.478579
41.829054
42.776979
0.033060386
0.060737246
0.073564412
0.081990186
0.08805062
0.092606683
0.096132742
0.098926267
0.10118767
0.10306808
0.10469317
0.1061749
0.10763201
0.10921833
0.11116997
0.11389523
0.1181676
0.12560704
0.14014661
0.17111259
0.23826776
0.37395798
0.61522527
0.99813809
1.5620151
2.352687
3.4257182
4.84402
6.6714999
8.9625418
11.737801
15.000062
18.712775
22.772965
27.01855
31.225747
35.105809
38.315996
40.536135
41.509068
0.033040973
0.06065485
0.073489007
0.081935326
0.088025038
0.092618177
0.09618941
0.09903725
0.10136387
0.10332329
0.10504628
0.10665346
0.10827842
0.11010143
0.11240776
0.11570187
0.12095597
0.13026413
0.148749
0.18790585
0.27031714
0.42890318
0.6982774
1.1123832
1.7093555
2.5333004
3.6366793
5.0773968
6.9123983
9.1874984
11.913056
15.086648
18.665922
22.546803
26.57241
30.533337
34.166877
37.169704
39.271794
40.266545
0.033021265
0.060569993
0.073412304
0.081881381
0.088003536
0.092637946
0.096259737
0.09916871
0.10156916
0.10361863
0.10545399
0.10720628
0.10902708
0.11112873
0.11385657
0.11783365
0.12427684
0.1359413
0.15928205
0.20815068
0.30738009
0.48937656
0.78621767
1.2301204
1.8580294
2.7120723
3.8413619
5.2986958
7.1341859
9.3855857
12.054324
15.133648
18.576863
22.280451
26.093878
29.822095
33.227372
36.041701
38.036773
39.047264
0.033001771
0.060483811
0.073336222
0.081831102
0.087989775
0.092670674
0.096349578
0.099327878
0.10181245
0.10396505
0.10592997
0.10785082
0.10990095
0.11233177
0.11556219
0.12036178
0.12827239
0.14286894
0.17213505
0.23228835
0.34963647
0.55523399
0.8787731
1.3510307
2.0076674
2.8885942
4.03939
5.5077426
7.3371723
9.5570768
12.162553
15.142571
18.447364
21.974957
25.582198
29.088935
32.280728
34.921578
36.818275
37.839448
0.032983191
0.060398058
0.073263198
0.081787575
0.087987532
0.092720902
0.096464355
0.09952122
0.10210148
0.10437198
0.10648587
0.10860193
0.11091983
0.11373859
0.1175679
0.12335956
0.13307246
0.15127247
0.18761752
0.26050205
0.39683052
0.62579356
0.97498549
1.4739155
2.156826
3.0612123
4.2290009
5.7028525
7.5200692
9.7013159
12.238017
15.11472
18.279654
21.63329
25.040573
28.336224
31.327485
33.807354
35.613155
36.642525
0.032966224
0.060314405
0.073195623
0.081753875
0.088000598
0.092793216
0.096609573
0.099755338
0.10244422
0.10484914
0.10713385
0.10947527
0.11210466
0.11537855
0.11991666
0.12688997
0.13883551
0.16138658
0.20600349
0.29285223
0.44859978
0.70036675
1.0739589
1.5976972
2.3042594
3.22857
4.4088546
5.8828776
7.6820754
9.8188592
12.282075
15.052438
18.076965
21.259393
24.47315
27.567094
30.368632
32.696702
34.415271
35.446632
0.032951655
0.060234641
0.073136026
0.081733228
0.088032937
0.09289241
0.09679099
0.10003717
0.1028491
0.10540693
0.10788705
0.11048803
0.11347896
0.11728541
0.12265976
0.13105864
0.14571491
0.17344799
0.22750874
0.32927896
0.50451225
0.77828386
1.1748772
1.721433
2.4489276
3.3896129
4.5780245
6.0472076
7.823126
9.9106059
12.296574
14.958624
17.843505
20.858543
23.885403
26.786547
29.407846
31.591199
33.223546
34.247145
0.032940329
0.060160334
0.07308692
0.08172913
0.088089139
0.093024344
0.097015986
0.10037595
0.10332771
0.10606007
0.10876448
0.11166546
0.11507781
0.11951134
0.12588128
0.13600631
0.1539387
0.18777688
0.25243238
0.3698749
0.56447348
0.85940824
1.2776274
1.8450501
2.5908327
3.5444903
4.7369109
6.1965891
7.9443673
9.9783272
12.283958
14.836358
17.582313
20.433377
23.279706
25.996295
28.446035
30.491398
32.038712
33.045738
0.032933451
0.06009411
0.073051756
0.081745758
0.088174148
0.093194843
0.097291462
0.10077995
0.10389012
0.10682106
0.10978213
0.11302876
0.11693035
0.12209739
0.1296368
0.14187184
0.16370206
0.20459896
0.28085533
0.41440817
0.62798887
0.94309227
1.3814548
1.96771
2.729099
3.6923982
4.8849948
6.3311671
8.0457525
10.023097
12.246404
14.688862
17.297827
19.989452
22.662258
25.203078
27.490393
29.404767
30.868811
31.852319
0.032932443
0.060039154
0.073034509
0.081787696
0.088293157
0.093409808
0.097624206
0.10125714
0.10454592
0.1077018
0.11095534
0.11459861
0.11906578
0.12508681
0.13401756
0.14877502
0.1751792
0.22406405
0.31271614
0.46250535
0.69445663
1.0285925
1.4855069
2.0884809
2.8627748
3.8324585
5.0215832
6.450542
8.1279217
10.046307
12.186275
14.519612
16.994695
19.532403
22.039338
24.413464
26.547318
28.337325
29.719702
30.673335
0.032938892
0.059999213
0.073039668
0.081859941
0.08845167
0.093675357
0.098021157
0.1018156
0.1053048
0.10871437
0.11229982
0.11639661
0.12151648
0.12853335
0.13911358
0.15684818
0.1885287
0.24625337
0.34785471
0.51373606
0.76327514
1.1152038
1.5890027
2.2065442
2.9910719
3.9640089
5.1462351
6.5545257
8.1918145
10.049505
12.105913
14.331837
16.677
19.066996
21.416089
23.632557
25.621575
27.293438
28.595706
29.514096
0.032954663
0.059978561
0.073072455
0.081968494
0.088656561
0.093999481
0.098491791
0.10246679
0.10618098
0.10987679
0.11383901
0.11845406
0.12432418
0.13248684
0.14505124
0.16626573
0.20396255
0.27131224
0.38624368
0.56793692
0.8342442
1.2027424
1.6917981
2.3218248
3.1140423
4.087311
5.2595081
6.6435761
8.2383668
10.033935
12.006818
14.127327
16.346615
18.594726
20.793289
22.860097
24.711707
26.270607
27.493875
28.372423
0.032981805
0.059982476
0.073138754
0.082119548
0.088914375
0.094389279
0.099044083
0.10322005
0.10718581
0.1112034
0.11559183
0.12079702
0.1275268
0.13703393
0.15192743
0.17715708
0.22158748
0.2991956
0.42760113
0.62463987
0.90678851
1.2905651
1.7932072
2.4336353
3.2310643
4.2019104
5.3613182
6.7176561
8.2682118
10.000913
11.891034
13.908539
16.006331
18.118932
20.174626
22.099889
23.821495
25.272649
26.418456
27.253828
0.033022719
0.060016928
0.073245254
0.082320283
0.089232948
0.094853592
0.099688382
0.10408789
0.10833483
0.11271412
0.11758482
0.12346339
0.13118468
0.14227092
0.15987467
0.18968557
0.24153685
0.32990313
0.47176519
0.6835934
0.98063051
1.3783954
1.8929773
2.5417781
3.3420339
4.3078118
5.4516632
6.7776895
8.2823143
9.9515579
11.759767
13.676873
15.657612
17.640813
19.560938
21.352342
22.950929
24.299321
25.369453
26.159371
0.0330792
0.060087775
0.073397688
0.082575952
0.089617111
0.095397044
0.1004294
0.10507546
0.10963409
0.11441641
0.11982746
0.12646434
0.13529878
0.14824385
0.16894265
0.20387072
0.26369501
0.36306747
0.51810128
0.74395859
1.0547797
1.4651245
1.9899233
2.6450648
3.4458649
4.404145
5.5299217
6.8237609
8.2814099
9.8873483
11.615348
13.435613
15.304776
17.165742
18.958662
20.62495
22.108564
23.360314
24.357878
25.101761
0.033153845
0.060201759
0.073603456
0.082894653
0.090076132
0.096030756
0.10128094
0.10620028
0.11110604
0.11633929
0.12235744
0.12984841
0.13997417
0.15507133
0.17928725
0.21988274
0.28818044
0.39871125
0.56657859
0.80572197
1.1292781
1.550866
2.0842468
2.743815
3.5430517
4.4917466
5.5964893
6.8566211
8.2663214
9.8089879
11.458223
13.184716
14.947068
16.692082
18.365171
19.914117
21.290001
22.450754
23.378896
24.076872
0.033247558
0.060363538
0.07386673
0.083280084
0.090613612
0.096758731
0.10224798
0.10746881
0.11275925
0.11849399
0.12518904
0.1336311
0.14526861
0.1628043
0.19094311
0.23767591
0.31476882
0.43637893
0.6165444
0.86808867
1.2032254
1.6346451
2.1749412
2.8370459
3.6326782
4.5696937
5.6513981
6.8765416
8.2378262
9.7178722
11.290411
12.92686
14.587822
16.223836
17.785145
19.225212
20.501347
21.577607
22.440526
23.094036
0.033362009
0.060578364
0.074193168
0.08373883
0.091237944
0.097592216
0.10334573
0.10890153
0.11462089
0.1209167
0.12837292
0.13791642
0.15129003
0.17157796
0.20406225
0.25737397
0.34350256
0.47603361
0.66793707
0.93101734
1.2766203
1.7165136
2.2621281
2.9249681
3.7150468
4.6383349
5.6952931
6.8842427
8.1966503
9.6146137
11.112143
12.661673
14.225962
15.759066
17.215682
18.554377
19.737924
20.735648
21.537401
22.148229
0.033496781
0.060847738
0.074584019
0.084272611
0.091952253
0.098536748
0.10458318
0.11051182
0.11670966
0.12363115
0.13192885
0.1427439
0.15810966
0.18147408
0.21870037
0.27893995
0.37419261
0.51733714
0.7203148
0.9940025
1.3489194
1.7959173
2.3452874
3.0071779
3.790054
4.6972719
5.7282775
6.8802153
8.143614
9.5003045
10.924829
12.390767
13.8631
15.299293
16.65815
17.902811
19.00082
19.926003
20.670911
21.241377
0.033650811
0.061170863
0.075038558
0.08488192
0.092759471
0.099598984
0.10597202
0.11231788
0.11905236
0.12667907
0.13595868
0.14823517
0.1658303
0.19259794
0.23493265
0.3023625
0.40670635
0.56005668
0.77338768
1.0567267
1.4197967
1.8725417
2.424139
3.0834325
3.8574117
4.7468457
5.7507489
6.8650384
8.0794846
9.3758594
10.729422
12.115022
13.499878
14.844736
16.112232
17.269615
18.288598
19.146843
19.839076
20.371641
0.033821753
0.061543368
0.075552744
0.085564512
0.093660581
0.1007846
0.10752413
0.11433929
0.12167571
0.130077
0.14049361
0.15446569
0.17455586
0.20505399
0.25282171
0.32761106
0.44090164
0.60396682
0.82688406
1.1188961
1.488955
1.9461081
2.4984505
3.1535633
3.9169821
4.7872432
5.763041
6.8392159
8.0049543
9.2421612
10.526905
11.83533
13.136934
14.395633
15.577625
16.653867
17.599727
18.396143
19.039578
19.536656
0.034005274
0.061955706
0.076117166
0.086312721
0.094651025
0.10209347
0.10924516
0.11658908
0.12460754
0.13393273
0.1456489
0.16150969
0.18435848
0.21888838
0.27233867
0.35453246
0.47649106
0.64867408
0.8803383
1.179998
1.5558588
2.0160969
2.567785
3.2173654
3.9683178
4.818443
5.7655022
6.8034952
7.921197
9.1006942
10.319026
11.553743
12.776504
13.954241
15.05646
16.057458
16.93581
17.675257
18.273634
18.73766
0.034197928
0.062398924
0.07672406
0.087121897
0.095731028
0.10353261
0.11115135
0.11909651
0.12787769
0.13827754
0.15150297
0.16948139
0.19536741
0.23422142
0.29355883
0.38313204
0.51342125
0.69409937
0.93367139
1.2399672
1.620468
2.0825023
2.63216
3.274792
4.0118446
4.8408542
5.7586124
6.7584198
7.8287705
8.9520569
10.106324
11.27054
12.418473
13.519899
14.547397
15.478289
16.293985
16.980634
17.53716
17.970243
0.034396263
0.062863712
0.077365819
0.08798819
0.096902401
0.10511131
0.11325988
0.12188105
0.13157909
0.14322619
0.15815999
0.17851025
0.20772786
0.25118924
0.316577
0.41344878
0.55169237
0.74023152
0.98688022
1.2988218
1.6828324
2.1454211
2.6917251
3.3259784
4.0479187
4.8548862
5.7428206
6.704452
7.7281141
8.7966091
9.8890141
10.985684
12.062422
13.091678
14.048889
14.914122
15.671308
16.308685
16.826051
17.229959
0.03459469
0.063336253
0.078029021
0.088899988
0.098156418
0.10682544
0.11557754
0.12499668
0.13573769
0.14881164
0.16566198
0.18863391
0.22145051
0.26973667
0.34123074
0.44519554
0.59090671
0.78659078
1.0394281
1.3559909
1.7423823
2.2043428
2.7461609
3.3704317
4.0764145
4.8607319
5.7186691
6.6425434
7.6206734
8.6363113
9.6695566
10.702121
11.711737
12.673335
13.564972
14.369167
15.072083
15.663768
16.144716
16.521294
0.034791663
0.063811246
0.078710811
0.089858524
0.099499676
0.10868709
0.1181139
0.12843005
0.14041952
0.15511301
0.17411314
0.19997541
0.23666272
0.28997291
0.36759503
0.47841989
0.6311085
0.83323942
1.0914069
1.4116016
1.7992815
2.2594486
2.7955663
3.4086345
4.0977487
4.8588166
5.6865876
6.5730894
7.5067008
8.4712174
9.4477754
10.419366
11.365532
12.263489
13.093723
13.84093
14.493248
15.042309
15.489168
15.839979
0.034983994
0.064281147
0.079404804
0.09085945
0.10093106
0.11070287
0.12091386
0.13226505
0.14564681
0.16215294
0.18353347
0.21253759
0.2533234
0.3117803
0.39545492
0.51281457
0.6719223
0.87975913
1.1423766
1.4652172
1.8531341
2.3104345
2.8395926
3.4405324
4.1120856
4.8495611
5.6472941
6.4971302
7.3875743
8.3030393
9.225708
10.139777
11.026468
11.865111
12.638316
13.332755
13.938288
14.447911
14.86313
15.189871
0.035173422
0.064749712
0.080118713
0.091915468
0.10246863
0.11289187
0.12397121
0.13654197
0.15149271
0.17002624
0.19403643
0.22644532
0.27155539
0.33526725
0.42490599
0.54848095
0.71347808
0.92632279
1.1925584
1.5171098
1.904264
2.357703
2.8785658
3.4665505
4.1198703
4.8333769
5.6011006
6.4148029
7.263211
8.1313795
9.0025326
9.8620252
10.692645
11.475662
12.195623
12.84092
13.402932
13.87584
14.261508
14.565632
0.035360354
0.065219395
0.080857597
0.093034228
0.10412172
0.11526142
0.12735563
0.14128247
0.15798167
0.17875614
0.20563384
0.24168104
0.29128808
0.36029126
0.45573238
0.58514699
0.75547185
0.97261592
1.241646
1.566999
1.9524227
2.4009735
2.9125631
3.4868308
4.1214008
4.8107544
5.5487055
6.3270204
7.1347164
7.9575216
8.7796782
9.5876506
10.365685
11.096824
11.767331
12.367127
12.888902
13.327854
13.686122
13.969168
0.035547355
0.06569834
0.081633207
0.094231165
0.10591069
0.11786535
0.13109099
0.14651654
0.16514097
0.18836152
0.21832522
0.25820788
0.31242988
0.38669657
0.4877219
0.62256609
0.79764614
1.0183894
1.2894193
1.6147273
1.9975846
2.4400381
2.9416234
3.5015662
4.1170191
4.7821891
5.4907628
6.2345956
7.0030356
7.7824824
8.558188
9.3176762
10.046548
10.729453
11.354166
11.911971
12.396684
12.804362
13.137347
13.400861
0.035739497
0.066201611
0.082467065
0.09553523
0.10787302
0.12073235
0.13522894
0.15230554
0.1730374
0.19890901
0.23216767
0.27606111
0.33498455
0.41445655
0.5208323
0.66070171
0.83998879
1.0636678
1.3359445
1.6603882
2.0398096
2.4751965
2.9660495
3.5110944
4.1070999
4.7480806
5.4276614
6.1378081
6.8682739
7.6061737
8.3377118
9.0514172
9.7341532
10.372037
10.954184
11.473091
11.923542
12.302324
12.611916
12.857298
0.035941804
0.066745752
0.08338218
0.096975967
0.11004775
0.12392898
0.1398184
0.15869868
0.1817148
0.21042772
0.2471623
0.29519926
0.35885838
0.44342751
0.55488534
0.69936254
0.88231553
1.1082923
1.3811121
1.7039586
2.0789483
2.5065361
2.9860148
3.5156874
4.0920173
4.7088946
5.3599385
6.0372821
6.7310994
7.4292252
8.1187912
8.7892751
9.4287158
10.024569
10.56715
11.050023
11.4688
11.820888
12.10885
12.337419
0.036160403
0.067350645
0.08440462
0.098581214
0.11244427
0.12748511
0.14490439
0.16574058
0.19120649
0.2229274
0.26328096
0.31554319
0.38391535
0.4734228
0.5896613
0.73831734
0.92440337
1.1520651
1.4247579
1.7453058
2.1149661
2.5341296
3.0016981
3.5156394
4.0721818
4.6651504
5.288211
5.9337107
6.5922632
7.2524063
7.9021685
8.5319215
9.1307844
9.6874309
10.193265
10.642773
11.032288
11.359737
11.627723
11.84073
0.036401961
0.068039714
0.085565508
0.10038754
0.11513294
0.13145534
0.15053714
0.17347427
0.20153788
0.23640242
0.28047317
0.33698724
0.40999308
0.50423304
0.62492146
0.77731833
0.96601518
1.1947799
1.4667241
1.7842042
2.1478803
2.5580513
3.013268
3.5112247
4.0479762
4.6173421
5.2130968
5.8278106
6.4525236
7.0764787
7.6885631
8.2799835
8.8408625
9.3609861
9.8327298
10.251355
10.613843
10.918554
11.168094
11.366701
0.036676874
0.068847461
0.086913477
0.10246522
0.11821438
0.13593193
0.15681034
0.18199138
0.21279155
0.25091685
0.29877578
0.35953692
0.43706957
0.53582128
0.66063102
0.81634879
1.0071648
1.2364894
1.5071205
1.8207334
2.1778809
2.5785457
3.0210092
3.5027552
4.0197225
4.5657695
5.1347856
5.7196234
6.3117864
6.901173
7.4774883
8.0327237
8.5579153
9.043859
9.4838144
9.8737071
10.2111
10.494718
10.727142
10.912367
0.036994884
0.069809703
0.08849555
0.10486979
0.12174722
0.14098115
0.16378222
0.19132979
0.22497288
0.26643123
0.31809454
0.38303934
0.46493766
0.56793774
0.69651385
0.85512371
1.0475739
1.276927
1.545658
1.8548267
2.2049407
2.5956813
3.0251066
3.4905396
3.9878505
4.5109761
5.0539556
5.6099364
6.1708844
6.7273357
7.269767
7.7909019
8.2826294
8.7366641
9.1470392
9.5102592
9.8243838
10.088448
10.304989
10.477765
0.037373413
0.070979204
0.090369972
0.10764169
0.1257971
0.1466795
0.17152528
0.20154617
0.23811292
0.28294383
0.33839165
0.4074228
0.49350238
0.60048226
0.7324828
0.89358471
1.0872277
1.3161402
1.5823881
1.8866709
2.229336
2.6098149
3.025986
3.4750517
3.9528517
4.4534343
4.9710259
5.4990859
6.0300419
6.5550553
7.0653278
7.5542482
8.0144818
8.4385871
8.8213016
9.1596457
9.4520803
9.6979296
9.8996747
10.060849
0.03782952
0.072394463
0.092562283
0.11080728
0.13036395
0.15299393
0.17996329
0.21250985
0.25201775
0.30019237
0.35933732
0.43229913
0.52233278
0.63299993
0.76808161
0.93129778
1.1257336
1.3537902
1.6171106
1.9161898
2.2511345
2.6211698
3.0240318
3.4568375
3.9154294
4.3939947
4.8869561
5.3880837
5.8902646
6.3852637
6.8649692
7.3233945
7.7539209
8.1498743
8.506626
8.8216516
9.0937262
9.3224454
9.5102205
9.6603765
0.038382713
0.07404525
0.095013026
0.11428691
0.13524973
0.15961443
0.18866254
0.22364922
0.26596441
0.31729716
0.37990235
0.45651209
0.55018392
0.66420909
0.8020523
0.96709383
1.1620785
1.3890794
1.6494195
1.943358
2.2707774
2.6307186
3.020796
3.4380585
3.8783624
4.3360367
4.8057121
5.2814628
5.7565888
6.2234056
6.674435
7.1042612
7.506918
7.8764305
8.2087468
8.5017563
8.7545167
8.9668737
9.1412143
9.2807157
0.038991793
0.075632812
0.097210205
0.11735595
0.13946459
0.16524401
0.19598051
0.23293991
0.27751875
0.33139372
0.39677932
0.47631599
0.57290475
0.68962248
0.82968221
0.99618961
1.1916048
1.4177225
1.6755762
1.9652654
2.2864664
2.6380538
3.0175309
3.4218803
3.8469614
4.2872145
4.7374319
5.1919224
5.6443114
6.0873607
6.5141087
6.9196077
7.298433
7.6452027
7.956367
8.2301887
8.4659881
8.6638044
8.8260454
8.9557546
)
;

boundaryField
{
    inletCH4
    {
        type            turbulentIntensityKineticEnergyInlet;
        intensity       0.0458;
        value           uniform 7.740795;
    }
    wallOutside
    {
        type            compressible::kqRWallFunction;
        value           nonuniform List<scalar> 
110
(
0.0026148817
0.0025871942
0.002559078
0.0025308067
0.0025028863
0.0024753727
0.0024481755
0.0024212736
0.0023948878
0.0023688072
0.002343031
0.0023175578
0.0022923885
0.0022675285
0.0022429941
0.0022190016
0.0021954662
0.0021725104
0.0021503092
0.002129185
0.0021097763
0.0020932414
0.0020820517
0.002080255
0.0020943971
0.0021343184
0.0022140798
0.0023511949
0.0025699402
0.0028911047
0.0033359452
0.0039222554
0.0046720059
0.0055830809
0.0066523729
0.0078836621
0.0092479186
0.010738289
0.012313647
0.01396147
0.0156516
0.01733745
0.019006156
0.020630758
0.022187068
0.023654821
0.025018179
0.02626589
0.027391212
0.028391595
0.029268224
0.030025503
0.030674453
0.031218066
0.031669205
0.032034942
0.032328187
0.032558722
0.032736037
0.032869057
0.032965901
0.033033736
0.03307889
0.033106161
0.033119857
0.03312327
0.033119041
0.033109248
0.033095426
0.033078808
0.033060386
0.033040973
0.033021265
0.033001771
0.032983191
0.032966224
0.032951655
0.032940329
0.032933451
0.032932443
0.032938892
0.032954663
0.032981805
0.033022719
0.0330792
0.033153845
0.033247558
0.033362009
0.033496781
0.033650811
0.033821753
0.034005274
0.034197928
0.034396263
0.03459469
0.034791663
0.034983994
0.035173422
0.035360354
0.035547355
0.035739497
0.035941804
0.036160403
0.036401961
0.036676874
0.036994884
0.037373413
0.03782952
0.038382713
0.038991793
)
;
    }
    outlet
    {
        type            zeroGradient;
    }
    inletPilot
    {
        type            turbulentIntensityKineticEnergyInlet;
        intensity       0.0628;
        value           uniform 0.76881217;
    }
    wallTube
    {
        type            compressible::kqRWallFunction;
        value           nonuniform List<scalar> 
77
(
2.2282236
18.314609
15.074735
18.204856
14.906842
18.820734
14.269425
16.121166
24.824051
24.53913
25.300837
11.364278
10.179923
16.575913
15.477814
17.862824
17.633676
17.497853
18.257568
25.360299
25.435341
25.531685
25.639337
25.763971
25.899451
26.048983
26.205956
26.371155
26.536219
26.69747
26.840987
26.953802
27.010059
26.978752
26.807322
26.425796
25.741038
24.639292
22.959348
20.454151
16.96549
12.558605
16.902926
18.414217
16.424477
18.458918
16.077168
18.467666
15.838746
18.468596
15.680289
18.470794
15.574663
18.475305
15.503287
18.478861
15.453386
18.480154
15.416301
18.477872
15.387355
18.471207
15.36237
18.4606
15.339777
18.44655
15.317365
18.429116
15.29521
18.408459
15.270522
18.384064
15.246737
18.357937
15.212595
18.326858
15.183247
)
;
    }
    inletAir
    {
        type            turbulentIntensityKineticEnergyInlet;
        intensity       0.0471;
        value           uniform 0.0026953681;
    }
    frontAndBack_pos
    {
        type            wedge;
    }
    frontAndBack_neg
    {
        type            wedge;
    }
}


// ************************************************************************* //
