/*--------------------------------*- C++ -*----------------------------------*\
| =========                 |                                                 |
| \\      /  F ield         | OpenFOAM: The Open Source CFD Toolbox           |
|  \\    /   O peration     | Version:  2.3.0                                 |
|   \\  /    A nd           | Web:      www.OpenFOAM.org                      |
|    \\/     M anipulation  |                                                 |
\*---------------------------------------------------------------------------*/
FoamFile
{
    version     2.0;
    format      ascii;
    class       volScalarField;
    location    "0.2";
    object      mut;
}
// * * * * * * * * * * * * * * * * * * * * * * * * * * * * * * * * * * * * * //

dimensions      [1 -1 -1 0 0 0 0];

internalField   nonuniform List<scalar> 
5835
(
0.00039804688
0.00038738773
0.00050616401
0.00049068203
0.00040644758
0.00038461648
0.00050239032
0.00049838434
0.00041153464
0.00037531679
6.9433279e-05
2.2960435e-05
2.0071358e-05
2.1455693e-05
6.9746998e-05
8.3880795e-05
3.059959e-05
1.8185067e-05
2.6419452e-05
8.6030773e-05
8.7105817e-05
3.6542373e-05
2.0259008e-05
3.1323028e-05
9.1858577e-05
8.6245807e-05
4.0796509e-05
2.3075504e-05
3.5112764e-05
9.3501411e-05
0.00048142985
0.00049907889
0.00041802387
0.00036805944
0.00046149223
0.00049992216
0.0004260268
0.00036286855
0.00044241307
0.0005009738
0.00043558299
0.00035984811
0.00042453306
0.00050213546
0.00044661686
0.00035900403
0.00040788147
0.00050346224
0.00045911071
0.00036030132
0.00039259171
0.00050489322
0.00047305506
0.0003638114
0.00037871873
0.00050645891
0.00048843262
0.00036954131
0.00036633921
0.00050809425
0.00050520614
0.0003775826
0.00035549986
0.00050980639
0.00052334597
0.00038800872
0.00034627017
0.00051151404
0.00054281302
0.00040099031
0.00033873234
0.00051318191
0.00056353878
0.00041670195
0.00033300378
0.00051467681
0.00058539951
0.00043539823
0.00032925583
0.00051587618
0.00060819421
0.0004573414
0.00032774079
0.00051653449
0.00063161978
0.00048284147
0.00032885328
0.00051635547
0.00065524791
0.00051216336
0.00033320247
0.0005148319
0.00067852304
0.00054547413
0.00034175993
0.00051127767
0.00070076392
0.00058260446
0.00035604165
0.00050474005
0.00072121726
0.00062281825
0.00037840186
0.00049394408
0.00073916822
0.00066452733
0.00041289094
0.0004768892
0.00075419255
0.00070465964
0.00046502322
0.00045018317
0.0007666008
0.00074051383
0.00054407144
0.00041018009
0.00077681504
0.00076869561
0.00066058747
0.00035321686
8.4799826e-05
4.3875885e-05
2.5882539e-05
3.8003723e-05
9.3932856e-05
8.362243e-05
4.6253084e-05
2.8477168e-05
4.022319e-05
9.4077342e-05
8.2764615e-05
4.8155976e-05
3.079922e-05
4.1933211e-05
9.4129893e-05
8.2179396e-05
4.9698854e-05
3.2834755e-05
4.3263764e-05
9.4162648e-05
8.1798041e-05
5.0949619e-05
3.4591954e-05
4.430507e-05
9.4199216e-05
8.1553487e-05
5.1959161e-05
3.6090819e-05
4.5121643e-05
9.4242725e-05
8.1399061e-05
5.2766028e-05
3.7355062e-05
4.5763106e-05
9.4285297e-05
8.1302203e-05
5.3404469e-05
3.8411547e-05
4.6266525e-05
9.4323981e-05
8.1240785e-05
5.3906988e-05
3.9286244e-05
4.6663628e-05
9.4355783e-05
8.1202954e-05
5.4298614e-05
4.0005002e-05
4.6976266e-05
9.4379005e-05
8.1178003e-05
5.4601436e-05
4.0591332e-05
4.7222077e-05
9.4394958e-05
8.116195e-05
5.4832279e-05
4.1066396e-05
4.7415354e-05
9.4405148e-05
8.1149087e-05
5.5008106e-05
4.1449517e-05
4.75671e-05
9.4409898e-05
8.1139775e-05
5.5141878e-05
4.1756783e-05
4.7686407e-05
9.4409774e-05
8.1126774e-05
5.5243927e-05
4.2002669e-05
4.7779157e-05
9.4403594e-05
8.1119354e-05
5.5324247e-05
4.2199267e-05
4.7851934e-05
9.4396659e-05
8.1087739e-05
5.5392656e-05
4.2360583e-05
4.7897447e-05
9.4380841e-05
8.1072604e-05
5.5475338e-05
4.2502976e-05
4.7903189e-05
9.4417592e-05
8.0850174e-05
5.5622759e-05
4.2696913e-05
4.7754334e-05
9.4206e-05
8.0484397e-05
5.6237875e-05
4.3143812e-05
4.6917421e-05
9.5845232e-05
7.9329423e-05
5.9217575e-05
4.5678402e-05
4.5732121e-05
8.7932585e-05
0.004511795
0.0045124486
0.0045138961
0.004516092
0.0044888904
0.0044895433
0.00449099
0.0044931849
0.0044570225
0.0044576891
0.0044591645
0.0044614028
0.004421056
0.004421746
0.0044232708
0.0044255835
0.0043826516
0.0043833669
0.0043849451
0.0043873381
0.0043432052
0.0043439477
0.0043455837
0.0043480637
0.0043026504
0.0043034204
0.0043051156
0.0043076854
0.00426139
0.0042621883
0.0042639454
0.0042666086
0.0042191755
0.0042200032
0.0042218242
0.0042245838
0.0041761144
0.004176973
0.0041788605
0.0041817203
0.0041322801
0.0041331704
0.0041351263
0.0041380897
0.0040878428
0.0040887653
0.0040907918
0.0040938618
0.0040425999
0.0040435561
0.0040456558
0.0040488363
0.0039965111
0.0039975032
0.0039996802
0.0040029768
0.0039498502
0.0039508808
0.0039531403
0.0039565609
0.0039019498
0.0039030213
0.0039053704
0.0039089264
0.0038530407
0.0038541567
0.0038566036
0.0038603079
0.0038025089
0.0038036737
0.0038062286
0.0038100963
0.003750649
0.0037518669
0.0037545398
0.0037585854
0.0036972608
0.0036985374
0.0037013387
0.0037055776
0.0036420807
0.003643421
0.0036463615
0.0036508114
0.003585366
0.0035867753
0.0035898661
0.0035945431
0.0035271688
0.0035286551
0.0035319088
0.0035368316
0.0034673936
0.0034689638
0.0034723961
0.0034775886
0.0034062352
0.0034078963
0.0034115266
0.003417018
0.0033429162
0.0033446821
0.0033485399
0.0033543731
0.0032776306
0.0032795197
0.0032836452
0.0032898818
0.0032092442
0.0032112819
0.0032157321
0.0032224581
0.0031376786
0.003139903
0.0031447552
0.0031520828
0.0030619887
0.0030644535
0.0030698173
0.0030779064
0.0029815578
0.0029843333
0.0029903654
0.0029994469
0.0028949482
0.0028981444
0.0029050932
0.002915522
0.0028007027
0.0028045272
0.0028128152
0.0028251696
0.0026970147
0.0027018286
0.0027121062
0.0027272482
0.0025993291
0.0026022317
0.0026094203
0.0026230885
0.0025487582
0.0025505006
0.0025544208
0.0025607503
0.0025145756
0.0025158943
0.0025187834
0.002523209
0.0024887558
0.0024898801
0.0024923052
0.0024959142
0.0024674446
0.0024684805
0.0024706904
0.0024739199
0.002448609
0.0024496202
0.0024517642
0.0024548651
0.0024310726
0.0024320908
0.0024342455
0.0024373377
0.0024141843
0.0024152446
0.0024174913
0.0024206944
0.002397457
0.0023986063
0.0024010546
0.0024045403
0.0023802078
0.0023814776
0.0023841978
0.0023880789
0.0023618373
0.002363248
0.0023662782
0.00237061
0.0023420661
0.0023436472
0.0023470446
0.0023519074
0.0023205719
0.002322367
0.0023262257
0.0023317557
0.0022969375
0.0022990023
0.0023034493
0.0023098352
0.0022704707
0.0022728673
0.0022780456
0.0022855022
0.002240751
0.0022435456
0.0022496057
0.0022583567
0.0022070499
0.002210325
0.0022174484
0.0022277603
0.0021687909
0.0021726524
0.0021810681
0.002193274
0.0021253219
0.0021299077
0.0021399111
0.0021544365
0.0020759065
0.0020813969
0.0020933748
0.0021107701
0.0020197063
0.0020263407
0.0020408076
0.002061791
0.0019557091
0.0019638159
0.0019814687
0.0020069821
0.0018822029
0.0018922582
0.0019140832
0.0019454069
0.0017982073
0.0018108879
0.0018382413
0.0018770396
0.0017015106
0.0017178232
0.0017526366
0.0018011257
0.0015911939
0.0016125661
0.0016574036
0.001718265
0.0014656317
0.0014940095
0.0015521172
0.0016284362
0.0013266628
0.0013640648
0.0014385556
0.0015330318
0.0011840411
0.0012304545
0.0013216007
0.0014347853
0.0010652244
0.0011132565
0.0012120765
0.0013385983
0.0010146907
0.0010476391
0.0011302621
0.0012541325
0.0010275174
0.0010440838
0.0010947594
0.0011937952
0.0010464969
0.0010586113
0.0010926283
0.0011612288
0.0010528553
0.0010663559
0.0010977302
0.0011481193
0.0010481056
0.0010645825
0.0010988236
0.0011424591
0.0010366572
0.0010563177
0.0010947399
0.0011369714
0.0010215072
0.0010444517
0.0010873813
0.0011304549
0.001004515
0.0010307767
0.0010784355
0.001123638
0.00098624155
0.001015813
0.0010681395
0.001116169
0.00096717807
0.00099994722
0.0010565185
0.0011073683
0.00094798473
0.00098373419
0.0010438794
0.0010969914
0.00092890489
0.00096746037
0.0010305895
0.0010851923
0.00091037181
0.00095157954
0.0010172151
0.0010726177
0.00089218852
0.00093594201
0.0010037642
0.0010594871
0.00087455949
0.00092073885
0.00099050574
0.0010462526
0.00085753546
0.00090594073
0.00097742031
0.0010330616
0.00084082762
0.00089119321
0.00096412455
0.0010196188
0.000824524
0.00087651321
0.00095054681
0.0010058618
0.00080869692
0.00086195271
0.00093663398
0.00099171389
0.00079339611
0.0008475725
0.00092232237
0.00097700554
0.0007783102
0.00083317566
0.00090734236
0.00096135258
0.00076346925
0.00081894608
0.00089183613
0.00094473676
0.00074868041
0.00080489213
0.00087583624
0.00092707204
0.00073377746
0.00079107688
0.00085947878
0.00090835157
0.00071855094
0.00077751949
0.00084293422
0.00088865991
0.00070284752
0.00076425767
0.00082646761
0.00086821529
0.00068658442
0.00075128585
0.00081037245
0.00084731512
0.00066947559
0.00073835284
0.00079471757
0.00082599962
0.00065146053
0.0007253267
0.00077975771
0.00080454093
0.0006325462
0.00071199863
0.00076565621
0.00078322357
0.00061284453
0.00069813231
0.00075252576
0.00076234209
0.00059254879
0.00068345484
0.00074034194
0.00074213329
0.00057179061
0.00066764052
0.00072899937
0.00072275475
0.00055108799
0.00065064445
0.00071845355
0.00070460427
0.00053085365
0.00063235835
0.00070838581
0.00068770537
0.00051071296
0.00061276024
0.00069841967
0.00067197021
0.00048850471
0.00059184611
0.00068801558
0.00065704696
0.0004680315
0.00056992706
0.00067679043
0.00064247563
0.00045036249
0.00054757643
0.00066446155
0.00062758149
0.00043535502
0.00052506235
0.00065070726
0.0006115585
0.00042306429
0.00049993735
0.00063527387
0.00059372459
0.00041348373
0.00047409887
0.00061783343
0.00057355676
0.00040643479
0.00045058373
0.00059912602
0.00055106124
0.00040153046
0.00043000738
0.00058003173
0.00052725884
0.00039838696
0.0004122441
0.0005602067
0.00050195181
0.00039710089
0.00039770674
0.00053056592
0.00047022195
0.00084050466
0.00051759617
0.00051535357
0.00052594288
0.00053883204
0.00055239701
0.00056692672
0.00058249673
0.00059929956
0.00061781711
0.00063820688
0.00066029934
0.00068374227
0.0007081449
0.00073321756
0.00075836971
0.00078348982
0.00080835486
0.00083272378
0.00085637039
0.00087913137
0.00090105207
0.00092185562
0.00094137219
0.00095961106
0.00097670823
0.0009928489
0.001008115
0.0010229319
0.0010374393
0.0010516998
0.0010657546
0.0010798307
0.0010936399
0.0011066698
0.0011186845
0.0011291835
0.0011384991
0.0011477268
0.001158602
0.0011722293
0.0011881783
0.0012073535
0.001234566
0.0012774026
0.0013405097
0.0014200849
0.0015069848
0.0015946095
0.0016797932
0.001760561
0.0018357756
0.0019053873
0.0019686734
0.0020261551
0.0020776843
0.002124016
0.0021655333
0.0022026113
0.0022356457
0.0022650359
0.0022911772
0.0023146823
0.0023359487
0.0023555966
0.0023738965
0.0023910148
0.0024071623
0.0024230996
0.0024396768
0.0024572366
0.002476432
0.0024988169
0.0025269716
0.002566656
0.0026370442
0.0027392608
0.002835074
0.0029239492
0.003006808
0.00308448
0.0031580527
0.0032279453
0.0032949701
0.0033591315
0.0034214966
0.0034818218
0.003540846
0.0035983598
0.0036544435
0.0037090382
0.0037618901
0.0038132573
0.0038633366
0.0039118354
0.0039593603
0.0040056762
0.0040514418
0.0040963768
0.0041405173
0.0041840636
0.0042268463
0.0042687933
0.0043097943
0.0043501004
0.0043893054
0.0044274871
0.0044632472
0.0044949947
0.0045179028
0.0045439651
0.0045210309
0.004489775
0.0044548564
0.0044176032
0.0043793947
0.0043401183
0.0043001901
0.0042593539
0.0042177213
0.0041753567
0.0041324291
0.0040887522
0.0040443108
0.0039994007
0.0039534016
0.0039065717
0.0038583359
0.0038089917
0.0037583448
0.0037061435
0.0036526443
0.0035979282
0.0035419583
0.0034850176
0.003426517
0.0033668396
0.0033051699
0.0032417622
0.003176165
0.0031083937
0.00303805
0.0029652224
0.0028901926
0.0028132335
0.0027343818
0.0026554197
0.0025801061
0.0025213845
0.0024897454
0.0024644767
0.0024425483
0.0024260921
0.002411718
0.0023969713
0.0023813174
0.0023649353
0.0023484233
0.0023316003
0.002313864
0.0022945448
0.0022734405
0.0022504614
0.0022255607
0.0021987881
0.0021701772
0.002139492
0.0021071465
0.002073038
0.0020376119
0.002000751
0.0019624513
0.0019225844
0.0018809196
0.0018376915
0.0017941178
0.0017514867
0.0017100517
0.0016694484
0.0016292606
0.0015889506
0.0015491509
0.0015102133
0.0014718927
0.0014341598
0.0013960755
0.0013579076
0.0013192244
0.0012799983
0.0012406835
0.0012008428
0.0011604267
0.0011194297
0.0010783633
0.0010368978
0.00099586252
0.00095641747
0.00091880848
0.00088097878
0.00084166352
0.00080101381
0.0007585804
0.00071421184
0.00066784582
0.00061968655
0.00057096751
0.00052049672
0.00047062047
0.00043638996
0.00040248651
0.00036403022
0.00032035671
0.00027094526
0.00021760413
0.0001639153
0.00011821598
8.5752983e-05
6.3858676e-05
5.4874969e-05
6.1034617e-05
0.0045367273
0.0045138025
0.0044824135
0.0044472687
0.004409763
0.0043712845
0.0043317278
0.004291508
0.0042503702
0.004208426
0.0041657415
0.0041224859
0.0040784696
0.0040336725
0.003988385
0.0039419757
0.0038946966
0.0038459641
0.0037960751
0.0037448346
0.003691988
0.0036377927
0.0035823261
0.0035255381
0.003467693
0.0034081661
0.0033473044
0.0032842317
0.0032191488
0.003151528
0.0030813002
0.0030079557
0.0029314836
0.0028520913
0.002769992
0.002685599
0.0026030019
0.002539446
0.0025027014
0.0024784413
0.0024579439
0.0024395275
0.002424106
0.0024098822
0.0023950905
0.0023794019
0.0023629713
0.0023460848
0.0023284033
0.0023094415
0.0022886268
0.0022657687
0.002240762
0.0022135459
0.0021841434
0.00215258
0.00211863
0.0020827294
0.0020447895
0.0020053525
0.0019643253
0.0019218159
0.0018778237
0.0018321866
0.0017853829
0.0017390287
0.0016946309
0.0016523029
0.0016114462
0.001571562
0.0015321228
0.0014937574
0.0014566777
0.0014203746
0.001384723
0.0013489017
0.0013132561
0.0012774159
0.0012414109
0.001205715
0.0011699559
0.0011341253
0.0010982814
0.0010629849
0.0010279982
0.00099392416
0.00096103823
0.00092878734
0.00089589023
0.0008617947
0.00082666042
0.00079012104
0.00075209935
0.00071262548
0.00067180412
0.00062983886
0.00058600358
0.00054115013
0.0004969472
0.00045054331
0.00040013161
0.00034582359
0.0002950149
0.00025294575
0.00020555024
0.00015439667
0.0001108003
8.176677e-05
6.718128e-05
6.4059254e-05
0.0045303267
0.0045074083
0.0044758993
0.0044405495
0.0044028173
0.0043640956
0.0043242872
0.0042838053
0.0042423964
0.0042001719
0.0041571991
0.004113648
0.0040693256
0.0040242068
0.0039785777
0.0039317969
0.0038841111
0.0038349291
0.0037845469
0.0037327691
0.0036793386
0.0036245133
0.0035683659
0.0035108345
0.0034521667
0.0033917023
0.0033297538
0.003265386
0.0031987426
0.0031292148
0.0030566385
0.0029803675
0.0029002368
0.0028162878
0.002728578
0.0026387563
0.0025630654
0.0025209136
0.0024928304
0.0024715245
0.0024528501
0.0024357714
0.0024205855
0.0024060172
0.0023907464
0.0023745484
0.0023575043
0.0023396823
0.0023206323
0.0022999298
0.0022770415
0.0022517574
0.0022239322
0.0021934659
0.002160333
0.00212453
0.0020858033
0.002044611
0.0020008687
0.0019552284
0.0019076455
0.0018583869
0.0018076586
0.0017554698
0.0017027254
0.0016516367
0.0016039811
0.0015596112
0.0015175792
0.0014772118
0.0014380035
0.0014006127
0.001365102
0.0013307144
0.0012972008
0.0012638108
0.0012308919
0.0011981657
0.0011657552
0.0011341022
0.0011028856
0.0010721046
0.0010417695
0.0010123199
0.00098341176
0.00095527767
0.00092769404
0.00089997139
0.00087135793
0.00084167465
0.0008111279
0.00077949367
0.00074682241
0.00071325826
0.00067892715
0.00064387741
0.00060770029
0.00057110973
0.00053408354
0.00049527031
0.000454064
0.00041051294
0.00036527526
0.00031666498
0.00026068123
0.00019685934
0.00013863951
9.3836497e-05
6.5668012e-05
5.3645258e-05
0.0045248115
0.0045018977
0.0044702837
0.0044347542
0.0043968245
0.0043578906
0.0043178628
0.0042771522
0.0042355067
0.0041930372
0.0041498126
0.0041060027
0.004061412
0.0040160109
0.0039700818
0.0039229747
0.0038749319
0.0038253552
0.0037745404
0.0037222912
0.0036683486
0.0036129708
0.0035562258
0.0034980413
0.0034386486
0.0033773558
0.003314443
0.0032489198
0.0031808742
0.0031096147
0.0030348737
0.0029558447
0.0028721544
0.0027835636
0.002689962
0.0025972266
0.0025434922
0.0025102601
0.0024857022
0.00246569
0.0024477644
0.0024311551
0.0024158056
0.0024006682
0.0023847176
0.0023677651
0.0023497944
0.0023307121
0.0023099876
0.0022872252
0.0022618867
0.0022337124
0.0022024855
0.0021680293
0.0021302306
0.0020890079
0.0020440153
0.0019956968
0.0019439289
0.0018894761
0.0018323689
0.0017731065
0.0017122541
0.0016502458
0.0015887912
0.0015310955
0.0014793214
0.0014328657
0.0013902152
0.0013504667
0.0013133033
0.0012795247
0.0012488614
0.0012201177
0.0011926664
0.0011657787
0.0011397768
0.001114544
0.001090348
0.0010675286
0.0010457243
0.0010247828
0.0010044209
0.00098463626
0.00096485278
0.00094489257
0.00092430691
0.00090251852
0.00087911666
0.00085406579
0.00082757603
0.00079947801
0.00076981248
0.00073868206
0.00070614835
0.00067221406
0.0006366004
0.00059990481
0.00056216546
0.0005234475
0.00048454732
0.00044629151
0.0004090094
0.00037112839
0.00033090425
0.00028689934
0.00023635647
0.00017268657
0.00010524922
6.7304751e-05
0.00452022
0.0044973097
0.0044656075
0.0044299271
0.0043918326
0.0043527211
0.0043125096
0.0042716071
0.0042297631
0.004187088
0.0041436513
0.0040996233
0.004054806
0.0040091666
0.0039629844
0.003915602
0.003867258
0.0038173485
0.0037661689
0.0037135229
0.0036591489
0.0036033057
0.0035460578
0.0034873225
0.0034273161
0.0033653201
0.0033015864
0.0032350755
0.0031658251
0.0030930654
0.0030164197
0.002934904
0.0028478929
0.0027547513
0.0026552214
0.0025748846
0.0025320355
0.0025026597
0.0024797322
0.0024603396
0.0024427128
0.0024261799
0.0024104781
0.0023946996
0.0023780122
0.0023602213
0.0023412092
0.0023207579
0.0022982755
0.002273373
0.0022454772
0.0022142537
0.0021793847
0.0021405723
0.0020975598
0.0020501121
0.0019976886
0.0019406189
0.0018786253
0.0018125284
0.0017424295
0.0016691815
0.0015940063
0.0015184213
0.0014459196
0.0013817299
0.0013287264
0.0012854134
0.0012490664
0.0012183426
0.0011934388
0.0011750486
0.0011614915
0.0011498451
0.0011379619
0.0011248081
0.0011106048
0.0010955247
0.0010801147
0.0010647874
0.0010493577
0.0010338245
0.0010181097
0.0010021385
0.00098546321
0.00096793264
0.0009492337
0.00092910304
0.00090743859
0.00088432507
0.00086000198
0.00083439489
0.00080762769
0.00077987074
0.00075127705
0.00072201919
0.0006921755
0.0006625157
0.00063348434
0.00060573433
0.000580087
0.00055717415
0.0005371724
0.00051943817
0.00050336678
0.00048757395
0.00046739893
0.00043250178
0.00036431753
0.00025774908
0.00022409429
6.7051979e-05
5.7128028e-05
6.9346621e-05
9.44735e-05
0.00013406468
0.00018545066
0.00023927297
0.00029017906
0.00033693449
0.00037936193
0.00041797377
0.000455791
0.00049561378
0.0005337909
0.00057372601
0.00062252998
0.00067116361
0.00071792347
0.00076251276
0.00080495194
0.00084562948
0.00088448309
0.00092389622
0.0009676982
0.001013868
0.0010599294
0.0011050394
0.001149677
0.0011933934
0.0012362245
0.0012782389
0.0013199152
0.0013608367
0.0014010259
0.0014409448
0.0014804513
0.0015206343
0.0015614207
0.0016028037
0.0016443241
0.0016853703
0.0017265063
0.0017681239
0.0018104962
0.0018533124
0.0018954193
0.001935785
0.0019742592
0.0020110911
0.0020464703
0.0020804437
0.002113135
0.0021441605
0.0021736234
0.0022011176
0.0022269082
0.0022509541
0.0022731956
0.0022936821
0.0023125025
0.0023298879
0.0023466208
0.0023634762
0.0023805042
0.0023967675
0.0024121264
0.0024273488
0.002445642
0.0024740483
0.0025081527
0.0025507613
0.002617009
0.0026908494
0.002766656
0.0028422099
0.0029161292
0.0029884847
0.0030590083
0.0031274039
0.0031935424
0.0032577718
0.0033200355
0.0033807396
0.0034395958
0.0034973812
0.0035536889
0.0036090831
0.0036632703
0.0037162805
0.0037680286
0.0038182587
0.0038672207
0.0039151076
0.0039616213
0.0040073307
0.0040519733
0.0040961622
0.0041395983
0.0041822928
0.0042244297
0.0042658408
0.0043064626
0.0043461837
0.0043852602
0.0044232764
0.0044603486
0.0044951075
0.0045262692
0.0045492121
7.8621584e-05
0.00059181173
0.0006444714
0.0006468517
0.00064704535
0.00064709114
0.00064711892
0.00064714241
0.00064716495
0.00064718701
0.00064720897
0.00064723114
0.00064725362
0.00064727634
0.00064729927
0.00064732259
0.00064734645
0.0006473708
0.00064739556
0.00064742079
0.00064744656
0.00064747303
0.00064750018
0.00064752887
0.00064755673
0.00064759066
0.00064761427
0.00064766411
0.00064764712
0.00064776786
0.00064755715
0.00064780613
0.00064675234
0.00064586869
0.0006351214
0.00059082579
0.00037250895
5.518549e-05
5.7672893e-06
7.4183984e-05
7.8204113e-05
0.00054836299
0.00064196648
0.00064851569
0.00064908475
0.00064916928
0.00064919703
0.00064921465
0.00064922964
0.00064924401
0.00064925845
0.00064927335
0.00064928893
0.00064930519
0.00064932221
0.00064934009
0.00064935899
0.00064937897
0.00064940013
0.00064942273
0.000649447
0.00064947341
0.00064950166
0.00064953429
0.00064956661
0.00064960994
0.00064964441
0.00064970518
0.00064971919
0.00064981488
0.0006496481
0.00064956899
0.00064776059
0.00064231571
0.00061531814
0.00051662111
0.00024421907
3.1013044e-05
5.5927742e-06
4.6177445e-05
7.7778035e-05
0.00051281103
0.00063606423
0.00064781009
0.00064897832
0.00064912924
0.00064916358
0.0006491801
0.00064919312
0.00064920529
0.00064921741
0.00064922984
0.00064924274
0.00064925616
0.0006492702
0.0006492849
0.00064930045
0.00064931697
0.00064933465
0.00064935383
0.00064937491
0.00064939835
0.00064942486
0.00064945497
0.00064949047
0.0006495301
0.00064958
0.00064962734
0.00064969282
0.00064968907
0.00064961872
0.00064879213
0.0006457905
0.000633077
0.00058755012
0.0004487935
0.00018380293
2.3100152e-05
5.213e-06
3.5920631e-05
7.7347262e-05
0.00048386774
0.00062920821
0.00064689095
0.00064893112
0.00064920403
0.0006492576
0.000649279
0.00064929497
0.00064931006
0.00064932543
0.00064934145
0.00064935834
0.00064937617
0.0006493951
0.00064941524
0.00064943681
0.00064946003
0.0006494853
0.00064951306
0.00064954397
0.00064957878
0.00064961869
0.00064966439
0.00064971938
0.0006497808
0.00064986036
0.00064993666
0.00065003623
0.00065002216
0.00064981235
0.00064823564
0.00064266576
0.00062176626
0.00055731604
0.00039494952
0.00015026837
1.8800039e-05
4.7832458e-06
3.4001705e-05
7.6919451e-05
0.00045979373
0.00062155196
0.00064557443
0.00064875572
0.00064921447
0.00064930078
0.00064933078
0.00064935141
0.00064937071
0.00064939051
0.00064941134
0.00064943346
0.00064945704
0.00064948232
0.00064950952
0.00064953892
0.00064957091
0.00064960605
0.00064964508
0.00064968898
0.00064973895
0.00064979667
0.00064986379
0.00064994422
0.0006500373
0.00065015333
0.00065027294
0.00065040234
0.00065036913
0.00064987249
0.00064725248
0.00063822342
0.00060852057
0.00052743856
0.00035255891
0.00012773676
1.5132219e-05
4.5159271e-06
3.886533e-05
7.6495538e-05
0.00043932919
0.00061330831
0.00064384223
0.00064842191
0.00064913828
0.00064927293
0.00064931444
0.00064934009
0.00064936345
0.0006493874
0.00064941275
0.00064943986
0.00064946898
0.00064950047
0.00064953465
0.00064957195
0.00064961294
0.00064965842
0.00064970943
0.00064976736
0.000649834
0.0006499117
0.0006500033
0.00065011336
0.00065024403
0.00065040275
0.00065057215
0.00065072664
0.00065063389
0.00064971085
0.00064569467
0.00063260808
0.00059401773
0.00049907978
0.00031747158
0.00010824943
1.0742934e-05
5.278222e-06
5.4805949e-05
7.607418e-05
0.00042169137
0.00060472539
0.00064176603
0.00064798263
0.00064903764
0.00064924127
0.00064929937
0.00064933163
0.00064935987
0.00064938868
0.00064941928
0.00064945216
0.0006494877
0.00064952635
0.00064956861
0.00064961508
0.00064966655
0.00064972411
0.00064978921
0.00064986375
0.00064995025
0.00065005199
0.00065017319
0.00065031954
0.00065049576
0.00065070619
0.00065093224
0.00065110381
0.00065090207
0.00064940042
0.0006436542
0.00062610041
0.00057880595
0.00047192984
0.00028476039
8.6216131e-05
6.0229088e-06
9.241275e-06
8.7586518e-05
7.5655093e-05
0.00040629488
0.00059596763
0.00063938108
0.00064744797
0.00064892878
0.00064922631
0.00064930763
0.00064934856
0.00064938271
0.00064941723
0.00064945394
0.00064949353
0.00064953653
0.00064958352
0.00064963521
0.0006496924
0.00064975617
0.00064982795
0.0006499097
0.00065000396
0.00065011417
0.00065024472
0.00065040147
0.00065059163
0.0006508219
0.00065109365
0.00065137992
0.00065155645
0.0006511813
0.00064894022
0.00064114994
0.00061881752
0.00056288411
0.00044452418
0.00024982055
6.1021862e-05
3.1917823e-06
1.9803069e-05
0.00013597568
7.524178e-05
0.00039279003
0.00058719733
0.00063671442
0.00064680167
0.00064879534
0.00064921481
0.00064932735
0.00064937939
0.00064942053
0.00064946151
0.00064950509
0.00064955223
0.00064960364
0.00064966007
0.00064972246
0.00064979187
0.0006498697
0.00064995783
0.0006500588
0.00065017596
0.0006503138
0.00065047808
0.00065067646
0.00065091798
0.00065121058
0.0006515518
0.00065189796
0.00065206026
0.00065143428
0.00064828815
0.00063815437
0.00061073982
0.0005458126
0.00041494539
0.00020990354
3.7434294e-05
2.8318216e-06
4.066371e-05
0.00019411786
7.4831008e-05
0.00038074204
0.00057843222
0.00063376723
0.00064602874
0.00064862712
0.00064920115
0.00064935495
0.00064942133
0.00064947083
0.00064951925
0.00064957061
0.0006496263
0.00064968723
0.00064975438
0.00064982895
0.0006499123
0.00065000623
0.00065011315
0.00065023629
0.00065037995
0.00065054987
0.0006507534
0.00065100019
0.00065130123
0.00065166481
0.0006520824
0.00065248475
0.00065260363
0.00065163366
0.00064739011
0.00063455541
0.00060155066
0.00052642607
0.00038030462
0.00016354092
1.9248148e-05
5.101935e-06
7.5170142e-05
0.00025807219
7.4422806e-05
0.00036990825
0.00056973415
0.00063056128
0.0006451221
0.00064841715
0.00064918194
0.00064938904
0.00064947382
0.00064953344
0.00064959045
0.00064965067
0.00064971605
0.00064978778
0.00064986711
0.00064995554
0.00065005481
0.00065016715
0.0006502956
0.00065044423
0.00065061841
0.00065082536
0.00065107422
0.00065137679
0.00065174594
0.00065218912
0.00065268839
0.00065313922
0.00065317523
0.00065175257
0.00064618804
0.00063020836
0.00059078566
0.00050338244
0.00033814826
0.00011469255
8.6693374e-06
1.2239992e-05
0.00012416007
0.00032328551
7.4017193e-05
0.00036010092
0.00056115171
0.00062711829
0.00064407362
0.00064815493
0.00064914962
0.00064942401
0.00064953211
0.00064960395
0.00064967089
0.00064974116
0.00064981748
0.00064990142
0.00064999452
0.00065009864
0.00065021595
0.00065034922
0.00065050219
0.00065067988
0.00065088893
0.00065113819
0.00065143886
0.00065180499
0.00065225102
0.00065278208
0.0006533664
0.00065385356
0.00065375713
0.00065175463
0.00064459973
0.00062490767
0.00057782661
0.00047538566
0.00028820422
7.2035869e-05
4.5501818e-06
2.8583912e-05
0.00018542101
0.00038644134
7.3614229e-05
0.00035116783
0.00055271534
0.00062345258
0.00064286776
0.00064782038
0.00064908619
0.00064944371
0.00064958096
0.0006496675
0.00064974586
0.00064982747
0.00064991608
0.00065001369
0.00065012223
0.00065024398
0.00065038158
0.0006505384
0.00065071902
0.00065092953
0.00065117799
0.00065147512
0.00065183431
0.00065227197
0.0006528036
0.00065343003
0.00065410038
0.00065460625
0.0006543162
0.00065158103
0.00064249694
0.00061835136
0.00056190415
0.00044119896
0.00023206166
4.0380901e-05
4.6149817e-06
5.8943431e-05
0.00025488997
0.0004465661
7.3214043e-05
0.00034298332
0.00054443652
0.00061956368
0.00064147308
0.00064737478
0.00064895389
0.00064941195
0.00064958506
0.00064968918
0.00064978063
0.00064987495
0.00064997721
0.00065009
0.00065021569
0.00065035701
0.00065051716
0.0006507002
0.00065091162
0.00065115872
0.00065145116
0.0006518017
0.00065222609
0.00065274301
0.0006533683
0.00065409601
0.00065484974
0.00065534891
0.0006547872
0.00065112698
0.00063966984
0.00061008107
0.00054197641
0.00039942306
0.0001725687
2.0009668e-05
9.0364813e-06
0.00010571191
0.00032794975
0.00050271376
7.2816945e-05
0.00033544016
0.0005363026
0.00061542249
0.00063982507
0.00064674224
0.00064867595
0.00064925296
0.00064946938
0.00064959429
0.0006497006
0.00064980898
0.0006499262
0.00065005557
0.00065019997
0.00065036267
0.00065054747
0.00065075918
0.00065100429
0.00065129145
0.00065163206
0.00065204107
0.00065253666
0.00065313957
0.0006538649
0.00065469683
0.00065552575
0.0006559819
0.00065504743
0.00065021644
0.00063580999
0.00059947556
0.00051683147
0.00034915271
0.00011588838
9.5070042e-06
2.1150819e-05
0.00016812311
0.00040158937
0.0005544145
7.2426511e-05
0.0003284812
0.00052830862
0.00061097035
0.00063780552
0.00064578046
0.00064810391
0.00064881743
0.00064908472
0.00064923367
0.00064935649
0.00064948003
0.00064961318
0.00064976013
0.00064992434
0.00065010967
0.00065032055
0.00065056261
0.00065084342
0.00065117302
0.00065156466
0.00065203555
0.00065260625
0.00065329914
0.00065412719
0.00065506103
0.00065594927
0.00065631373
0.00065488209
0.00064858317
0.0006305305
0.00058586538
0.00048554528
0.00029164796
7.0206239e-05
6.1909087e-06
4.6244202e-05
0.00024189555
0.0004729879
0.00060198715
7.204145e-05
0.00032194426
0.00052027126
0.00060598661
0.00063514928
0.00064420444
0.00064694735
0.00064781423
0.00064814008
0.00064831639
0.0006484572
0.00064859668
0.00064874626
0.00064891121
0.00064909566
0.00064930405
0.00064954152
0.00064981454
0.00065013174
0.00065050465
0.00065094833
0.00065148223
0.00065212909
0.00065291225
0.0006538408
0.00065486762
0.00065578972
0.00065599794
0.00065391265
0.00064577248
0.00062319043
0.00056819943
0.00044671018
0.00022858672
3.8034982e-05
8.0595811e-06
8.8841257e-05
0.00032214214
0.00054007764
0.00064466918
7.1663867e-05
0.00031568778
0.00051193085
0.00060008492
0.00063137789
0.00064149429
0.00064467241
0.00064570565
0.00064609681
0.00064630334
0.00064646307
0.00064661849
0.00064678405
0.00064696626
0.00064716997
0.00064740029
0.00064766299
0.00064796537
0.00064831713
0.00064873114
0.0006492242
0.00064981777
0.00065053629
0.00065140319
0.00065242168
0.00065352251
0.00065444095
0.0006544124
0.00065148879
0.00064106544
0.00061288584
0.00054515141
0.00039903256
0.00016404623
1.8760621e-05
1.6836009e-05
0.00014951461
0.00040373824
0.00060153059
0.00068267991
7.1296774e-05
0.00030950364
0.00050281314
0.00059256209
0.000625644
0.00063673729
0.00064034257
0.00064154774
0.00064200867
0.00064224724
0.00064242581
0.00064259592
0.00064277543
0.00064297227
0.0006431921
0.00064344063
0.00064372424
0.00064405092
0.00064443127
0.00064487932
0.00064541325
0.00064605603
0.00064683315
0.00064776696
0.00064885291
0.00064999602
0.0006508615
0.00065050699
0.00064655268
0.00063337623
0.00059842206
0.00051521834
0.00034199251
0.00010561897
1.0022764e-05
3.7318772e-05
0.00022493585
0.00048355541
0.00065840833
0.0007176874
7.0945684e-05
0.00030305702
0.00049209335
0.00058221602
0.00061652856
0.00062841706
0.00063240493
0.00063377554
0.00063430689
0.00063457764
0.00063477352
0.00063495532
0.00063514459
0.00063535087
0.00063558062
0.0006358401
0.00063613614
0.00063647722
0.00063687452
0.00063734277
0.00063790093
0.00063857276
0.00063938379
0.00064035419
0.00064147056
0.00064261122
0.00064336899
0.00064261247
0.0006374796
0.00062115199
0.00057830908
0.00047708207
0.0002772035
6.0909717e-05
8.9253255e-06
7.5371485e-05
0.00030975906
0.00056009737
0.00071114472
0.00074985955
7.0621485e-05
0.00029580199
0.00047842604
0.00056713596
0.00060181753
0.00061418611
0.00061846152
0.0006199741
0.00062057113
0.00062087205
0.00062108208
0.00062127063
0.00062146304
0.00062167059
0.00062190056
0.00062215961
0.0006224548
0.00062279473
0.00062319066
0.00062365736
0.00062421373
0.00062488321
0.00062569029
0.00062665217
0.00062774717
0.00062883094
0.00062943338
0.0006282462
0.00062191158
0.00060226594
0.00055071692
0.00042959397
0.000208341
3.1770483e-05
1.4988521e-05
0.00013348296
0.00039860538
0.00063272615
0.00076022491
0.00077945777
7.0343927e-05
0.00028682301
0.00045968699
0.00054443976
0.00057825458
0.00059062929
0.00059503779
0.00059664906
0.00059730103
0.00059762818
0.00059784796
0.00059803684
0.00059822385
0.00059842207
0.00059863959
0.00059888331
0.0005991602
0.00059947855
0.00059984903
0.00060028558
0.00060080597
0.00060143204
0.00060218619
0.00060308246
0.00060409399
0.00060506481
0.00060548895
0.00060393234
0.00059659883
0.00057391391
0.000513468
0.00037179999
0.00014121703
1.6200564e-05
3.2276721e-05
0.00020977286
0.00048755761
0.00070086245
0.00080634784
0.00080688111
7.0155075e-05
0.00027496179
0.00043341647
0.00051094917
0.00054232381
0.00055408522
0.00055841498
0.00056006094
0.00056075043
0.00056109806
0.00056132293
0.00056150577
0.00056167886
0.00056185706
0.00056204926
0.00056226241
0.00056250309
0.00056277876
0.00056309886
0.0005634756
0.00056392454
0.00056446476
0.00056511575
0.00056588914
0.00056675851
0.00056757489
0.00056784455
0.00056611388
0.00055833037
0.00053365406
0.00046549733
0.00030561992
8.566154e-05
1.1313342e-05
6.6519133e-05
0.00029782851
0.00057330938
0.00076514698
0.00085072534
0.00083258001
7.0123681e-05
0.00025883134
0.00039725894
0.00046402974
0.00049130261
0.00050178691
0.00050580096
0.00050740445
0.00050810836
0.00050846923
0.00050869529
0.00050886787
0.00050902147
0.00050917258
0.00050933077
0.00050950292
0.00050969498
0.00050991322
0.00051016532
0.00051046111
0.00051081316
0.00051123703
0.00051174898
0.00051235949
0.00051304908
0.00051369676
0.00051388034
0.00051227751
0.00050490239
0.00048011803
0.00040719069
0.00023535914
4.7114301e-05
1.486088e-05
0.00012158064
0.00039123327
0.00065475144
0.00082641782
0.00089552573
0.00086309173
7.0359682e-05
0.00023740802
0.00035056225
0.00040375184
0.00042564202
0.00043431373
0.00043780092
0.00043928155
0.00043997025
0.00044033366
0.00044055715
0.00044071808
0.00044085154
0.00044097499
0.00044109846
0.00044122859
0.00044137057
0.00044152933
0.00044171067
0.00044192178
0.00044217205
0.00044247333
0.00044283875
0.00044327866
0.00044378447
0.00044427683
0.00044445077
0.00044325939
0.0004371797
0.00041456798
0.00034110913
0.00016685418
2.4707228e-05
2.9083791e-05
0.00019584246
0.00048487952
0.00073138081
0.00088449101
0.00093988936
0.00091092715
7.1023932e-05
0.00021096802
0.00029614645
0.00033486593
0.00035096093
0.00035758221
0.00036040704
0.00036169128
0.00036232748
0.00036267601
0.00036289037
0.0003630391
0.00036315539
0.00036325641
0.00036335205
0.00036344848
0.00036355012
0.0003636606
0.00036378404
0.00036392525
0.00036409083
0.00036428924
0.00036453091
0.00036482595
0.000365176
0.00036554243
0.00036574498
0.00036507676
0.00036078258
0.0003421039
0.00027225805
0.00010733826
1.5224682e-05
5.9005847e-05
0.00028397003
0.00057590718
0.00080354184
0.00093922878
0.0009819059
0.00096596882
7.2334224e-05
0.0001817191
0.00024032184
0.00026605687
0.0002769248
0.0002815986
0.00028372361
0.00028475667
0.00028530026
0.00028561059
0.00028580499
0.000285939
0.00028604114
0.0002861266
0.00028620429
0.00028627953
0.00028635597
0.00028643614
0.00028652292
0.00028661929
0.00028672981
0.00028686025
0.00028701874
0.00028721443
0.00028745505
0.00028772992
0.00028795409
0.0002877178
0.0002850908
0.00027080408
0.00020699859
6.3084855e-05
1.5785441e-05
0.00010988236
0.00037992714
0.00066352153
0.00087230233
0.00099161588
0.0010223375
0.0010201792
7.453416e-05
0.00015367322
0.00019088034
0.00020677536
0.00021363064
0.00021671038
0.00021819302
0.00021895493
0.00021937697
0.00021962817
0.00021979103
0.00021990619
0.00021999548
0.00022007073
0.00022013908
0.00022020468
0.00022027039
0.00022033793
0.00022040941
0.00022048671
0.00022057313
0.00022067262
0.00022079147
0.00022093719
0.000221119
0.000221339
0.00022156448
0.00022157509
0.00022007212
0.00020922503
0.00015090184
3.537322e-05
2.6896595e-05
0.00018169623
0.00047823859
0.00074736938
0.00093807247
0.0010416765
0.0010607549
0.0010725161
7.7916706e-05
0.00013040073
0.00015255808
0.00016189784
0.00016601316
0.00016792036
0.00016887325
0.00016937989
0.00016967142
0.00016985249
0.00016997638
0.00017006956
0.00017014662
0.00017021542
0.00017028089
0.00017034585
0.00017041244
0.00017048184
0.00017055581
0.00017063575
0.00017072438
0.00017082461
0.00017094132
0.00017108005
0.0001712483
0.00017144992
0.00017167042
0.00017177482
0.00017080457
0.00016168637
0.00010571651
2.160748e-05
5.3723403e-05
0.00027091847
0.00057634765
0.00082818976
0.0010014711
0.0010902309
0.0010972823
0.0011237005
8.2634033e-05
0.00011469047
0.0001276341
0.00013314528
0.0001356073
0.00013674921
0.00013731585
0.00013761401
0.00013778723
0.00013789964
0.00013798372
0.00013805485
0.00013812126
0.00013818713
0.00013825519
0.00013832703
0.00013840411
0.00013848738
0.00013857849
0.00013867882
0.00013879091
0.00013891718
0.00013906122
0.0001392264
0.00013941634
0.00013962984
0.00013984867
0.00013994724
0.00013901655
0.00012965122
7.2652714e-05
1.9523144e-05
0.00010115585
0.00037001902
0.00067119812
0.00090508356
0.0010617888
0.0011371829
0.0011336573
0.0011733971
8.875647e-05
0.00010718452
0.00011514855
0.00011870314
0.00012029556
0.00012100015
0.00012131736
0.00012146357
0.00012154075
0.00012159286
0.00012164036
0.00012169151
0.0001217499
0.00012181677
0.00012189295
0.00012197902
0.00012207587
0.00012218435
0.00012230611
0.00012244277
0.00012259672
0.00012276996
0.00012296444
0.00012318051
0.00012341554
0.00012365742
0.00012386691
0.00012386584
0.00012249782
0.00011055216
5.0665586e-05
2.8679873e-05
0.00017090414
0.00047299528
0.00076201696
0.00097823391
0.0011192448
0.0011822648
0.0011684116
0.0012216493
9.6234645e-05
0.0001076361
0.0001135796
0.0001164678
0.00011777214
0.00011831044
0.00011850627
0.00011856038
0.00011856844
0.00011857185
0.00011858786
0.00011862211
0.00011867573
0.0001187481
0.00011883868
0.00011894726
0.00011907427
0.00011922051
0.00011938761
0.00011957729
0.00011979152
0.00012003124
0.00012029552
0.00012057941
0.00012086963
0.00012113383
0.00012128744
0.00012101344
0.00011847524
0.00010050967
3.8383018e-05
5.3012401e-05
0.0002590548
0.00057574208
0.00084879565
0.0010481429
0.0011743212
0.0012257148
0.0012018866
0.0012685399
0.00010502647
0.00011578022
0.00012201864
0.00012528635
0.00012682233
0.00012746366
0.00012767909
0.00012771312
0.00012768734
0.00012765844
0.00012765055
0.00012767222
0.00012772517
0.00012780851
0.0001279211
0.00012806234
0.00012823232
0.0001284317
0.00012866185
0.00012892406
0.00012921895
0.00012954471
0.00012989465
0.00013025348
0.00013058806
0.00013082683
0.00013079064
0.00012984818
0.00012465743
9.5268853e-05
3.5562934e-05
9.7635763e-05
0.00036013282
0.00067680509
0.00093243691
0.0011158046
0.0012278147
0.0012680254
0.001233901
0.0013145872
0.00011480944
0.00013130759
0.00014000518
0.00014469369
0.0001470301
0.00014809819
0.00014851908
0.00014863719
0.00014863407
0.00014860224
0.00014858559
0.00014860315
0.00014866177
0.00014876285
0.00014890609
0.00014909116
0.00014931802
0.00014958696
0.00014989851
0.00015025236
0.00015064584
0.00015107107
0.00015151011
0.00015192774
0.00015225323
0.00015233801
0.00015180726
0.00014935621
0.0001386382
9.1605813e-05
4.4121289e-05
0.0001650401
0.00046673039
0.00077413087
0.0010124594
0.0011808317
0.0012795555
0.0013089605
0.0012664398
0.0013594935
0.00012532291
0.00015393039
0.00016733868
0.00017460792
0.00017842747
0.00018034014
0.00018122429
0.00018158245
0.00018169393
0.00018171168
0.00018171577
0.00018174619
0.00018182158
0.00018194969
0.00018213343
0.00018237396
0.00018267145
0.00018302543
0.0001834345
0.00018389463
0.00018439634
0.0001849198
0.00018542602
0.00018584258
0.0001860278
0.00018568125
0.00018402655
0.00017838188
0.00015702627
8.8663929e-05
6.7758939e-05
0.00025197237
0.00057402674
0.00086724066
0.0010888702
0.0012430414
0.0013297995
0.0013495284
0.0012980119
0.0014032357
0.00013643117
0.0001836025
0.00020420771
0.00021541332
0.0002215577
0.00022485909
0.00022656152
0.00022738818
0.00022775799
0.00022791346
0.00022799132
0.00022806637
0.00022817838
0.00022834746
0.00022858345
0.00022889092
0.00022927091
0.00022972157
0.00023023771
0.00023080802
0.0002314103
0.00023200287
0.00023250885
0.00023278777
0.00023256451
0.00023124098
0.00022723314
0.00021521116
0.00017535382
8.8844746e-05
0.00011045987
0.00035330447
0.00068018636
0.00095698403
0.0011627816
0.0013036177
0.0013794585
0.0013898321
0.0013293769
0.0014463349
0.00014776882
0.00021945617
0.00024976093
0.00026633683
0.00027573784
0.00028106091
0.00028401645
0.00028560762
0.00028643328
0.00028685528
0.0002870891
0.00028726025
0.00028744085
0.00028767108
0.00028797263
0.00028835624
0.00028882467
0.00028937381
0.00028999191
0.00029065515
0.00029131969
0.00029190678
0.00029227496
0.00029216473
0.00029105966
0.00028780684
0.00027932055
0.00025578991
0.00018889748
9.7270101e-05
0.0001748884
0.00046163296
0.00078288105
0.0010428885
0.0012340161
0.0013624912
0.001428429
0.001430367
0.0013624393
0.0014889607
0.00015923628
0.00026099782
0.00030352316
0.00032697417
0.00034064454
0.00034870446
0.00035342495
0.00035614503
0.0003576814
0.00035854442
0.00035905103
0.00035939451
0.000359692
0.00036001288
0.00036039673
0.00036086385
0.00036141975
0.00036205677
0.00036275259
0.00036346327
0.00036411
0.00036455377
0.00036454609
0.0003636244
0.0003608483
0.00035407786
0.00033764865
0.00029522279
0.00019605338
0.00011970511
0.00025981594
0.00057286157
0.00088229796
0.0011257575
0.0013032044
0.0014201087
0.0014769475
0.0014714496
0.0014047526
0.0015326294
0.00017052291
0.00030671965
0.00036363289
0.00039531902
0.00041421288
0.00042571328
0.00043272535
0.00043696722
0.00043950252
0.00044101355
0.00044193805
0.0004425525
0.0004430311
0.00044348145
0.00044396733
0.00044452208
0.00044515487
0.00044585259
0.00044657698
0.00044725368
0.00044775062
0.00044783538
0.00044708991
0.00044472133
0.00043908751
0.00042643187
0.00039717546
0.00032760119
0.00019980665
0.00015862238
0.00035925649
0.00068294428
0.00097761435
0.0012053202
0.0013700646
0.0014760865
0.0015243827
0.001511911
0.0014554518
0.0015770471
0.00018158105
0.00035576934
0.00042898704
0.00047016068
0.00049518578
0.00051081885
0.00052065916
0.00052683829
0.00053068932
0.00053308488
0.00053459957
0.00053560631
0.00053634723
0.00053697667
0.00053758863
0.00053823276
0.00053892223
0.00053963558
0.00054031129
0.00054083045
0.00054098202
0.00054039234
0.00053838152
0.00053363716
0.00052341135
0.00050148822
0.00045304275
0.0003491673
0.00020640274
0.00021798208
0.00046801522
0.00079102246
0.0010696429
0.0012824598
0.001435308
0.0015310032
0.0015711428
0.0015517446
0.0015066118
0.0016215351
0.0001922649
0.00040678924
0.00049778315
0.00054946431
0.00058139364
0.00060177358
0.00061493804
0.00062345415
0.0006289382
0.00063246458
0.00063475563
0.00063629023
0.00063738664
0.0006382527
0.00063901745
0.00063974916
0.00064046443
0.0006411291
0.00064164866
0.00064184093
0.00064138127
0.00063968914
0.00063569493
0.00062730758
0.00061014756
0.00057459693
0.00049994562
0.00035935781
0.00022261513
0.00029684781
0.00058103885
0.00089627095
0.0011587081
0.0013576023
0.0014992319
0.0015851595
0.001617266
0.0015906351
0.0015566315
0.0016654208
0.00020236182
0.00045799964
0.00056762225
0.00063048096
0.00066986552
0.00069545982
0.00071234824
0.00072354069
0.00073094014
0.00073582625
0.00073907356
0.00074127143
0.0007428187
0.00074398062
0.00074492408
0.00074573667
0.00074643638
0.0007469704
0.00074719878
0.00074685249
0.00074544908
0.00074211679
0.00073523293
0.00072160761
0.00069463665
0.00064051132
0.00053363265
0.00036173587
0.00025190862
0.0003903777
0.00069382617
0.00099747538
0.001244312
0.0014302578
0.001561199
0.0016381807
0.0016626787
0.0016291705
0.0016050696
0.0017081632
0.00021188393
0.00050863046
0.00063741111
0.00071192129
0.00075918046
0.00079036458
0.0008113128
0.00082547811
0.00083504879
0.00084150892
0.00084588591
0.00084888088
0.00085097489
0.00085249231
0.00085363876
0.00085452024
0.00085515233
0.00085545518
0.00085522708
0.00085408131
0.00085131994
0.00084567027
0.00083474855
0.00081387977
0.00077360991
0.00069553071
0.00055251304
0.00036215523
0.00029910169
0.00049407729
0.00080512681
0.0010952923
0.0013272922
0.0015011356
0.0016218991
0.0016905322
0.0017077323
0.0016679582
0.0016526214
0.0017503974
0.00022076122
0.00055767159
0.00070572582
0.0007921074
0.00084748615
0.0008845092
0.00090976005
0.00092712682
0.00093907625
0.00094729161
0.00095295005
0.00095686236
0.00095959062
0.00096151742
0.00096288594
0.00096381767
0.0009643199
0.00096427454
0.0009633972
0.00096114448
0.00095653046
0.00094774575
0.00093139743
0.00090090167
0.00084342276
0.00073636829
0.00055750138
0.00036577974
0.00036425423
0.00060336823
0.00091390231
0.0011899582
0.0014080644
0.0015706272
0.0016817178
0.0017424529
0.0017525106
0.0017066487
0.0016994029
0.001792451
0.00022894374
0.00060431349
0.00077136767
0.00086959188
0.00093315898
0.00097613824
0.0010058336
0.0010265531
0.0010410304
0.001051139
0.0010581997
0.0010631279
0.001066563
0.0010689428
0.0010705447
0.0010715006
0.0010718013
0.001071276
0.0010695313
0.0010658186
0.0010587752
0.0010458932
0.0010224901
0.00097965234
0.00090087316
0.00076102599
0.00055201949
0.00037969702
0.00044504191
0.00071477057
0.0010195923
0.0012816106
0.0014868058
0.0016388607
0.0017407836
0.0017940389
0.001797293
0.001745538
0.0017453667
0.0018344372
0.0002364022
0.00064798487
0.00083342301
0.00094323549
0.0010148959
0.001063823
0.0010980059
0.0011221508
0.0011392432
0.0011513355
0.001159883
0.0011658992
0.001170095
0.0011729584
0.0011747956
0.0011757422
0.0011757617
0.0011746119
0.0011717579
0.0011661871
0.001156054
0.0011379664
0.0011056549
0.0010475183
0.00094352998
0.0007693293
0.00054120593
0.00040919153
0.00053779954
0.00082603032
0.0011220213
0.0013704335
0.0015636433
0.0017058547
0.0017990559
0.0018451556
0.0018418172
0.0017845363
0.0017900523
0.0018759315
0.0002431261
0.00068833184
0.00089124997
0.0010122003
0.0010917134
0.0011464661
0.0011850877
0.001212656
0.0012323903
0.0012465085
0.0012565901
0.0012637382
0.0012687281
0.0012720914
0.0012741566
0.0012750538
0.0012747052
0.0012727751
0.0012685471
0.0012606745
0.0012467062
0.0012221606
0.0011788885
0.001102383
0.00096991226
0.00076306967
0.00052900747
0.00045597328
0.0006386382
0.00093578936
0.0012211972
0.0014565842
0.0016386194
0.001771513
0.0018563172
0.0018953927
0.0018856753
0.0018232098
0.0018330336
0.0019160608
0.00024912141
0.00072517502
0.00094444247
0.0010759192
0.001162922
0.00122328
0.0012662108
0.0012971336
0.0013194815
0.001335623
0.0013472503
0.0013555467
0.0013613441
0.00136521
0.0013674867
0.0013682879
0.0013674781
0.0013646004
0.00135871
0.0013480438
0.0013294067
0.0012970117
0.00124057
0.0011426806
0.00097958816
0.00074562593
0.00052553531
0.00051944569
0.00074424617
0.0010433149
0.0013172289
0.0015401989
0.0017117283
0.0018357186
0.0019126395
0.001944955
0.0019290792
0.0018611843
0.001873875
0.0019541551
0.00025440815
0.00075846157
0.00099278676
0.0011340568
0.00122809
0.0012937541
0.0013407983
0.0013749505
0.0013998363
0.001417959
0.0014311119
0.0014405485
0.0014471484
0.0014515067
0.0014539699
0.0014546223
0.0014532511
0.0014492458
0.0014413781
0.0014273751
0.0014031466
0.0013613846
0.0012894808
0.0011675251
0.00097359681
0.00071987352
0.0005359854
0.00059733579
0.00085213616
0.0011482607
0.0014102906
0.0016214292
0.0017829688
0.001898312
0.0019680095
0.0019940164
0.0019724992
0.0019004022
0.0019126346
0.0019902068
0.00025901797
0.00078822456
0.0010362203
0.0011864693
0.0012870052
0.0013576177
0.0014085286
0.0014457407
0.0014730504
0.0014930803
0.001507712
0.0015182596
0.0015256412
0.0015304706
0.0015330875
0.0015335322
0.0015314915
0.0015261638
0.001515974
0.0014980349
0.0014672015
0.0014144466
0.0013247889
0.0011766872
0.00095414292
0.00069329294
0.00056349144
0.00068649644
0.00096054495
0.0012504798
0.0015005788
0.0017004648
0.0018524869
0.0019594577
0.0020223554
0.0020423318
0.0020152575
0.001938422
0.0019494628
0.0020244893
0.00026299167
0.00081455575
0.0010747989
0.0012331697
0.0013396394
0.0014148039
0.0014692996
0.0015093702
0.0015389615
0.0015607997
0.0015768429
0.0015884557
0.0015965858
0.0016018555
0.0016045866
0.0016047581
0.0016019304
0.0015950674
0.0015821758
0.0015596406
0.0015210993
0.0014556461
0.0013460719
0.0011707479
0.000924393
0.00067402363
0.00060883694
0.00078367436
0.0010682866
0.0013499335
0.0015882671
0.0017774651
0.0019204158
0.0020192884
0.002075668
0.002089894
0.0020579078
0.0019772269
0.0019848501
0.0020573048
0.00026637716
0.00083759366
0.0011086758
0.0012743031
0.0013861213
0.001465422
0.0015232002
0.0015659079
0.0015976197
0.0016211507
0.0016385236
0.0016511439
0.0016599797
0.0016656521
0.0016684516
0.0016682773
0.0016645332
0.0016558996
0.0016398857
0.0016120259
0.0015645826
0.0014846791
0.0013533098
0.0011511184
0.00088507836
0.00066762747
0.00067081878
0.00088600794
0.0011745959
0.0014466532
0.0016735045
0.0018525368
0.0019868202
0.0020778788
0.0021279491
0.0021365273
0.0020996961
0.0020153465
0.002018799
0.0020887695
0.00026924496
0.00085761971
0.00113823
0.0013102965
0.001426903
0.0015099372
0.0015707012
0.001615826
0.0016494959
0.0016746014
0.0016932191
0.0017067861
0.0017162817
0.0017223154
0.0017251319
0.0017245287
0.0017197184
0.0017090404
0.0016894149
0.0016553913
0.0015977036
0.0015015016
0.0013467774
0.0011197004
0.00084631778
0.00067806902
0.00074739924
0.00099183019
0.0012795707
0.0015412273
0.001756882
0.0019261505
0.0020520253
0.0021357053
0.0021796315
0.0021826534
0.0021408966
0.0020521381
0.0020513914
0.0021190111
0.00027162441
0.00087468306
0.0011635268
0.0013412148
0.0014620411
0.0015483938
0.0016118332
0.0016591411
0.0016945935
0.0017211432
0.0017409102
0.0017553543
0.001765457
0.0017718049
0.0017745819
0.0017734599
0.0017674215
0.0017544033
0.0017306403
0.0016895666
0.0016202818
0.001506149
0.0013275386
0.001077923
0.00081453562
0.00070724853
0.00083512611
0.0010988532
0.0013823761
0.0016333103
0.0018381795
0.001998086
0.0021157841
0.0021926096
0.0022305201
0.0022281605
0.0021820565
0.0020905064
0.0020828361
0.0021477782
0.00027358378
0.0008890774
0.0011849774
0.0013675356
0.0014920535
0.0015813356
0.0016471573
0.0016964254
0.001733492
0.0017613604
0.0017821843
0.0017974376
0.001808095
0.0018147083
0.0018173832
0.0018156389
0.0018081834
0.0017924793
0.0017639697
0.0017148424
0.0016325064
0.0014989551
0.0012969779
0.001029504
0.00079509214
0.00075498379
0.00093128887
0.0012062594
0.0014832035
0.0017232916
0.0019177726
0.0020686962
0.0021784829
0.0022488237
0.0022808904
0.0022733165
0.0022228575
0.002128194
0.0021129233
0.0021751694
0.00027516238
0.00090094956
0.0012027919
0.0013895034
0.0015172043
0.0016090374
0.0016769533
0.001727961
0.0017664736
0.0017955341
0.0018173212
0.0018333145
0.0018444723
0.0018512997
0.0018538053
0.001851326
0.0018422465
0.0018234796
0.0017895687
0.0017313442
0.0016345649
0.0014805801
0.0012572145
0.00098269307
0.00079240978
0.00081913177
0.0010326455
0.0013126063
0.0015814568
0.0018108196
0.0019953788
0.0021377458
0.002239947
0.0023041096
0.0023305343
0.0023179284
0.0022629448
0.0021632125
0.0021411378
0.0022007836
0.00027642195
0.00091060979
0.0012174103
0.0014076372
0.0015380654
0.0016321088
0.0017018587
0.001754406
0.0017942124
0.0018243509
0.0018470166
0.0018636871
0.0018752947
0.0018822838
0.0018845453
0.0018811986
0.0018702496
0.0018479746
0.0018079039
0.0017394227
0.0016268224
0.0014520175
0.0012071128
0.00094258862
0.00080860376
0.00089707076
0.0011374306
0.0014177415
0.0016775105
0.0018963283
0.0020713581
0.0022054887
0.0023005512
0.0023587714
0.0023798103
0.0023625835
0.0023041312
0.0022035351
0.0021685369
0.0022249589
0.00027740849
0.00091829861
0.0012291772
0.001422347
0.0015550913
0.0016510361
0.0017223835
0.0017762887
0.0018172507
0.0018483637
0.001871832
0.0018891227
0.0019011323
0.0019082298
0.0019101639
0.0019057976
0.0018926945
0.0018664016
0.0018193248
0.0017393691
0.0016097498
0.0014147063
0.0011537332
0.00091454285
0.00084412665
0.0009857501
0.0012440008
0.0015213156
0.0017714541
0.0019800007
0.0021458712
0.0022720317
0.0023604349
0.0024128573
0.002428704
0.0024070177
0.0023450955
0.0022423521
0.0021945289
0.002247637
0.00027816526
0.00092425491
0.0012384327
0.001434036
0.0015687287
0.0016662978
0.0017390302
0.0017941303
0.0018361241
0.00186812
0.0018923236
0.0019101839
0.0019225508
0.0019297009
0.0019312142
0.0019256523
0.0019100667
0.0018791763
0.001824165
0.0017315043
0.001584013
0.0013702022
0.001102549
0.00090272693
0.00089761431
0.0010821502
0.0013510124
0.001622978
0.0018632468
0.0020618822
0.0022190113
0.002337545
0.0024196308
0.002466408
0.0024772709
0.0024513084
0.0023860204
0.0022810023
0.0022191132
0.0022687333
0.00027873199
0.0009287148
0.0012455147
0.0014431066
0.0015794256
0.0016783759
0.001752307
0.0018084595
0.0018513784
0.0018841787
0.0019090608
0.0019274474
0.00194013
0.0019472743
0.0019482606
0.0019412991
0.001922852
0.0018867105
0.0018227678
0.0017162421
0.0015506007
0.0013164505
0.0010584359
0.00090960933
0.00096649207
0.0011836429
0.0014574755
0.0017225003
0.0019528777
0.0021420063
0.0022908327
0.0024021124
0.0024781533
0.0025194569
0.0025255464
0.0024955675
0.0024272162
0.0023200744
0.00224246
0.0022883059
0.00027914423
0.00093190384
0.001250748
0.0014499477
0.0015876165
0.0016877396
0.0017627105
0.0018197953
0.0018635504
0.0018970914
0.0019226068
0.0019414843
0.001954444
0.0019615199
0.0019618574
0.0019532589
0.0019315139
0.0018893907
0.0018154712
0.0016940817
0.0015108562
0.0012620566
0.0010260985
0.00093578714
0.0010476551
0.0012881094
0.0015626842
0.0018197376
0.0020403447
0.0022203702
0.0023612911
0.0024657629
0.0025359981
0.0025720629
0.0025736067
0.0025398443
0.0024686248
0.0023596297
0.0022647822
0.0023064462
0.000279433
0.00093403094
0.0012544356
0.0014549238
0.0015937109
0.0016948329
0.0017707126
0.0018286324
0.0018731537
0.0019073872
0.0019335026
0.0019528437
0.0019660446
0.0019729832
0.0019725305
0.0019620177
0.0019364744
0.0018875625
0.0018026087
0.0016656661
0.0014652486
0.001210715
0.0010092088
0.00098020961
0.0011380182
0.0013939342
0.0016661635
0.0019146252
0.0021256773
0.0022969822
0.002430328
0.0025285028
0.0025931572
0.0026242704
0.0026215412
0.002584279
0.0025106372
0.0023998469
0.0022868778
0.0023234614
0.00027962548
0.00093528851
0.0012568607
0.0014583798
0.0015981
0.0017000842
0.0017767721
0.0018354551
0.0018806945
0.0019155905
0.0019422871
0.0019620737
0.0019754814
0.0019822038
0.0019807903
0.0019680288
0.0019380963
0.0018814876
0.0017844437
0.0016316764
0.0014127486
0.0011662717
0.0010100552
0.0010409269
0.0012352573
0.0015003855
0.0017680517
0.0020075608
0.0022093027
0.0023722496
0.0024983677
0.0025905776
0.0026498914
0.0026763425
0.0026696867
0.0026293929
0.0025539159
0.0024424103
0.0023114495
0.0023404121
0.00027974215
0.00093583149
0.0012582486
0.0014605874
0.0016010902
0.0017038271
0.001781245
0.0018406384
0.0018865635
0.0019221048
0.0019493736
0.0019695933
0.0019831731
0.00198959
0.0019870208
0.0019716346
0.0019366708
0.001871445
0.0017614437
0.0015933373
0.0013607785
0.0011330892
0.0010295707
0.0011149432
0.0013366795
0.0016061259
0.0018676997
0.0020981419
0.0022908925
0.0024458592
0.0025650854
0.0026515747
0.0027057888
0.0027278369
0.0027175615
0.0026746312
0.0025978647
0.0024865864
0.0023467698
0.002358595
0.00027980132
0.00093580233
0.0012588118
0.0014618086
0.0016029815
0.0017063931
0.0017844895
0.0018445636
0.0018911621
0.0019273485
0.001955193
0.0019758401
0.0019895543
0.0019955586
0.001991598
0.0019731405
0.0019324114
0.0018576011
0.0017339998
0.0015500652
0.0013121418
0.0011141874
0.0010670825
0.0011995508
0.0014408039
0.0017108732
0.0019652998
0.0021866709
0.0023707367
0.0025180662
0.0026306988
0.0027116701
0.002761019
0.0027789027
0.0027652666
0.0027199697
0.002642207
0.0025317766
0.002393882
0.0023778113
0.00027981698
0.00093531693
0.0012587229
0.0014622558
0.0016040181
0.0017080526
0.001786799
0.0018475441
0.0018948212
0.0019316668
0.0019601014
0.0019811748
0.0019949808
0.0020004455
0.0019948166
0.0019727789
0.0019254944
0.0018401944
0.0017028084
0.0015018383
0.0012703698
0.0011118735
0.0011209308
0.0012920836
0.0015462765
0.0018142343
0.0020608397
0.0022732396
0.002448932
0.0025889474
0.0026952895
0.0027709408
0.0028156654
0.0028296315
0.002812899
0.0027654996
0.0026869055
0.0025772767
0.0024411098
0.0023962044
0.0002798003
0.00093447272
0.0012581276
0.0014621092
0.0016044079
0.0017090372
0.0017884255
0.0018498501
0.0018978268
0.0019353591
0.0019644069
0.0019859078
0.0019997545
0.0020045276
0.0019969076
0.001970717
0.001916045
0.001819461
0.0016686493
0.001454725
0.0012389144
0.0011270858
0.001188664
0.0013901167
0.0016519605
0.0019158187
0.0021542136
0.0023578222
0.0025254481
0.0026584247
0.0027588799
0.0028294199
0.0028698121
0.0028801696
0.0028606692
0.0028114635
0.0027322676
0.0026235021
0.0024888525
0.0024137632
0.00027976006
0.00093334991
0.0012571468
0.0014615198
0.0016043265
0.0017095439
0.0017895855
0.0018517155
0.0019004281
0.0019386865
0.0019683782
0.0019903078
0.002004132
0.0020080322
0.0019980482
0.0019670753
0.001904187
0.0017957958
0.0016304986
0.0014112828
0.0012205828
0.001159444
0.0012675601
0.0014916539
0.001757019
0.0020153686
0.0022453715
0.0024404271
0.0026003095
0.0027265671
0.0028214612
0.0028871284
0.0029234858
0.0029305611
0.0029086444
0.0028580032
0.0027785819
0.0026710458
0.0025381647
0.0024318204
0.00027970276
0.00093200737
0.0012558736
0.0014606082
0.0016039184
0.0017097392
0.0017904656
0.001853346
0.0019028477
0.0019418853
0.0019722596
0.0019946172
0.0020083382
0.0020111437
0.0019983581
0.0019619064
0.0018900015
0.0017696392
0.0015885025
0.0013742024
0.001217281
0.0012077083
0.0013553136
0.0015955139
0.0018612489
0.0021131
0.0023346514
0.0025214048
0.002673852
0.0027936868
0.0028832727
0.002944295
0.0029768783
0.0029809701
0.0029569814
0.0029053137
0.0028261559
0.0027205002
0.0025904755
0.0024554858
0.00027963362
0.00093049592
0.0012543868
0.001459475
0.0016033039
0.0017097613
0.0017912212
0.0018549125
0.0019052702
0.0019451504
0.0019762503
0.0019990294
0.0020125452
0.0020139927
0.0019979097
0.0019552442
0.0018736153
0.0017415562
0.0015479828
0.001346445
0.0012301092
0.001269952
0.0014496288
0.0017004895
0.0019642155
0.0022089117
0.0024220625
0.0026007857
0.0027460964
0.0028597751
0.0029442537
0.0030008296
0.0030298406
0.0030311903
0.0030054229
0.0029530805
0.0028746298
0.0027715154
0.0026460404
0.0025046054
0.00027955682
0.0009288576
0.0012527521
0.0014582056
0.0016025857
0.0017097293
0.0017919867
0.0018565636
0.0019078561
0.0019486503
0.0019805197
0.002003704
0.0020168867
0.0020166693
0.0019967464
0.0019471449
0.0018553429
0.0017100022
0.0015110944
0.0013304856
0.0012589954
0.0013437817
0.0015484255
0.0018055415
0.002065494
0.0023026286
0.0025075105
0.0026784925
0.0028169625
0.0029247401
0.0030043018
0.0030566327
0.0030822713
0.0030811155
0.0030538191
0.0030010953
0.002923707
0.0028234692
0.0027030242
0.0025666614
0.00027947581
0.0009271269
0.0012510247
0.0014568724
0.0016018523
0.0017097471
0.0017928804
0.0018584308
0.0019107476
0.0019525332
0.0019852146
0.0020087741
0.0020214662
0.0020192342
0.0019948999
0.00193772
0.0018356845
0.0016756156
0.0014802824
0.0013280995
0.0013028854
0.0014267256
0.0016499714
0.0019098674
0.0021647691
0.0023941253
0.0025909258
0.0027544646
0.0028863892
0.0029885202
0.0030633625
0.0031116606
0.0031341377
0.003130727
0.0031022032
0.0030494564
0.0029735053
0.0028764575
0.0027612134
0.0026310634
0.00027939356
0.00092533206
0.0012492512
0.0014555383
0.0016011818
0.0017099074
0.0017940091
0.0018606331
0.0019140731
0.0019569317
0.001990463
0.0020143495
0.0020263586
0.0020217154
0.001992372
0.0019270541
0.0018150582
0.0016431192
0.0014578878
0.0013401591
0.0013600539
0.0015164939
0.0017529
0.0020128855
0.0022618342
0.0024833313
0.0026722708
0.0028286606
0.002954326
0.0030510678
0.0031213887
0.0031658665
0.0031853996
0.0031799945
0.0031505487
0.0030981073
0.0030239276
0.0029303546
0.0028205104
0.0026976341
0.0002793122
0.00092348697
0.0012474632
0.0014542531
0.0016006426
0.001710297
0.0017954774
0.0018632919
0.0019179672
0.0019619869
0.0019964006
0.0020205432
0.0020316325
0.0020241257
0.0019891586
0.0019153188
0.0017913152
0.0016140027
0.0014457585
0.0013667521
0.0014287587
0.0016115578
0.0018566658
0.0021146851
0.0023570371
0.0025706605
0.0027519467
0.0029014394
0.0030210793
0.0031126992
0.003178667
0.0032195207
0.0032363071
0.0032291109
0.0031989694
0.0031470992
0.0030749636
0.0029851199
0.0028808854
0.0027657779
0.00027923469
0.00092161754
0.0012457037
0.001453074
0.0016003051
0.0017109989
0.0017973799
0.0018665109
0.0019225387
0.001967806
0.0020031229
0.0020274259
0.0020373251
0.0020264875
0.0019853727
0.0019029947
0.0017653142
0.0015903973
0.0014455827
0.0014072556
0.0015068463
0.0017101335
0.0019602975
0.0022147973
0.0024501342
0.0026559519
0.0028298127
0.0029726545
0.0030864819
0.003173238
0.0032350066
0.0032724098
0.003286615
0.0032777892
0.0032471164
0.0031959932
0.0031260832
0.0030401523
0.0029417315
0.002834698
0.000279164
0.00091974721
0.0012440132
0.0014520564
0.0016002379
0.0017120934
0.0017998067
0.0018703874
0.0019278873
0.0019744832
0.0020107072
0.0020350444
0.002043445
0.0020287921
0.0019810799
0.0018903999
0.0017413726
0.0015742424
0.0014581955
0.0014602954
0.00159216
0.0018107223
0.002063027
0.0023128554
0.002540929
0.0027390686
0.002905752
0.0030422013
0.0031504482
0.0032325645
0.0032903062
0.0033244266
0.0033362007
0.0033258821
0.0032948019
0.0032445259
0.0031769208
0.0030949563
0.0030023837
0.0029034204
0.00027910344
0.00091790027
0.0012424338
0.0014512568
0.00160051
0.0017136605
0.0018028467
0.0018750157
0.0019341077
0.0019821053
0.002019221
0.0020434358
0.0020500011
0.0020310716
0.0019765152
0.0018751654
0.0017208382
0.001567133
0.0014836881
0.0015241448
0.0016827958
0.0019121853
0.0021643453
0.0024086661
0.0026293518
0.0028199775
0.0029797371
0.0031100538
0.0032129547
0.0032906373
0.0033445305
0.0033755332
0.0033850356
0.0033733581
0.0033419589
0.0032925753
0.0032272708
0.0031492035
0.0030623151
0.0029710706
0.00027905659
0.00091609286
0.0012410026
0.0014507319
0.0016011963
0.0017157921
0.0018066072
0.0018805152
0.0019413244
0.0019907914
0.0020287629
0.0020526634
0.0020570259
0.0020333993
0.0019719987
0.0018580299
0.0017051191
0.0015702474
0.0015217062
0.001597356
0.001777672
0.0020142406
0.0022644832
0.0025026776
0.0027159093
0.0028991752
0.0030522328
0.0031766497
0.0032744358
0.0033478719
0.0033980992
0.0034261571
0.0034335234
0.0034206021
0.0033889829
0.003340551
0.0032775528
0.0032033126
0.003121897
0.0030378788
0.00027902857
0.00091436134
0.0012397762
0.0014505525
0.0016023784
0.0017185783
0.0018111834
0.001886982
0.0019496285
0.0020006181
0.0020393841
0.0020627469
0.0020645252
0.0020358363
0.0019677571
0.001842974
0.0016958609
0.0015845141
0.0015714351
0.0016782358
0.0018754871
0.0021162275
0.0023631877
0.0025948296
0.0028006129
0.0029766867
0.0031232472
0.0032419553
0.0033349192
0.0034042635
0.0034510072
0.0034762905
0.0034816754
0.0034676373
0.0034358916
0.0033884633
0.0033277599
0.0032572272
0.0031809858
0.0031035871
0.0002790254
0.00091275234
0.0012388217
0.0014507966
0.0016041409
0.0017221058
0.0018166611
0.0018944964
0.0019590878
0.0020116325
0.0020511043
0.0020736851
0.0020725256
0.0020385944
0.0019609754
0.0018311006
0.0016944188
0.0016101763
0.0016315235
0.0017650015
0.0019749817
0.0022174549
0.0024601014
0.0026849234
0.0028833324
0.0030524117
0.0031926987
0.0033059122
0.0033943318
0.0034597595
0.0035032155
0.0035259127
0.0035294923
0.0035144832
0.0034827092
0.0034363215
0.0033778582
0.0033108412
0.0032393768
0.0031678871
0.0002790538
0.00091132334
0.0012382163
0.0014515505
0.0016065725
0.0017264625
0.0018231228
0.0019031304
0.0019697577
0.0020238667
0.0020639299
0.0020854787
0.0020811038
0.002042017
0.0019528142
0.0018236729
0.0017018185
0.0016468913
0.0017003842
0.001856038
0.0020751325
0.0023173976
0.0025549707
0.0027728292
0.0029639889
0.0031262923
0.0032605456
0.0033685096
0.0034526166
0.0035143247
0.0035546936
0.0035749997
0.0035769572
0.0035611264
0.0035294186
0.0034840895
0.0034277747
0.0033640292
0.0032968886
0.0032305772
0.00027912165
0.00091013804
0.0012380487
0.0014529158
0.0016097831
0.0017317623
0.0018306829
0.0019129936
0.0019817352
0.0020373949
0.0020779046
0.0020981457
0.0020902797
0.0020461264
0.0019467082
0.0018217744
0.0017186816
0.0016940608
0.001776742
0.001950411
0.0021756255
0.0024161621
0.0026481004
0.0028589185
0.0030429583
0.0031986824
0.0033271109
0.0034300916
0.0035100605
0.0035682327
0.0036057052
0.0036238134
0.0036243307
0.0036078214
0.0035762655
0.0035319969
0.0034777198
0.003416984
0.0033537149
0.0032919055
0.00027923761
0.00090928572
0.0012384278
0.0014550054
0.001613882
0.001738107
0.0018394313
0.0019241589
0.0019950706
0.0020522414
0.0020930359
0.0021117226
0.0021002615
0.0020472466
0.0019435247
0.0018264813
0.0017453118
0.0017507163
0.0018591171
0.0020469867
0.0022758349
0.002513461
0.0027393751
0.0029431497
0.0031202231
0.0032695634
0.0033923512
0.0034906364
0.0035666107
0.0036214215
0.0036561759
0.003672239
0.0036714566
0.0036543993
0.0036230701
0.0035798525
0.0035274877
0.003469491
0.0034096544
0.0033517326
0.00027941176
0.00090886822
0.0012394788
0.0014579506
0.0016190005
0.0017456232
0.0018494858
0.0019367293
0.0020098448
0.0020684617
0.0021093678
0.002126307
0.002111361
0.0020475847
0.0019441943
0.0018386157
0.0017816192
0.0018158094
0.0019463576
0.0021450926
0.0023755546
0.0026093609
0.0028289876
0.0030257633
0.0031960371
0.0033391951
0.0034565499
0.0035503512
0.0036224766
0.0036740752
0.0037062635
0.0037204315
0.0037184837
0.0037009889
0.0036699521
0.0036277772
0.0035772122
0.0035217129
0.0034649254
0.0034103738
0.0002796516
0.0009090053
0.0012413286
0.0014618655
0.001625232
0.0017543793
0.0018608845
0.0019507082
0.0020260244
0.002085991
0.0021268257
0.0021418549
0.0021234855
0.0020499696
0.0019496628
0.001858713
0.0018269513
0.0018877129
0.0020367416
0.0022433894
0.0024738235
0.002703145
0.0029163589
0.0031062575
0.0032699423
0.0034071492
0.0035193211
0.0036088198
0.0036772479
0.0037257752
0.0037555343
0.0037679356
0.0037649318
0.0037470945
0.0037164024
0.0036752563
0.0036263851
0.0035731653
0.0035190914
0.0034674715
0.00027996792
0.00090982223
0.0012441259
0.0014669064
0.0016327364
0.0017645351
0.0018737822
0.0019662373
0.0020437279
0.002104919
0.0021454835
0.0021584861
0.0021303711
0.0020548907
0.0019605632
0.0018869462
0.0018806744
0.0019654859
0.0021296861
0.0023418065
0.0025709188
0.0027952591
0.0030019954
0.0031851473
0.0033424377
0.0034738781
0.0035811684
0.0036664985
0.0037313729
0.0037769594
0.0038044146
0.0038151626
0.0038111943
0.0037930995
0.0037628039
0.0037226879
0.0036754409
0.0036243434
0.0035727348
0.003523722
0.00028036428
0.00091143635
0.0012479866
0.0014731742
0.0016415962
0.0017761519
0.0018882143
0.0019833205
0.002062927
0.0021251967
0.0021653109
0.0021762411
0.0021382601
0.0020631913
0.0019776026
0.0019232229
0.0019416856
0.0020476054
0.0022238645
0.0024393748
0.0026661432
0.0028851679
0.0030854506
0.0032620343
0.0034131576
0.0035390639
0.0036417085
0.0037230119
0.0037844609
0.0038272199
0.0038524696
0.0038616477
0.0038567711
0.0038384721
0.0038085993
0.0037694987
0.0037238042
0.0036746897
0.0036253392
0.0035786719
0.00028084741
0.00091396257
0.0012530413
0.0014808076
0.0016519583
0.0017893817
0.0019043304
0.0020020948
0.0020837384
0.002146936
0.0021865081
0.0021919819
0.0021480795
0.0020754917
0.0020011952
0.0019672977
0.0020091991
0.0021333408
0.0023189583
0.0025361534
0.0027597751
0.0029732468
0.0031671296
0.0033373247
0.0034825049
0.0036031248
0.0037013169
0.0037787423
0.0038368937
0.0038769353
0.0039000628
0.0039077345
0.0039019902
0.0038835324
0.0038541057
0.0038160112
0.0037718175
0.0037245847
0.0036773423
0.0036328327
0.00028141512
0.00091746818
0.0012593545
0.0014898699
0.0016638875
0.0018042891
0.0019221877
0.0020226005
0.0021061806
0.0021701295
0.0022089564
0.0022047725
0.0021603473
0.0020924963
0.0020316831
0.0020187309
0.002082213
0.0022216908
0.0024142611
0.0026317183
0.0028515673
0.0030593378
0.0032469113
0.0034109016
0.0035503316
0.0036659724
0.0037598573
0.0038335473
0.003888516
0.0039259301
0.0039470073
0.003953216
0.0039466061
0.0039280034
0.0038990106
0.0038618843
0.0038191225
0.0037736675
0.0037283973
0.0036858876
0.00028206249
0.00092197247
0.0012669449
0.0015003892
0.0016774263
0.0018209282
0.0019418431
0.0020448912
0.0021303195
0.0021949629
0.002230233
0.0022193516
0.0021757304
0.0021147717
0.0020691473
0.0020769271
0.0021598122
0.0023118906
0.0025093197
0.00272586
0.0029414481
0.0031434341
0.003324817
0.0034828053
0.0036167158
0.003727634
0.0038173722
0.0038874692
0.0039393728
0.0039742532
0.0039933495
0.0039981373
0.0039906671
0.0039719077
0.0039433208
0.0039071108
0.003865702
0.0038219202
0.0037784966
0.0037378494
0.00028277917
0.00092742525
0.0012757612
0.0015123334
0.001692569
0.001839316
0.0019633268
0.0020689949
0.0021561356
0.0022211314
0.0022473285
0.0022359708
0.00219485
0.002142832
0.002113568
0.0021412852
0.0022412157
0.0024033536
0.0026038233
0.0028184635
0.0030294055
0.0032255656
0.0034008863
0.0035530755
0.0036817138
0.0037881151
0.003873868
0.0039405084
0.0039894626
0.0040219056
0.0040390916
0.0040424916
0.0040341442
0.0040152168
0.0039869918
0.0039516272
0.0039114758
0.0038692509
0.003827544
0.0037886258
0.00028354662
0.00093367804
0.0012856427
0.0015255593
0.001709198
0.0018593564
0.0019865548
0.0020948542
0.0021837542
0.0022448681
0.0022662399
0.0022552036
0.0022182785
0.0021769685
0.0021646209
0.0022109439
0.0023254397
0.002495275
0.0026971964
0.0029091151
0.0031151137
0.0033054462
0.0034748422
0.0036214126
0.0037450908
0.0038471483
0.0039290923
0.0039924295
0.0040385634
0.0040686631
0.0040840066
0.004086064
0.004076843
0.0040577291
0.004029817
0.0039952173
0.0039562149
0.0039154186
0.0038752893
0.003837961
0.00028435008
0.00094056777
0.001296433
0.0015399498
0.0017272423
0.0018810205
0.002011539
0.0021225245
0.0022129911
0.0022658555
0.0022871051
0.0022775794
0.0022465672
0.0022174207
0.0022220608
0.0022853835
0.0024120542
0.0025874866
0.0027894962
0.002997999
0.0031988067
0.0033833175
0.0035469217
0.0036880689
0.0038070315
0.0039049156
0.003983213
0.0040433926
0.004086833
0.0041147
0.0041282846
0.0041290501
0.0041189622
0.0040996574
0.0040720173
0.004038108
0.0040001526
0.0039606609
0.0039219742
0.0038861016
0.00028517496
0.0009479136
0.001307964
0.0015553843
0.0017466338
0.0019042781
0.0020382436
0.002151892
0.0022371513
0.0022886262
0.0023103972
0.0023037273
0.002280314
0.0022644609
0.002285753
0.0023643095
0.0025009021
0.0026800677
0.0028809814
0.0030854648
0.0032808593
0.0034595417
0.0036174614
0.0037533762
0.0038677967
0.0039616571
0.0040364438
0.0040935888
0.0041344462
0.0041601786
0.0041720839
0.004171611
0.0041606747
0.0041411622
0.0041137594
0.0040804732
0.0040434666
0.0040051604
0.0039677857
0.0039332386
0.00028599796
0.00095545862
0.0013199557
0.0015715951
0.0017671236
0.0019289115
0.0020665846
0.0021827928
0.0022613933
0.0023133635
0.0023365196
0.0023341152
0.0023197822
0.0023178551
0.0023549505
0.0024467463
0.0025910691
0.0027722761
0.0029710612
0.0031710157
0.0033608222
0.0035336863
0.0036860116
0.00381694
0.0039269573
0.0040169476
0.0040883627
0.0041425999
0.0041809946
0.0042047005
0.0042150164
0.0042133757
0.0042016386
0.0041818858
0.0041546989
0.0041219809
0.0040858375
0.0040486067
0.0040124203
0.0039790727
0.00028681271
0.00096307292
0.0013323006
0.0015885151
0.0017886734
0.0019548707
0.0020963344
0.0022073729
0.0022872779
0.0023403341
0.0023659086
0.0023692058
0.0023652248
0.002377505
0.0024293312
0.0025324295
0.0026825237
0.0028643094
0.0030600778
0.0032550576
0.003439114
0.0036061616
0.0037529963
0.0038791125
0.0039848572
0.0040711137
0.0041392898
0.0041907451
0.0042267912
0.0042485788
0.004257407
0.004254689
0.004242224
0.0042221949
0.0041952396
0.0041630676
0.0041277342
0.0040915006
0.004056408
0.0040241598
0.00028760614
0.00097060126
0.0013448343
0.0016059862
0.0018111398
0.0019820994
0.0021274917
0.0022336811
0.0023149989
0.0023698014
0.0023989326
0.0024092834
0.002416576
0.0024428793
0.0025080585
0.0026204971
0.0027745542
0.0029556323
0.0031476234
0.003337254
0.0035154262
0.0036766595
0.0038181452
0.0039395707
0.0040411691
0.0041238158
0.0041888733
0.0042376616
0.0042714655
0.0042914347
0.0042988688
0.0042951589
0.0042820398
0.0042617358
0.0042350145
0.0042033809
0.0041688236
0.0041335301
0.0040994577
0.0040682282
0.00028838554
0.00097807076
0.0013576359
0.001624125
0.0018346384
0.0020105754
0.0021530846
0.0022616159
0.0023448129
0.0024021748
0.0024360507
0.0024546868
0.0024739042
0.0025138073
0.0025909388
0.0027109445
0.0028674106
0.0030466931
0.0032342566
0.0034182031
0.0035903532
0.0037457462
0.0038820184
0.0039988287
0.0040963853
0.0041755282
0.0042375703
0.0042837932
0.0043154567
0.0043337031
0.0043398296
0.0043352075
0.0043215011
0.0043009134
0.0042744732
0.0042433965
0.0042096102
0.0041752308
0.004142137
0.0041118754
0.00028915264
0.00098550487
0.00137075
0.0016429714
0.001859166
0.0020402437
0.0021802494
0.0022913197
0.0023769638
0.0024378159
0.0024776087
0.0025055299
0.002536938
0.0025896819
0.0026772467
0.0028031359
0.0029606303
0.0031371869
0.0033197786
0.0034977623
0.0036637782
0.003813342
0.0039444803
0.0040567388
0.0041503319
0.0042260582
0.0042851601
0.0043289018
0.004358506
0.0043751062
0.004379993
0.0043745175
0.0043602721
0.0043393995
0.0043132722
0.0042827686
0.0042497527
0.0042162707
0.0041841262
0.0041547953
0.00028991799
0.00099302628
0.0013843391
0.0016626909
0.0018849017
0.002068922
0.0022090472
0.0023229621
0.0024116841
0.0024769714
0.0025237223
0.0025616243
0.0026051226
0.0026697094
0.0027661753
0.0028964182
0.0030537601
0.0032268263
0.0034040127
0.0035758135
0.0037355916
0.0038794161
0.0040054587
0.004113238
0.0042029456
0.004275332
0.0043315887
0.0043729367
0.0044005678
0.0044156001
0.0044193163
0.0044130484
0.0043983173
0.0043771882
0.00435137
0.0043214586
0.0042892201
0.0042566281
0.0042254154
0.0041969908
0.00029070221
0.0010008766
0.0013987393
0.0016836658
0.0019122377
0.0020960129
0.0022397461
0.0023569143
0.0024494073
0.002520055
0.0025746469
0.0026229526
0.002678185
0.0027535204
0.0028574489
0.0029907119
0.0031469157
0.0033158689
0.0034872971
0.0036527329
0.0038062084
0.0039443394
0.0040653043
0.0041686482
0.0042545272
0.0043236411
0.0043771221
0.0044161416
0.0044418646
0.0044553976
0.004458007
0.0044510044
0.0044358456
0.0044145188
0.0043889389
0.0043596301
0.0043281735
0.0042964681
0.0042661758
0.004238641
0.00029152551
0.0010093328
0.0014143171
0.0017062821
0.0019415953
0.0021251565
0.0022726765
0.0023935555
0.0024905452
0.0025674033
0.0026305002
0.0026893261
0.0027556759
0.0028405661
0.0029505867
0.0030856922
0.003239933
0.0034042735
0.0035696656
0.003728581
0.0038757654
0.0040081993
0.0041241022
0.0042230359
0.0043051213
0.0043710058
0.0044217605
0.0044585074
0.0044823776
0.0044944625
0.004496012
0.0044883166
0.0044727732
0.0044512898
0.0044258522
0.0043971478
0.0043664668
0.0043356343
0.0043062444
0.0042795785
0.00029241233
0.0010187352
0.0014314867
0.0017308667
0.0019728987
0.0021563868
0.0023080875
0.0024332164
0.0025354176
0.0026191966
0.0026911988
0.0027603588
0.0028369936
0.0029301913
0.003045022
0.0031809457
0.0033325493
0.0034918958
0.0036510565
0.0038033647
0.0039443015
0.0040710348
0.0041818912
0.0042764355
0.0043547543
0.0044174432
0.0044655125
0.0045000336
0.0045221014
0.0045327862
0.004533319
0.0045249665
0.0045090702
0.0044874494
0.004462074
0.0044339687
0.0044040508
0.0043740728
0.0043455631
0.0043197421
0.00029338894
0.001029485
0.001450736
0.0017578715
0.0020020357
0.0021901249
0.002346316
0.0024762259
0.0025842808
0.0026755016
0.002756533
0.0028355726
0.0029215027
0.0030217534
0.0031402145
0.0032760752
0.003424501
0.0035785738
0.003731376
0.0038770901
0.0040118063
0.004132853
0.0042386751
0.0043288436
0.004403414
0.0044629332
0.0045083539
0.0045406918
0.0045609979
0.0045703213
0.0045698708
0.0045608862
0.0045446589
0.0045229134
0.0044975564
0.0044700078
0.0044408332
0.0044116855
0.0043840265
0.0043590208
0.00029449621
0.0010421618
0.0014728182
0.0017882366
0.0020340572
0.0022270246
0.0023879352
0.0025231014
0.0026375451
0.0027365443
0.0028265131
0.0029148161
0.0030090084
0.0031151348
0.0032361909
0.0033712547
0.0035160773
0.0036646713
0.0038110297
0.0039502105
0.0040787083
0.0041940737
0.0042948572
0.0043806435
0.0044514636
0.0045078165
0.0045505914
0.0045807575
0.004599328
0.0046073211
0.0046059182
0.0045963291
0.0045797984
0.0045579573
0.0045326439
0.0045055116
0.0044770592
0.004448719
0.0044218864
0.004397671
0.00029577158
0.0010573713
0.0014984224
0.0018225744
0.0020695559
0.002267402
0.0024332449
0.0025740657
0.0026952744
0.0028021619
0.0029007421
0.0029975272
0.0030988984
0.003209777
0.0033325025
0.0034661553
0.003607053
0.0037500494
0.0038899682
0.0040226758
0.0041449735
0.0042546585
0.0043503883
0.0044317684
0.0044988113
0.0045519735
0.0045920854
0.0046200671
0.0046368929
0.0046435511
0.004641193
0.0046309958
0.0046141648
0.0045922412
0.0045669832
0.0045401096
0.0045123473
0.0044847806
0.0044587383
0.0044352774
0.00029728216
0.0010759624
0.0015282651
0.0018610124
0.0021085687
0.0023113271
0.0024822842
0.0026290572
0.0027572451
0.0028719536
0.0029786936
0.0030831578
0.0031907226
0.0033054147
0.0034290952
0.0035609136
0.0036977139
0.0038350988
0.0039686909
0.0040949987
0.0042111429
0.0043151544
0.0044058069
0.0044827363
0.0045459445
0.0045958527
0.0046332415
0.0046589853
0.0046740212
0.0046793085
0.0046759657
0.004665132
0.0046479725
0.0046259433
0.004600713
0.004573969
0.004546838
0.0045200003
0.0044947076
0.0044719649
0.00029909177
0.0010984556
0.0015623198
0.0018988778
0.0021503207
0.0023577506
0.0025338204
0.0026866414
0.0028218026
0.0029440792
0.0030584397
0.0031698314
0.0032827857
0.0034006164
0.0035248328
0.003654679
0.0037874655
0.0039194523
0.0040469871
0.0041670883
0.0042772119
0.0043756104
0.0044611842
0.0045336125
0.0045929
0.0046394443
0.0046739821
0.0046973468
0.004710444
0.0047142085
0.0047097298
0.0046981121
0.0046804837
0.0046582255
0.0046329142
0.0046061799
0.0045794213
0.0045531813
0.0045285176
0.0045063843
0.00030127148
0.0011242728
0.0015988569
0.001936507
0.0021918147
0.002403061
0.0025837476
0.0027422356
0.0028839278
0.0030132047
0.0031345244
0.0032521967
0.0033700577
0.0034908416
0.0036157647
0.0037441328
0.003873624
0.0040010421
0.0041233116
0.004237891
0.0043425483
0.0044357496
0.0045165282
0.0045846209
0.004640051
0.0046832096
0.0047148092
0.0047356564
0.0047466301
0.004748646
0.0047427724
0.0047300859
0.0047116859
0.004688899
0.0046632192
0.0046362176
0.0046093761
0.0045834273
0.0045591146
0.0045373467
0.00030365299
0.0011485502
0.0016296346
0.0019665885
0.0022237048
0.0024372135
0.002621152
0.0027839143
0.0029306667
0.0030654491
0.0031923285
0.0033151539
0.0034372595
0.0035609451
0.0036871803
0.0038152607
0.0039430671
0.0040677504
0.0041866298
0.0042974529
0.0043982371
0.0044876227
0.0045647612
0.004629452
0.0046817511
0.0047220618
0.0047510913
0.0047696357
0.0047785639
0.0047787872
0.0047713672
0.0047573669
0.0047378735
0.004714188
0.0046877522
0.0046600907
0.0046326841
0.0046065462
0.0045821285
0.0045602996
)
;

boundaryField
{
    inletCH4
    {
        type            zeroGradient;
    }
    wallOutside
    {
        type            zeroGradient;
        Cmu             0.09;
        kappa           0.41;
        E               9.8;
        value           uniform 0;
    }
    outlet
    {
        type            zeroGradient;
    }
    inletPilot
    {
        type            zeroGradient;
    }
    wallTube
    {
        type            zeroGradient;
        Cmu             0.09;
        kappa           0.41;
        E               9.8;
        value           nonuniform List<scalar> 
77
(
0
0
0
0
0
0
0
0
8.0841509e-05
6.0693834e-05
6.0271574e-05
0
0
0
0
0
0
0
0
6.0354293e-05
6.0440016e-05
6.057776e-05
6.0710269e-05
6.0879002e-05
6.1049469e-05
6.1254129e-05
6.1463623e-05
6.1705102e-05
6.195469e-05
6.2236698e-05
6.2530846e-05
6.2857256e-05
6.319866e-05
6.3578678e-05
6.3986568e-05
6.441514e-05
6.4837043e-05
6.5305258e-05
6.6001942e-05
6.6664856e-05
6.6936093e-05
6.6590248e-05
0
0
0
0
0
0
0
0
0
0
0
0
0
0
0
0
0
0
0
0
0
0
0
0
0
0
0
0
0
0
0
0
0
0
0
)
;
    }
    inletAir
    {
        type            zeroGradient;
    }
    frontAndBack_pos
    {
        type            wedge;
    }
    frontAndBack_neg
    {
        type            wedge;
    }
}


// ************************************************************************* //
