/*--------------------------------*- C++ -*----------------------------------*\
| =========                 |                                                 |
| \\      /  F ield         | OpenFOAM: The Open Source CFD Toolbox           |
|  \\    /   O peration     | Version:  2.3.0                                 |
|   \\  /    A nd           | Web:      www.OpenFOAM.org                      |
|    \\/     M anipulation  |                                                 |
\*---------------------------------------------------------------------------*/
FoamFile
{
    version     2.0;
    format      ascii;
    class       volScalarField;
    location    "0.2";
    object      p;
}
// * * * * * * * * * * * * * * * * * * * * * * * * * * * * * * * * * * * * * //

dimensions      [1 -1 -2 0 0 0 0];

internalField   nonuniform List<scalar> 
5835
(
100065.18
100065.59
100067.23
100072.35
100098.67
100099.08
100100.03
100101.38
100123.14
100123.17
100007.26
100006.85
100006.64
100006.64
100006.88
100003.49
100003.58
100003.66
100003.64
100003.56
100000.98
100001
100001.02
100001.04
100001.01
99999.072
99999.092
99999.114
99999.122
99999.107
100123.24
100123.2
100144.34
100144.33
100144.31
100144.25
100165.45
100165.43
100165.41
100165.34
100186.66
100186.63
100186.63
100186.57
100208.08
100208.04
100208.05
100207.98
100229.66
100229.62
100229.63
100229.56
100251.42
100251.38
100251.4
100251.34
100273.39
100273.35
100273.38
100273.31
100295.6
100295.55
100295.59
100295.52
100318.02
100317.96
100318.01
100317.93
100340.64
100340.58
100340.64
100340.55
100363.47
100363.4
100363.47
100363.37
100386.55
100386.46
100386.56
100386.44
100409.87
100409.77
100409.89
100409.74
100433.26
100433.15
100433.28
100433.11
100456.55
100456.43
100456.6
100456.39
100480.59
100480.47
100480.67
100480.41
100506.54
100506.41
100506.62
100506.28
100531.59
100531.51
100531.8
100531.48
100549.17
100549.08
100549.25
100548.6
100563.73
100563.61
100563.5
100562.68
100608.02
100607.97
100607.79
100607.38
100691.05
100691.58
100692.96
100695.44
99997.207
99997.221
99997.239
99997.25
99997.243
99995.403
99995.41
99995.421
99995.429
99995.425
99993.684
99993.688
99993.695
99993.7
99993.698
99992.016
99992.019
99992.025
99992.029
99992.027
99990.38
99990.382
99990.386
99990.389
99990.389
99988.765
99988.767
99988.77
99988.772
99988.772
99987.167
99987.168
99987.17
99987.171
99987.171
99985.578
99985.579
99985.582
99985.582
99985.582
99983.998
99983.998
99984
99984
99984.001
99982.423
99982.423
99982.425
99982.424
99982.424
99980.852
99980.852
99980.853
99980.852
99980.853
99979.284
99979.284
99979.285
99979.284
99979.285
99977.719
99977.719
99977.72
99977.719
99977.72
99976.157
99976.157
99976.158
99976.157
99976.158
99974.598
99974.597
99974.598
99974.597
99974.598
99973.042
99973.042
99973.042
99973.041
99973.041
99971.488
99971.487
99971.485
99971.484
99971.483
99969.951
99969.947
99969.938
99969.924
99969.917
99968.419
99968.404
99968.366
99968.313
99968.279
99967.061
99967.024
99966.885
99966.644
99966.444
99965.888
99965.707
99965.26
99964.303
99962.875
99999.647
99999.657
99999.661
99999.661
99999.197
99999.208
99999.212
99999.212
99998.543
99998.554
99998.558
99998.558
99997.996
99998.008
99998.012
99998.012
99997.405
99997.416
99997.421
99997.421
99996.849
99996.861
99996.865
99996.865
99996.284
99996.296
99996.301
99996.301
99995.736
99995.748
99995.752
99995.753
99995.187
99995.2
99995.204
99995.204
99994.647
99994.66
99994.664
99994.665
99994.111
99994.125
99994.129
99994.13
99993.584
99993.598
99993.602
99993.603
99993.058
99993.072
99993.077
99993.078
99992.54
99992.555
99992.56
99992.56
99992.028
99992.043
99992.048
99992.048
99991.519
99991.535
99991.54
99991.541
99991.017
99991.033
99991.038
99991.038
99990.518
99990.534
99990.54
99990.54
99990.028
99990.045
99990.05
99990.051
99989.543
99989.56
99989.566
99989.566
99989.062
99989.079
99989.085
99989.086
99988.588
99988.606
99988.613
99988.613
99988.119
99988.138
99988.144
99988.144
99987.658
99987.677
99987.684
99987.684
99987.2
99987.221
99987.228
99987.228
99986.748
99986.769
99986.777
99986.777
99986.302
99986.323
99986.331
99986.331
99985.857
99985.879
99985.887
99985.887
99985.417
99985.44
99985.448
99985.448
99984.98
99985.003
99985.011
99985.011
99984.548
99984.571
99984.579
99984.578
99984.105
99984.129
99984.137
99984.137
99983.66
99983.687
99983.697
99983.698
99983.049
99983.106
99983.129
99983.141
99982.655
99982.721
99982.733
99982.717
99982.339
99982.428
99982.448
99982.424
99981.968
99982.06
99982.088
99982.081
99981.572
99981.666
99981.696
99981.691
99981.198
99981.294
99981.326
99981.324
99980.855
99980.954
99980.987
99980.987
99980.552
99980.653
99980.686
99980.683
99980.296
99980.399
99980.432
99980.427
99980.066
99980.172
99980.205
99980.2
99979.824
99979.933
99979.967
99979.962
99979.563
99979.676
99979.711
99979.704
99979.283
99979.399
99979.433
99979.424
99979.011
99979.13
99979.164
99979.153
99978.774
99978.897
99978.931
99978.92
99978.551
99978.677
99978.713
99978.701
99978.311
99978.442
99978.478
99978.465
99978.024
99978.158
99978.194
99978.179
99977.642
99977.779
99977.814
99977.795
99977.125
99977.264
99977.294
99977.266
99976.523
99976.661
99976.68
99976.635
99976.085
99976.221
99976.228
99976.163
99976.106
99976.249
99976.264
99976.212
99976.176
99976.324
99976.343
99976.298
99976.07
99976.219
99976.238
99976.192
99975.8
99975.95
99975.965
99975.915
99975.395
99975.545
99975.556
99975.505
99974.899
99975.052
99975.062
99975.013
99974.245
99974.427
99974.459
99974.437
99973.06
99973.347
99973.488
99973.582
99972.054
99972.401
99972.538
99972.695
99972.752
99973.025
99972.801
99972.615
99974.073
99974.356
99973.912
99973.28
99974.574
99974.929
99974.628
99973.939
99974.571
99974.937
99974.787
99974.272
99974.285
99974.642
99974.565
99974.211
99973.937
99974.28
99974.22
99973.954
99973.699
99974.024
99973.952
99973.724
99973.475
99973.788
99973.705
99973.5
99973.302
99973.602
99973.502
99973.304
99973.115
99973.407
99973.291
99973.093
99972.941
99973.219
99973.082
99972.873
99972.789
99973.055
99972.898
99972.676
99972.569
99972.833
99972.673
99972.456
99972.466
99972.72
99972.545
99972.318
99972.408
99972.65
99972.453
99972.214
99972.304
99972.54
99972.334
99972.093
99972.192
99972.428
99972.22
99971.982
99972.15
99972.377
99972.148
99971.896
99972.098
99972.318
99972.071
99971.806
99971.985
99972.203
99971.947
99971.677
99971.866
99972.078
99971.809
99971.526
99971.687
99971.897
99971.62
99971.325
99971.51
99971.721
99971.444
99971.143
99971.37
99971.58
99971.305
99970.999
99971.299
99971.497
99971.211
99970.882
99971.179
99971.369
99971.08
99970.734
99970.968
99971.161
99970.891
99970.548
99970.771
99970.961
99970.709
99970.365
99970.597
99970.773
99970.531
99970.175
99970.429
99970.585
99970.351
99969.975
99970.161
99970.31
99970.109
99969.733
99969.816
99969.965
99969.818
99969.457
99969.52
99969.648
99969.553
99969.192
99969.47
99969.484
99969.398
99969.014
99969.743
99969.557
99969.393
99968.931
99969.529
99969.471
99969.346
99968.816
99968.876
99969.148
99969.216
99968.646
99968.692
99968.993
99969.133
99968.455
99969.137
99969.41
99969.37
99968.382
99969.548
99969.63
99969.644
99968.265
99968.851
99968.704
99969.519
99968.009
99967.869
99967.674
99969.108
99967.75
99968.918
99968.838
99969.447
99967.663
99971.678
99972.763
99971.981
99969.942
99970.598
99973.523
99968.657
99977.033
99986.166
99986.627
99973.09
99986.283
99952.825
99975.535
99969.198
99967.762
99967.988
99968.122
99968.252
99968.303
99968.344
99968.484
99968.613
99968.709
99968.796
99968.974
99969.238
99969.505
99969.747
99969.961
99970.164
99970.353
99970.541
99970.701
99970.835
99970.987
99971.175
99971.382
99971.544
99971.678
99971.776
99971.868
99971.976
99972.096
99972.204
99972.341
99972.552
99972.745
99972.953
99973.135
99973.284
99973.441
99973.597
99973.779
99973.811
99973.559
99973.108
99972.685
99972.842
99973.644
99974.427
99974.984
99975.471
99975.881
99976.158
99976.265
99976.174
99976.114
99976.601
99977.245
99977.78
99978.166
99978.453
99978.69
99978.909
99979.142
99979.415
99979.697
99979.955
99980.194
99980.421
99980.677
99980.984
99981.319
99981.685
99982.073
99982.394
99982.709
99983.154
99983.697
99984.136
99984.577
99985.01
99985.447
99985.886
99986.33
99986.776
99987.227
99987.683
99988.144
99988.612
99989.085
99989.566
99990.05
99990.54
99991.038
99991.54
99992.048
99992.56
99993.077
99993.602
99994.129
99994.664
99995.204
99995.752
99996.301
99996.865
99997.421
99998.011
99998.558
99999.211
99999.661
99999.67
99999.201
99998.562
99998.008
99997.422
99996.864
99996.302
99995.753
99995.205
99994.665
99994.13
99993.603
99993.078
99992.561
99992.048
99991.54
99991.038
99990.539
99990.05
99989.564
99989.084
99988.61
99988.142
99987.681
99987.225
99986.773
99986.326
99985.882
99985.442
99985.005
99984.571
99984.134
99983.696
99983.239
99982.777
99982.296
99981.839
99981.437
99981.18
99980.931
99980.605
99980.348
99980.13
99979.885
99979.618
99979.313
99979.014
99978.788
99978.569
99978.325
99978.024
99977.61
99977.003
99976.181
99975.453
99975.725
99975.915
99975.831
99975.561
99975.167
99974.732
99974.301
99973.862
99973.474
99973.238
99973.095
99972.968
99972.82
99972.63
99972.414
99972.194
99971.96
99971.736
99971.53
99971.302
99971.119
99970.948
99970.834
99970.732
99970.632
99970.534
99970.43
99970.325
99970.215
99970.058
99969.844
99969.665
99969.523
99969.363
99969.187
99969.008
99968.822
99968.611
99968.377
99968.168
99967.968
99967.731
99967.654
99967.644
99967.573
99967.478
99967.342
99967.248
99967.167
99967.105
99967.071
99967.045
99967.069
99967.14
99966.753
99999.668
99999.203
99998.561
99998.009
99997.422
99996.864
99996.301
99995.753
99995.205
99994.665
99994.13
99993.603
99993.078
99992.561
99992.048
99991.54
99991.038
99990.539
99990.05
99989.565
99989.084
99988.611
99988.142
99987.682
99987.225
99986.774
99986.327
99985.883
99985.443
99985.006
99984.572
99984.134
99983.695
99983.228
99982.752
99982.262
99981.857
99981.529
99981.257
99980.967
99980.639
99980.375
99980.149
99979.905
99979.639
99979.341
99979.049
99978.819
99978.599
99978.356
99978.058
99977.65
99977.058
99976.284
99975.628
99975.83
99975.992
99975.901
99975.628
99975.231
99974.787
99974.336
99973.854
99973.42
99973.18
99973.071
99972.977
99972.848
99972.662
99972.44
99972.222
99971.997
99971.782
99971.579
99971.362
99971.182
99971.014
99970.898
99970.797
99970.699
99970.604
99970.508
99970.408
99970.297
99970.141
99969.934
99969.755
99969.612
99969.458
99969.288
99969.113
99968.928
99968.719
99968.488
99968.272
99968.059
99967.805
99967.661
99967.588
99967.506
99967.396
99967.28
99967.266
99967.318
99967.205
99967.113
99967.061
99967.132
99967.277
99966.449
99999.667
99999.204
99998.56
99998.009
99997.421
99996.864
99996.301
99995.752
99995.204
99994.664
99994.13
99993.602
99993.078
99992.56
99992.048
99991.54
99991.038
99990.539
99990.05
99989.565
99989.084
99988.611
99988.143
99987.682
99987.226
99986.774
99986.328
99985.883
99985.444
99985.007
99984.574
99984.135
99983.694
99983.214
99982.721
99982.256
99981.929
99981.618
99981.295
99980.976
99980.653
99980.39
99980.164
99979.921
99979.658
99979.365
99979.08
99978.848
99978.628
99978.386
99978.091
99977.689
99977.114
99976.383
99975.787
99975.934
99976.07
99975.973
99975.697
99975.295
99974.841
99974.366
99973.828
99973.329
99973.085
99973.025
99972.98
99972.883
99972.704
99972.481
99972.273
99972.069
99971.879
99971.696
99971.499
99971.332
99971.173
99971.067
99970.977
99970.888
99970.805
99970.724
99970.633
99970.523
99970.369
99970.169
99969.991
99969.847
99969.695
99969.525
99969.345
99969.155
99968.941
99968.707
99968.479
99968.249
99967.986
99967.813
99967.717
99967.629
99967.506
99967.355
99967.277
99967.247
99967.111
99967.06
99967.15
99967.543
99967.749
99966.225
99999.665
99999.206
99998.56
99998.01
99997.421
99996.864
99996.301
99995.752
99995.204
99994.664
99994.129
99993.602
99993.077
99992.56
99992.048
99991.54
99991.038
99990.539
99990.05
99989.565
99989.084
99988.611
99988.143
99987.682
99987.226
99986.775
99986.328
99985.884
99985.445
99985.008
99984.575
99984.135
99983.694
99983.195
99982.696
99982.295
99982.013
99981.662
99981.309
99980.979
99980.663
99980.403
99980.176
99979.935
99979.674
99979.386
99979.106
99978.874
99978.654
99978.414
99978.122
99977.726
99977.168
99976.475
99975.929
99976.033
99976.147
99976.045
99975.767
99975.361
99974.894
99974.39
99973.777
99973.188
99972.942
99972.959
99972.992
99972.957
99972.816
99972.625
99972.465
99972.32
99972.188
99972.048
99971.881
99971.732
99971.583
99971.487
99971.408
99971.324
99971.246
99971.172
99971.08
99970.96
99970.796
99970.587
99970.396
99970.238
99970.078
99969.898
99969.703
99969.499
99969.272
99969.026
99968.778
99968.519
99968.241
99968.048
99967.937
99967.842
99967.725
99967.592
99967.533
99967.517
99967.434
99967.345
99967.153
99967.49
99968.254
99965.722
99999.663
99999.209
99998.559
99998.011
99997.421
99996.864
99996.301
99995.752
99995.204
99994.664
99994.129
99993.602
99993.077
99992.56
99992.048
99991.54
99991.038
99990.539
99990.05
99989.565
99989.085
99988.612
99988.143
99987.683
99987.226
99986.775
99986.329
99985.885
99985.446
99985.009
99984.576
99984.135
99983.695
99983.171
99982.698
99982.355
99982.062
99981.68
99981.315
99980.981
99980.671
99980.414
99980.187
99979.948
99979.689
99979.405
99979.129
99978.897
99978.677
99978.439
99978.15
99977.761
99977.219
99976.558
99976.052
99976.125
99976.222
99976.116
99975.837
99975.427
99974.948
99974.411
99973.702
99972.992
99972.764
99972.938
99973.141
99973.248
99973.201
99973.078
99972.997
99972.92
99972.833
99972.698
99972.515
99972.338
99972.147
99972.017
99971.911
99971.796
99971.693
99971.598
99971.491
99971.352
99971.178
99970.963
99970.765
99970.602
99970.448
99970.273
99970.078
99969.877
99969.659
99969.426
99969.18
99968.918
99968.649
99968.464
99968.364
99968.274
99968.159
99968.032
99967.98
99967.942
99967.847
99967.723
99967.354
99967.85
99970.984
99962.934
99966.425
99967.155
99967.064
99967.049
99967.07
99967.102
99967.163
99967.248
99967.342
99967.467
99967.561
99967.632
99967.686
99967.798
99968.022
99968.194
99968.382
99968.609
99968.819
99969.007
99969.19
99969.373
99969.533
99969.653
99969.801
99970.005
99970.16
99970.268
99970.375
99970.483
99970.583
99970.684
99970.787
99970.899
99971.075
99971.261
99971.498
99971.702
99971.931
99972.171
99972.392
99972.606
99972.8
99972.958
99973.099
99973.256
99973.491
99973.857
99974.274
99974.696
99975.126
99975.518
99975.788
99975.868
99975.658
99975.334
99976.115
99976.969
99977.587
99978.004
99978.305
99978.55
99978.768
99978.99
99979.293
99979.601
99979.868
99980.109
99980.302
99980.531
99980.85
99981.128
99981.433
99981.862
99982.318
99982.789
99983.245
99983.696
99984.134
99984.57
99985.004
99985.441
99985.881
99986.325
99986.772
99987.224
99987.68
99988.141
99988.61
99989.083
99989.564
99990.049
99990.539
99991.038
99991.54
99992.048
99992.561
99993.078
99993.603
99994.131
99994.665
99995.205
99995.753
99996.302
99996.864
99997.423
99998.008
99998.563
99999.198
99999.673
99967.148
99967.116
99967.087
99967.064
99967.049
99967.042
99967.043
99967.049
99967.061
99967.076
99967.092
99967.108
99967.124
99967.138
99967.15
99967.16
99967.168
99967.174
99967.179
99967.181
99967.183
99967.183
99967.183
99967.182
99967.181
99967.18
99967.178
99967.176
99967.171
99967.174
99967.159
99967.167
99967.137
99967.16
99967.1
99967.159
99967.019
99967.169
99966.865
99967.247
99967.108
99967.073
99967.045
99967.022
99967.007
99967
99967.001
99967.007
99967.019
99967.033
99967.049
99967.065
99967.081
99967.094
99967.107
99967.117
99967.125
99967.131
99967.135
99967.138
99967.14
99967.14
99967.141
99967.14
99967.139
99967.138
99967.136
99967.134
99967.131
99967.13
99967.119
99967.124
99967.099
99967.119
99967.064
99967.118
99967.015
99967.114
99966.994
99967.088
99967.119
99967.085
99967.057
99967.035
99967.021
99967.014
99967.015
99967.022
99967.033
99967.047
99967.063
99967.079
99967.094
99967.107
99967.119
99967.129
99967.137
99967.144
99967.149
99967.152
99967.155
99967.156
99967.157
99967.157
99967.157
99967.156
99967.155
99967.153
99967.15
99967.148
99967.141
99967.142
99967.123
99967.134
99967.092
99967.122
99967.052
99967.097
99967.033
99967.057
99967.131
99967.098
99967.072
99967.052
99967.038
99967.033
99967.034
99967.041
99967.052
99967.065
99967.08
99967.095
99967.109
99967.122
99967.134
99967.144
99967.152
99967.159
99967.165
99967.169
99967.173
99967.175
99967.177
99967.178
99967.179
99967.179
99967.178
99967.176
99967.174
99967.171
99967.166
99967.164
99967.151
99967.153
99967.124
99967.135
99967.087
99967.105
99967.059
99967.071
99967.141
99967.11
99967.086
99967.067
99967.055
99967.051
99967.052
99967.059
99967.069
99967.082
99967.096
99967.11
99967.123
99967.136
99967.147
99967.157
99967.166
99967.173
99967.18
99967.185
99967.19
99967.194
99967.197
99967.199
99967.2
99967.201
99967.201
99967.199
99967.197
99967.195
99967.19
99967.187
99967.177
99967.174
99967.153
99967.153
99967.119
99967.12
99967.088
99967.087
99967.153
99967.125
99967.103
99967.087
99967.077
99967.073
99967.075
99967.081
99967.091
99967.103
99967.116
99967.129
99967.142
99967.154
99967.165
99967.175
99967.184
99967.192
99967.199
99967.206
99967.212
99967.217
99967.222
99967.225
99967.228
99967.229
99967.229
99967.228
99967.226
99967.224
99967.22
99967.216
99967.208
99967.202
99967.187
99967.18
99967.156
99967.146
99967.127
99967.113
99967.17
99967.145
99967.126
99967.112
99967.104
99967.101
99967.104
99967.11
99967.12
99967.13
99967.142
99967.154
99967.166
99967.177
99967.188
99967.198
99967.207
99967.217
99967.225
99967.234
99967.241
99967.248
99967.254
99967.258
99967.261
99967.263
99967.264
99967.264
99967.262
99967.26
99967.256
99967.252
99967.246
99967.24
99967.228
99967.22
99967.202
99967.191
99967.179
99967.162
99967.191
99967.17
99967.153
99967.142
99967.136
99967.135
99967.138
99967.145
99967.153
99967.163
99967.173
99967.184
99967.195
99967.206
99967.216
99967.227
99967.237
99967.247
99967.257
99967.267
99967.276
99967.284
99967.291
99967.297
99967.301
99967.303
99967.304
99967.304
99967.303
99967.301
99967.299
99967.296
99967.291
99967.286
99967.278
99967.272
99967.26
99967.256
99967.247
99967.234
99967.216
99967.198
99967.186
99967.177
99967.173
99967.174
99967.177
99967.184
99967.191
99967.2
99967.21
99967.219
99967.229
99967.24
99967.25
99967.261
99967.272
99967.283
99967.295
99967.305
99967.316
99967.325
99967.333
99967.34
99967.344
99967.348
99967.349
99967.35
99967.349
99967.348
99967.347
99967.345
99967.344
99967.342
99967.337
99967.34
99967.329
99967.341
99967.32
99967.318
99967.246
99967.232
99967.222
99967.217
99967.215
99967.217
99967.221
99967.227
99967.234
99967.242
99967.251
99967.26
99967.269
99967.279
99967.29
99967.301
99967.313
99967.325
99967.338
99967.35
99967.361
99967.372
99967.38
99967.388
99967.393
99967.397
99967.399
99967.4
99967.401
99967.401
99967.402
99967.403
99967.404
99967.408
99967.406
99967.42
99967.406
99967.44
99967.398
99967.424
99967.28
99967.27
99967.264
99967.261
99967.262
99967.265
99967.27
99967.276
99967.282
99967.29
99967.297
99967.305
99967.314
99967.324
99967.336
99967.348
99967.36
99967.374
99967.387
99967.401
99967.413
99967.424
99967.433
99967.441
99967.446
99967.45
99967.453
99967.456
99967.458
99967.461
99967.464
99967.469
99967.474
99967.483
99967.483
99967.506
99967.487
99967.528
99967.467
99967.521
99967.32
99967.313
99967.31
99967.31
99967.313
99967.318
99967.323
99967.329
99967.335
99967.342
99967.349
99967.357
99967.366
99967.376
99967.388
99967.401
99967.415
99967.429
99967.443
99967.457
99967.47
99967.481
99967.491
99967.499
99967.504
99967.509
99967.513
99967.517
99967.522
99967.527
99967.534
99967.542
99967.551
99967.563
99967.564
99967.587
99967.568
99967.597
99967.538
99967.61
99967.365
99967.362
99967.362
99967.365
99967.369
99967.375
99967.381
99967.387
99967.393
99967.399
99967.406
99967.414
99967.424
99967.435
99967.447
99967.461
99967.476
99967.491
99967.506
99967.52
99967.533
99967.545
99967.554
99967.562
99967.568
99967.573
99967.578
99967.584
99967.591
99967.6
99967.611
99967.622
99967.633
99967.646
99967.646
99967.662
99967.65
99967.665
99967.632
99967.726
99967.417
99967.417
99967.419
99967.424
99967.43
99967.436
99967.443
99967.449
99967.455
99967.462
99967.469
99967.478
99967.488
99967.499
99967.513
99967.528
99967.543
99967.559
99967.575
99967.589
99967.602
99967.613
99967.623
99967.63
99967.636
99967.642
99967.648
99967.656
99967.666
99967.678
99967.692
99967.707
99967.719
99967.73
99967.731
99967.737
99967.742
99967.747
99967.753
99967.865
99967.474
99967.477
99967.481
99967.488
99967.495
99967.502
99967.509
99967.516
99967.523
99967.53
99967.538
99967.547
99967.558
99967.571
99967.586
99967.601
99967.618
99967.634
99967.65
99967.665
99967.677
99967.688
99967.697
99967.704
99967.71
99967.716
99967.723
99967.733
99967.746
99967.761
99967.779
99967.796
99967.81
99967.82
99967.825
99967.83
99967.859
99967.876
99967.929
99968.067
99967.538
99967.542
99967.548
99967.556
99967.564
99967.572
99967.58
99967.587
99967.594
99967.602
99967.611
99967.622
99967.635
99967.649
99967.665
99967.682
99967.699
99967.716
99967.732
99967.746
99967.758
99967.768
99967.776
99967.782
99967.788
99967.794
99967.802
99967.814
99967.829
99967.848
99967.87
99967.891
99967.91
99967.924
99967.938
99967.957
99968.009
99968.056
99968.132
99968.255
99967.607
99967.613
99967.621
99967.629
99967.638
99967.646
99967.654
99967.662
99967.67
99967.68
99967.69
99967.703
99967.717
99967.733
99967.75
99967.768
99967.786
99967.803
99967.819
99967.833
99967.844
99967.853
99967.86
99967.866
99967.871
99967.877
99967.886
99967.899
99967.917
99967.941
99967.968
99967.997
99968.024
99968.048
99968.077
99968.119
99968.189
99968.269
99968.365
99968.466
99967.683
99967.691
99967.699
99967.707
99967.716
99967.725
99967.733
99967.742
99967.752
99967.762
99967.775
99967.789
99967.805
99967.823
99967.841
99967.86
99967.879
99967.896
99967.912
99967.925
99967.936
99967.944
99967.95
99967.955
99967.959
99967.965
99967.974
99967.989
99968.011
99968.04
99968.076
99968.116
99968.156
99968.197
99968.24
99968.309
99968.384
99968.487
99968.588
99968.68
99967.766
99967.774
99967.782
99967.79
99967.799
99967.808
99967.817
99967.827
99967.837
99967.85
99967.865
99967.881
99967.899
99967.918
99967.938
99967.958
99967.977
99967.995
99968.01
99968.023
99968.033
99968.041
99968.046
99968.049
99968.053
99968.058
99968.068
99968.086
99968.112
99968.149
99968.196
99968.249
99968.307
99968.369
99968.429
99968.517
99968.592
99968.703
99968.783
99968.886
99967.855
99967.863
99967.871
99967.879
99967.887
99967.896
99967.905
99967.916
99967.928
99967.943
99967.959
99967.978
99967.998
99968.019
99968.04
99968.061
99968.081
99968.099
99968.114
99968.127
99968.137
99968.143
99968.147
99968.15
99968.153
99968.159
99968.171
99968.191
99968.223
99968.268
99968.325
99968.394
99968.47
99968.553
99968.635
99968.734
99968.816
99968.919
99968.963
99969.078
99967.951
99967.958
99967.965
99967.972
99967.98
99967.988
99967.998
99968.01
99968.024
99968.041
99968.06
99968.08
99968.102
99968.125
99968.148
99968.17
99968.19
99968.208
99968.224
99968.236
99968.245
99968.252
99968.255
99968.258
99968.261
99968.268
99968.282
99968.306
99968.343
99968.396
99968.463
99968.545
99968.637
99968.739
99968.845
99968.951
99969.041
99969.131
99969.133
99969.268
99968.054
99968.06
99968.066
99968.072
99968.079
99968.087
99968.097
99968.11
99968.126
99968.144
99968.165
99968.188
99968.212
99968.236
99968.26
99968.283
99968.304
99968.323
99968.338
99968.351
99968.36
99968.367
99968.371
99968.374
99968.379
99968.388
99968.405
99968.433
99968.475
99968.534
99968.609
99968.699
99968.803
99968.917
99969.043
99969.154
99969.255
99969.333
99969.321
99969.459
99968.163
99968.168
99968.172
99968.177
99968.183
99968.191
99968.202
99968.216
99968.233
99968.253
99968.276
99968.301
99968.326
99968.352
99968.377
99968.401
99968.423
99968.442
99968.459
99968.472
99968.481
99968.489
99968.494
99968.499
99968.506
99968.518
99968.539
99968.571
99968.618
99968.681
99968.76
99968.855
99968.964
99969.083
99969.218
99969.332
99969.436
99969.504
99969.495
99969.605
99968.278
99968.281
99968.285
99968.288
99968.293
99968.301
99968.312
99968.327
99968.346
99968.367
99968.392
99968.418
99968.446
99968.473
99968.499
99968.524
99968.547
99968.567
99968.584
99968.598
99968.609
99968.617
99968.625
99968.633
99968.643
99968.66
99968.685
99968.722
99968.772
99968.838
99968.918
99969.013
99969.123
99969.243
99969.374
99969.49
99969.591
99969.65
99969.641
99969.65
99968.399
99968.401
99968.403
99968.405
99968.41
99968.417
99968.428
99968.444
99968.464
99968.487
99968.513
99968.541
99968.57
99968.598
99968.626
99968.651
99968.675
99968.696
99968.714
99968.73
99968.743
99968.754
99968.764
99968.775
99968.791
99968.812
99968.842
99968.883
99968.937
99969.004
99969.084
99969.177
99969.283
99969.405
99969.525
99969.639
99969.731
99969.789
99969.793
99969.699
99968.526
99968.527
99968.527
99968.528
99968.532
99968.539
99968.55
99968.567
99968.587
99968.612
99968.639
99968.668
99968.698
99968.728
99968.756
99968.783
99968.808
99968.83
99968.85
99968.868
99968.883
99968.897
99968.911
99968.927
99968.947
99968.974
99969.009
99969.055
99969.112
99969.179
99969.257
99969.346
99969.445
99969.563
99969.672
99969.784
99969.869
99969.936
99969.979
99969.86
99968.659
99968.658
99968.657
99968.657
99968.66
99968.667
99968.679
99968.695
99968.717
99968.742
99968.771
99968.801
99968.832
99968.863
99968.892
99968.92
99968.946
99968.97
99968.992
99969.012
99969.031
99969.049
99969.067
99969.088
99969.114
99969.146
99969.186
99969.236
99969.294
99969.362
99969.437
99969.521
99969.612
99969.717
99969.817
99969.918
99969.988
99970.044
99970.094
99970.005
99968.798
99968.796
99968.794
99968.793
99968.795
99968.801
99968.813
99968.83
99968.852
99968.878
99968.908
99968.939
99968.971
99969.002
99969.033
99969.062
99969.09
99969.116
99969.14
99969.163
99969.186
99969.208
99969.232
99969.259
99969.29
99969.327
99969.371
99969.424
99969.483
99969.55
99969.621
99969.698
99969.782
99969.871
99969.96
99970.042
99970.088
99970.09
99970.179
99970.11
99968.943
99968.94
99968.937
99968.935
99968.936
99968.943
99968.954
99968.972
99968.994
99969.021
99969.051
99969.083
99969.115
99969.148
99969.18
99969.211
99969.24
99969.268
99969.296
99969.322
99969.349
99969.377
99969.406
99969.438
99969.475
99969.516
99969.564
99969.618
99969.678
99969.742
99969.808
99969.876
99969.952
99970.023
99970.099
99970.167
99970.218
99970.25
99970.306
99970.226
99969.094
99969.09
99969.086
99969.084
99969.085
99969.091
99969.103
99969.12
99969.143
99969.17
99969.2
99969.233
99969.266
99969.3
99969.333
99969.366
99969.397
99969.428
99969.459
99969.49
99969.521
99969.554
99969.589
99969.627
99969.668
99969.714
99969.764
99969.819
99969.876
99969.935
99969.994
99970.052
99970.113
99970.166
99970.229
99970.284
99970.337
99970.391
99970.427
99970.345
99969.25
99969.246
99969.242
99969.239
99969.24
99969.245
99969.257
99969.275
99969.297
99969.325
99969.356
99969.389
99969.423
99969.458
99969.492
99969.527
99969.561
99969.594
99969.629
99969.664
99969.7
99969.739
99969.779
99969.823
99969.869
99969.918
99969.969
99970.022
99970.075
99970.126
99970.175
99970.219
99970.261
99970.301
99970.349
99970.389
99970.43
99970.464
99970.522
99970.451
99969.412
99969.407
99969.403
99969.4
99969.4
99969.406
99969.417
99969.435
99969.458
99969.485
99969.516
99969.55
99969.585
99969.621
99969.657
99969.694
99969.73
99969.767
99969.805
99969.845
99969.886
99969.93
99969.976
99970.024
99970.074
99970.125
99970.176
99970.225
99970.271
99970.312
99970.346
99970.377
99970.402
99970.432
99970.467
99970.497
99970.529
99970.558
99970.625
99970.559
99969.579
99969.575
99969.57
99969.567
99969.567
99969.573
99969.584
99969.602
99969.625
99969.653
99969.684
99969.718
99969.755
99969.792
99969.83
99969.869
99969.908
99969.948
99969.99
99970.033
99970.079
99970.128
99970.179
99970.231
99970.284
99970.335
99970.384
99970.427
99970.463
99970.491
99970.511
99970.528
99970.54
99970.566
99970.593
99970.614
99970.628
99970.641
99970.723
99970.668
99969.753
99969.749
99969.744
99969.741
99969.741
99969.746
99969.758
99969.775
99969.798
99969.827
99969.859
99969.894
99969.931
99969.97
99970.01
99970.051
99970.093
99970.136
99970.181
99970.228
99970.278
99970.331
99970.386
99970.441
99970.495
99970.546
99970.59
99970.624
99970.649
99970.663
99970.668
99970.673
99970.683
99970.711
99970.736
99970.746
99970.722
99970.646
99970.783
99970.778
99969.932
99969.928
99969.923
99969.92
99969.92
99969.925
99969.937
99969.955
99969.978
99970.007
99970.04
99970.076
99970.114
99970.155
99970.197
99970.24
99970.284
99970.33
99970.378
99970.428
99970.481
99970.537
99970.594
99970.651
99970.705
99970.752
99970.789
99970.814
99970.825
99970.826
99970.824
99970.823
99970.841
99970.877
99970.909
99970.93
99970.925
99970.922
99970.994
99970.968
99970.116
99970.112
99970.108
99970.105
99970.105
99970.111
99970.123
99970.141
99970.165
99970.194
99970.228
99970.265
99970.305
99970.347
99970.391
99970.436
99970.482
99970.53
99970.58
99970.633
99970.688
99970.745
99970.804
99970.86
99970.911
99970.953
99970.981
99970.995
99970.995
99970.987
99970.983
99970.988
99971.019
99971.063
99971.1
99971.123
99971.117
99971.116
99971.185
99971.166
99970.306
99970.303
99970.299
99970.297
99970.297
99970.303
99970.315
99970.334
99970.358
99970.388
99970.423
99970.462
99970.503
99970.546
99970.592
99970.638
99970.686
99970.736
99970.787
99970.841
99970.897
99970.955
99971.012
99971.067
99971.113
99971.148
99971.168
99971.172
99971.165
99971.155
99971.157
99971.175
99971.221
99971.271
99971.313
99971.343
99971.35
99971.365
99971.449
99971.423
99970.503
99970.5
99970.496
99970.494
99970.495
99970.502
99970.514
99970.533
99970.559
99970.59
99970.626
99970.665
99970.708
99970.753
99970.799
99970.847
99970.896
99970.947
99970.999
99971.053
99971.108
99971.165
99971.22
99971.27
99971.311
99971.338
99971.35
99971.349
99971.34
99971.338
99971.351
99971.387
99971.442
99971.494
99971.535
99971.562
99971.567
99971.556
99971.565
99971.626
99970.704
99970.702
99970.699
99970.698
99970.699
99970.707
99970.72
99970.74
99970.767
99970.799
99970.836
99970.876
99970.92
99970.966
99971.013
99971.062
99971.111
99971.162
99971.213
99971.266
99971.32
99971.374
99971.426
99971.471
99971.506
99971.527
99971.534
99971.531
99971.527
99971.539
99971.567
99971.616
99971.674
99971.722
99971.759
99971.785
99971.796
99971.799
99971.77
99971.866
99970.912
99970.911
99970.908
99970.907
99970.91
99970.918
99970.933
99970.954
99970.981
99971.014
99971.052
99971.094
99971.138
99971.185
99971.232
99971.281
99971.33
99971.38
99971.43
99971.481
99971.533
99971.583
99971.63
99971.67
99971.7
99971.718
99971.723
99971.723
99971.729
99971.754
99971.795
99971.853
99971.909
99971.952
99971.984
99972.007
99972.025
99972.065
99972.022
99972.119
99971.126
99971.126
99971.124
99971.124
99971.128
99971.137
99971.153
99971.175
99971.204
99971.238
99971.277
99971.319
99971.364
99971.41
99971.458
99971.506
99971.554
99971.602
99971.65
99971.698
99971.746
99971.792
99971.835
99971.871
99971.899
99971.915
99971.924
99971.931
99971.949
99971.984
99972.035
99972.095
99972.146
99972.184
99972.212
99972.228
99972.24
99972.255
99972.239
99972.344
99971.346
99971.346
99971.346
99971.347
99971.352
99971.363
99971.38
99971.404
99971.433
99971.468
99971.507
99971.549
99971.594
99971.64
99971.687
99971.733
99971.78
99971.825
99971.87
99971.915
99971.958
99972.001
99972.04
99972.075
99972.103
99972.123
99972.138
99972.154
99972.184
99972.226
99972.282
99972.339
99972.384
99972.415
99972.435
99972.442
99972.447
99972.452
99972.448
99972.556
99971.571
99971.572
99971.573
99971.576
99971.583
99971.596
99971.614
99971.639
99971.669
99971.704
99971.743
99971.785
99971.829
99971.874
99971.919
99971.964
99972.008
99972.05
99972.091
99972.131
99972.171
99972.209
99972.247
99972.282
99972.314
99972.342
99972.367
99972.395
99972.432
99972.478
99972.532
99972.581
99972.616
99972.636
99972.647
99972.649
99972.651
99972.658
99972.654
99972.755
99971.803
99971.805
99971.807
99971.812
99971.821
99971.836
99971.856
99971.881
99971.912
99971.947
99971.985
99972.026
99972.069
99972.113
99972.156
99972.198
99972.239
99972.277
99972.314
99972.349
99972.383
99972.419
99972.457
99972.496
99972.536
99972.576
99972.615
99972.656
99972.699
99972.743
99972.785
99972.817
99972.834
99972.84
99972.841
99972.84
99972.85
99972.849
99972.844
99972.929
99972.042
99972.045
99972.049
99972.055
99972.067
99972.083
99972.104
99972.131
99972.162
99972.196
99972.233
99972.273
99972.314
99972.356
99972.397
99972.436
99972.472
99972.506
99972.537
99972.566
99972.597
99972.631
99972.671
99972.717
99972.77
99972.826
99972.882
99972.937
99972.982
99973.016
99973.038
99973.044
99973.039
99973.028
99973.017
99973.011
99973.01
99973.019
99973.022
99973.091
99972.287
99972.291
99972.296
99972.306
99972.319
99972.337
99972.36
99972.387
99972.418
99972.451
99972.487
99972.525
99972.564
99972.603
99972.64
99972.676
99972.707
99972.735
99972.761
99972.785
99972.813
99972.847
99972.892
99972.948
99973.016
99973.091
99973.167
99973.231
99973.273
99973.291
99973.285
99973.262
99973.234
99973.21
99973.194
99973.191
99973.193
99973.207
99973.218
99973.269
99972.538
99972.544
99972.551
99972.562
99972.578
99972.598
99972.622
99972.65
99972.68
99972.712
99972.746
99972.782
99972.818
99972.854
99972.887
99972.918
99972.944
99972.966
99972.986
99973.007
99973.033
99973.069
99973.12
99973.189
99973.274
99973.368
99973.46
99973.528
99973.561
99973.557
99973.523
99973.476
99973.431
99973.402
99973.39
99973.398
99973.411
99973.437
99973.461
99973.506
99972.796
99972.803
99972.812
99972.825
99972.844
99972.866
99972.891
99972.919
99972.948
99972.979
99973.011
99973.043
99973.076
99973.108
99973.137
99973.163
99973.183
99973.2
99973.215
99973.232
99973.258
99973.299
99973.36
99973.442
99973.543
99973.653
99973.754
99973.82
99973.839
99973.812
99973.755
99973.691
99973.642
99973.614
99973.619
99973.635
99973.653
99973.688
99973.747
99973.829
99973.06
99973.068
99973.079
99973.095
99973.115
99973.139
99973.165
99973.193
99973.221
99973.25
99973.279
99973.309
99973.338
99973.366
99973.39
99973.41
99973.425
99973.436
99973.447
99973.464
99973.492
99973.539
99973.611
99973.707
99973.822
99973.944
99974.045
99974.101
99974.103
99974.058
99973.988
99973.924
99973.885
99973.874
99973.894
99973.921
99973.949
99973.996
99974.088
99974.209
99973.331
99973.339
99973.352
99973.37
99973.392
99973.418
99973.445
99973.472
99973.5
99973.526
99973.553
99973.579
99973.604
99973.627
99973.646
99973.661
99973.671
99973.678
99973.686
99973.703
99973.735
99973.791
99973.873
99973.98
99974.106
99974.232
99974.327
99974.372
99974.36
99974.305
99974.237
99974.186
99974.168
99974.183
99974.22
99974.26
99974.298
99974.361
99974.474
99974.615
99973.607
99973.616
99973.63
99973.65
99973.674
99973.701
99973.729
99973.756
99973.783
99973.807
99973.831
99973.853
99973.874
99973.892
99973.907
99973.916
99973.922
99973.925
99973.933
99973.951
99973.989
99974.052
99974.144
99974.261
99974.395
99974.518
99974.606
99974.641
99974.623
99974.571
99974.517
99974.491
99974.502
99974.544
99974.599
99974.649
99974.694
99974.759
99974.885
99975.037
99973.889
99973.899
99973.914
99973.935
99973.961
99973.989
99974.018
99974.045
99974.07
99974.092
99974.113
99974.132
99974.149
99974.162
99974.172
99974.177
99974.179
99974.18
99974.188
99974.209
99974.252
99974.322
99974.421
99974.544
99974.68
99974.8
99974.885
99974.919
99974.908
99974.872
99974.845
99974.85
99974.889
99974.95
99975.007
99975.052
99975.09
99975.144
99975.269
99975.425
99974.179
99974.189
99974.205
99974.227
99974.254
99974.283
99974.311
99974.338
99974.362
99974.383
99974.401
99974.416
99974.429
99974.438
99974.443
99974.445
99974.444
99974.445
99974.453
99974.478
99974.525
99974.601
99974.704
99974.831
99974.967
99975.086
99975.173
99975.217
99975.223
99975.216
99975.221
99975.254
99975.312
99975.365
99975.396
99975.403
99975.397
99975.427
99975.543
99975.698
99974.474
99974.485
99974.501
99974.524
99974.551
99974.581
99974.61
99974.636
99974.659
99974.678
99974.693
99974.706
99974.715
99974.721
99974.722
99974.721
99974.718
99974.719
99974.729
99974.757
99974.808
99974.888
99974.994
99975.124
99975.257
99975.378
99975.473
99975.533
99975.566
99975.588
99975.619
99975.665
99975.716
99975.728
99975.695
99975.623
99975.544
99975.522
99975.617
99975.768
99974.777
99974.787
99974.803
99974.826
99974.854
99974.883
99974.912
99974.938
99974.96
99974.978
99974.991
99975.001
99975.007
99975.01
99975.009
99975.006
99975.002
99975.003
99975.015
99975.045
99975.099
99975.18
99975.287
99975.416
99975.548
99975.672
99975.778
99975.859
99975.919
99975.967
99976.013
99976.052
99976.062
99975.985
99975.818
99975.578
99975.344
99975.3
99975.332
99975.518
99975.085
99975.095
99975.111
99975.134
99975.161
99975.191
99975.219
99975.245
99975.266
99975.282
99975.294
99975.302
99975.306
99975.307
99975.304
99975.299
99975.296
99975.297
99975.311
99975.343
99975.398
99975.478
99975.584
99975.708
99975.837
99975.963
99976.078
99976.177
99976.258
99976.327
99976.381
99976.408
99976.369
99976.192
99975.849
99975.317
99974.655
99974.321
99974.627
99975.09
99975.399
99975.408
99975.424
99975.446
99975.473
99975.502
99975.53
99975.555
99975.576
99975.591
99975.602
99975.608
99975.611
99975.611
99975.607
99975.602
99975.599
99975.601
99975.616
99975.649
99975.704
99975.783
99975.886
99976.001
99976.124
99976.247
99976.366
99976.474
99976.569
99976.651
99976.719
99976.761
99976.734
99976.625
99976.42
99976.131
99975.828
99975.659
99975.77
99975.98
99975.72
99975.729
99975.743
99975.764
99975.79
99975.819
99975.846
99975.87
99975.89
99975.905
99975.915
99975.921
99975.924
99975.923
99975.919
99975.915
99975.912
99975.915
99975.931
99975.964
99976.017
99976.093
99976.19
99976.296
99976.409
99976.526
99976.641
99976.749
99976.847
99976.935
99977.009
99977.065
99977.075
99977.043
99976.966
99976.853
99976.729
99976.661
99976.766
99976.898
99976.047
99976.055
99976.069
99976.089
99976.113
99976.14
99976.167
99976.19
99976.21
99976.224
99976.234
99976.24
99976.243
99976.243
99976.24
99976.237
99976.235
99976.239
99976.254
99976.286
99976.338
99976.412
99976.498
99976.594
99976.696
99976.803
99976.91
99977.012
99977.106
99977.191
99977.266
99977.328
99977.362
99977.374
99977.366
99977.337
99977.296
99977.287
99977.415
99977.538
99976.381
99976.388
99976.4
99976.418
99976.442
99976.467
99976.492
99976.515
99976.534
99976.548
99976.558
99976.565
99976.569
99976.57
99976.57
99976.567
99976.566
99976.57
99976.585
99976.615
99976.664
99976.732
99976.811
99976.897
99976.988
99977.084
99977.18
99977.272
99977.358
99977.437
99977.508
99977.57
99977.613
99977.645
99977.665
99977.673
99977.668
99977.685
99977.833
99977.961
99976.72
99976.726
99976.737
99976.754
99976.775
99976.799
99976.823
99976.845
99976.863
99976.877
99976.887
99976.895
99976.901
99976.905
99976.906
99976.906
99976.906
99976.91
99976.923
99976.95
99976.995
99977.057
99977.128
99977.206
99977.288
99977.373
99977.457
99977.538
99977.615
99977.687
99977.753
99977.806
99977.852
99977.891
99977.921
99977.942
99977.95
99977.974
99978.13
99978.264
99977.064
99977.069
99977.079
99977.094
99977.114
99977.136
99977.159
99977.179
99977.196
99977.21
99977.221
99977.231
99977.238
99977.245
99977.249
99977.251
99977.252
99977.257
99977.269
99977.293
99977.335
99977.39
99977.453
99977.522
99977.596
99977.671
99977.744
99977.815
99977.883
99977.947
99978.006
99978.055
99978.098
99978.136
99978.167
99978.189
99978.196
99978.214
99978.367
99978.509
99977.414
99977.419
99977.427
99977.441
99977.459
99977.479
99977.5
99977.519
99977.536
99977.549
99977.561
99977.572
99977.582
99977.591
99977.598
99977.603
99977.606
99977.611
99977.621
99977.643
99977.681
99977.729
99977.786
99977.848
99977.914
99977.981
99978.045
99978.106
99978.165
99978.221
99978.274
99978.318
99978.358
99978.393
99978.42
99978.438
99978.437
99978.434
99978.55
99978.721
99977.77
99977.774
99977.781
99977.794
99977.81
99977.829
99977.848
99977.866
99977.881
99977.895
99977.907
99977.918
99977.93
99977.942
99977.952
99977.96
99977.966
99977.972
99977.981
99978
99978.034
99978.076
99978.127
99978.184
99978.243
99978.302
99978.359
99978.412
99978.463
99978.513
99978.559
99978.599
99978.635
99978.665
99978.688
99978.7
99978.691
99978.658
99978.697
99978.933
99978.132
99978.135
99978.141
99978.152
99978.166
99978.183
99978.201
99978.218
99978.232
99978.245
99978.258
99978.27
99978.284
99978.298
99978.311
99978.323
99978.331
99978.339
99978.349
99978.367
99978.395
99978.432
99978.478
99978.529
99978.583
99978.635
99978.685
99978.732
99978.777
99978.819
99978.86
99978.895
99978.927
99978.954
99978.976
99978.99
99978.988
99978.967
99978.997
99979.244
99978.499
99978.502
99978.507
99978.516
99978.529
99978.545
99978.561
99978.576
99978.59
99978.603
99978.615
99978.628
99978.643
99978.659
99978.675
99978.69
99978.702
99978.711
99978.723
99978.74
99978.765
99978.798
99978.839
99978.886
99978.934
99978.981
99979.025
99979.066
99979.105
99979.142
99979.174
99979.205
99979.232
99979.256
99979.276
99979.289
99979.293
99979.284
99979.313
99979.556
99978.871
99978.874
99978.878
99978.886
99978.898
99978.912
99978.927
99978.942
99978.955
99978.966
99978.978
99978.992
99979.007
99979.025
99979.044
99979.061
99979.077
99979.089
99979.102
99979.12
99979.143
99979.173
99979.21
99979.252
99979.295
99979.337
99979.375
99979.411
99979.445
99979.476
99979.503
99979.527
99979.549
99979.567
99979.581
99979.589
99979.59
99979.575
99979.591
99979.822
99979.249
99979.251
99979.255
99979.262
99979.273
99979.286
99979.299
99979.313
99979.325
99979.336
99979.348
99979.361
99979.377
99979.396
99979.416
99979.437
99979.455
99979.471
99979.487
99979.505
99979.528
99979.556
99979.59
99979.627
99979.666
99979.702
99979.736
99979.767
99979.795
99979.821
99979.842
99979.86
99979.875
99979.885
99979.891
99979.891
99979.881
99979.855
99979.848
99980.048
99979.632
99979.634
99979.637
99979.644
99979.653
99979.665
99979.678
99979.69
99979.702
99979.712
99979.723
99979.736
99979.752
99979.772
99979.794
99979.816
99979.838
99979.857
99979.877
99979.896
99979.919
99979.946
99979.977
99980.011
99980.044
99980.076
99980.105
99980.131
99980.154
99980.174
99980.19
99980.202
99980.209
99980.21
99980.206
99980.194
99980.173
99980.132
99980.085
99980.182
99980.02
99980.023
99980.026
99980.032
99980.04
99980.051
99980.063
99980.075
99980.086
99980.096
99980.106
99980.119
99980.134
99980.154
99980.177
99980.201
99980.225
99980.248
99980.271
99980.292
99980.316
99980.342
99980.371
99980.4
99980.429
99980.456
99980.481
99980.502
99980.521
99980.537
99980.547
99980.553
99980.553
99980.546
99980.53
99980.507
99980.477
99980.432
99980.362
99980.343
99980.414
99980.417
99980.42
99980.425
99980.433
99980.443
99980.455
99980.466
99980.476
99980.486
99980.496
99980.508
99980.523
99980.542
99980.565
99980.59
99980.617
99980.643
99980.668
99980.692
99980.716
99980.742
99980.769
99980.795
99980.82
99980.843
99980.863
99980.881
99980.896
99980.908
99980.914
99980.916
99980.912
99980.899
99980.878
99980.85
99980.817
99980.779
99980.722
99980.659
99980.813
99980.816
99980.819
99980.824
99980.832
99980.841
99980.851
99980.862
99980.872
99980.882
99980.892
99980.903
99980.917
99980.935
99980.958
99980.984
99981.012
99981.042
99981.069
99981.094
99981.119
99981.145
99981.169
99981.193
99981.215
99981.234
99981.251
99981.265
99981.277
99981.286
99981.292
99981.293
99981.289
99981.278
99981.259
99981.233
99981.203
99981.167
99981.116
99981.042
99981.216
99981.22
99981.223
99981.228
99981.234
99981.243
99981.253
99981.263
99981.273
99981.283
99981.292
99981.303
99981.316
99981.334
99981.356
99981.382
99981.412
99981.442
99981.471
99981.498
99981.524
99981.549
99981.572
99981.594
99981.613
99981.629
99981.643
99981.654
99981.664
99981.671
99981.676
99981.678
99981.676
99981.669
99981.655
99981.636
99981.609
99981.576
99981.531
99981.462
99981.624
99981.629
99981.632
99981.636
99981.643
99981.651
99981.66
99981.67
99981.68
99981.69
99981.699
99981.709
99981.722
99981.739
99981.76
99981.786
99981.816
99981.847
99981.876
99981.904
99981.93
99981.955
99981.978
99981.997
99982.014
99982.028
99982.04
99982.05
99982.057
99982.063
99982.068
99982.07
99982.07
99982.065
99982.057
99982.044
99982.024
99981.998
99981.962
99981.911
99982.038
99982.043
99982.046
99982.051
99982.057
99982.064
99982.073
99982.083
99982.093
99982.102
99982.112
99982.122
99982.135
99982.15
99982.171
99982.196
99982.226
99982.256
99982.285
99982.313
99982.34
99982.365
99982.386
99982.405
99982.421
99982.433
99982.444
99982.452
99982.458
99982.462
99982.466
99982.468
99982.469
99982.467
99982.463
99982.455
99982.442
99982.423
99982.396
99982.357
99982.456
99982.461
99982.465
99982.469
99982.475
99982.482
99982.49
99982.5
99982.51
99982.52
99982.53
99982.54
99982.552
99982.567
99982.586
99982.611
99982.64
99982.669
99982.698
99982.726
99982.752
99982.777
99982.798
99982.816
99982.831
99982.842
99982.852
99982.859
99982.864
99982.868
99982.871
99982.873
99982.874
99982.874
99982.872
99982.867
99982.861
99982.85
99982.834
99982.811
99982.878
99982.883
99982.887
99982.892
99982.897
99982.904
99982.912
99982.921
99982.931
99982.941
99982.951
99982.962
99982.974
99982.989
99983.007
99983.031
99983.058
99983.085
99983.113
99983.141
99983.167
99983.191
99983.212
99983.229
99983.244
99983.255
99983.264
99983.27
99983.275
99983.279
99983.281
99983.283
99983.284
99983.284
99983.284
99983.282
99983.279
99983.274
99983.267
99983.255
99983.305
99983.311
99983.315
99983.319
99983.324
99983.33
99983.338
99983.347
99983.357
99983.367
99983.378
99983.389
99983.402
99983.416
99983.434
99983.457
99983.481
99983.507
99983.534
99983.561
99983.587
99983.61
99983.63
99983.647
99983.661
99983.672
99983.68
99983.687
99983.691
99983.695
99983.698
99983.699
99983.7
99983.701
99983.702
99983.702
99983.702
99983.701
99983.7
99983.697
99983.739
99983.744
99983.748
99983.753
99983.757
99983.763
99983.77
99983.779
99983.789
99983.8
99983.811
99983.823
99983.835
99983.85
99983.868
99983.889
99983.912
99983.937
99983.962
99983.988
99984.013
99984.035
99984.054
99984.071
99984.084
99984.094
99984.103
99984.109
99984.114
99984.117
99984.12
99984.122
99984.124
99984.126
99984.127
99984.128
99984.13
99984.131
99984.132
99984.133
99984.177
99984.183
99984.187
99984.191
99984.196
99984.201
99984.208
99984.216
99984.226
99984.237
99984.249
99984.261
99984.275
99984.29
99984.308
99984.328
99984.349
99984.372
99984.396
99984.421
99984.444
99984.465
99984.484
99984.499
99984.512
99984.522
99984.53
99984.536
99984.541
99984.544
99984.548
99984.55
99984.552
99984.554
99984.556
99984.558
99984.56
99984.562
99984.565
99984.568
99984.621
99984.626
99984.63
99984.634
99984.639
99984.644
99984.65
99984.658
99984.668
99984.679
99984.691
99984.704
99984.718
99984.734
99984.752
99984.771
99984.791
99984.813
99984.836
99984.858
99984.88
99984.9
99984.917
99984.932
99984.944
99984.954
99984.961
99984.967
99984.972
99984.976
99984.979
99984.982
99984.984
99984.986
99984.988
99984.991
99984.993
99984.996
99984.998
99985.001
99985.069
99985.074
99985.078
99985.082
99985.087
99985.092
99985.098
99985.106
99985.115
99985.126
99985.139
99985.152
99985.167
99985.183
99985.202
99985.22
99985.239
99985.26
99985.281
99985.302
99985.322
99985.34
99985.356
99985.37
99985.381
99985.39
99985.397
99985.403
99985.407
99985.411
99985.414
99985.417
99985.42
99985.422
99985.425
99985.427
99985.43
99985.432
99985.435
99985.438
99985.524
99985.528
99985.532
99985.536
99985.541
99985.546
99985.552
99985.559
99985.569
99985.58
99985.592
99985.606
99985.622
99985.639
99985.657
99985.675
99985.693
99985.713
99985.732
99985.752
99985.77
99985.787
99985.801
99985.814
99985.824
99985.832
99985.839
99985.844
99985.848
99985.852
99985.855
99985.857
99985.86
99985.863
99985.865
99985.868
99985.87
99985.873
99985.876
99985.879
99985.986
99985.989
99985.992
99985.996
99986.001
99986.006
99986.012
99986.02
99986.029
99986.04
99986.052
99986.067
99986.083
99986.101
99986.118
99986.136
99986.154
99986.172
99986.19
99986.208
99986.224
99986.239
99986.252
99986.264
99986.273
99986.28
99986.286
99986.291
99986.295
99986.298
99986.301
99986.304
99986.306
99986.309
99986.311
99986.314
99986.316
99986.318
99986.321
99986.323
99986.453
99986.455
99986.458
99986.462
99986.467
99986.472
99986.478
99986.486
99986.495
99986.505
99986.518
99986.533
99986.549
99986.567
99986.584
99986.601
99986.619
99986.636
99986.653
99986.669
99986.684
99986.697
99986.709
99986.718
99986.727
99986.733
99986.738
99986.743
99986.746
99986.749
99986.752
99986.754
99986.756
99986.758
99986.76
99986.762
99986.765
99986.767
99986.769
99986.771
99986.925
99986.927
99986.929
99986.933
99986.938
99986.943
99986.949
99986.957
99986.966
99986.977
99986.989
99987.004
99987.021
99987.038
99987.055
99987.072
99987.088
99987.105
99987.12
99987.135
99987.148
99987.16
99987.17
99987.178
99987.185
99987.191
99987.195
99987.199
99987.202
99987.204
99987.206
99987.208
99987.21
99987.212
99987.214
99987.216
99987.217
99987.219
99987.221
99987.223
99987.403
99987.404
99987.406
99987.41
99987.414
99987.42
99987.426
99987.434
99987.443
99987.454
99987.466
99987.481
99987.498
99987.515
99987.531
99987.547
99987.563
99987.578
99987.593
99987.606
99987.618
99987.628
99987.636
99987.644
99987.649
99987.654
99987.657
99987.66
99987.662
99987.664
99987.666
99987.668
99987.669
99987.671
99987.672
99987.673
99987.675
99987.676
99987.678
99987.679
99987.886
99987.887
99987.888
99987.892
99987.896
99987.902
99987.909
99987.917
99987.926
99987.937
99987.949
99987.964
99987.98
99987.996
99988.012
99988.027
99988.042
99988.057
99988.07
99988.082
99988.092
99988.101
99988.108
99988.114
99988.118
99988.122
99988.124
99988.126
99988.128
99988.129
99988.13
99988.132
99988.133
99988.134
99988.135
99988.136
99988.137
99988.138
99988.139
99988.14
99988.376
99988.376
99988.377
99988.38
99988.385
99988.391
99988.398
99988.406
99988.415
99988.426
99988.439
99988.454
99988.469
99988.483
99988.498
99988.513
99988.527
99988.54
99988.553
99988.563
99988.572
99988.579
99988.586
99988.59
99988.594
99988.596
99988.598
99988.599
99988.6
99988.601
99988.602
99988.603
99988.604
99988.604
99988.605
99988.605
99988.606
99988.607
99988.608
99988.609
99988.871
99988.871
99988.871
99988.874
99988.879
99988.885
99988.893
99988.901
99988.91
99988.921
99988.934
99988.949
99988.962
99988.976
99988.99
99989.004
99989.017
99989.029
99989.04
99989.05
99989.057
99989.064
99989.069
99989.072
99989.075
99989.077
99989.078
99989.078
99989.079
99989.079
99989.079
99989.079
99989.079
99989.08
99989.08
99989.08
99989.081
99989.081
99989.082
99989.083
99989.372
99989.372
99989.372
99989.375
99989.38
99989.386
99989.393
99989.402
99989.412
99989.423
99989.436
99989.449
99989.462
99989.475
99989.488
99989.501
99989.513
99989.524
99989.534
99989.542
99989.549
99989.554
99989.558
99989.56
99989.562
99989.563
99989.563
99989.563
99989.563
99989.563
99989.563
99989.562
99989.562
99989.562
99989.562
99989.562
99989.562
99989.562
99989.563
99989.563
99989.878
99989.877
99989.878
99989.881
99989.885
99989.892
99989.899
99989.908
99989.918
99989.93
99989.942
99989.954
99989.966
99989.978
99989.99
99990.002
99990.013
99990.023
99990.031
99990.039
99990.044
99990.048
99990.051
99990.053
99990.054
99990.054
99990.054
99990.054
99990.053
99990.052
99990.051
99990.051
99990.05
99990.05
99990.049
99990.049
99990.049
99990.048
99990.049
99990.049
99990.388
99990.387
99990.388
99990.391
99990.396
99990.402
99990.41
99990.419
99990.43
99990.441
99990.452
99990.463
99990.474
99990.486
99990.497
99990.507
99990.517
99990.526
99990.533
99990.539
99990.544
99990.547
99990.549
99990.55
99990.55
99990.55
99990.549
99990.548
99990.547
99990.546
99990.545
99990.544
99990.543
99990.542
99990.541
99990.541
99990.54
99990.539
99990.539
99990.539
99990.904
99990.904
99990.905
99990.908
99990.913
99990.919
99990.927
99990.936
99990.947
99990.958
99990.969
99990.979
99990.989
99990.999
99991.009
99991.019
99991.028
99991.035
99991.041
99991.046
99991.05
99991.052
99991.053
99991.053
99991.053
99991.052
99991.051
99991.05
99991.048
99991.047
99991.046
99991.044
99991.043
99991.042
99991.041
99991.04
99991.039
99991.038
99991.038
99991.037
99991.425
99991.426
99991.427
99991.43
99991.435
99991.442
99991.45
99991.46
99991.47
99991.48
99991.49
99991.5
99991.509
99991.518
99991.527
99991.536
99991.543
99991.55
99991.555
99991.558
99991.561
99991.562
99991.562
99991.562
99991.561
99991.56
99991.558
99991.556
99991.555
99991.553
99991.551
99991.55
99991.548
99991.547
99991.546
99991.544
99991.543
99991.542
99991.541
99991.54
99991.951
99991.952
99991.953
99991.957
99991.962
99991.969
99991.978
99991.988
99991.998
99992.007
99992.016
99992.024
99992.033
99992.041
99992.049
99992.057
99992.063
99992.068
99992.072
99992.075
99992.076
99992.077
99992.076
99992.075
99992.074
99992.072
99992.07
99992.068
99992.066
99992.064
99992.062
99992.06
99992.058
99992.056
99992.054
99992.053
99992.051
99992.05
99992.049
99992.048
99992.48
99992.482
99992.484
99992.488
99992.494
99992.501
99992.51
99992.519
99992.528
99992.537
99992.545
99992.553
99992.561
99992.568
99992.575
99992.582
99992.587
99992.591
99992.594
99992.596
99992.596
99992.596
99992.595
99992.593
99992.591
99992.589
99992.586
99992.583
99992.581
99992.579
99992.576
99992.574
99992.572
99992.57
99992.568
99992.566
99992.564
99992.563
99992.562
99992.561
99993.014
99993.017
99993.019
99993.024
99993.03
99993.037
99993.046
99993.055
99993.063
99993.071
99993.078
99993.086
99993.093
99993.099
99993.105
99993.111
99993.115
99993.119
99993.12
99993.121
99993.121
99993.12
99993.118
99993.116
99993.113
99993.11
99993.107
99993.104
99993.101
99993.098
99993.095
99993.092
99993.089
99993.086
99993.085
99993.083
99993.082
99993.08
99993.079
99993.078
99993.553
99993.556
99993.56
99993.565
99993.571
99993.578
99993.587
99993.595
99993.602
99993.609
99993.616
99993.623
99993.629
99993.635
99993.641
99993.645
99993.649
99993.651
99993.652
99993.652
99993.651
99993.649
99993.647
99993.644
99993.641
99993.638
99993.634
99993.631
99993.628
99993.624
99993.621
99993.618
99993.615
99993.613
99993.611
99993.609
99993.607
99993.605
99993.604
99993.603
99994.094
99994.099
99994.103
99994.109
99994.115
99994.122
99994.13
99994.137
99994.144
99994.151
99994.157
99994.163
99994.169
99994.174
99994.179
99994.183
99994.186
99994.187
99994.188
99994.187
99994.185
99994.183
99994.18
99994.177
99994.173
99994.169
99994.166
99994.162
99994.158
99994.155
99994.151
99994.148
99994.145
99994.142
99994.14
99994.137
99994.135
99994.133
99994.132
99994.131
99994.64
99994.645
99994.65
99994.656
99994.662
99994.67
99994.676
99994.683
99994.689
99994.695
99994.701
99994.707
99994.712
99994.717
99994.721
99994.724
99994.726
99994.727
99994.727
99994.726
99994.723
99994.721
99994.718
99994.714
99994.71
99994.706
99994.702
99994.697
99994.694
99994.69
99994.686
99994.683
99994.679
99994.677
99994.674
99994.672
99994.67
99994.668
99994.666
99994.665
99995.19
99995.196
99995.201
99995.207
99995.213
99995.221
99995.227
99995.233
99995.239
99995.244
99995.249
99995.254
99995.259
99995.263
99995.267
99995.269
99995.271
99995.272
99995.271
99995.269
99995.267
99995.264
99995.26
99995.256
99995.252
99995.248
99995.243
99995.239
99995.235
99995.231
99995.227
99995.224
99995.22
99995.218
99995.215
99995.213
99995.21
99995.208
99995.207
99995.206
99995.744
99995.75
99995.756
99995.762
99995.768
99995.775
99995.781
99995.786
99995.791
99995.796
99995.801
99995.806
99995.81
99995.813
99995.816
99995.819
99995.82
99995.82
99995.819
99995.817
99995.814
99995.811
99995.807
99995.803
99995.799
99995.795
99995.79
99995.786
99995.782
99995.778
99995.774
99995.77
99995.767
99995.764
99995.762
99995.76
99995.757
99995.756
99995.754
99995.753
99996.301
99996.307
99996.313
99996.318
99996.325
99996.331
99996.336
99996.342
99996.346
99996.351
99996.355
99996.359
99996.363
99996.366
99996.369
99996.37
99996.371
99996.371
99996.37
99996.368
99996.365
99996.362
99996.358
99996.354
99996.35
99996.345
99996.341
99996.336
99996.332
99996.328
99996.324
99996.321
99996.317
99996.315
99996.312
99996.31
99996.308
99996.306
99996.304
99996.303
99996.861
99996.867
99996.873
99996.878
99996.885
99996.89
99996.895
99996.9
99996.904
99996.908
99996.912
99996.915
99996.919
99996.921
99996.924
99996.925
99996.926
99996.925
99996.924
99996.922
99996.919
99996.916
99996.913
99996.908
99996.904
99996.9
99996.896
99996.892
99996.888
99996.884
99996.881
99996.877
99996.874
99996.872
99996.87
99996.868
99996.867
99996.865
99996.864
99996.864
99997.425
99997.431
99997.436
99997.441
99997.448
99997.452
99997.457
99997.461
99997.464
99997.468
99997.471
99997.474
99997.477
99997.48
99997.482
99997.483
99997.484
99997.483
99997.482
99997.48
99997.478
99997.474
99997.471
99997.467
99997.463
99997.459
99997.456
99997.452
99997.448
99997.445
99997.442
99997.439
99997.436
99997.433
99997.431
99997.43
99997.428
99997.427
99997.425
99997.424
99997.993
99997.998
99998.003
99998.008
99998.013
99998.017
99998.021
99998.024
99998.027
99998.03
99998.033
99998.035
99998.038
99998.04
99998.042
99998.043
99998.043
99998.043
99998.042
99998.04
99998.038
99998.035
99998.032
99998.029
99998.026
99998.023
99998.02
99998.017
99998.014
99998.012
99998.01
99998.008
99998.006
99998.005
99998.004
99998.004
99998.004
99998.004
99998.004
99998.005
99998.565
99998.569
99998.573
99998.577
99998.581
99998.584
99998.587
99998.59
99998.592
99998.594
99998.597
99998.599
99998.601
99998.603
99998.604
99998.605
99998.606
99998.606
99998.605
99998.604
99998.602
99998.6
99998.598
99998.595
99998.593
99998.59
99998.588
99998.585
99998.583
99998.581
99998.579
99998.577
99998.575
99998.574
99998.573
99998.572
99998.572
99998.571
99998.57
99998.567
99999.14
99999.142
99999.144
99999.148
99999.15
99999.152
99999.154
99999.156
99999.157
99999.159
99999.16
99999.162
99999.163
99999.164
99999.165
99999.165
99999.165
99999.165
99999.164
99999.164
99999.163
99999.162
99999.16
99999.16
99999.159
99999.158
99999.158
99999.158
99999.159
99999.16
99999.161
99999.163
99999.164
99999.167
99999.169
99999.172
99999.176
99999.179
99999.183
99999.188
99999.713
99999.713
99999.713
99999.714
99999.715
99999.716
99999.717
99999.718
99999.72
99999.721
99999.723
99999.725
99999.726
99999.728
99999.729
99999.731
99999.732
99999.732
99999.732
99999.732
99999.732
99999.731
99999.73
99999.729
99999.728
99999.726
99999.724
99999.722
99999.719
99999.716
99999.713
99999.71
99999.707
99999.704
99999.7
99999.697
99999.693
99999.69
99999.686
99999.68
)
;

boundaryField
{
    inletCH4
    {
        type            zeroGradient;
    }
    wallOutside
    {
        type            zeroGradient;
    }
    outlet
    {
        type            fixedValue;
        value           uniform 100000;
    }
    inletPilot
    {
        type            zeroGradient;
    }
    wallTube
    {
        type            zeroGradient;
    }
    inletAir
    {
        type            zeroGradient;
    }
    frontAndBack_pos
    {
        type            wedge;
    }
    frontAndBack_neg
    {
        type            wedge;
    }
}


// ************************************************************************* //
