0	-3.75985
0.0025	-3.75784
0.005	-3.74554
0.0075	-3.72475
0.01	-3.6956
0.0125	-3.6581
0.015	-3.61234
0.0175	-3.55841
0.02	-3.49647
0.0225	-3.42669
0.025	-3.34928
0.0275	-3.26449
0.03	-3.17256
0.0325	-3.07373
0.035	-2.9682
0.0375	-2.85612
0.04	-2.73755
0.0425	-2.6124
0.045	-2.48049
0.0475	-2.34145
0.05	-2.1947
0.0525	-2.0395
0.055	-1.87486
0.0575	-1.69961
0.06	-1.51236
0.0625	-1.31152
0.065	-1.09535
0.0675	-0.861992
0.07	-0.609519
0.0725	-0.335984
0.075	-0.039536
0.0775	0.2815
0.08	0.628555
0.0825	1.00263
0.085	1.40406
0.0875	1.8322
0.09	2.28511
0.0925	2.75896
0.095	3.24735
0.0975	3.74041
0.1	4.22435
0.1025	4.67917
0.105113	5.09498
0.107852	5.4288
0.110719	5.62298
0.113722	5.61804
0.116868	5.37612
0.120162	4.9023
0.123611	4.24823
0.127224	3.49131
0.131007	2.70898
0.134969	1.9672
0.139119	1.31954
0.143464	0.809276
0.148014	0.460484
0.152779	0.260035
0.157769	0.16204
0.162994	0.11921
0.168465	0.102196
0.174195	0.0966301
0.180194	0.0960777
0.186476	0.0973936
0.193054	0.0987399
0.199941	0.098862
0.207153	0.0967939
0.214703	0.0917312
0.222609	0.0829725
0.230886	0.069881
0.239552	0.0518677
0.248624	0.0283703
0.258	-0.000556324
0.268	-0.0364374
0.277049	-0.0727966
0.285248	-0.10852
0.292759	-0.143077
0.299666	-0.176025
0.306042	-0.20707
0.311937	-0.235991
0.31741	-0.26275
0.322496	-0.287271
0.327236	-0.309596
0.331662	-0.32977
0.335804	-0.34787
0.339685	-0.363955
0.343322	-0.378089
0.344336	-0.381725
0.346739	-0.390377
0.349945	-0.400868
0.352957	-0.409648
0.355792	-0.416788
0.358459	-0.42234
0.36097	-0.42635
0.363335	-0.428842
0.365559	-0.429814
0.367648	-0.429239
0.369611	-0.427039
0.371452	-0.423055
0.373175	-0.416979
0.374782	-0.408229
0.376272	-0.395512
0.377647	-0.374807
0.378903	-0.303877
0.38	0
