0	0.0593119
0.0025	0.0889768
0.005	0.222389
0.0075	0.345562
0.01	0.465655
0.0125	0.5839
0.015	0.700513
0.0175	0.815396
0.02	0.928304
0.0225	1.0389
0.025	1.14677
0.0275	1.25146
0.03	1.35243
0.0325	1.44912
0.035	1.54094
0.0375	1.62724
0.04	1.70739
0.0425	1.78077
0.045	1.84678
0.0475	1.90488
0.05	1.95461
0.0525	1.99562
0.055	2.02767
0.0575	2.0507
0.06	2.06476
0.0625	2.0701
0.065	2.06713
0.0675	2.05641
0.07	2.03868
0.0725	2.01484
0.075	1.98601
0.0775	1.95353
0.08	1.91915
0.0825	1.88511
0.085	1.85443
0.0875	1.83109
0.09	1.82032
0.0925	1.82849
0.095	1.86277
0.0975	1.93
0.1	2.03526
0.1025	2.17976
0.105113	2.36473
0.107852	2.5706
0.110719	2.75412
0.113722	2.86525
0.116868	2.8838
0.120162	2.83001
0.123611	2.73554
0.127224	2.6188
0.131007	2.48917
0.134969	2.36345
0.139119	2.26343
0.143464	2.19618
0.148014	2.15192
0.152779	2.11799
0.157769	2.08661
0.162994	2.05424
0.168465	2.01941
0.174195	1.98153
0.180194	1.94044
0.186476	1.89617
0.193054	1.84887
0.199941	1.7988
0.207153	1.74625
0.214703	1.69154
0.222609	1.63507
0.230886	1.57726
0.239552	1.51859
0.248624	1.45954
0.258	1.40161
0.268	1.34323
0.277049	1.2933
0.285248	1.25061
0.292759	1.21357
0.299666	1.18113
0.306042	1.15248
0.311937	1.12698
0.31741	1.10404
0.322496	1.08325
0.327236	1.06422
0.331662	1.04666
0.335804	1.03028
0.339685	1.01489
0.343322	1.00031
0.346739	0.986337
0.349945	0.972853
0.352957	0.959695
0.355792	0.946707
0.358459	0.933743
0.36097	0.920628
0.363335	0.907165
0.365559	0.893139
0.367648	0.878253
0.369611	0.86207
0.371452	0.843963
0.373175	0.822872
0.374782	0.796898
0.376272	0.76174
0.377647	0.704177
0.378903	0.563192
0.38	0
