0	0.00197398
0.00161909	0.00296323
0.00323819	0.00741401
0.00485728	0.0115278
0.00647638	0.0155405
0.00809547	0.0194911
0.00971457	0.0233825
0.0113337	0.0272046
0.0129528	0.0309388
0.0145719	0.0345588
0.0161909	0.0380298
0.01781	0.0413084
0.0194291	0.0443421
0.0210482	0.047071
0.0226673	0.0494309
0.0242864	0.0513598
0.0259055	0.0528067
0.0275246	0.0537433
0.0291437	0.0541763
0.0307628	0.0541588
0.0323819	0.0538086
0.034001	0.0533448
0.0356201	0.05318
0.0372392	0.0541435
0.0388583	0.0580501
0.0404774	0.0696214
0.0420965	0.105949
0.0437156	0.238596
0.0453346	0.65715
0.0469537	1.55114
0.0485728	2.87602
0.0501919	4.41504
0.051811	5.87142
0.0534301	6.93701
0.0550492	7.5571
0.0566683	7.91793
0.0582874	8.1892
0.0599065	8.42978
0.0615256	8.6955
0.0631447	8.56423
0.0647638	0
