0	0.0129769
0.0025	0.0194627
0.005	0.048636
0.0075	0.0755995
0.01	0.101952
0.0125	0.127995
0.015	0.153812
0.0175	0.179427
0.02	0.204838
0.0225	0.230035
0.025	0.255002
0.0275	0.279721
0.03	0.304171
0.0325	0.328331
0.035	0.35218
0.0375	0.375694
0.04	0.398853
0.0425	0.421633
0.045	0.444012
0.0475	0.465968
0.05	0.487478
0.0525	0.508522
0.055	0.529076
0.0575	0.54912
0.06	0.568634
0.0625	0.587596
0.065	0.605988
0.0675	0.623789
0.07	0.640984
0.0725	0.657553
0.075	0.673481
0.0775	0.688754
0.08	0.703357
0.0825	0.717279
0.085	0.73051
0.0875	0.74304
0.09	0.754863
0.0925	0.765975
0.095	0.776372
0.0975	0.786056
0.1	0.795029
0.1025	0.803291
0.105113	0.811173
0.107852	0.818627
0.110719	0.825569
0.113722	0.831921
0.116868	0.837601
0.120162	0.842533
0.123611	0.846648
0.127224	0.849887
0.131007	0.852207
0.134969	0.853583
0.139119	0.854016
0.143464	0.853535
0.148014	0.852201
0.152779	0.850104
0.157769	0.847368
0.162994	0.844141
0.168465	0.84059
0.174195	0.836892
0.180194	0.833225
0.186476	0.829741
0.193054	0.826552
0.199941	0.823747
0.207153	0.821324
0.214703	0.819186
0.222609	0.817182
0.230886	0.815051
0.239552	0.812431
0.248624	0.808897
0.258	0.804045
0.268	0.799196
0.277049	0.790106
0.280701	0.786329
0.285248	0.782195
0.292759	0.774439
0.299666	0.766801
0.306042	0.759671
0.309103	0.756323
0.311937	0.753509
0.31741	0.74837
0.322496	0.744136
0.327236	0.740817
0.331662	0.738367
0.335804	0.736704
0.336944	0.736401
0.339685	0.735818
0.343322	0.735521
0.346739	0.735667
0.349945	0.736158
0.352957	0.736903
0.355792	0.737815
0.358459	0.738817
0.36097	0.739836
0.363335	0.740807
0.36356	0.740893
0.365559	0.741695
0.367648	0.7424
0.369611	0.742858
0.371452	0.742998
0.373175	0.742742
0.374782	0.742001
0.376272	0.740666
0.377647	0.738617
0.378903	0.680602
0.38	0
