/*--------------------------------*- C++ -*----------------------------------*\
| =========                 |                                                 |
| \\      /  F ield         | OpenFOAM: The Open Source CFD Toolbox           |
|  \\    /   O peration     | Version:  2.3.0                                 |
|   \\  /    A nd           | Web:      www.OpenFOAM.org                      |
|    \\/     M anipulation  |                                                 |
\*---------------------------------------------------------------------------*/
FoamFile
{
    version     2.0;
    format      ascii;
    class       volScalarField;
    location    "9900/bottomAir";
    object      T;
}
// * * * * * * * * * * * * * * * * * * * * * * * * * * * * * * * * * * * * * //

dimensions      [0 0 0 1 0 0 0];

internalField   nonuniform List<scalar> 
4000
(
1199.602
1199.772
1199.827
1199.813
1199.808
1199.809
1199.81
1199.81
1199.81
1199.81
1199.81
1199.81
1199.81
1199.81
1199.81
1199.81
1199.81
1199.81
1199.81
1199.81
1199.81
1199.81
1199.81
1199.81
1199.81
1199.81
1199.81
1199.81
1199.81
1199.81
1199.81
1199.81
1199.81
1199.81
1199.81
1199.81
1199.81
1199.81
1199.81
1199.81
1199.81
1199.81
1199.81
1199.81
1199.81
1199.81
1199.81
1199.81
1199.81
1199.81
1199.81
1199.81
1199.81
1199.81
1199.81
1199.81
1199.81
1199.81
1199.81
1199.81
1199.81
1199.81
1199.81
1199.81
1199.81
1199.81
1199.81
1199.81
1199.81
1199.81
1199.81
1199.81
1199.81
1199.81
1199.81
1199.81
1199.81
1199.81
1199.81
1199.81
1199.81
1199.81
1199.81
1199.81
1199.81
1199.81
1199.81
1199.81
1199.81
1199.81
1199.81
1199.81
1199.81
1199.81
1199.81
1199.81
1199.81
1199.81
1199.81
1199.81
1199.602
1199.772
1199.827
1199.813
1199.808
1199.809
1199.81
1199.81
1199.81
1199.81
1199.81
1199.81
1199.81
1199.81
1199.81
1199.81
1199.81
1199.81
1199.81
1199.81
1199.81
1199.81
1199.81
1199.81
1199.81
1199.81
1199.81
1199.81
1199.81
1199.81
1199.81
1199.81
1199.81
1199.81
1199.81
1199.81
1199.81
1199.81
1199.81
1199.81
1199.81
1199.81
1199.81
1199.81
1199.81
1199.81
1199.81
1199.81
1199.81
1199.81
1199.81
1199.81
1199.81
1199.81
1199.81
1199.81
1199.81
1199.81
1199.81
1199.81
1199.81
1199.81
1199.81
1199.81
1199.81
1199.81
1199.81
1199.81
1199.81
1199.81
1199.81
1199.81
1199.81
1199.81
1199.81
1199.81
1199.81
1199.81
1199.81
1199.81
1199.81
1199.81
1199.81
1199.81
1199.81
1199.81
1199.81
1199.81
1199.81
1199.81
1199.81
1199.81
1199.81
1199.81
1199.81
1199.81
1199.81
1199.81
1199.81
1199.81
1199.602
1199.772
1199.827
1199.813
1199.808
1199.809
1199.81
1199.81
1199.81
1199.81
1199.81
1199.81
1199.81
1199.81
1199.81
1199.81
1199.81
1199.81
1199.81
1199.81
1199.81
1199.81
1199.81
1199.81
1199.81
1199.81
1199.81
1199.81
1199.81
1199.81
1199.81
1199.81
1199.81
1199.81
1199.81
1199.81
1199.81
1199.81
1199.81
1199.81
1199.81
1199.81
1199.81
1199.81
1199.81
1199.81
1199.81
1199.81
1199.81
1199.81
1199.81
1199.81
1199.81
1199.81
1199.81
1199.81
1199.81
1199.81
1199.81
1199.81
1199.81
1199.81
1199.81
1199.81
1199.81
1199.81
1199.81
1199.81
1199.81
1199.81
1199.81
1199.81
1199.81
1199.81
1199.81
1199.81
1199.81
1199.81
1199.81
1199.81
1199.81
1199.81
1199.81
1199.81
1199.81
1199.81
1199.81
1199.81
1199.81
1199.81
1199.81
1199.81
1199.81
1199.81
1199.81
1199.81
1199.81
1199.81
1199.81
1199.81
1199.602
1199.772
1199.827
1199.813
1199.808
1199.809
1199.81
1199.81
1199.81
1199.81
1199.81
1199.81
1199.81
1199.81
1199.81
1199.81
1199.81
1199.81
1199.81
1199.81
1199.81
1199.81
1199.81
1199.81
1199.81
1199.81
1199.81
1199.81
1199.81
1199.81
1199.81
1199.81
1199.81
1199.81
1199.81
1199.81
1199.81
1199.81
1199.81
1199.81
1199.81
1199.81
1199.81
1199.81
1199.81
1199.81
1199.81
1199.81
1199.81
1199.81
1199.81
1199.81
1199.81
1199.81
1199.81
1199.81
1199.81
1199.81
1199.81
1199.81
1199.81
1199.81
1199.81
1199.81
1199.81
1199.81
1199.81
1199.81
1199.81
1199.81
1199.81
1199.81
1199.81
1199.81
1199.81
1199.81
1199.81
1199.81
1199.81
1199.81
1199.81
1199.81
1199.81
1199.81
1199.81
1199.81
1199.81
1199.81
1199.81
1199.81
1199.81
1199.81
1199.81
1199.81
1199.81
1199.81
1199.81
1199.81
1199.81
1199.81
1199.602
1199.772
1199.827
1199.813
1199.808
1199.809
1199.81
1199.81
1199.81
1199.81
1199.81
1199.81
1199.81
1199.81
1199.81
1199.81
1199.81
1199.81
1199.81
1199.81
1199.81
1199.81
1199.81
1199.81
1199.81
1199.81
1199.81
1199.81
1199.81
1199.81
1199.81
1199.81
1199.81
1199.81
1199.81
1199.81
1199.81
1199.81
1199.81
1199.81
1199.81
1199.81
1199.81
1199.81
1199.81
1199.81
1199.81
1199.81
1199.81
1199.81
1199.81
1199.81
1199.81
1199.81
1199.81
1199.81
1199.81
1199.81
1199.81
1199.81
1199.81
1199.81
1199.81
1199.81
1199.81
1199.81
1199.81
1199.81
1199.81
1199.81
1199.81
1199.81
1199.81
1199.81
1199.81
1199.81
1199.81
1199.81
1199.81
1199.81
1199.81
1199.81
1199.81
1199.81
1199.81
1199.81
1199.81
1199.81
1199.81
1199.81
1199.81
1199.81
1199.81
1199.81
1199.81
1199.81
1199.81
1199.81
1199.81
1199.81
1199.602
1199.772
1199.827
1199.813
1199.808
1199.809
1199.81
1199.81
1199.81
1199.81
1199.81
1199.81
1199.81
1199.81
1199.81
1199.81
1199.81
1199.81
1199.81
1199.81
1199.81
1199.81
1199.81
1199.81
1199.81
1199.81
1199.81
1199.81
1199.81
1199.81
1199.81
1199.81
1199.81
1199.81
1199.81
1199.81
1199.81
1199.81
1199.81
1199.81
1199.81
1199.81
1199.81
1199.81
1199.81
1199.81
1199.81
1199.81
1199.81
1199.81
1199.81
1199.81
1199.81
1199.81
1199.81
1199.81
1199.81
1199.81
1199.81
1199.81
1199.81
1199.81
1199.81
1199.81
1199.81
1199.81
1199.81
1199.81
1199.81
1199.81
1199.81
1199.81
1199.81
1199.81
1199.81
1199.81
1199.81
1199.81
1199.81
1199.81
1199.81
1199.81
1199.81
1199.81
1199.81
1199.81
1199.81
1199.81
1199.81
1199.81
1199.81
1199.81
1199.81
1199.81
1199.81
1199.81
1199.81
1199.81
1199.81
1199.81
1199.602
1199.772
1199.827
1199.813
1199.808
1199.809
1199.81
1199.81
1199.81
1199.81
1199.81
1199.81
1199.81
1199.81
1199.81
1199.81
1199.81
1199.81
1199.81
1199.81
1199.81
1199.81
1199.81
1199.81
1199.81
1199.81
1199.81
1199.81
1199.81
1199.81
1199.81
1199.81
1199.81
1199.81
1199.81
1199.81
1199.81
1199.81
1199.81
1199.81
1199.81
1199.81
1199.81
1199.81
1199.81
1199.81
1199.81
1199.81
1199.81
1199.81
1199.81
1199.81
1199.81
1199.81
1199.81
1199.81
1199.81
1199.81
1199.81
1199.81
1199.81
1199.81
1199.81
1199.81
1199.81
1199.81
1199.81
1199.81
1199.81
1199.81
1199.81
1199.81
1199.81
1199.81
1199.81
1199.81
1199.81
1199.81
1199.81
1199.81
1199.81
1199.81
1199.81
1199.81
1199.81
1199.81
1199.81
1199.81
1199.81
1199.81
1199.81
1199.81
1199.81
1199.81
1199.81
1199.81
1199.81
1199.81
1199.81
1199.81
1199.602
1199.772
1199.827
1199.813
1199.808
1199.809
1199.81
1199.81
1199.81
1199.81
1199.81
1199.81
1199.81
1199.81
1199.81
1199.81
1199.81
1199.81
1199.81
1199.81
1199.81
1199.81
1199.81
1199.81
1199.81
1199.81
1199.81
1199.81
1199.81
1199.81
1199.81
1199.81
1199.81
1199.81
1199.81
1199.81
1199.81
1199.81
1199.81
1199.81
1199.81
1199.81
1199.81
1199.81
1199.81
1199.81
1199.81
1199.81
1199.81
1199.81
1199.81
1199.81
1199.81
1199.81
1199.81
1199.81
1199.81
1199.81
1199.81
1199.81
1199.81
1199.81
1199.81
1199.81
1199.81
1199.81
1199.81
1199.81
1199.81
1199.81
1199.81
1199.81
1199.81
1199.81
1199.81
1199.81
1199.81
1199.81
1199.81
1199.81
1199.81
1199.81
1199.81
1199.81
1199.81
1199.81
1199.81
1199.81
1199.81
1199.81
1199.81
1199.81
1199.81
1199.81
1199.81
1199.81
1199.81
1199.81
1199.81
1199.81
1199.602
1199.772
1199.827
1199.813
1199.808
1199.809
1199.81
1199.81
1199.81
1199.81
1199.81
1199.81
1199.81
1199.81
1199.81
1199.81
1199.81
1199.81
1199.81
1199.81
1199.81
1199.81
1199.81
1199.81
1199.81
1199.81
1199.81
1199.81
1199.81
1199.81
1199.81
1199.81
1199.81
1199.81
1199.81
1199.81
1199.81
1199.81
1199.81
1199.81
1199.81
1199.81
1199.81
1199.81
1199.81
1199.81
1199.81
1199.81
1199.81
1199.81
1199.81
1199.81
1199.81
1199.81
1199.81
1199.81
1199.81
1199.81
1199.81
1199.81
1199.81
1199.81
1199.81
1199.81
1199.81
1199.81
1199.81
1199.81
1199.81
1199.81
1199.81
1199.81
1199.81
1199.81
1199.81
1199.81
1199.81
1199.81
1199.81
1199.81
1199.81
1199.81
1199.81
1199.81
1199.81
1199.81
1199.81
1199.81
1199.81
1199.81
1199.81
1199.81
1199.81
1199.81
1199.81
1199.81
1199.81
1199.81
1199.81
1199.81
1199.602
1199.772
1199.827
1199.813
1199.808
1199.809
1199.81
1199.81
1199.81
1199.81
1199.81
1199.81
1199.81
1199.81
1199.81
1199.81
1199.81
1199.81
1199.81
1199.81
1199.81
1199.81
1199.81
1199.81
1199.81
1199.81
1199.81
1199.81
1199.81
1199.81
1199.81
1199.81
1199.81
1199.81
1199.81
1199.81
1199.81
1199.81
1199.81
1199.81
1199.81
1199.81
1199.81
1199.81
1199.81
1199.81
1199.81
1199.81
1199.81
1199.81
1199.81
1199.81
1199.81
1199.81
1199.81
1199.81
1199.81
1199.81
1199.81
1199.81
1199.81
1199.81
1199.81
1199.81
1199.81
1199.81
1199.81
1199.81
1199.81
1199.81
1199.81
1199.81
1199.81
1199.81
1199.81
1199.81
1199.81
1199.81
1199.81
1199.81
1199.81
1199.81
1199.81
1199.81
1199.81
1199.81
1199.81
1199.81
1199.81
1199.81
1199.81
1199.81
1199.81
1199.81
1199.81
1199.81
1199.81
1199.81
1199.81
1199.81
1199.602
1199.772
1199.827
1199.813
1199.808
1199.809
1199.81
1199.81
1199.81
1199.81
1199.81
1199.81
1199.81
1199.81
1199.81
1199.81
1199.81
1199.81
1199.81
1199.81
1199.81
1199.81
1199.81
1199.81
1199.81
1199.81
1199.81
1199.81
1199.81
1199.81
1199.81
1199.81
1199.81
1199.81
1199.81
1199.81
1199.81
1199.81
1199.81
1199.81
1199.81
1199.81
1199.81
1199.81
1199.81
1199.81
1199.81
1199.81
1199.81
1199.81
1199.81
1199.81
1199.81
1199.81
1199.81
1199.81
1199.81
1199.81
1199.81
1199.81
1199.81
1199.81
1199.81
1199.81
1199.81
1199.81
1199.81
1199.81
1199.81
1199.81
1199.81
1199.81
1199.81
1199.81
1199.81
1199.81
1199.81
1199.81
1199.81
1199.81
1199.81
1199.81
1199.81
1199.81
1199.81
1199.81
1199.81
1199.81
1199.81
1199.81
1199.81
1199.81
1199.81
1199.81
1199.81
1199.81
1199.81
1199.81
1199.81
1199.81
1199.602
1199.772
1199.827
1199.813
1199.808
1199.809
1199.81
1199.81
1199.81
1199.81
1199.81
1199.81
1199.81
1199.81
1199.81
1199.81
1199.81
1199.81
1199.81
1199.81
1199.81
1199.81
1199.81
1199.81
1199.81
1199.81
1199.81
1199.81
1199.81
1199.81
1199.81
1199.81
1199.81
1199.81
1199.81
1199.81
1199.81
1199.81
1199.81
1199.81
1199.81
1199.81
1199.81
1199.81
1199.81
1199.81
1199.81
1199.81
1199.81
1199.81
1199.81
1199.81
1199.81
1199.81
1199.81
1199.81
1199.81
1199.81
1199.81
1199.81
1199.81
1199.81
1199.81
1199.81
1199.81
1199.81
1199.81
1199.81
1199.81
1199.81
1199.81
1199.81
1199.81
1199.81
1199.81
1199.81
1199.81
1199.81
1199.81
1199.81
1199.81
1199.81
1199.81
1199.81
1199.81
1199.81
1199.81
1199.81
1199.81
1199.81
1199.81
1199.81
1199.81
1199.81
1199.81
1199.81
1199.81
1199.81
1199.81
1199.81
1199.602
1199.772
1199.827
1199.813
1199.808
1199.809
1199.81
1199.81
1199.81
1199.81
1199.81
1199.81
1199.81
1199.81
1199.81
1199.81
1199.81
1199.81
1199.81
1199.81
1199.81
1199.81
1199.81
1199.81
1199.81
1199.81
1199.81
1199.81
1199.81
1199.81
1199.81
1199.81
1199.81
1199.81
1199.81
1199.81
1199.81
1199.81
1199.81
1199.81
1199.81
1199.81
1199.81
1199.81
1199.81
1199.81
1199.81
1199.81
1199.81
1199.81
1199.81
1199.81
1199.81
1199.81
1199.81
1199.81
1199.81
1199.81
1199.81
1199.81
1199.81
1199.81
1199.81
1199.81
1199.81
1199.81
1199.81
1199.81
1199.81
1199.81
1199.81
1199.81
1199.81
1199.81
1199.81
1199.81
1199.81
1199.81
1199.81
1199.81
1199.81
1199.81
1199.81
1199.81
1199.81
1199.81
1199.81
1199.81
1199.81
1199.81
1199.81
1199.81
1199.81
1199.81
1199.81
1199.81
1199.81
1199.81
1199.81
1199.81
1199.602
1199.772
1199.827
1199.813
1199.808
1199.809
1199.81
1199.81
1199.81
1199.81
1199.81
1199.81
1199.81
1199.81
1199.81
1199.81
1199.81
1199.81
1199.81
1199.81
1199.81
1199.81
1199.81
1199.81
1199.81
1199.81
1199.81
1199.81
1199.81
1199.81
1199.81
1199.81
1199.81
1199.81
1199.81
1199.81
1199.81
1199.81
1199.81
1199.81
1199.81
1199.81
1199.81
1199.81
1199.81
1199.81
1199.81
1199.81
1199.81
1199.81
1199.81
1199.81
1199.81
1199.81
1199.81
1199.81
1199.81
1199.81
1199.81
1199.81
1199.81
1199.81
1199.81
1199.81
1199.81
1199.81
1199.81
1199.81
1199.81
1199.81
1199.81
1199.81
1199.81
1199.81
1199.81
1199.81
1199.81
1199.81
1199.81
1199.81
1199.81
1199.81
1199.81
1199.81
1199.81
1199.81
1199.81
1199.81
1199.81
1199.81
1199.81
1199.81
1199.81
1199.81
1199.81
1199.81
1199.81
1199.81
1199.81
1199.81
1199.602
1199.772
1199.827
1199.813
1199.808
1199.809
1199.81
1199.81
1199.81
1199.81
1199.81
1199.81
1199.81
1199.81
1199.81
1199.81
1199.81
1199.81
1199.81
1199.81
1199.81
1199.81
1199.81
1199.81
1199.81
1199.81
1199.81
1199.81
1199.81
1199.81
1199.81
1199.81
1199.81
1199.81
1199.81
1199.81
1199.81
1199.81
1199.81
1199.81
1199.81
1199.81
1199.81
1199.81
1199.81
1199.81
1199.81
1199.81
1199.81
1199.81
1199.81
1199.81
1199.81
1199.81
1199.81
1199.81
1199.81
1199.81
1199.81
1199.81
1199.81
1199.81
1199.81
1199.81
1199.81
1199.81
1199.81
1199.81
1199.81
1199.81
1199.81
1199.81
1199.81
1199.81
1199.81
1199.81
1199.81
1199.81
1199.81
1199.81
1199.81
1199.81
1199.81
1199.81
1199.81
1199.81
1199.81
1199.81
1199.81
1199.81
1199.81
1199.81
1199.81
1199.81
1199.81
1199.81
1199.81
1199.81
1199.81
1199.81
1199.602
1199.772
1199.827
1199.813
1199.808
1199.809
1199.81
1199.81
1199.81
1199.81
1199.81
1199.81
1199.81
1199.81
1199.81
1199.81
1199.81
1199.81
1199.81
1199.81
1199.81
1199.81
1199.81
1199.81
1199.81
1199.81
1199.81
1199.81
1199.81
1199.81
1199.81
1199.81
1199.81
1199.81
1199.81
1199.81
1199.81
1199.81
1199.81
1199.81
1199.81
1199.81
1199.81
1199.81
1199.81
1199.81
1199.81
1199.81
1199.81
1199.81
1199.81
1199.81
1199.81
1199.81
1199.81
1199.81
1199.81
1199.81
1199.81
1199.81
1199.81
1199.81
1199.81
1199.81
1199.81
1199.81
1199.81
1199.81
1199.81
1199.81
1199.81
1199.81
1199.81
1199.81
1199.81
1199.81
1199.81
1199.81
1199.81
1199.81
1199.81
1199.81
1199.81
1199.81
1199.81
1199.81
1199.81
1199.81
1199.81
1199.81
1199.81
1199.81
1199.81
1199.81
1199.81
1199.81
1199.81
1199.81
1199.81
1199.81
1199.602
1199.772
1199.827
1199.813
1199.808
1199.809
1199.81
1199.81
1199.81
1199.81
1199.81
1199.81
1199.81
1199.81
1199.81
1199.81
1199.81
1199.81
1199.81
1199.81
1199.81
1199.81
1199.81
1199.81
1199.81
1199.81
1199.81
1199.81
1199.81
1199.81
1199.81
1199.81
1199.81
1199.81
1199.81
1199.81
1199.81
1199.81
1199.81
1199.81
1199.81
1199.81
1199.81
1199.81
1199.81
1199.81
1199.81
1199.81
1199.81
1199.81
1199.81
1199.81
1199.81
1199.81
1199.81
1199.81
1199.81
1199.81
1199.81
1199.81
1199.81
1199.81
1199.81
1199.81
1199.81
1199.81
1199.81
1199.81
1199.81
1199.81
1199.81
1199.81
1199.81
1199.81
1199.81
1199.81
1199.81
1199.81
1199.81
1199.81
1199.81
1199.81
1199.81
1199.81
1199.81
1199.81
1199.81
1199.81
1199.81
1199.81
1199.81
1199.81
1199.81
1199.81
1199.81
1199.81
1199.81
1199.81
1199.81
1199.81
1199.602
1199.772
1199.827
1199.813
1199.808
1199.809
1199.81
1199.81
1199.81
1199.81
1199.81
1199.81
1199.81
1199.81
1199.81
1199.81
1199.81
1199.81
1199.81
1199.81
1199.81
1199.81
1199.81
1199.81
1199.81
1199.81
1199.81
1199.81
1199.81
1199.81
1199.81
1199.81
1199.81
1199.81
1199.81
1199.81
1199.81
1199.81
1199.81
1199.81
1199.81
1199.81
1199.81
1199.81
1199.81
1199.81
1199.81
1199.81
1199.81
1199.81
1199.81
1199.81
1199.81
1199.81
1199.81
1199.81
1199.81
1199.81
1199.81
1199.81
1199.81
1199.81
1199.81
1199.81
1199.81
1199.81
1199.81
1199.81
1199.81
1199.81
1199.81
1199.81
1199.81
1199.81
1199.81
1199.81
1199.81
1199.81
1199.81
1199.81
1199.81
1199.81
1199.81
1199.81
1199.81
1199.81
1199.81
1199.81
1199.81
1199.81
1199.81
1199.81
1199.81
1199.81
1199.81
1199.81
1199.81
1199.81
1199.81
1199.81
1199.602
1199.772
1199.827
1199.813
1199.808
1199.809
1199.81
1199.81
1199.81
1199.81
1199.81
1199.81
1199.81
1199.81
1199.81
1199.81
1199.81
1199.81
1199.81
1199.81
1199.81
1199.81
1199.81
1199.81
1199.81
1199.81
1199.81
1199.81
1199.81
1199.81
1199.81
1199.81
1199.81
1199.81
1199.81
1199.81
1199.81
1199.81
1199.81
1199.81
1199.81
1199.81
1199.81
1199.81
1199.81
1199.81
1199.81
1199.81
1199.81
1199.81
1199.81
1199.81
1199.81
1199.81
1199.81
1199.81
1199.81
1199.81
1199.81
1199.81
1199.81
1199.81
1199.81
1199.81
1199.81
1199.81
1199.81
1199.81
1199.81
1199.81
1199.81
1199.81
1199.81
1199.81
1199.81
1199.81
1199.81
1199.81
1199.81
1199.81
1199.81
1199.81
1199.81
1199.81
1199.81
1199.81
1199.81
1199.81
1199.81
1199.81
1199.81
1199.81
1199.81
1199.81
1199.81
1199.81
1199.81
1199.81
1199.81
1199.81
1199.602
1199.772
1199.827
1199.813
1199.808
1199.809
1199.81
1199.81
1199.81
1199.81
1199.81
1199.81
1199.81
1199.81
1199.81
1199.81
1199.81
1199.81
1199.81
1199.81
1199.81
1199.81
1199.81
1199.81
1199.81
1199.81
1199.81
1199.81
1199.81
1199.81
1199.81
1199.81
1199.81
1199.81
1199.81
1199.81
1199.81
1199.81
1199.81
1199.81
1199.81
1199.81
1199.81
1199.81
1199.81
1199.81
1199.81
1199.81
1199.81
1199.81
1199.81
1199.81
1199.81
1199.81
1199.81
1199.81
1199.81
1199.81
1199.81
1199.81
1199.81
1199.81
1199.81
1199.81
1199.81
1199.81
1199.81
1199.81
1199.81
1199.81
1199.81
1199.81
1199.81
1199.81
1199.81
1199.81
1199.81
1199.81
1199.81
1199.81
1199.81
1199.81
1199.81
1199.81
1199.81
1199.81
1199.81
1199.81
1199.81
1199.81
1199.81
1199.81
1199.81
1199.81
1199.81
1199.81
1199.81
1199.81
1199.81
1199.81
1199.602
1199.772
1199.827
1199.813
1199.808
1199.809
1199.81
1199.81
1199.81
1199.81
1199.81
1199.81
1199.81
1199.81
1199.81
1199.81
1199.81
1199.81
1199.81
1199.81
1199.81
1199.81
1199.81
1199.81
1199.81
1199.81
1199.81
1199.81
1199.81
1199.81
1199.81
1199.81
1199.81
1199.81
1199.81
1199.81
1199.81
1199.81
1199.81
1199.81
1199.81
1199.81
1199.81
1199.81
1199.81
1199.81
1199.81
1199.81
1199.81
1199.81
1199.81
1199.81
1199.81
1199.81
1199.81
1199.81
1199.81
1199.81
1199.81
1199.81
1199.81
1199.81
1199.81
1199.81
1199.81
1199.81
1199.81
1199.81
1199.81
1199.81
1199.81
1199.81
1199.81
1199.81
1199.81
1199.81
1199.81
1199.81
1199.81
1199.81
1199.81
1199.81
1199.81
1199.81
1199.81
1199.81
1199.81
1199.81
1199.81
1199.81
1199.81
1199.81
1199.81
1199.81
1199.81
1199.81
1199.81
1199.81
1199.81
1199.81
1199.602
1199.772
1199.827
1199.813
1199.808
1199.809
1199.81
1199.81
1199.81
1199.81
1199.81
1199.81
1199.81
1199.81
1199.81
1199.81
1199.81
1199.81
1199.81
1199.81
1199.81
1199.81
1199.81
1199.81
1199.81
1199.81
1199.81
1199.81
1199.81
1199.81
1199.81
1199.81
1199.81
1199.81
1199.81
1199.81
1199.81
1199.81
1199.81
1199.81
1199.81
1199.81
1199.81
1199.81
1199.81
1199.81
1199.81
1199.81
1199.81
1199.81
1199.81
1199.81
1199.81
1199.81
1199.81
1199.81
1199.81
1199.81
1199.81
1199.81
1199.81
1199.81
1199.81
1199.81
1199.81
1199.81
1199.81
1199.81
1199.81
1199.81
1199.81
1199.81
1199.81
1199.81
1199.81
1199.81
1199.81
1199.81
1199.81
1199.81
1199.81
1199.81
1199.81
1199.81
1199.81
1199.81
1199.81
1199.81
1199.81
1199.81
1199.81
1199.81
1199.81
1199.81
1199.81
1199.81
1199.81
1199.81
1199.81
1199.81
1199.602
1199.772
1199.827
1199.813
1199.808
1199.809
1199.81
1199.81
1199.81
1199.81
1199.81
1199.81
1199.81
1199.81
1199.81
1199.81
1199.81
1199.81
1199.81
1199.81
1199.81
1199.81
1199.81
1199.81
1199.81
1199.81
1199.81
1199.81
1199.81
1199.81
1199.81
1199.81
1199.81
1199.81
1199.81
1199.81
1199.81
1199.81
1199.81
1199.81
1199.81
1199.81
1199.81
1199.81
1199.81
1199.81
1199.81
1199.81
1199.81
1199.81
1199.81
1199.81
1199.81
1199.81
1199.81
1199.81
1199.81
1199.81
1199.81
1199.81
1199.81
1199.81
1199.81
1199.81
1199.81
1199.81
1199.81
1199.81
1199.81
1199.81
1199.81
1199.81
1199.81
1199.81
1199.81
1199.81
1199.81
1199.81
1199.81
1199.81
1199.81
1199.81
1199.81
1199.81
1199.81
1199.81
1199.81
1199.81
1199.81
1199.81
1199.81
1199.81
1199.81
1199.81
1199.81
1199.81
1199.81
1199.81
1199.81
1199.81
1199.602
1199.772
1199.827
1199.813
1199.808
1199.809
1199.81
1199.81
1199.81
1199.81
1199.81
1199.81
1199.81
1199.81
1199.81
1199.81
1199.81
1199.81
1199.81
1199.81
1199.81
1199.81
1199.81
1199.81
1199.81
1199.81
1199.81
1199.81
1199.81
1199.81
1199.81
1199.81
1199.81
1199.81
1199.81
1199.81
1199.81
1199.81
1199.81
1199.81
1199.81
1199.81
1199.81
1199.81
1199.81
1199.81
1199.81
1199.81
1199.81
1199.81
1199.81
1199.81
1199.81
1199.81
1199.81
1199.81
1199.81
1199.81
1199.81
1199.81
1199.81
1199.81
1199.81
1199.81
1199.81
1199.81
1199.81
1199.81
1199.81
1199.81
1199.81
1199.81
1199.81
1199.81
1199.81
1199.81
1199.81
1199.81
1199.81
1199.81
1199.81
1199.81
1199.81
1199.81
1199.81
1199.81
1199.81
1199.81
1199.81
1199.81
1199.81
1199.81
1199.81
1199.81
1199.81
1199.81
1199.81
1199.81
1199.81
1199.81
1199.602
1199.772
1199.827
1199.813
1199.808
1199.809
1199.81
1199.81
1199.81
1199.81
1199.81
1199.81
1199.81
1199.81
1199.81
1199.81
1199.81
1199.81
1199.81
1199.81
1199.81
1199.81
1199.81
1199.81
1199.81
1199.81
1199.81
1199.81
1199.81
1199.81
1199.81
1199.81
1199.81
1199.81
1199.81
1199.81
1199.81
1199.81
1199.81
1199.81
1199.81
1199.81
1199.81
1199.81
1199.81
1199.81
1199.81
1199.81
1199.81
1199.81
1199.81
1199.81
1199.81
1199.81
1199.81
1199.81
1199.81
1199.81
1199.81
1199.81
1199.81
1199.81
1199.81
1199.81
1199.81
1199.81
1199.81
1199.81
1199.81
1199.81
1199.81
1199.81
1199.81
1199.81
1199.81
1199.81
1199.81
1199.81
1199.81
1199.81
1199.81
1199.81
1199.81
1199.81
1199.81
1199.81
1199.81
1199.81
1199.81
1199.81
1199.81
1199.81
1199.81
1199.81
1199.81
1199.81
1199.81
1199.81
1199.81
1199.81
1199.602
1199.772
1199.827
1199.813
1199.808
1199.809
1199.81
1199.81
1199.81
1199.81
1199.81
1199.81
1199.81
1199.81
1199.81
1199.81
1199.81
1199.81
1199.81
1199.81
1199.81
1199.81
1199.81
1199.81
1199.81
1199.81
1199.81
1199.81
1199.81
1199.81
1199.81
1199.81
1199.81
1199.81
1199.81
1199.81
1199.81
1199.81
1199.81
1199.81
1199.81
1199.81
1199.81
1199.81
1199.81
1199.81
1199.81
1199.81
1199.81
1199.81
1199.81
1199.81
1199.81
1199.81
1199.81
1199.81
1199.81
1199.81
1199.81
1199.81
1199.81
1199.81
1199.81
1199.81
1199.81
1199.81
1199.81
1199.81
1199.81
1199.81
1199.81
1199.81
1199.81
1199.81
1199.81
1199.81
1199.81
1199.81
1199.81
1199.81
1199.81
1199.81
1199.81
1199.81
1199.81
1199.81
1199.81
1199.81
1199.81
1199.81
1199.81
1199.81
1199.81
1199.81
1199.81
1199.81
1199.81
1199.81
1199.81
1199.81
1199.602
1199.772
1199.827
1199.813
1199.808
1199.809
1199.81
1199.81
1199.81
1199.81
1199.81
1199.81
1199.81
1199.81
1199.81
1199.81
1199.81
1199.81
1199.81
1199.81
1199.81
1199.81
1199.81
1199.81
1199.81
1199.81
1199.81
1199.81
1199.81
1199.81
1199.81
1199.81
1199.81
1199.81
1199.81
1199.81
1199.81
1199.81
1199.81
1199.81
1199.81
1199.81
1199.81
1199.81
1199.81
1199.81
1199.81
1199.81
1199.81
1199.81
1199.81
1199.81
1199.81
1199.81
1199.81
1199.81
1199.81
1199.81
1199.81
1199.81
1199.81
1199.81
1199.81
1199.81
1199.81
1199.81
1199.81
1199.81
1199.81
1199.81
1199.81
1199.81
1199.81
1199.81
1199.81
1199.81
1199.81
1199.81
1199.81
1199.81
1199.81
1199.81
1199.81
1199.81
1199.81
1199.81
1199.81
1199.81
1199.81
1199.81
1199.81
1199.81
1199.81
1199.81
1199.81
1199.81
1199.81
1199.81
1199.81
1199.81
1199.602
1199.772
1199.827
1199.813
1199.808
1199.809
1199.81
1199.81
1199.81
1199.81
1199.81
1199.81
1199.81
1199.81
1199.81
1199.81
1199.81
1199.81
1199.81
1199.81
1199.81
1199.81
1199.81
1199.81
1199.81
1199.81
1199.81
1199.81
1199.81
1199.81
1199.81
1199.81
1199.81
1199.81
1199.81
1199.81
1199.81
1199.81
1199.81
1199.81
1199.81
1199.81
1199.81
1199.81
1199.81
1199.81
1199.81
1199.81
1199.81
1199.81
1199.81
1199.81
1199.81
1199.81
1199.81
1199.81
1199.81
1199.81
1199.81
1199.81
1199.81
1199.81
1199.81
1199.81
1199.81
1199.81
1199.81
1199.81
1199.81
1199.81
1199.81
1199.81
1199.81
1199.81
1199.81
1199.81
1199.81
1199.81
1199.81
1199.81
1199.81
1199.81
1199.81
1199.81
1199.81
1199.81
1199.81
1199.81
1199.81
1199.81
1199.81
1199.81
1199.81
1199.81
1199.81
1199.81
1199.81
1199.81
1199.81
1199.81
1199.602
1199.772
1199.827
1199.813
1199.808
1199.809
1199.81
1199.81
1199.81
1199.81
1199.81
1199.81
1199.81
1199.81
1199.81
1199.81
1199.81
1199.81
1199.81
1199.81
1199.81
1199.81
1199.81
1199.81
1199.81
1199.81
1199.81
1199.81
1199.81
1199.81
1199.81
1199.81
1199.81
1199.81
1199.81
1199.81
1199.81
1199.81
1199.81
1199.81
1199.81
1199.81
1199.81
1199.81
1199.81
1199.81
1199.81
1199.81
1199.81
1199.81
1199.81
1199.81
1199.81
1199.81
1199.81
1199.81
1199.81
1199.81
1199.81
1199.81
1199.81
1199.81
1199.81
1199.81
1199.81
1199.81
1199.81
1199.81
1199.81
1199.81
1199.81
1199.81
1199.81
1199.81
1199.81
1199.81
1199.81
1199.81
1199.81
1199.81
1199.81
1199.81
1199.81
1199.81
1199.81
1199.81
1199.81
1199.81
1199.81
1199.81
1199.81
1199.81
1199.81
1199.81
1199.81
1199.81
1199.81
1199.81
1199.81
1199.81
1199.602
1199.772
1199.827
1199.813
1199.808
1199.809
1199.81
1199.81
1199.81
1199.81
1199.81
1199.81
1199.81
1199.81
1199.81
1199.81
1199.81
1199.81
1199.81
1199.81
1199.81
1199.81
1199.81
1199.81
1199.81
1199.81
1199.81
1199.81
1199.81
1199.81
1199.81
1199.81
1199.81
1199.81
1199.81
1199.81
1199.81
1199.81
1199.81
1199.81
1199.81
1199.81
1199.81
1199.81
1199.81
1199.81
1199.81
1199.81
1199.81
1199.81
1199.81
1199.81
1199.81
1199.81
1199.81
1199.81
1199.81
1199.81
1199.81
1199.81
1199.81
1199.81
1199.81
1199.81
1199.81
1199.81
1199.81
1199.81
1199.81
1199.81
1199.81
1199.81
1199.81
1199.81
1199.81
1199.81
1199.81
1199.81
1199.81
1199.81
1199.81
1199.81
1199.81
1199.81
1199.81
1199.81
1199.81
1199.81
1199.81
1199.81
1199.81
1199.81
1199.81
1199.81
1199.81
1199.81
1199.81
1199.81
1199.81
1199.81
1199.602
1199.772
1199.827
1199.813
1199.808
1199.809
1199.81
1199.81
1199.81
1199.81
1199.81
1199.81
1199.81
1199.81
1199.81
1199.81
1199.81
1199.81
1199.81
1199.81
1199.81
1199.81
1199.81
1199.81
1199.81
1199.81
1199.81
1199.81
1199.81
1199.81
1199.81
1199.81
1199.81
1199.81
1199.81
1199.81
1199.81
1199.81
1199.81
1199.81
1199.81
1199.81
1199.81
1199.81
1199.81
1199.81
1199.81
1199.81
1199.81
1199.81
1199.81
1199.81
1199.81
1199.81
1199.81
1199.81
1199.81
1199.81
1199.81
1199.81
1199.81
1199.81
1199.81
1199.81
1199.81
1199.81
1199.81
1199.81
1199.81
1199.81
1199.81
1199.81
1199.81
1199.81
1199.81
1199.81
1199.81
1199.81
1199.81
1199.81
1199.81
1199.81
1199.81
1199.81
1199.81
1199.81
1199.81
1199.81
1199.81
1199.81
1199.81
1199.81
1199.81
1199.81
1199.81
1199.81
1199.81
1199.81
1199.81
1199.81
1199.602
1199.772
1199.827
1199.813
1199.808
1199.809
1199.81
1199.81
1199.81
1199.81
1199.81
1199.81
1199.81
1199.81
1199.81
1199.81
1199.81
1199.81
1199.81
1199.81
1199.81
1199.81
1199.81
1199.81
1199.81
1199.81
1199.81
1199.81
1199.81
1199.81
1199.81
1199.81
1199.81
1199.81
1199.81
1199.81
1199.81
1199.81
1199.81
1199.81
1199.81
1199.81
1199.81
1199.81
1199.81
1199.81
1199.81
1199.81
1199.81
1199.81
1199.81
1199.81
1199.81
1199.81
1199.81
1199.81
1199.81
1199.81
1199.81
1199.81
1199.81
1199.81
1199.81
1199.81
1199.81
1199.81
1199.81
1199.81
1199.81
1199.81
1199.81
1199.81
1199.81
1199.81
1199.81
1199.81
1199.81
1199.81
1199.81
1199.81
1199.81
1199.81
1199.81
1199.81
1199.81
1199.81
1199.81
1199.81
1199.81
1199.81
1199.81
1199.81
1199.81
1199.81
1199.81
1199.81
1199.81
1199.81
1199.81
1199.81
1199.602
1199.772
1199.827
1199.813
1199.808
1199.809
1199.81
1199.81
1199.81
1199.81
1199.81
1199.81
1199.81
1199.81
1199.81
1199.81
1199.81
1199.81
1199.81
1199.81
1199.81
1199.81
1199.81
1199.81
1199.81
1199.81
1199.81
1199.81
1199.81
1199.81
1199.81
1199.81
1199.81
1199.81
1199.81
1199.81
1199.81
1199.81
1199.81
1199.81
1199.81
1199.81
1199.81
1199.81
1199.81
1199.81
1199.81
1199.81
1199.81
1199.81
1199.81
1199.81
1199.81
1199.81
1199.81
1199.81
1199.81
1199.81
1199.81
1199.81
1199.81
1199.81
1199.81
1199.81
1199.81
1199.81
1199.81
1199.81
1199.81
1199.81
1199.81
1199.81
1199.81
1199.81
1199.81
1199.81
1199.81
1199.81
1199.81
1199.81
1199.81
1199.81
1199.81
1199.81
1199.81
1199.81
1199.81
1199.81
1199.81
1199.81
1199.81
1199.81
1199.81
1199.81
1199.81
1199.81
1199.81
1199.81
1199.81
1199.81
1199.602
1199.772
1199.827
1199.813
1199.808
1199.809
1199.81
1199.81
1199.81
1199.81
1199.81
1199.81
1199.81
1199.81
1199.81
1199.81
1199.81
1199.81
1199.81
1199.81
1199.81
1199.81
1199.81
1199.81
1199.81
1199.81
1199.81
1199.81
1199.81
1199.81
1199.81
1199.81
1199.81
1199.81
1199.81
1199.81
1199.81
1199.81
1199.81
1199.81
1199.81
1199.81
1199.81
1199.81
1199.81
1199.81
1199.81
1199.81
1199.81
1199.81
1199.81
1199.81
1199.81
1199.81
1199.81
1199.81
1199.81
1199.81
1199.81
1199.81
1199.81
1199.81
1199.81
1199.81
1199.81
1199.81
1199.81
1199.81
1199.81
1199.81
1199.81
1199.81
1199.81
1199.81
1199.81
1199.81
1199.81
1199.81
1199.81
1199.81
1199.81
1199.81
1199.81
1199.81
1199.81
1199.81
1199.81
1199.81
1199.81
1199.81
1199.81
1199.81
1199.81
1199.81
1199.81
1199.81
1199.81
1199.81
1199.81
1199.81
1199.602
1199.772
1199.827
1199.813
1199.808
1199.809
1199.81
1199.81
1199.81
1199.81
1199.81
1199.81
1199.81
1199.81
1199.81
1199.81
1199.81
1199.81
1199.81
1199.81
1199.81
1199.81
1199.81
1199.81
1199.81
1199.81
1199.81
1199.81
1199.81
1199.81
1199.81
1199.81
1199.81
1199.81
1199.81
1199.81
1199.81
1199.81
1199.81
1199.81
1199.81
1199.81
1199.81
1199.81
1199.81
1199.81
1199.81
1199.81
1199.81
1199.81
1199.81
1199.81
1199.81
1199.81
1199.81
1199.81
1199.81
1199.81
1199.81
1199.81
1199.81
1199.81
1199.81
1199.81
1199.81
1199.81
1199.81
1199.81
1199.81
1199.81
1199.81
1199.81
1199.81
1199.81
1199.81
1199.81
1199.81
1199.81
1199.81
1199.81
1199.81
1199.81
1199.81
1199.81
1199.81
1199.81
1199.81
1199.81
1199.81
1199.81
1199.81
1199.81
1199.81
1199.81
1199.81
1199.81
1199.81
1199.81
1199.81
1199.81
1199.602
1199.772
1199.827
1199.813
1199.808
1199.809
1199.81
1199.81
1199.81
1199.81
1199.81
1199.81
1199.81
1199.81
1199.81
1199.81
1199.81
1199.81
1199.81
1199.81
1199.81
1199.81
1199.81
1199.81
1199.81
1199.81
1199.81
1199.81
1199.81
1199.81
1199.81
1199.81
1199.81
1199.81
1199.81
1199.81
1199.81
1199.81
1199.81
1199.81
1199.81
1199.81
1199.81
1199.81
1199.81
1199.81
1199.81
1199.81
1199.81
1199.81
1199.81
1199.81
1199.81
1199.81
1199.81
1199.81
1199.81
1199.81
1199.81
1199.81
1199.81
1199.81
1199.81
1199.81
1199.81
1199.81
1199.81
1199.81
1199.81
1199.81
1199.81
1199.81
1199.81
1199.81
1199.81
1199.81
1199.81
1199.81
1199.81
1199.81
1199.81
1199.81
1199.81
1199.81
1199.81
1199.81
1199.81
1199.81
1199.81
1199.81
1199.81
1199.81
1199.81
1199.81
1199.81
1199.81
1199.81
1199.81
1199.81
1199.81
1199.602
1199.772
1199.827
1199.813
1199.808
1199.809
1199.81
1199.81
1199.81
1199.81
1199.81
1199.81
1199.81
1199.81
1199.81
1199.81
1199.81
1199.81
1199.81
1199.81
1199.81
1199.81
1199.81
1199.81
1199.81
1199.81
1199.81
1199.81
1199.81
1199.81
1199.81
1199.81
1199.81
1199.81
1199.81
1199.81
1199.81
1199.81
1199.81
1199.81
1199.81
1199.81
1199.81
1199.81
1199.81
1199.81
1199.81
1199.81
1199.81
1199.81
1199.81
1199.81
1199.81
1199.81
1199.81
1199.81
1199.81
1199.81
1199.81
1199.81
1199.81
1199.81
1199.81
1199.81
1199.81
1199.81
1199.81
1199.81
1199.81
1199.81
1199.81
1199.81
1199.81
1199.81
1199.81
1199.81
1199.81
1199.809
1199.809
1199.809
1199.809
1199.809
1199.809
1199.809
1199.809
1199.809
1199.809
1199.809
1199.809
1199.809
1199.809
1199.809
1199.809
1199.809
1199.809
1199.809
1199.809
1199.809
1199.809
1199.809
1199.602
1199.772
1199.827
1199.813
1199.808
1199.809
1199.81
1199.81
1199.81
1199.81
1199.81
1199.81
1199.81
1199.81
1199.81
1199.81
1199.809
1199.809
1199.809
1199.809
1199.809
1199.809
1199.809
1199.809
1199.809
1199.809
1199.809
1199.809
1199.809
1199.809
1199.809
1199.808
1199.808
1199.808
1199.808
1199.808
1199.808
1199.808
1199.807
1199.807
1199.807
1199.807
1199.807
1199.807
1199.806
1199.806
1199.806
1199.806
1199.805
1199.805
1199.805
1199.805
1199.804
1199.804
1199.804
1199.803
1199.803
1199.803
1199.802
1199.802
1199.802
1199.801
1199.801
1199.8
1199.8
1199.799
1199.799
1199.799
1199.798
1199.798
1199.797
1199.796
1199.796
1199.795
1199.795
1199.794
1199.794
1199.793
1199.792
1199.792
1199.791
1199.79
1199.79
1199.789
1199.788
1199.788
1199.787
1199.786
1199.785
1199.785
1199.784
1199.783
1199.782
1199.781
1199.78
1199.78
1199.779
1199.778
1199.777
1199.777
1199.602
1199.771
1199.825
1199.81
1199.804
1199.804
1199.802
1199.8
1199.798
1199.795
1199.792
1199.789
1199.785
1199.781
1199.777
1199.773
1199.768
1199.764
1199.758
1199.753
1199.747
1199.741
1199.735
1199.729
1199.722
1199.715
1199.708
1199.7
1199.693
1199.685
1199.676
1199.668
1199.659
1199.65
1199.64
1199.631
1199.621
1199.611
1199.601
1199.59
1199.579
1199.568
1199.557
1199.545
1199.533
1199.521
1199.509
1199.496
1199.483
1199.47
1199.457
1199.443
1199.429
1199.415
1199.401
1199.386
1199.371
1199.356
1199.341
1199.325
1199.309
1199.293
1199.277
1199.26
1199.243
1199.226
1199.209
1199.192
1199.174
1199.156
1199.138
1199.119
1199.1
1199.081
1199.062
1199.043
1199.023
1199.003
1198.983
1198.963
1198.943
1198.922
1198.901
1198.88
1198.858
1198.837
1198.815
1198.793
1198.771
1198.749
1198.726
1198.703
1198.681
1198.658
1198.635
1198.612
1198.59
1198.568
1198.547
1198.53
1199.252
1199.071
1198.775
1198.411
1198.056
1197.708
1197.36
1197.011
1196.662
1196.314
1195.966
1195.619
1195.271
1194.924
1194.578
1194.231
1193.885
1193.539
1193.193
1192.848
1192.503
1192.158
1191.814
1191.469
1191.125
1190.781
1190.438
1190.095
1189.752
1189.409
1189.066
1188.724
1188.382
1188.04
1187.699
1187.358
1187.017
1186.676
1186.335
1185.995
1185.655
1185.315
1184.976
1184.636
1184.297
1183.958
1183.62
1183.281
1182.943
1182.605
1182.268
1181.93
1181.593
1181.256
1180.92
1180.583
1180.247
1179.911
1179.575
1179.24
1178.905
1178.57
1178.235
1177.9
1177.566
1177.232
1176.898
1176.565
1176.232
1175.898
1175.566
1175.233
1174.901
1174.569
1174.237
1173.905
1173.574
1173.243
1172.912
1172.581
1172.251
1171.921
1171.591
1171.262
1170.932
1170.603
1170.275
1169.946
1169.618
1169.29
1168.962
1168.635
1168.308
1167.981
1167.655
1167.328
1167.003
1166.677
1166.352
1166.027
)
;

boundaryField
{
    bottomAir_bottom
    {
        type            symmetryPlane;
    }
    leftLet
    {
        type            fixedValue;
        value           uniform 1200;
    }
    rightLet
    {
        type            zeroGradient;
    }
    frontAndBack
    {
        type            empty;
    }
    bottomAir_to_wall
    {
        type            compressible::turbulentTemperatureCoupledBaffleMixed;
        refValue        nonuniform List<scalar> 
100
(
809.6062
809.5952
809.5741
809.5445
809.5079
809.4653
809.4173
809.3645
809.3074
809.2464
809.1818
809.1138
809.0428
808.969
808.8925
808.8136
808.7324
808.649
808.5636
808.4763
808.3873
808.2966
808.2043
808.1106
808.0155
807.9191
807.8215
807.7228
807.623
807.5222
807.4204
807.3178
807.2144
807.1103
807.0054
806.8999
806.7939
806.6873
806.5802
806.4727
806.3648
806.2565
806.148
806.0392
805.9302
805.8211
805.7119
805.6025
805.4932
805.3839
805.2746
805.1654
805.0564
804.9475
804.8389
804.7306
804.6225
804.5148
804.4075
804.3007
804.1943
804.0884
803.9832
803.8785
803.7745
803.6712
803.5687
803.4671
803.3662
803.2664
803.1674
803.0696
802.9728
802.8772
802.7828
802.6897
802.598
802.5077
802.419
802.3319
802.2464
802.1628
802.0811
802.0014
801.9238
801.8486
801.7757
801.7055
801.638
801.5735
801.5122
801.4543
801.4003
801.3503
801.3049
801.2645
801.2298
801.2014
801.1807
801.169
)
;
        refGradient     uniform 0;
        valueFraction   nonuniform List<scalar> 
100
(
0.9915014
0.9915014
0.9915014
0.9915014
0.9915014
0.9915014
0.9915014
0.9915014
0.9915014
0.9915014
0.9915014
0.9915014
0.9915014
0.9915014
0.9915014
0.9915014
0.9915014
0.9915014
0.9915014
0.9915014
0.9915014
0.9915014
0.9915014
0.9915014
0.9915014
0.9915014
0.9915014
0.9915014
0.9915014
0.9915014
0.9915014
0.9915014
0.9915014
0.9915014
0.9915014
0.9915014
0.9915014
0.9915014
0.9915014
0.9915014
0.9915014
0.9915014
0.9915014
0.9915014
0.9915014
0.9915014
0.9915014
0.9915014
0.9915014
0.9915014
0.9915014
0.9915014
0.9915014
0.9915014
0.9915014
0.9915014
0.9915014
0.9915014
0.9915014
0.9915014
0.9915014
0.9915014
0.9915014
0.9915014
0.9915014
0.9915014
0.9915014
0.9915014
0.9915014
0.9915014
0.9915014
0.9915014
0.9915014
0.9915014
0.9915014
0.9915014
0.9915014
0.9915014
0.9915014
0.9915014
0.9915014
0.9915014
0.9915014
0.9915014
0.9915014
0.9915014
0.9915014
0.9915014
0.9915014
0.9915014
0.9915014
0.9915014
0.9915014
0.9915014
0.9915014
0.9915014
0.9915014
0.9915014
0.9915014
0.9915014
)
;
        value           nonuniform List<scalar> 
100
(
812.9177
812.9051
812.8818
812.8494
812.81
812.7648
812.7143
812.659
812.5994
812.5359
812.4689
812.3986
812.3252
812.2491
812.1703
812.0891
812.0056
811.92
811.8324
811.7429
811.6517
811.5589
811.4645
811.3686
811.2714
811.1729
811.0732
810.9724
810.8705
810.7677
810.6639
810.5593
810.4538
810.3476
810.2408
810.1333
810.0252
809.9166
809.8076
809.6981
809.5882
809.478
809.3675
809.2568
809.1458
809.0347
808.9235
808.8123
808.701
808.5897
808.4785
808.3674
808.2564
808.1456
808.0351
807.9248
807.8148
807.7052
807.5959
807.4871
807.3788
807.271
807.1638
807.0572
806.9512
806.846
806.7415
806.6379
806.5351
806.4332
806.3323
806.2324
806.1337
806.036
805.9396
805.8445
805.7508
805.6585
805.5677
805.4785
805.3909
805.3052
805.2214
805.1396
805.0599
804.9825
804.9074
804.835
804.7653
804.6985
804.635
804.5748
804.5185
804.4662
804.4183
804.3755
804.3383
804.3075
804.2841
804.2698
)
;
        Tnbr            T;
        thicknessLayers 0();
        kappaLayers     0();
        kappa           fluidThermo;
        kappaName       none;
    }
}


// ************************************************************************* //
