/*--------------------------------*- C++ -*----------------------------------*\
| =========                 |                                                 |
| \\      /  F ield         | OpenFOAM: The Open Source CFD Toolbox           |
|  \\    /   O peration     | Version:  2.3.0                                 |
|   \\  /    A nd           | Web:      www.OpenFOAM.org                      |
|    \\/     M anipulation  |                                                 |
\*---------------------------------------------------------------------------*/
FoamFile
{
    version     2.0;
    format      ascii;
    class       volScalarField;
    location    "9700/topAir";
    object      p_rgh;
}
// * * * * * * * * * * * * * * * * * * * * * * * * * * * * * * * * * * * * * //

dimensions      [1 -1 -2 0 0 0 0];

internalField   nonuniform List<scalar> 
4000
(
99887.68
99914.34
99937.34
99934.35
99931.98
99932.29
99932.52
99932.47
99932.43
99932.42
99932.41
99932.4
99932.39
99932.37
99932.36
99932.35
99932.34
99932.32
99932.31
99932.3
99932.29
99932.27
99932.26
99932.25
99932.24
99932.23
99932.21
99932.2
99932.19
99932.18
99932.17
99932.15
99932.14
99932.13
99932.12
99932.11
99932.09
99932.08
99932.07
99932.06
99932.05
99932.04
99932.02
99932.01
99932
99931.99
99931.98
99931.96
99931.95
99931.94
99931.93
99931.92
99931.9
99931.89
99931.88
99931.87
99931.86
99931.85
99931.83
99931.82
99931.81
99931.8
99931.79
99931.77
99931.76
99931.75
99931.74
99931.73
99931.71
99931.7
99931.69
99931.68
99931.67
99931.65
99931.64
99931.63
99931.62
99931.61
99931.59
99931.58
99931.57
99931.56
99931.54
99931.53
99931.52
99931.51
99931.5
99931.48
99931.47
99931.46
99931.44
99931.43
99931.42
99931.4
99931.39
99931.38
99931.36
99931.35
99931.33
99931.31
99887.63
99914.33
99937.34
99934.35
99931.97
99932.29
99932.52
99932.47
99932.43
99932.42
99932.41
99932.4
99932.39
99932.37
99932.36
99932.35
99932.34
99932.32
99932.31
99932.3
99932.29
99932.27
99932.26
99932.25
99932.24
99932.23
99932.21
99932.2
99932.19
99932.18
99932.17
99932.15
99932.14
99932.13
99932.12
99932.11
99932.09
99932.08
99932.07
99932.06
99932.05
99932.04
99932.02
99932.01
99932
99931.99
99931.98
99931.96
99931.95
99931.94
99931.93
99931.92
99931.9
99931.89
99931.88
99931.87
99931.86
99931.85
99931.83
99931.82
99931.81
99931.8
99931.79
99931.77
99931.76
99931.75
99931.74
99931.73
99931.71
99931.7
99931.69
99931.68
99931.67
99931.65
99931.64
99931.63
99931.62
99931.61
99931.59
99931.58
99931.57
99931.56
99931.54
99931.53
99931.52
99931.51
99931.5
99931.48
99931.47
99931.46
99931.44
99931.43
99931.42
99931.4
99931.39
99931.38
99931.36
99931.35
99931.33
99931.32
99887.64
99914.33
99937.34
99934.35
99931.97
99932.29
99932.52
99932.47
99932.43
99932.42
99932.41
99932.4
99932.39
99932.37
99932.36
99932.35
99932.34
99932.32
99932.31
99932.3
99932.29
99932.27
99932.26
99932.25
99932.24
99932.23
99932.21
99932.2
99932.19
99932.18
99932.17
99932.15
99932.14
99932.13
99932.12
99932.11
99932.09
99932.08
99932.07
99932.06
99932.05
99932.04
99932.02
99932.01
99932
99931.99
99931.98
99931.96
99931.95
99931.94
99931.93
99931.92
99931.9
99931.89
99931.88
99931.87
99931.86
99931.85
99931.83
99931.82
99931.81
99931.8
99931.79
99931.77
99931.76
99931.75
99931.74
99931.73
99931.71
99931.7
99931.69
99931.68
99931.67
99931.65
99931.64
99931.63
99931.62
99931.61
99931.59
99931.58
99931.57
99931.56
99931.54
99931.53
99931.52
99931.51
99931.5
99931.48
99931.47
99931.46
99931.44
99931.43
99931.42
99931.41
99931.39
99931.38
99931.36
99931.35
99931.34
99931.32
99887.63
99914.31
99937.34
99934.34
99931.97
99932.29
99932.52
99932.47
99932.43
99932.42
99932.41
99932.4
99932.38
99932.37
99932.36
99932.35
99932.34
99932.32
99932.31
99932.3
99932.29
99932.27
99932.26
99932.25
99932.24
99932.23
99932.21
99932.2
99932.19
99932.18
99932.17
99932.15
99932.14
99932.13
99932.12
99932.11
99932.09
99932.08
99932.07
99932.06
99932.05
99932.04
99932.02
99932.01
99932
99931.99
99931.98
99931.96
99931.95
99931.94
99931.93
99931.92
99931.9
99931.89
99931.88
99931.87
99931.86
99931.85
99931.83
99931.82
99931.81
99931.8
99931.79
99931.77
99931.76
99931.75
99931.74
99931.73
99931.71
99931.7
99931.69
99931.68
99931.67
99931.65
99931.64
99931.63
99931.62
99931.61
99931.59
99931.58
99931.57
99931.56
99931.54
99931.53
99931.52
99931.51
99931.5
99931.48
99931.47
99931.46
99931.45
99931.43
99931.42
99931.41
99931.39
99931.38
99931.37
99931.35
99931.34
99931.33
99887.63
99914.31
99937.34
99934.34
99931.97
99932.29
99932.52
99932.47
99932.43
99932.42
99932.41
99932.4
99932.38
99932.37
99932.36
99932.35
99932.34
99932.32
99932.31
99932.3
99932.29
99932.27
99932.26
99932.25
99932.24
99932.23
99932.21
99932.2
99932.19
99932.18
99932.17
99932.15
99932.14
99932.13
99932.12
99932.11
99932.09
99932.08
99932.07
99932.06
99932.05
99932.04
99932.02
99932.01
99932
99931.99
99931.98
99931.96
99931.95
99931.94
99931.93
99931.92
99931.9
99931.89
99931.88
99931.87
99931.86
99931.85
99931.83
99931.82
99931.81
99931.8
99931.79
99931.77
99931.76
99931.75
99931.74
99931.73
99931.71
99931.7
99931.69
99931.68
99931.67
99931.65
99931.64
99931.63
99931.62
99931.61
99931.59
99931.58
99931.57
99931.56
99931.55
99931.53
99931.52
99931.51
99931.5
99931.48
99931.47
99931.46
99931.45
99931.43
99931.42
99931.41
99931.39
99931.38
99931.37
99931.36
99931.34
99931.33
99887.62
99914.31
99937.33
99934.34
99931.97
99932.29
99932.51
99932.47
99932.43
99932.42
99932.41
99932.4
99932.38
99932.37
99932.36
99932.35
99932.33
99932.32
99932.31
99932.3
99932.29
99932.27
99932.26
99932.25
99932.24
99932.23
99932.21
99932.2
99932.19
99932.18
99932.17
99932.15
99932.14
99932.13
99932.12
99932.11
99932.09
99932.08
99932.07
99932.06
99932.05
99932.04
99932.02
99932.01
99932
99931.99
99931.98
99931.96
99931.95
99931.94
99931.93
99931.92
99931.9
99931.89
99931.88
99931.87
99931.86
99931.85
99931.83
99931.82
99931.81
99931.8
99931.79
99931.77
99931.76
99931.75
99931.74
99931.73
99931.71
99931.7
99931.69
99931.68
99931.67
99931.65
99931.64
99931.63
99931.62
99931.61
99931.59
99931.58
99931.57
99931.56
99931.55
99931.53
99931.52
99931.51
99931.5
99931.48
99931.47
99931.46
99931.45
99931.43
99931.42
99931.41
99931.4
99931.38
99931.37
99931.36
99931.35
99931.33
99887.62
99914.3
99937.33
99934.34
99931.97
99932.28
99932.51
99932.46
99932.43
99932.42
99932.41
99932.4
99932.38
99932.37
99932.36
99932.35
99932.33
99932.32
99932.31
99932.3
99932.29
99932.27
99932.26
99932.25
99932.24
99932.23
99932.21
99932.2
99932.19
99932.18
99932.17
99932.15
99932.14
99932.13
99932.12
99932.11
99932.09
99932.08
99932.07
99932.06
99932.05
99932.04
99932.02
99932.01
99932
99931.99
99931.98
99931.96
99931.95
99931.94
99931.93
99931.92
99931.9
99931.89
99931.88
99931.87
99931.86
99931.85
99931.83
99931.82
99931.81
99931.8
99931.79
99931.77
99931.76
99931.75
99931.74
99931.73
99931.71
99931.7
99931.69
99931.68
99931.67
99931.65
99931.64
99931.63
99931.62
99931.61
99931.59
99931.58
99931.57
99931.56
99931.55
99931.53
99931.52
99931.51
99931.5
99931.48
99931.47
99931.46
99931.45
99931.43
99931.42
99931.41
99931.4
99931.38
99931.37
99931.36
99931.35
99931.34
99887.61
99914.3
99937.33
99934.34
99931.96
99932.28
99932.51
99932.46
99932.43
99932.42
99932.41
99932.4
99932.38
99932.37
99932.36
99932.35
99932.33
99932.32
99932.31
99932.3
99932.29
99932.27
99932.26
99932.25
99932.24
99932.23
99932.21
99932.2
99932.19
99932.18
99932.17
99932.15
99932.14
99932.13
99932.12
99932.11
99932.09
99932.08
99932.07
99932.06
99932.05
99932.04
99932.02
99932.01
99932
99931.99
99931.98
99931.96
99931.95
99931.94
99931.93
99931.92
99931.9
99931.89
99931.88
99931.87
99931.86
99931.85
99931.83
99931.82
99931.81
99931.8
99931.79
99931.77
99931.76
99931.75
99931.74
99931.73
99931.71
99931.7
99931.69
99931.68
99931.67
99931.65
99931.64
99931.63
99931.62
99931.61
99931.59
99931.58
99931.57
99931.56
99931.55
99931.53
99931.52
99931.51
99931.5
99931.48
99931.47
99931.46
99931.45
99931.44
99931.42
99931.41
99931.4
99931.39
99931.37
99931.36
99931.35
99931.34
99887.61
99914.3
99937.33
99934.34
99931.96
99932.28
99932.51
99932.46
99932.43
99932.42
99932.41
99932.4
99932.38
99932.37
99932.36
99932.35
99932.33
99932.32
99932.31
99932.3
99932.29
99932.27
99932.26
99932.25
99932.24
99932.23
99932.21
99932.2
99932.19
99932.18
99932.17
99932.15
99932.14
99932.13
99932.12
99932.11
99932.09
99932.08
99932.07
99932.06
99932.05
99932.04
99932.02
99932.01
99932
99931.99
99931.98
99931.96
99931.95
99931.94
99931.93
99931.92
99931.9
99931.89
99931.88
99931.87
99931.86
99931.85
99931.83
99931.82
99931.81
99931.8
99931.79
99931.77
99931.76
99931.75
99931.74
99931.73
99931.71
99931.7
99931.69
99931.68
99931.67
99931.65
99931.64
99931.63
99931.62
99931.61
99931.59
99931.58
99931.57
99931.56
99931.55
99931.53
99931.52
99931.51
99931.5
99931.49
99931.47
99931.46
99931.45
99931.44
99931.42
99931.41
99931.4
99931.39
99931.38
99931.36
99931.35
99931.34
99887.61
99914.3
99937.32
99934.33
99931.96
99932.28
99932.51
99932.46
99932.42
99932.42
99932.41
99932.39
99932.38
99932.37
99932.36
99932.35
99932.33
99932.32
99932.31
99932.3
99932.29
99932.27
99932.26
99932.25
99932.24
99932.23
99932.21
99932.2
99932.19
99932.18
99932.17
99932.15
99932.14
99932.13
99932.12
99932.11
99932.09
99932.08
99932.07
99932.06
99932.05
99932.03
99932.02
99932.01
99932
99931.99
99931.98
99931.96
99931.95
99931.94
99931.93
99931.92
99931.9
99931.89
99931.88
99931.87
99931.86
99931.85
99931.83
99931.82
99931.81
99931.8
99931.79
99931.77
99931.76
99931.75
99931.74
99931.73
99931.71
99931.7
99931.69
99931.68
99931.67
99931.65
99931.64
99931.63
99931.62
99931.61
99931.59
99931.58
99931.57
99931.56
99931.55
99931.53
99931.52
99931.51
99931.5
99931.49
99931.47
99931.46
99931.45
99931.44
99931.43
99931.41
99931.4
99931.39
99931.38
99931.37
99931.35
99931.34
99887.61
99914.29
99937.32
99934.33
99931.96
99932.28
99932.51
99932.46
99932.42
99932.42
99932.41
99932.39
99932.38
99932.37
99932.36
99932.35
99932.33
99932.32
99932.31
99932.3
99932.29
99932.27
99932.26
99932.25
99932.24
99932.23
99932.21
99932.2
99932.19
99932.18
99932.17
99932.15
99932.14
99932.13
99932.12
99932.11
99932.09
99932.08
99932.07
99932.06
99932.05
99932.04
99932.02
99932.01
99932
99931.99
99931.98
99931.96
99931.95
99931.94
99931.93
99931.92
99931.9
99931.89
99931.88
99931.87
99931.86
99931.85
99931.83
99931.82
99931.81
99931.8
99931.79
99931.77
99931.76
99931.75
99931.74
99931.73
99931.71
99931.7
99931.69
99931.68
99931.67
99931.65
99931.64
99931.63
99931.62
99931.61
99931.59
99931.58
99931.57
99931.56
99931.55
99931.53
99931.52
99931.51
99931.5
99931.49
99931.47
99931.46
99931.45
99931.44
99931.43
99931.41
99931.4
99931.39
99931.38
99931.37
99931.36
99931.34
99887.6
99914.29
99937.32
99934.33
99931.96
99932.28
99932.51
99932.46
99932.42
99932.41
99932.41
99932.39
99932.38
99932.37
99932.36
99932.34
99932.33
99932.32
99932.31
99932.3
99932.28
99932.27
99932.26
99932.25
99932.24
99932.23
99932.21
99932.2
99932.19
99932.18
99932.17
99932.15
99932.14
99932.13
99932.12
99932.11
99932.09
99932.08
99932.07
99932.06
99932.05
99932.03
99932.02
99932.01
99932
99931.99
99931.98
99931.96
99931.95
99931.94
99931.93
99931.92
99931.9
99931.89
99931.88
99931.87
99931.86
99931.85
99931.83
99931.82
99931.81
99931.8
99931.79
99931.77
99931.76
99931.75
99931.74
99931.73
99931.71
99931.7
99931.69
99931.68
99931.67
99931.65
99931.64
99931.63
99931.62
99931.61
99931.6
99931.58
99931.57
99931.56
99931.55
99931.54
99931.52
99931.51
99931.5
99931.49
99931.47
99931.46
99931.45
99931.44
99931.43
99931.42
99931.4
99931.39
99931.38
99931.37
99931.36
99931.35
99887.6
99914.29
99937.32
99934.33
99931.96
99932.28
99932.51
99932.46
99932.42
99932.41
99932.4
99932.39
99932.38
99932.37
99932.36
99932.34
99932.33
99932.32
99932.31
99932.3
99932.28
99932.27
99932.26
99932.25
99932.24
99932.23
99932.21
99932.2
99932.19
99932.18
99932.17
99932.15
99932.14
99932.13
99932.12
99932.11
99932.09
99932.08
99932.07
99932.06
99932.05
99932.04
99932.02
99932.01
99932
99931.99
99931.98
99931.96
99931.95
99931.94
99931.93
99931.92
99931.9
99931.89
99931.88
99931.87
99931.86
99931.85
99931.83
99931.82
99931.81
99931.8
99931.79
99931.77
99931.76
99931.75
99931.74
99931.73
99931.71
99931.7
99931.69
99931.68
99931.67
99931.66
99931.64
99931.63
99931.62
99931.61
99931.6
99931.58
99931.57
99931.56
99931.55
99931.54
99931.52
99931.51
99931.5
99931.49
99931.48
99931.46
99931.45
99931.44
99931.43
99931.42
99931.4
99931.39
99931.38
99931.37
99931.36
99931.35
99887.6
99914.29
99937.32
99934.33
99931.96
99932.28
99932.51
99932.46
99932.42
99932.41
99932.4
99932.39
99932.38
99932.37
99932.36
99932.34
99932.33
99932.32
99932.31
99932.3
99932.28
99932.27
99932.26
99932.25
99932.24
99932.22
99932.21
99932.2
99932.19
99932.18
99932.17
99932.15
99932.14
99932.13
99932.12
99932.11
99932.09
99932.08
99932.07
99932.06
99932.05
99932.03
99932.02
99932.01
99932
99931.99
99931.98
99931.96
99931.95
99931.94
99931.93
99931.92
99931.9
99931.89
99931.88
99931.87
99931.86
99931.85
99931.83
99931.82
99931.81
99931.8
99931.79
99931.77
99931.76
99931.75
99931.74
99931.73
99931.71
99931.7
99931.69
99931.68
99931.67
99931.66
99931.64
99931.63
99931.62
99931.61
99931.6
99931.58
99931.57
99931.56
99931.55
99931.54
99931.52
99931.51
99931.5
99931.49
99931.48
99931.46
99931.45
99931.44
99931.43
99931.42
99931.41
99931.39
99931.38
99931.37
99931.36
99931.35
99887.6
99914.29
99937.32
99934.33
99931.96
99932.28
99932.51
99932.46
99932.42
99932.41
99932.4
99932.39
99932.38
99932.37
99932.36
99932.34
99932.33
99932.32
99932.31
99932.3
99932.28
99932.27
99932.26
99932.25
99932.24
99932.22
99932.21
99932.2
99932.19
99932.18
99932.17
99932.15
99932.14
99932.13
99932.12
99932.11
99932.09
99932.08
99932.07
99932.06
99932.05
99932.03
99932.02
99932.01
99932
99931.99
99931.98
99931.96
99931.95
99931.94
99931.93
99931.92
99931.9
99931.89
99931.88
99931.87
99931.86
99931.85
99931.83
99931.82
99931.81
99931.8
99931.79
99931.77
99931.76
99931.75
99931.74
99931.73
99931.71
99931.7
99931.69
99931.68
99931.67
99931.66
99931.64
99931.63
99931.62
99931.61
99931.6
99931.58
99931.57
99931.56
99931.55
99931.54
99931.52
99931.51
99931.5
99931.49
99931.48
99931.47
99931.45
99931.44
99931.43
99931.42
99931.41
99931.39
99931.38
99931.37
99931.36
99931.35
99887.6
99914.29
99937.32
99934.33
99931.96
99932.27
99932.5
99932.46
99932.42
99932.41
99932.4
99932.39
99932.38
99932.37
99932.36
99932.34
99932.33
99932.32
99932.31
99932.3
99932.28
99932.27
99932.26
99932.25
99932.24
99932.22
99932.21
99932.2
99932.19
99932.18
99932.17
99932.15
99932.14
99932.13
99932.12
99932.11
99932.09
99932.08
99932.07
99932.06
99932.05
99932.03
99932.02
99932.01
99932
99931.99
99931.98
99931.96
99931.95
99931.94
99931.93
99931.92
99931.9
99931.89
99931.88
99931.87
99931.86
99931.85
99931.83
99931.82
99931.81
99931.8
99931.79
99931.77
99931.76
99931.75
99931.74
99931.73
99931.71
99931.7
99931.69
99931.68
99931.67
99931.66
99931.64
99931.63
99931.62
99931.61
99931.6
99931.58
99931.57
99931.56
99931.55
99931.54
99931.52
99931.51
99931.5
99931.49
99931.48
99931.47
99931.45
99931.44
99931.43
99931.42
99931.41
99931.4
99931.38
99931.37
99931.36
99931.35
99887.6
99914.28
99937.32
99934.33
99931.95
99932.27
99932.5
99932.46
99932.42
99932.41
99932.4
99932.39
99932.38
99932.37
99932.35
99932.34
99932.33
99932.32
99932.31
99932.3
99932.28
99932.27
99932.26
99932.25
99932.24
99932.22
99932.21
99932.2
99932.19
99932.18
99932.17
99932.15
99932.14
99932.13
99932.12
99932.11
99932.09
99932.08
99932.07
99932.06
99932.05
99932.03
99932.02
99932.01
99932
99931.99
99931.98
99931.96
99931.95
99931.94
99931.93
99931.92
99931.9
99931.89
99931.88
99931.87
99931.86
99931.85
99931.83
99931.82
99931.81
99931.8
99931.79
99931.77
99931.76
99931.75
99931.74
99931.73
99931.71
99931.7
99931.69
99931.68
99931.67
99931.66
99931.64
99931.63
99931.62
99931.61
99931.6
99931.58
99931.57
99931.56
99931.55
99931.54
99931.53
99931.51
99931.5
99931.49
99931.48
99931.47
99931.45
99931.44
99931.43
99931.42
99931.41
99931.4
99931.38
99931.37
99931.36
99931.35
99887.6
99914.28
99937.32
99934.33
99931.95
99932.27
99932.5
99932.45
99932.42
99932.41
99932.4
99932.39
99932.38
99932.37
99932.35
99932.34
99932.33
99932.32
99932.31
99932.3
99932.28
99932.27
99932.26
99932.25
99932.24
99932.22
99932.21
99932.2
99932.19
99932.18
99932.16
99932.15
99932.14
99932.13
99932.12
99932.11
99932.09
99932.08
99932.07
99932.06
99932.05
99932.03
99932.02
99932.01
99932
99931.99
99931.98
99931.96
99931.95
99931.94
99931.93
99931.92
99931.9
99931.89
99931.88
99931.87
99931.86
99931.85
99931.83
99931.82
99931.81
99931.8
99931.79
99931.77
99931.76
99931.75
99931.74
99931.73
99931.71
99931.7
99931.69
99931.68
99931.67
99931.66
99931.64
99931.63
99931.62
99931.61
99931.6
99931.58
99931.57
99931.56
99931.55
99931.54
99931.53
99931.51
99931.5
99931.49
99931.48
99931.47
99931.46
99931.44
99931.43
99931.42
99931.41
99931.4
99931.39
99931.37
99931.36
99931.35
99887.59
99914.28
99937.31
99934.33
99931.95
99932.27
99932.5
99932.45
99932.42
99932.41
99932.4
99932.39
99932.38
99932.37
99932.35
99932.34
99932.33
99932.32
99932.31
99932.29
99932.28
99932.27
99932.26
99932.25
99932.24
99932.22
99932.21
99932.2
99932.19
99932.18
99932.16
99932.15
99932.14
99932.13
99932.12
99932.11
99932.09
99932.08
99932.07
99932.06
99932.05
99932.03
99932.02
99932.01
99932
99931.99
99931.98
99931.96
99931.95
99931.94
99931.93
99931.92
99931.9
99931.89
99931.88
99931.87
99931.86
99931.85
99931.83
99931.82
99931.81
99931.8
99931.79
99931.77
99931.76
99931.75
99931.74
99931.73
99931.72
99931.7
99931.69
99931.68
99931.67
99931.66
99931.64
99931.63
99931.62
99931.61
99931.6
99931.59
99931.57
99931.56
99931.55
99931.54
99931.53
99931.51
99931.5
99931.49
99931.48
99931.47
99931.46
99931.44
99931.43
99931.42
99931.41
99931.4
99931.39
99931.38
99931.36
99931.35
99887.59
99914.28
99937.31
99934.32
99931.95
99932.27
99932.5
99932.45
99932.42
99932.41
99932.4
99932.39
99932.38
99932.37
99932.35
99932.34
99932.33
99932.32
99932.31
99932.29
99932.28
99932.27
99932.26
99932.25
99932.24
99932.22
99932.21
99932.2
99932.19
99932.18
99932.16
99932.15
99932.14
99932.13
99932.12
99932.11
99932.09
99932.08
99932.07
99932.06
99932.05
99932.03
99932.02
99932.01
99932
99931.99
99931.98
99931.96
99931.95
99931.94
99931.93
99931.92
99931.9
99931.89
99931.88
99931.87
99931.86
99931.85
99931.83
99931.82
99931.81
99931.8
99931.79
99931.77
99931.76
99931.75
99931.74
99931.73
99931.72
99931.7
99931.69
99931.68
99931.67
99931.66
99931.64
99931.63
99931.62
99931.61
99931.6
99931.59
99931.57
99931.56
99931.55
99931.54
99931.53
99931.51
99931.5
99931.49
99931.48
99931.47
99931.46
99931.44
99931.43
99931.42
99931.41
99931.4
99931.39
99931.38
99931.36
99931.35
99887.59
99914.28
99937.31
99934.32
99931.95
99932.27
99932.5
99932.45
99932.42
99932.41
99932.4
99932.39
99932.38
99932.36
99932.35
99932.34
99932.33
99932.32
99932.31
99932.29
99932.28
99932.27
99932.26
99932.25
99932.24
99932.22
99932.21
99932.2
99932.19
99932.18
99932.16
99932.15
99932.14
99932.13
99932.12
99932.11
99932.09
99932.08
99932.07
99932.06
99932.05
99932.03
99932.02
99932.01
99932
99931.99
99931.98
99931.96
99931.95
99931.94
99931.93
99931.92
99931.9
99931.89
99931.88
99931.87
99931.86
99931.85
99931.83
99931.82
99931.81
99931.8
99931.79
99931.77
99931.76
99931.75
99931.74
99931.73
99931.72
99931.7
99931.69
99931.68
99931.67
99931.66
99931.64
99931.63
99931.62
99931.61
99931.6
99931.59
99931.57
99931.56
99931.55
99931.54
99931.53
99931.52
99931.5
99931.49
99931.48
99931.47
99931.46
99931.45
99931.43
99931.42
99931.41
99931.4
99931.39
99931.38
99931.37
99931.35
99887.59
99914.28
99937.31
99934.32
99931.95
99932.27
99932.5
99932.45
99932.42
99932.41
99932.4
99932.39
99932.38
99932.36
99932.35
99932.34
99932.33
99932.32
99932.31
99932.29
99932.28
99932.27
99932.26
99932.25
99932.24
99932.22
99932.21
99932.2
99932.19
99932.18
99932.16
99932.15
99932.14
99932.13
99932.12
99932.11
99932.09
99932.08
99932.07
99932.06
99932.05
99932.03
99932.02
99932.01
99932
99931.99
99931.98
99931.96
99931.95
99931.94
99931.93
99931.92
99931.9
99931.89
99931.88
99931.87
99931.86
99931.85
99931.83
99931.82
99931.81
99931.8
99931.79
99931.77
99931.76
99931.75
99931.74
99931.73
99931.72
99931.7
99931.69
99931.68
99931.67
99931.66
99931.64
99931.63
99931.62
99931.61
99931.6
99931.59
99931.57
99931.56
99931.55
99931.54
99931.53
99931.52
99931.5
99931.49
99931.48
99931.47
99931.46
99931.45
99931.43
99931.42
99931.41
99931.4
99931.39
99931.38
99931.37
99931.35
99887.59
99914.28
99937.31
99934.32
99931.95
99932.27
99932.5
99932.45
99932.42
99932.41
99932.4
99932.39
99932.38
99932.36
99932.35
99932.34
99932.33
99932.32
99932.31
99932.29
99932.28
99932.27
99932.26
99932.25
99932.24
99932.22
99932.21
99932.2
99932.19
99932.18
99932.16
99932.15
99932.14
99932.13
99932.12
99932.11
99932.09
99932.08
99932.07
99932.06
99932.05
99932.03
99932.02
99932.01
99932
99931.99
99931.98
99931.96
99931.95
99931.94
99931.93
99931.92
99931.9
99931.89
99931.88
99931.87
99931.86
99931.85
99931.83
99931.82
99931.81
99931.8
99931.79
99931.77
99931.76
99931.75
99931.74
99931.73
99931.72
99931.7
99931.69
99931.68
99931.67
99931.66
99931.64
99931.63
99931.62
99931.61
99931.6
99931.59
99931.57
99931.56
99931.55
99931.54
99931.53
99931.52
99931.5
99931.49
99931.48
99931.47
99931.46
99931.45
99931.43
99931.42
99931.41
99931.4
99931.39
99931.38
99931.37
99931.36
99887.59
99914.28
99937.31
99934.32
99931.95
99932.27
99932.5
99932.45
99932.42
99932.41
99932.4
99932.39
99932.38
99932.36
99932.35
99932.34
99932.33
99932.32
99932.31
99932.29
99932.28
99932.27
99932.26
99932.25
99932.23
99932.22
99932.21
99932.2
99932.19
99932.18
99932.16
99932.15
99932.14
99932.13
99932.12
99932.11
99932.09
99932.08
99932.07
99932.06
99932.05
99932.03
99932.02
99932.01
99932
99931.99
99931.98
99931.96
99931.95
99931.94
99931.93
99931.92
99931.9
99931.89
99931.88
99931.87
99931.86
99931.85
99931.83
99931.82
99931.81
99931.8
99931.79
99931.77
99931.76
99931.75
99931.74
99931.73
99931.72
99931.7
99931.69
99931.68
99931.67
99931.66
99931.64
99931.63
99931.62
99931.61
99931.6
99931.59
99931.57
99931.56
99931.55
99931.54
99931.53
99931.52
99931.5
99931.49
99931.48
99931.47
99931.46
99931.45
99931.44
99931.42
99931.41
99931.4
99931.39
99931.38
99931.37
99931.36
99887.59
99914.28
99937.31
99934.32
99931.95
99932.27
99932.5
99932.45
99932.41
99932.41
99932.4
99932.39
99932.37
99932.36
99932.35
99932.34
99932.33
99932.32
99932.31
99932.29
99932.28
99932.27
99932.26
99932.25
99932.23
99932.22
99932.21
99932.2
99932.19
99932.18
99932.16
99932.15
99932.14
99932.13
99932.12
99932.11
99932.09
99932.08
99932.07
99932.06
99932.05
99932.03
99932.02
99932.01
99932
99931.99
99931.98
99931.96
99931.95
99931.94
99931.93
99931.92
99931.9
99931.89
99931.88
99931.87
99931.86
99931.85
99931.83
99931.82
99931.81
99931.8
99931.79
99931.77
99931.76
99931.75
99931.74
99931.73
99931.72
99931.7
99931.69
99931.68
99931.67
99931.66
99931.65
99931.63
99931.62
99931.61
99931.6
99931.59
99931.57
99931.56
99931.55
99931.54
99931.53
99931.52
99931.5
99931.49
99931.48
99931.47
99931.46
99931.45
99931.44
99931.42
99931.41
99931.4
99931.39
99931.38
99931.37
99931.36
99887.59
99914.28
99937.31
99934.32
99931.95
99932.27
99932.5
99932.45
99932.41
99932.41
99932.4
99932.39
99932.37
99932.36
99932.35
99932.34
99932.33
99932.32
99932.3
99932.29
99932.28
99932.27
99932.26
99932.25
99932.23
99932.22
99932.21
99932.2
99932.19
99932.18
99932.16
99932.15
99932.14
99932.13
99932.12
99932.11
99932.09
99932.08
99932.07
99932.06
99932.05
99932.03
99932.02
99932.01
99932
99931.99
99931.98
99931.96
99931.95
99931.94
99931.93
99931.92
99931.9
99931.89
99931.88
99931.87
99931.86
99931.85
99931.83
99931.82
99931.81
99931.8
99931.79
99931.77
99931.76
99931.75
99931.74
99931.73
99931.72
99931.7
99931.69
99931.68
99931.67
99931.66
99931.65
99931.63
99931.62
99931.61
99931.6
99931.59
99931.57
99931.56
99931.55
99931.54
99931.53
99931.52
99931.5
99931.49
99931.48
99931.47
99931.46
99931.45
99931.44
99931.42
99931.41
99931.4
99931.39
99931.38
99931.37
99931.36
99887.59
99914.28
99937.31
99934.32
99931.95
99932.27
99932.5
99932.45
99932.41
99932.41
99932.4
99932.39
99932.37
99932.36
99932.35
99932.34
99932.33
99932.32
99932.3
99932.29
99932.28
99932.27
99932.26
99932.25
99932.23
99932.22
99932.21
99932.2
99932.19
99932.18
99932.16
99932.15
99932.14
99932.13
99932.12
99932.11
99932.09
99932.08
99932.07
99932.06
99932.05
99932.03
99932.02
99932.01
99932
99931.99
99931.98
99931.96
99931.95
99931.94
99931.93
99931.92
99931.9
99931.89
99931.88
99931.87
99931.86
99931.85
99931.83
99931.82
99931.81
99931.8
99931.79
99931.77
99931.76
99931.75
99931.74
99931.73
99931.72
99931.7
99931.69
99931.68
99931.67
99931.66
99931.65
99931.63
99931.62
99931.61
99931.6
99931.59
99931.58
99931.56
99931.55
99931.54
99931.53
99931.52
99931.51
99931.49
99931.48
99931.47
99931.46
99931.45
99931.44
99931.42
99931.41
99931.4
99931.39
99931.38
99931.37
99931.36
99887.59
99914.28
99937.31
99934.32
99931.95
99932.27
99932.5
99932.45
99932.41
99932.41
99932.4
99932.39
99932.37
99932.36
99932.35
99932.34
99932.33
99932.32
99932.3
99932.29
99932.28
99932.27
99932.26
99932.25
99932.23
99932.22
99932.21
99932.2
99932.19
99932.18
99932.16
99932.15
99932.14
99932.13
99932.12
99932.11
99932.09
99932.08
99932.07
99932.06
99932.05
99932.03
99932.02
99932.01
99932
99931.99
99931.98
99931.96
99931.95
99931.94
99931.93
99931.92
99931.9
99931.89
99931.88
99931.87
99931.86
99931.85
99931.83
99931.82
99931.81
99931.8
99931.79
99931.77
99931.76
99931.75
99931.74
99931.73
99931.72
99931.7
99931.69
99931.68
99931.67
99931.66
99931.65
99931.63
99931.62
99931.61
99931.6
99931.59
99931.58
99931.56
99931.55
99931.54
99931.53
99931.52
99931.51
99931.49
99931.48
99931.47
99931.46
99931.45
99931.44
99931.43
99931.41
99931.4
99931.39
99931.38
99931.37
99931.36
99887.59
99914.28
99937.31
99934.32
99931.95
99932.27
99932.5
99932.45
99932.41
99932.41
99932.4
99932.39
99932.37
99932.36
99932.35
99932.34
99932.33
99932.32
99932.3
99932.29
99932.28
99932.27
99932.26
99932.25
99932.23
99932.22
99932.21
99932.2
99932.19
99932.18
99932.16
99932.15
99932.14
99932.13
99932.12
99932.11
99932.09
99932.08
99932.07
99932.06
99932.05
99932.03
99932.02
99932.01
99932
99931.99
99931.98
99931.96
99931.95
99931.94
99931.93
99931.92
99931.9
99931.89
99931.88
99931.87
99931.86
99931.85
99931.83
99931.82
99931.81
99931.8
99931.79
99931.77
99931.76
99931.75
99931.74
99931.73
99931.72
99931.7
99931.69
99931.68
99931.67
99931.66
99931.65
99931.63
99931.62
99931.61
99931.6
99931.59
99931.58
99931.56
99931.55
99931.54
99931.53
99931.52
99931.51
99931.49
99931.48
99931.47
99931.46
99931.45
99931.44
99931.43
99931.41
99931.4
99931.39
99931.38
99931.37
99931.36
99887.59
99914.27
99937.31
99934.32
99931.95
99932.27
99932.5
99932.45
99932.41
99932.41
99932.4
99932.39
99932.37
99932.36
99932.35
99932.34
99932.33
99932.32
99932.3
99932.29
99932.28
99932.27
99932.26
99932.25
99932.23
99932.22
99932.21
99932.2
99932.19
99932.18
99932.16
99932.15
99932.14
99932.13
99932.12
99932.11
99932.09
99932.08
99932.07
99932.06
99932.05
99932.03
99932.02
99932.01
99932
99931.99
99931.98
99931.96
99931.95
99931.94
99931.93
99931.92
99931.9
99931.89
99931.88
99931.87
99931.86
99931.85
99931.83
99931.82
99931.81
99931.8
99931.79
99931.77
99931.76
99931.75
99931.74
99931.73
99931.72
99931.7
99931.69
99931.68
99931.67
99931.66
99931.65
99931.63
99931.62
99931.61
99931.6
99931.59
99931.58
99931.56
99931.55
99931.54
99931.53
99931.52
99931.51
99931.49
99931.48
99931.47
99931.46
99931.45
99931.44
99931.43
99931.41
99931.4
99931.39
99931.38
99931.37
99931.36
99887.58
99914.27
99937.31
99934.32
99931.95
99932.27
99932.5
99932.45
99932.41
99932.41
99932.4
99932.38
99932.37
99932.36
99932.35
99932.34
99932.33
99932.32
99932.3
99932.29
99932.28
99932.27
99932.26
99932.25
99932.23
99932.22
99932.21
99932.2
99932.19
99932.18
99932.16
99932.15
99932.14
99932.13
99932.12
99932.1
99932.09
99932.08
99932.07
99932.06
99932.05
99932.03
99932.02
99932.01
99932
99931.99
99931.98
99931.96
99931.95
99931.94
99931.93
99931.92
99931.9
99931.89
99931.88
99931.87
99931.86
99931.85
99931.83
99931.82
99931.81
99931.8
99931.79
99931.78
99931.76
99931.75
99931.74
99931.73
99931.72
99931.7
99931.69
99931.68
99931.67
99931.66
99931.65
99931.63
99931.62
99931.61
99931.6
99931.59
99931.58
99931.56
99931.55
99931.54
99931.53
99931.52
99931.51
99931.49
99931.48
99931.47
99931.46
99931.45
99931.44
99931.43
99931.41
99931.4
99931.39
99931.38
99931.37
99931.36
99887.58
99914.27
99937.31
99934.32
99931.95
99932.27
99932.5
99932.45
99932.41
99932.41
99932.4
99932.38
99932.37
99932.36
99932.35
99932.34
99932.33
99932.32
99932.3
99932.29
99932.28
99932.27
99932.26
99932.25
99932.23
99932.22
99932.21
99932.2
99932.19
99932.18
99932.16
99932.15
99932.14
99932.13
99932.12
99932.1
99932.09
99932.08
99932.07
99932.06
99932.05
99932.03
99932.02
99932.01
99932
99931.99
99931.98
99931.96
99931.95
99931.94
99931.93
99931.92
99931.9
99931.89
99931.88
99931.87
99931.86
99931.85
99931.83
99931.82
99931.81
99931.8
99931.79
99931.78
99931.76
99931.75
99931.74
99931.73
99931.72
99931.7
99931.69
99931.68
99931.67
99931.66
99931.65
99931.63
99931.62
99931.61
99931.6
99931.59
99931.58
99931.56
99931.55
99931.54
99931.53
99931.52
99931.51
99931.49
99931.48
99931.47
99931.46
99931.45
99931.44
99931.43
99931.41
99931.4
99931.39
99931.38
99931.37
99931.36
99887.58
99914.27
99937.31
99934.32
99931.95
99932.27
99932.5
99932.45
99932.41
99932.41
99932.4
99932.38
99932.37
99932.36
99932.35
99932.34
99932.33
99932.32
99932.3
99932.29
99932.28
99932.27
99932.26
99932.25
99932.23
99932.22
99932.21
99932.2
99932.19
99932.18
99932.16
99932.15
99932.14
99932.13
99932.12
99932.1
99932.09
99932.08
99932.07
99932.06
99932.05
99932.03
99932.02
99932.01
99932
99931.99
99931.98
99931.96
99931.95
99931.94
99931.93
99931.92
99931.9
99931.89
99931.88
99931.87
99931.86
99931.85
99931.83
99931.82
99931.81
99931.8
99931.79
99931.78
99931.76
99931.75
99931.74
99931.73
99931.72
99931.7
99931.69
99931.68
99931.67
99931.66
99931.65
99931.63
99931.62
99931.61
99931.6
99931.59
99931.58
99931.56
99931.55
99931.54
99931.53
99931.52
99931.51
99931.5
99931.48
99931.47
99931.46
99931.45
99931.44
99931.43
99931.42
99931.4
99931.39
99931.38
99931.37
99931.36
99887.58
99914.27
99937.31
99934.32
99931.95
99932.27
99932.5
99932.45
99932.41
99932.41
99932.4
99932.38
99932.37
99932.36
99932.35
99932.34
99932.33
99932.32
99932.3
99932.29
99932.28
99932.27
99932.26
99932.25
99932.23
99932.22
99932.21
99932.2
99932.19
99932.18
99932.16
99932.15
99932.14
99932.13
99932.12
99932.1
99932.09
99932.08
99932.07
99932.06
99932.05
99932.03
99932.02
99932.01
99932
99931.99
99931.98
99931.96
99931.95
99931.94
99931.93
99931.92
99931.9
99931.89
99931.88
99931.87
99931.86
99931.85
99931.83
99931.82
99931.81
99931.8
99931.79
99931.78
99931.76
99931.75
99931.74
99931.73
99931.72
99931.7
99931.69
99931.68
99931.67
99931.66
99931.65
99931.63
99931.62
99931.61
99931.6
99931.59
99931.58
99931.56
99931.55
99931.54
99931.53
99931.52
99931.51
99931.5
99931.48
99931.47
99931.46
99931.45
99931.44
99931.43
99931.42
99931.4
99931.39
99931.38
99931.37
99931.36
99887.58
99914.27
99937.31
99934.32
99931.95
99932.27
99932.5
99932.45
99932.41
99932.41
99932.4
99932.38
99932.37
99932.36
99932.35
99932.34
99932.33
99932.32
99932.3
99932.29
99932.28
99932.27
99932.26
99932.25
99932.23
99932.22
99932.21
99932.2
99932.19
99932.18
99932.16
99932.15
99932.14
99932.13
99932.12
99932.1
99932.09
99932.08
99932.07
99932.06
99932.05
99932.03
99932.02
99932.01
99932
99931.99
99931.98
99931.96
99931.95
99931.94
99931.93
99931.92
99931.9
99931.89
99931.88
99931.87
99931.86
99931.85
99931.83
99931.82
99931.81
99931.8
99931.79
99931.78
99931.76
99931.75
99931.74
99931.73
99931.72
99931.7
99931.69
99931.68
99931.67
99931.66
99931.65
99931.63
99931.62
99931.61
99931.6
99931.59
99931.58
99931.56
99931.55
99931.54
99931.53
99931.52
99931.51
99931.5
99931.48
99931.47
99931.46
99931.45
99931.44
99931.43
99931.42
99931.4
99931.39
99931.38
99931.37
99931.36
99887.58
99914.27
99937.31
99934.32
99931.95
99932.27
99932.5
99932.45
99932.41
99932.41
99932.4
99932.38
99932.37
99932.36
99932.35
99932.34
99932.33
99932.31
99932.3
99932.29
99932.28
99932.27
99932.26
99932.25
99932.23
99932.22
99932.21
99932.2
99932.19
99932.18
99932.16
99932.15
99932.14
99932.13
99932.12
99932.1
99932.09
99932.08
99932.07
99932.06
99932.05
99932.03
99932.02
99932.01
99932
99931.99
99931.98
99931.96
99931.95
99931.94
99931.93
99931.92
99931.9
99931.89
99931.88
99931.87
99931.86
99931.85
99931.83
99931.82
99931.81
99931.8
99931.79
99931.78
99931.76
99931.75
99931.74
99931.73
99931.72
99931.7
99931.69
99931.68
99931.67
99931.66
99931.65
99931.63
99931.62
99931.61
99931.6
99931.59
99931.58
99931.56
99931.55
99931.54
99931.53
99931.52
99931.51
99931.5
99931.48
99931.47
99931.46
99931.45
99931.44
99931.43
99931.42
99931.4
99931.39
99931.38
99931.37
99931.36
99887.58
99914.27
99937.31
99934.32
99931.95
99932.27
99932.5
99932.45
99932.41
99932.4
99932.4
99932.38
99932.37
99932.36
99932.35
99932.34
99932.33
99932.31
99932.3
99932.29
99932.28
99932.27
99932.26
99932.25
99932.23
99932.22
99932.21
99932.2
99932.19
99932.18
99932.16
99932.15
99932.14
99932.13
99932.12
99932.1
99932.09
99932.08
99932.07
99932.06
99932.05
99932.03
99932.02
99932.01
99932
99931.99
99931.98
99931.96
99931.95
99931.94
99931.93
99931.92
99931.9
99931.89
99931.88
99931.87
99931.86
99931.85
99931.83
99931.82
99931.81
99931.8
99931.79
99931.78
99931.76
99931.75
99931.74
99931.73
99931.72
99931.7
99931.69
99931.68
99931.67
99931.66
99931.65
99931.63
99931.62
99931.61
99931.6
99931.59
99931.58
99931.56
99931.55
99931.54
99931.53
99931.52
99931.51
99931.5
99931.48
99931.47
99931.46
99931.45
99931.44
99931.43
99931.42
99931.4
99931.39
99931.38
99931.37
99931.36
99887.58
99914.27
99937.31
99934.32
99931.95
99932.27
99932.5
99932.45
99932.41
99932.4
99932.4
99932.38
99932.37
99932.36
99932.35
99932.34
99932.33
99932.31
99932.3
99932.29
99932.28
99932.27
99932.26
99932.25
99932.23
99932.22
99932.21
99932.2
99932.19
99932.18
99932.16
99932.15
99932.14
99932.13
99932.12
99932.1
99932.09
99932.08
99932.07
99932.06
99932.05
99932.03
99932.02
99932.01
99932
99931.99
99931.98
99931.96
99931.95
99931.94
99931.93
99931.92
99931.9
99931.89
99931.88
99931.87
99931.86
99931.85
99931.83
99931.82
99931.81
99931.8
99931.79
99931.78
99931.76
99931.75
99931.74
99931.73
99931.72
99931.7
99931.69
99931.68
99931.67
99931.66
99931.65
99931.63
99931.62
99931.61
99931.6
99931.59
99931.58
99931.56
99931.55
99931.54
99931.53
99931.52
99931.51
99931.5
99931.48
99931.47
99931.46
99931.45
99931.44
99931.43
99931.42
99931.4
99931.39
99931.38
99931.37
99931.36
99887.57
99914.28
99937.31
99934.32
99931.95
99932.27
99932.5
99932.45
99932.41
99932.4
99932.4
99932.38
99932.37
99932.36
99932.35
99932.34
99932.33
99932.31
99932.3
99932.29
99932.28
99932.27
99932.26
99932.25
99932.23
99932.22
99932.21
99932.2
99932.19
99932.18
99932.16
99932.15
99932.14
99932.13
99932.12
99932.1
99932.09
99932.08
99932.07
99932.06
99932.05
99932.03
99932.02
99932.01
99932
99931.99
99931.98
99931.96
99931.95
99931.94
99931.93
99931.92
99931.9
99931.89
99931.88
99931.87
99931.86
99931.85
99931.83
99931.82
99931.81
99931.8
99931.79
99931.78
99931.76
99931.75
99931.74
99931.73
99931.72
99931.7
99931.69
99931.68
99931.67
99931.66
99931.65
99931.63
99931.62
99931.61
99931.6
99931.59
99931.58
99931.56
99931.55
99931.54
99931.53
99931.52
99931.51
99931.5
99931.48
99931.47
99931.46
99931.45
99931.44
99931.43
99931.42
99931.4
99931.39
99931.38
99931.37
99931.36
99887.56
99914.28
99937.31
99934.32
99931.95
99932.27
99932.5
99932.45
99932.41
99932.4
99932.4
99932.38
99932.37
99932.36
99932.35
99932.34
99932.33
99932.31
99932.3
99932.29
99932.28
99932.27
99932.26
99932.25
99932.23
99932.22
99932.21
99932.2
99932.19
99932.18
99932.16
99932.15
99932.14
99932.13
99932.12
99932.1
99932.09
99932.08
99932.07
99932.06
99932.05
99932.03
99932.02
99932.01
99932
99931.99
99931.98
99931.96
99931.95
99931.94
99931.93
99931.92
99931.9
99931.89
99931.88
99931.87
99931.86
99931.85
99931.83
99931.82
99931.81
99931.8
99931.79
99931.78
99931.76
99931.75
99931.74
99931.73
99931.72
99931.7
99931.69
99931.68
99931.67
99931.66
99931.65
99931.63
99931.62
99931.61
99931.6
99931.59
99931.58
99931.56
99931.55
99931.54
99931.53
99931.52
99931.51
99931.5
99931.48
99931.47
99931.46
99931.45
99931.44
99931.43
99931.42
99931.4
99931.39
99931.38
99931.37
99931.36
)
;

boundaryField
{
    topAir_top
    {
        type            symmetryPlane;
    }
    leftLet
    {
        type            fixedValue;
        value           uniform 100000;
    }
    rightLet
    {
        type            fixedFluxPressure;
        gradient        nonuniform List<scalar> 
40
(
-2.207333
-1.559496
-1.413331
-1.28999
-1.239264
-1.202123
-1.181376
-1.166093
-1.156037
-1.148349
-1.142836
-1.138428
-1.135123
-1.132361
-1.130241
-1.1284
-1.126964
-1.125684
-1.124667
-1.123749
-1.123002
-1.12233
-1.121766
-1.121268
-1.120832
-1.12046
-1.12012
-1.119841
-1.119575
-1.119367
-1.11916
-1.119009
-1.118852
-1.118745
-1.118633
-1.118567
-1.118494
-1.118484
-1.118418
-1.118758
)
;
        value           nonuniform List<scalar> 
40
(
99931.29
99931.31
99931.31
99931.32
99931.32
99931.33
99931.33
99931.33
99931.33
99931.34
99931.34
99931.34
99931.34
99931.34
99931.34
99931.34
99931.35
99931.35
99931.35
99931.35
99931.35
99931.35
99931.35
99931.35
99931.35
99931.35
99931.35
99931.35
99931.35
99931.35
99931.35
99931.35
99931.35
99931.35
99931.35
99931.35
99931.35
99931.35
99931.35
99931.35
)
;
    }
    frontAndBack
    {
        type            empty;
    }
    topAir_to_wall
    {
        type            fixedFluxPressure;
        gradient        uniform 0;
        value           nonuniform List<scalar> 
100
(
99887.68
99914.34
99937.34
99934.35
99931.98
99932.29
99932.52
99932.47
99932.43
99932.42
99932.41
99932.4
99932.39
99932.37
99932.36
99932.35
99932.34
99932.32
99932.31
99932.3
99932.29
99932.27
99932.26
99932.25
99932.24
99932.23
99932.21
99932.2
99932.19
99932.18
99932.17
99932.15
99932.14
99932.13
99932.12
99932.11
99932.09
99932.08
99932.07
99932.06
99932.05
99932.04
99932.02
99932.01
99932
99931.99
99931.98
99931.96
99931.95
99931.94
99931.93
99931.92
99931.9
99931.89
99931.88
99931.87
99931.86
99931.85
99931.83
99931.82
99931.81
99931.8
99931.79
99931.77
99931.76
99931.75
99931.74
99931.73
99931.71
99931.7
99931.69
99931.68
99931.67
99931.65
99931.64
99931.63
99931.62
99931.61
99931.59
99931.58
99931.57
99931.56
99931.54
99931.53
99931.52
99931.51
99931.5
99931.48
99931.47
99931.46
99931.44
99931.43
99931.42
99931.4
99931.39
99931.38
99931.36
99931.35
99931.33
99931.31
)
;
    }
}


// ************************************************************************* //
