/*--------------------------------*- C++ -*----------------------------------*\
| =========                 |                                                 |
| \\      /  F ield         | OpenFOAM: The Open Source CFD Toolbox           |
|  \\    /   O peration     | Version:  2.3.0                                 |
|   \\  /    A nd           | Web:      www.OpenFOAM.org                      |
|    \\/     M anipulation  |                                                 |
\*---------------------------------------------------------------------------*/
FoamFile
{
    version     2.0;
    format      ascii;
    class       volScalarField;
    location    "9600/bottomAir";
    object      rho;
}
// * * * * * * * * * * * * * * * * * * * * * * * * * * * * * * * * * * * * * //

dimensions      [1 -3 0 0 0 0 0];

internalField   nonuniform List<scalar> 
4000
(
0.2890851
0.2891951
0.2893208
0.2893068
0.2892938
0.2892953
0.2892966
0.2892964
0.2892962
0.2892962
0.2892962
0.2892961
0.2892961
0.289296
0.289296
0.2892959
0.2892959
0.2892958
0.2892958
0.2892957
0.2892957
0.2892957
0.2892956
0.2892956
0.2892955
0.2892955
0.2892954
0.2892954
0.2892953
0.2892953
0.2892952
0.2892952
0.2892951
0.2892951
0.2892951
0.289295
0.289295
0.2892949
0.2892949
0.2892948
0.2892948
0.2892947
0.2892947
0.2892946
0.2892946
0.2892945
0.2892945
0.2892944
0.2892944
0.2892943
0.2892943
0.2892943
0.2892942
0.2892942
0.2892941
0.2892941
0.289294
0.289294
0.2892939
0.2892939
0.2892938
0.2892938
0.2892937
0.2892937
0.2892936
0.2892936
0.2892935
0.2892935
0.2892935
0.2892934
0.2892934
0.2892933
0.2892933
0.2892932
0.2892932
0.2892931
0.2892931
0.289293
0.289293
0.2892929
0.2892929
0.2892929
0.2892928
0.2892928
0.2892927
0.2892927
0.2892926
0.2892926
0.2892925
0.2892925
0.2892924
0.2892924
0.2892924
0.2892923
0.2892923
0.2892922
0.2892922
0.2892921
0.2892921
0.289292
0.2890852
0.2891951
0.2893207
0.2893068
0.2892938
0.2892953
0.2892966
0.2892964
0.2892962
0.2892962
0.2892961
0.2892961
0.289296
0.289296
0.2892959
0.2892959
0.2892959
0.2892958
0.2892958
0.2892957
0.2892957
0.2892956
0.2892956
0.2892955
0.2892955
0.2892954
0.2892954
0.2892954
0.2892953
0.2892953
0.2892952
0.2892952
0.2892951
0.2892951
0.289295
0.289295
0.2892949
0.2892949
0.2892948
0.2892948
0.2892947
0.2892947
0.2892946
0.2892946
0.2892946
0.2892945
0.2892945
0.2892944
0.2892944
0.2892943
0.2892943
0.2892942
0.2892942
0.2892941
0.2892941
0.289294
0.289294
0.2892939
0.2892939
0.2892938
0.2892938
0.2892938
0.2892937
0.2892937
0.2892936
0.2892936
0.2892935
0.2892935
0.2892934
0.2892934
0.2892933
0.2892933
0.2892932
0.2892932
0.2892931
0.2892931
0.2892931
0.289293
0.289293
0.2892929
0.2892929
0.2892928
0.2892928
0.2892927
0.2892927
0.2892926
0.2892926
0.2892926
0.2892925
0.2892925
0.2892924
0.2892924
0.2892923
0.2892923
0.2892922
0.2892922
0.2892922
0.2892921
0.2892921
0.289292
0.2890852
0.289195
0.2893207
0.2893068
0.2892938
0.2892953
0.2892966
0.2892964
0.2892962
0.2892962
0.2892961
0.2892961
0.289296
0.289296
0.289296
0.2892959
0.2892959
0.2892958
0.2892958
0.2892957
0.2892957
0.2892956
0.2892956
0.2892955
0.2892955
0.2892954
0.2892954
0.2892954
0.2892953
0.2892953
0.2892952
0.2892952
0.2892951
0.2892951
0.289295
0.289295
0.2892949
0.2892949
0.2892948
0.2892948
0.2892947
0.2892947
0.2892947
0.2892946
0.2892946
0.2892945
0.2892945
0.2892944
0.2892944
0.2892943
0.2892943
0.2892942
0.2892942
0.2892941
0.2892941
0.289294
0.289294
0.2892939
0.2892939
0.2892939
0.2892938
0.2892938
0.2892937
0.2892937
0.2892936
0.2892936
0.2892935
0.2892935
0.2892934
0.2892934
0.2892933
0.2892933
0.2892932
0.2892932
0.2892931
0.2892931
0.2892931
0.289293
0.289293
0.2892929
0.2892929
0.2892928
0.2892928
0.2892927
0.2892927
0.2892926
0.2892926
0.2892926
0.2892925
0.2892925
0.2892924
0.2892924
0.2892923
0.2892923
0.2892922
0.2892922
0.2892922
0.2892921
0.2892921
0.289292
0.2890852
0.289195
0.2893207
0.2893068
0.2892938
0.2892953
0.2892966
0.2892964
0.2892962
0.2892962
0.2892961
0.2892961
0.289296
0.289296
0.289296
0.2892959
0.2892959
0.2892958
0.2892958
0.2892957
0.2892957
0.2892956
0.2892956
0.2892955
0.2892955
0.2892954
0.2892954
0.2892954
0.2892953
0.2892953
0.2892952
0.2892952
0.2892951
0.2892951
0.289295
0.289295
0.2892949
0.2892949
0.2892948
0.2892948
0.2892947
0.2892947
0.2892947
0.2892946
0.2892946
0.2892945
0.2892945
0.2892944
0.2892944
0.2892943
0.2892943
0.2892942
0.2892942
0.2892941
0.2892941
0.289294
0.289294
0.2892939
0.2892939
0.2892939
0.2892938
0.2892938
0.2892937
0.2892937
0.2892936
0.2892936
0.2892935
0.2892935
0.2892934
0.2892934
0.2892933
0.2892933
0.2892932
0.2892932
0.2892932
0.2892931
0.2892931
0.289293
0.289293
0.2892929
0.2892929
0.2892928
0.2892928
0.2892927
0.2892927
0.2892926
0.2892926
0.2892926
0.2892925
0.2892925
0.2892924
0.2892924
0.2892923
0.2892923
0.2892922
0.2892922
0.2892922
0.2892921
0.2892921
0.289292
0.2890852
0.289195
0.2893207
0.2893068
0.2892938
0.2892953
0.2892966
0.2892964
0.2892962
0.2892962
0.2892961
0.2892961
0.289296
0.289296
0.289296
0.2892959
0.2892959
0.2892958
0.2892958
0.2892957
0.2892957
0.2892956
0.2892956
0.2892955
0.2892955
0.2892954
0.2892954
0.2892954
0.2892953
0.2892953
0.2892952
0.2892952
0.2892951
0.2892951
0.289295
0.289295
0.2892949
0.2892949
0.2892948
0.2892948
0.2892947
0.2892947
0.2892947
0.2892946
0.2892946
0.2892945
0.2892945
0.2892944
0.2892944
0.2892943
0.2892943
0.2892942
0.2892942
0.2892941
0.2892941
0.289294
0.289294
0.2892939
0.2892939
0.2892939
0.2892938
0.2892938
0.2892937
0.2892937
0.2892936
0.2892936
0.2892935
0.2892935
0.2892934
0.2892934
0.2892933
0.2892933
0.2892932
0.2892932
0.2892932
0.2892931
0.2892931
0.289293
0.289293
0.2892929
0.2892929
0.2892928
0.2892928
0.2892927
0.2892927
0.2892926
0.2892926
0.2892926
0.2892925
0.2892925
0.2892924
0.2892924
0.2892923
0.2892923
0.2892922
0.2892922
0.2892922
0.2892921
0.2892921
0.289292
0.2890852
0.289195
0.2893207
0.2893068
0.2892938
0.2892953
0.2892966
0.2892964
0.2892962
0.2892962
0.2892961
0.2892961
0.289296
0.289296
0.289296
0.2892959
0.2892959
0.2892958
0.2892958
0.2892957
0.2892957
0.2892956
0.2892956
0.2892955
0.2892955
0.2892955
0.2892954
0.2892954
0.2892953
0.2892953
0.2892952
0.2892952
0.2892951
0.2892951
0.289295
0.289295
0.2892949
0.2892949
0.2892948
0.2892948
0.2892947
0.2892947
0.2892947
0.2892946
0.2892946
0.2892945
0.2892945
0.2892944
0.2892944
0.2892943
0.2892943
0.2892942
0.2892942
0.2892941
0.2892941
0.289294
0.289294
0.2892939
0.2892939
0.2892939
0.2892938
0.2892938
0.2892937
0.2892937
0.2892936
0.2892936
0.2892935
0.2892935
0.2892934
0.2892934
0.2892933
0.2892933
0.2892932
0.2892932
0.2892932
0.2892931
0.2892931
0.289293
0.289293
0.2892929
0.2892929
0.2892928
0.2892928
0.2892927
0.2892927
0.2892926
0.2892926
0.2892926
0.2892925
0.2892925
0.2892924
0.2892924
0.2892923
0.2892923
0.2892922
0.2892922
0.2892922
0.2892921
0.2892921
0.289292
0.2890852
0.289195
0.2893207
0.2893068
0.2892938
0.2892953
0.2892966
0.2892964
0.2892962
0.2892962
0.2892961
0.2892961
0.289296
0.289296
0.289296
0.2892959
0.2892959
0.2892958
0.2892958
0.2892957
0.2892957
0.2892956
0.2892956
0.2892955
0.2892955
0.2892955
0.2892954
0.2892954
0.2892953
0.2892953
0.2892952
0.2892952
0.2892951
0.2892951
0.289295
0.289295
0.2892949
0.2892949
0.2892948
0.2892948
0.2892947
0.2892947
0.2892947
0.2892946
0.2892946
0.2892945
0.2892945
0.2892944
0.2892944
0.2892943
0.2892943
0.2892942
0.2892942
0.2892941
0.2892941
0.289294
0.289294
0.2892939
0.2892939
0.2892939
0.2892938
0.2892938
0.2892937
0.2892937
0.2892936
0.2892936
0.2892935
0.2892935
0.2892934
0.2892934
0.2892933
0.2892933
0.2892932
0.2892932
0.2892932
0.2892931
0.2892931
0.289293
0.289293
0.2892929
0.2892929
0.2892928
0.2892928
0.2892927
0.2892927
0.2892926
0.2892926
0.2892926
0.2892925
0.2892925
0.2892924
0.2892924
0.2892923
0.2892923
0.2892922
0.2892922
0.2892922
0.2892921
0.2892921
0.289292
0.2890852
0.289195
0.2893207
0.2893068
0.2892938
0.2892953
0.2892966
0.2892964
0.2892962
0.2892962
0.2892961
0.2892961
0.289296
0.289296
0.289296
0.2892959
0.2892959
0.2892958
0.2892958
0.2892957
0.2892957
0.2892956
0.2892956
0.2892955
0.2892955
0.2892955
0.2892954
0.2892954
0.2892953
0.2892953
0.2892952
0.2892952
0.2892951
0.2892951
0.289295
0.289295
0.2892949
0.2892949
0.2892948
0.2892948
0.2892948
0.2892947
0.2892947
0.2892946
0.2892946
0.2892945
0.2892945
0.2892944
0.2892944
0.2892943
0.2892943
0.2892942
0.2892942
0.2892941
0.2892941
0.289294
0.289294
0.2892939
0.2892939
0.2892939
0.2892938
0.2892938
0.2892937
0.2892937
0.2892936
0.2892936
0.2892935
0.2892935
0.2892934
0.2892934
0.2892933
0.2892933
0.2892932
0.2892932
0.2892932
0.2892931
0.2892931
0.289293
0.289293
0.2892929
0.2892929
0.2892928
0.2892928
0.2892927
0.2892927
0.2892926
0.2892926
0.2892926
0.2892925
0.2892925
0.2892924
0.2892924
0.2892923
0.2892923
0.2892922
0.2892922
0.2892922
0.2892921
0.2892921
0.289292
0.2890852
0.289195
0.2893207
0.2893068
0.2892938
0.2892953
0.2892966
0.2892964
0.2892962
0.2892962
0.2892961
0.2892961
0.289296
0.289296
0.289296
0.2892959
0.2892959
0.2892958
0.2892958
0.2892957
0.2892957
0.2892956
0.2892956
0.2892955
0.2892955
0.2892955
0.2892954
0.2892954
0.2892953
0.2892953
0.2892952
0.2892952
0.2892951
0.2892951
0.289295
0.289295
0.2892949
0.2892949
0.2892948
0.2892948
0.2892948
0.2892947
0.2892947
0.2892946
0.2892946
0.2892945
0.2892945
0.2892944
0.2892944
0.2892943
0.2892943
0.2892942
0.2892942
0.2892941
0.2892941
0.289294
0.289294
0.2892939
0.2892939
0.2892939
0.2892938
0.2892938
0.2892937
0.2892937
0.2892936
0.2892936
0.2892935
0.2892935
0.2892934
0.2892934
0.2892933
0.2892933
0.2892932
0.2892932
0.2892932
0.2892931
0.2892931
0.289293
0.289293
0.2892929
0.2892929
0.2892928
0.2892928
0.2892927
0.2892927
0.2892926
0.2892926
0.2892926
0.2892925
0.2892925
0.2892924
0.2892924
0.2892923
0.2892923
0.2892922
0.2892922
0.2892922
0.2892921
0.2892921
0.289292
0.2890852
0.289195
0.2893207
0.2893068
0.2892938
0.2892953
0.2892966
0.2892964
0.2892962
0.2892962
0.2892961
0.2892961
0.2892961
0.289296
0.289296
0.2892959
0.2892959
0.2892958
0.2892958
0.2892957
0.2892957
0.2892956
0.2892956
0.2892955
0.2892955
0.2892955
0.2892954
0.2892954
0.2892953
0.2892953
0.2892952
0.2892952
0.2892951
0.2892951
0.289295
0.289295
0.2892949
0.2892949
0.2892948
0.2892948
0.2892948
0.2892947
0.2892947
0.2892946
0.2892946
0.2892945
0.2892945
0.2892944
0.2892944
0.2892943
0.2892943
0.2892942
0.2892942
0.2892941
0.2892941
0.289294
0.289294
0.2892939
0.2892939
0.2892939
0.2892938
0.2892938
0.2892937
0.2892937
0.2892936
0.2892936
0.2892935
0.2892935
0.2892934
0.2892934
0.2892933
0.2892933
0.2892932
0.2892932
0.2892932
0.2892931
0.2892931
0.289293
0.289293
0.2892929
0.2892929
0.2892928
0.2892928
0.2892927
0.2892927
0.2892926
0.2892926
0.2892926
0.2892925
0.2892925
0.2892924
0.2892924
0.2892923
0.2892923
0.2892922
0.2892922
0.2892921
0.2892921
0.2892921
0.289292
0.2890852
0.289195
0.2893207
0.2893068
0.2892938
0.2892953
0.2892966
0.2892964
0.2892962
0.2892962
0.2892961
0.2892961
0.2892961
0.289296
0.289296
0.2892959
0.2892959
0.2892958
0.2892958
0.2892957
0.2892957
0.2892956
0.2892956
0.2892955
0.2892955
0.2892955
0.2892954
0.2892954
0.2892953
0.2892953
0.2892952
0.2892952
0.2892951
0.2892951
0.289295
0.289295
0.2892949
0.2892949
0.2892948
0.2892948
0.2892948
0.2892947
0.2892947
0.2892946
0.2892946
0.2892945
0.2892945
0.2892944
0.2892944
0.2892943
0.2892943
0.2892942
0.2892942
0.2892941
0.2892941
0.289294
0.289294
0.289294
0.2892939
0.2892939
0.2892938
0.2892938
0.2892937
0.2892937
0.2892936
0.2892936
0.2892935
0.2892935
0.2892934
0.2892934
0.2892933
0.2892933
0.2892932
0.2892932
0.2892932
0.2892931
0.2892931
0.289293
0.289293
0.2892929
0.2892929
0.2892928
0.2892928
0.2892927
0.2892927
0.2892926
0.2892926
0.2892926
0.2892925
0.2892925
0.2892924
0.2892924
0.2892923
0.2892923
0.2892922
0.2892922
0.2892921
0.2892921
0.2892921
0.289292
0.2890853
0.2891951
0.2893207
0.2893068
0.2892938
0.2892953
0.2892966
0.2892964
0.2892962
0.2892962
0.2892961
0.2892961
0.2892961
0.289296
0.289296
0.2892959
0.2892959
0.2892958
0.2892958
0.2892957
0.2892957
0.2892956
0.2892956
0.2892955
0.2892955
0.2892955
0.2892954
0.2892954
0.2892953
0.2892953
0.2892952
0.2892952
0.2892951
0.2892951
0.289295
0.289295
0.2892949
0.2892949
0.2892948
0.2892948
0.2892948
0.2892947
0.2892947
0.2892946
0.2892946
0.2892945
0.2892945
0.2892944
0.2892944
0.2892943
0.2892943
0.2892942
0.2892942
0.2892941
0.2892941
0.289294
0.289294
0.289294
0.2892939
0.2892939
0.2892938
0.2892938
0.2892937
0.2892937
0.2892936
0.2892936
0.2892935
0.2892935
0.2892934
0.2892934
0.2892933
0.2892933
0.2892932
0.2892932
0.2892932
0.2892931
0.2892931
0.289293
0.289293
0.2892929
0.2892929
0.2892928
0.2892928
0.2892927
0.2892927
0.2892926
0.2892926
0.2892926
0.2892925
0.2892925
0.2892924
0.2892924
0.2892923
0.2892923
0.2892922
0.2892922
0.2892921
0.2892921
0.2892921
0.289292
0.2890853
0.2891951
0.2893207
0.2893068
0.2892938
0.2892953
0.2892966
0.2892964
0.2892962
0.2892962
0.2892962
0.2892961
0.2892961
0.289296
0.289296
0.2892959
0.2892959
0.2892958
0.2892958
0.2892957
0.2892957
0.2892956
0.2892956
0.2892956
0.2892955
0.2892955
0.2892954
0.2892954
0.2892953
0.2892953
0.2892952
0.2892952
0.2892951
0.2892951
0.289295
0.289295
0.2892949
0.2892949
0.2892948
0.2892948
0.2892948
0.2892947
0.2892947
0.2892946
0.2892946
0.2892945
0.2892945
0.2892944
0.2892944
0.2892943
0.2892943
0.2892942
0.2892942
0.2892941
0.2892941
0.289294
0.289294
0.289294
0.2892939
0.2892939
0.2892938
0.2892938
0.2892937
0.2892937
0.2892936
0.2892936
0.2892935
0.2892935
0.2892934
0.2892934
0.2892933
0.2892933
0.2892932
0.2892932
0.2892932
0.2892931
0.2892931
0.289293
0.289293
0.2892929
0.2892929
0.2892928
0.2892928
0.2892927
0.2892927
0.2892926
0.2892926
0.2892925
0.2892925
0.2892925
0.2892924
0.2892924
0.2892923
0.2892923
0.2892922
0.2892922
0.2892921
0.2892921
0.2892921
0.289292
0.2890853
0.2891951
0.2893207
0.2893068
0.2892938
0.2892953
0.2892966
0.2892964
0.2892962
0.2892962
0.2892962
0.2892961
0.2892961
0.289296
0.289296
0.2892959
0.2892959
0.2892958
0.2892958
0.2892957
0.2892957
0.2892956
0.2892956
0.2892956
0.2892955
0.2892955
0.2892954
0.2892954
0.2892953
0.2892953
0.2892952
0.2892952
0.2892951
0.2892951
0.289295
0.289295
0.2892949
0.2892949
0.2892948
0.2892948
0.2892948
0.2892947
0.2892947
0.2892946
0.2892946
0.2892945
0.2892945
0.2892944
0.2892944
0.2892943
0.2892943
0.2892942
0.2892942
0.2892941
0.2892941
0.289294
0.289294
0.289294
0.2892939
0.2892939
0.2892938
0.2892938
0.2892937
0.2892937
0.2892936
0.2892936
0.2892935
0.2892935
0.2892934
0.2892934
0.2892933
0.2892933
0.2892932
0.2892932
0.2892932
0.2892931
0.2892931
0.289293
0.289293
0.2892929
0.2892929
0.2892928
0.2892928
0.2892927
0.2892927
0.2892926
0.2892926
0.2892925
0.2892925
0.2892925
0.2892924
0.2892924
0.2892923
0.2892923
0.2892922
0.2892922
0.2892921
0.2892921
0.2892921
0.289292
0.2890853
0.2891951
0.2893207
0.2893068
0.2892938
0.2892953
0.2892966
0.2892964
0.2892962
0.2892962
0.2892962
0.2892961
0.2892961
0.289296
0.289296
0.2892959
0.2892959
0.2892958
0.2892958
0.2892957
0.2892957
0.2892956
0.2892956
0.2892956
0.2892955
0.2892955
0.2892954
0.2892954
0.2892953
0.2892953
0.2892952
0.2892952
0.2892951
0.2892951
0.289295
0.289295
0.2892949
0.2892949
0.2892948
0.2892948
0.2892948
0.2892947
0.2892947
0.2892946
0.2892946
0.2892945
0.2892945
0.2892944
0.2892944
0.2892943
0.2892943
0.2892942
0.2892942
0.2892941
0.2892941
0.289294
0.289294
0.289294
0.2892939
0.2892939
0.2892938
0.2892938
0.2892937
0.2892937
0.2892936
0.2892936
0.2892935
0.2892935
0.2892934
0.2892934
0.2892933
0.2892933
0.2892932
0.2892932
0.2892932
0.2892931
0.2892931
0.289293
0.289293
0.2892929
0.2892929
0.2892928
0.2892928
0.2892927
0.2892927
0.2892926
0.2892926
0.2892925
0.2892925
0.2892925
0.2892924
0.2892924
0.2892923
0.2892923
0.2892922
0.2892922
0.2892921
0.2892921
0.2892921
0.289292
0.2890853
0.2891951
0.2893208
0.2893068
0.2892938
0.2892953
0.2892966
0.2892964
0.2892962
0.2892962
0.2892962
0.2892961
0.2892961
0.289296
0.289296
0.2892959
0.2892959
0.2892958
0.2892958
0.2892957
0.2892957
0.2892956
0.2892956
0.2892956
0.2892955
0.2892955
0.2892954
0.2892954
0.2892953
0.2892953
0.2892952
0.2892952
0.2892951
0.2892951
0.289295
0.289295
0.2892949
0.2892949
0.2892949
0.2892948
0.2892948
0.2892947
0.2892947
0.2892946
0.2892946
0.2892945
0.2892945
0.2892944
0.2892944
0.2892943
0.2892943
0.2892942
0.2892942
0.2892941
0.2892941
0.289294
0.289294
0.289294
0.2892939
0.2892939
0.2892938
0.2892938
0.2892937
0.2892937
0.2892936
0.2892936
0.2892935
0.2892935
0.2892934
0.2892934
0.2892933
0.2892933
0.2892932
0.2892932
0.2892932
0.2892931
0.2892931
0.289293
0.289293
0.2892929
0.2892929
0.2892928
0.2892928
0.2892927
0.2892927
0.2892926
0.2892926
0.2892925
0.2892925
0.2892925
0.2892924
0.2892924
0.2892923
0.2892923
0.2892922
0.2892922
0.2892921
0.2892921
0.2892921
0.289292
0.2890853
0.2891951
0.2893208
0.2893068
0.2892938
0.2892953
0.2892966
0.2892964
0.2892962
0.2892962
0.2892962
0.2892961
0.2892961
0.289296
0.289296
0.2892959
0.2892959
0.2892958
0.2892958
0.2892957
0.2892957
0.2892957
0.2892956
0.2892956
0.2892955
0.2892955
0.2892954
0.2892954
0.2892953
0.2892953
0.2892952
0.2892952
0.2892951
0.2892951
0.289295
0.289295
0.2892949
0.2892949
0.2892949
0.2892948
0.2892948
0.2892947
0.2892947
0.2892946
0.2892946
0.2892945
0.2892945
0.2892944
0.2892944
0.2892943
0.2892943
0.2892942
0.2892942
0.2892941
0.2892941
0.289294
0.289294
0.289294
0.2892939
0.2892939
0.2892938
0.2892938
0.2892937
0.2892937
0.2892936
0.2892936
0.2892935
0.2892935
0.2892934
0.2892934
0.2892933
0.2892933
0.2892932
0.2892932
0.2892931
0.2892931
0.2892931
0.289293
0.289293
0.2892929
0.2892929
0.2892928
0.2892928
0.2892927
0.2892927
0.2892926
0.2892926
0.2892925
0.2892925
0.2892925
0.2892924
0.2892924
0.2892923
0.2892923
0.2892922
0.2892922
0.2892921
0.2892921
0.289292
0.289292
0.2890853
0.2891951
0.2893208
0.2893069
0.2892938
0.2892953
0.2892966
0.2892964
0.2892962
0.2892962
0.2892962
0.2892961
0.2892961
0.289296
0.289296
0.2892959
0.2892959
0.2892958
0.2892958
0.2892957
0.2892957
0.2892957
0.2892956
0.2892956
0.2892955
0.2892955
0.2892954
0.2892954
0.2892953
0.2892953
0.2892952
0.2892952
0.2892951
0.2892951
0.289295
0.289295
0.2892949
0.2892949
0.2892949
0.2892948
0.2892948
0.2892947
0.2892947
0.2892946
0.2892946
0.2892945
0.2892945
0.2892944
0.2892944
0.2892943
0.2892943
0.2892942
0.2892942
0.2892941
0.2892941
0.289294
0.289294
0.289294
0.2892939
0.2892939
0.2892938
0.2892938
0.2892937
0.2892937
0.2892936
0.2892936
0.2892935
0.2892935
0.2892934
0.2892934
0.2892933
0.2892933
0.2892932
0.2892932
0.2892931
0.2892931
0.2892931
0.289293
0.289293
0.2892929
0.2892929
0.2892928
0.2892928
0.2892927
0.2892927
0.2892926
0.2892926
0.2892925
0.2892925
0.2892924
0.2892924
0.2892924
0.2892923
0.2892923
0.2892922
0.2892922
0.2892921
0.2892921
0.289292
0.289292
0.2890853
0.2891951
0.2893208
0.2893069
0.2892938
0.2892953
0.2892966
0.2892964
0.2892962
0.2892962
0.2892962
0.2892961
0.2892961
0.289296
0.289296
0.2892959
0.2892959
0.2892958
0.2892958
0.2892957
0.2892957
0.2892957
0.2892956
0.2892956
0.2892955
0.2892955
0.2892954
0.2892954
0.2892953
0.2892953
0.2892952
0.2892952
0.2892951
0.2892951
0.289295
0.289295
0.2892949
0.2892949
0.2892949
0.2892948
0.2892948
0.2892947
0.2892947
0.2892946
0.2892946
0.2892945
0.2892945
0.2892944
0.2892944
0.2892943
0.2892943
0.2892942
0.2892942
0.2892941
0.2892941
0.289294
0.289294
0.289294
0.2892939
0.2892939
0.2892938
0.2892938
0.2892937
0.2892937
0.2892936
0.2892936
0.2892935
0.2892935
0.2892934
0.2892934
0.2892933
0.2892933
0.2892932
0.2892932
0.2892931
0.2892931
0.2892931
0.289293
0.289293
0.2892929
0.2892929
0.2892928
0.2892928
0.2892927
0.2892927
0.2892926
0.2892926
0.2892925
0.2892925
0.2892924
0.2892924
0.2892924
0.2892923
0.2892923
0.2892922
0.2892922
0.2892921
0.2892921
0.289292
0.289292
0.2890853
0.2891951
0.2893208
0.2893069
0.2892939
0.2892953
0.2892966
0.2892964
0.2892962
0.2892962
0.2892962
0.2892961
0.2892961
0.289296
0.289296
0.2892959
0.2892959
0.2892958
0.2892958
0.2892958
0.2892957
0.2892957
0.2892956
0.2892956
0.2892955
0.2892955
0.2892954
0.2892954
0.2892953
0.2892953
0.2892952
0.2892952
0.2892951
0.2892951
0.289295
0.289295
0.2892949
0.2892949
0.2892949
0.2892948
0.2892948
0.2892947
0.2892947
0.2892946
0.2892946
0.2892945
0.2892945
0.2892944
0.2892944
0.2892943
0.2892943
0.2892942
0.2892942
0.2892941
0.2892941
0.289294
0.289294
0.289294
0.2892939
0.2892939
0.2892938
0.2892938
0.2892937
0.2892937
0.2892936
0.2892936
0.2892935
0.2892935
0.2892934
0.2892934
0.2892933
0.2892933
0.2892932
0.2892932
0.2892931
0.2892931
0.2892931
0.289293
0.289293
0.2892929
0.2892929
0.2892928
0.2892928
0.2892927
0.2892927
0.2892926
0.2892926
0.2892925
0.2892925
0.2892924
0.2892924
0.2892924
0.2892923
0.2892923
0.2892922
0.2892922
0.2892921
0.2892921
0.289292
0.289292
0.2890853
0.2891951
0.2893208
0.2893069
0.2892939
0.2892953
0.2892966
0.2892964
0.2892962
0.2892962
0.2892962
0.2892961
0.2892961
0.289296
0.289296
0.2892959
0.2892959
0.2892958
0.2892958
0.2892958
0.2892957
0.2892957
0.2892956
0.2892956
0.2892955
0.2892955
0.2892954
0.2892954
0.2892953
0.2892953
0.2892952
0.2892952
0.2892951
0.2892951
0.289295
0.289295
0.2892949
0.2892949
0.2892949
0.2892948
0.2892948
0.2892947
0.2892947
0.2892946
0.2892946
0.2892945
0.2892945
0.2892944
0.2892944
0.2892943
0.2892943
0.2892942
0.2892942
0.2892941
0.2892941
0.289294
0.289294
0.289294
0.2892939
0.2892939
0.2892938
0.2892938
0.2892937
0.2892937
0.2892936
0.2892936
0.2892935
0.2892935
0.2892934
0.2892934
0.2892933
0.2892933
0.2892932
0.2892932
0.2892931
0.2892931
0.2892931
0.289293
0.289293
0.2892929
0.2892929
0.2892928
0.2892928
0.2892927
0.2892927
0.2892926
0.2892926
0.2892925
0.2892925
0.2892924
0.2892924
0.2892924
0.2892923
0.2892923
0.2892922
0.2892922
0.2892921
0.2892921
0.289292
0.289292
0.2890853
0.2891951
0.2893208
0.2893069
0.2892939
0.2892954
0.2892966
0.2892964
0.2892962
0.2892962
0.2892962
0.2892961
0.2892961
0.289296
0.289296
0.2892959
0.2892959
0.2892959
0.2892958
0.2892958
0.2892957
0.2892957
0.2892956
0.2892956
0.2892955
0.2892955
0.2892954
0.2892954
0.2892953
0.2892953
0.2892952
0.2892952
0.2892951
0.2892951
0.289295
0.289295
0.289295
0.2892949
0.2892949
0.2892948
0.2892948
0.2892947
0.2892947
0.2892946
0.2892946
0.2892945
0.2892945
0.2892944
0.2892944
0.2892943
0.2892943
0.2892942
0.2892942
0.2892941
0.2892941
0.2892941
0.289294
0.289294
0.2892939
0.2892939
0.2892938
0.2892938
0.2892937
0.2892937
0.2892936
0.2892936
0.2892935
0.2892935
0.2892934
0.2892934
0.2892933
0.2892933
0.2892932
0.2892932
0.2892931
0.2892931
0.2892931
0.289293
0.289293
0.2892929
0.2892929
0.2892928
0.2892928
0.2892927
0.2892927
0.2892926
0.2892926
0.2892925
0.2892925
0.2892924
0.2892924
0.2892923
0.2892923
0.2892923
0.2892922
0.2892922
0.2892921
0.2892921
0.289292
0.289292
0.2890853
0.2891951
0.2893208
0.2893069
0.2892939
0.2892954
0.2892966
0.2892964
0.2892962
0.2892962
0.2892962
0.2892961
0.2892961
0.289296
0.289296
0.2892959
0.2892959
0.2892959
0.2892958
0.2892958
0.2892957
0.2892957
0.2892956
0.2892956
0.2892955
0.2892955
0.2892954
0.2892954
0.2892953
0.2892953
0.2892952
0.2892952
0.2892951
0.2892951
0.289295
0.289295
0.289295
0.2892949
0.2892949
0.2892948
0.2892948
0.2892947
0.2892947
0.2892946
0.2892946
0.2892945
0.2892945
0.2892944
0.2892944
0.2892943
0.2892943
0.2892942
0.2892942
0.2892941
0.2892941
0.2892941
0.289294
0.289294
0.2892939
0.2892939
0.2892938
0.2892938
0.2892937
0.2892937
0.2892936
0.2892936
0.2892935
0.2892935
0.2892934
0.2892934
0.2892933
0.2892933
0.2892932
0.2892932
0.2892931
0.2892931
0.2892931
0.289293
0.289293
0.2892929
0.2892929
0.2892928
0.2892928
0.2892927
0.2892927
0.2892926
0.2892926
0.2892925
0.2892925
0.2892924
0.2892924
0.2892923
0.2892923
0.2892923
0.2892922
0.2892922
0.2892921
0.2892921
0.289292
0.289292
0.2890853
0.2891951
0.2893208
0.2893069
0.2892939
0.2892954
0.2892966
0.2892964
0.2892962
0.2892962
0.2892962
0.2892961
0.2892961
0.289296
0.289296
0.289296
0.2892959
0.2892959
0.2892958
0.2892958
0.2892957
0.2892957
0.2892956
0.2892956
0.2892955
0.2892955
0.2892954
0.2892954
0.2892953
0.2892953
0.2892952
0.2892952
0.2892951
0.2892951
0.289295
0.289295
0.289295
0.2892949
0.2892949
0.2892948
0.2892948
0.2892947
0.2892947
0.2892946
0.2892946
0.2892945
0.2892945
0.2892944
0.2892944
0.2892943
0.2892943
0.2892942
0.2892942
0.2892941
0.2892941
0.2892941
0.289294
0.289294
0.2892939
0.2892939
0.2892938
0.2892938
0.2892937
0.2892937
0.2892936
0.2892936
0.2892935
0.2892935
0.2892934
0.2892934
0.2892933
0.2892933
0.2892932
0.2892932
0.2892931
0.2892931
0.2892931
0.289293
0.289293
0.2892929
0.2892929
0.2892928
0.2892928
0.2892927
0.2892927
0.2892926
0.2892926
0.2892925
0.2892925
0.2892924
0.2892924
0.2892923
0.2892923
0.2892923
0.2892922
0.2892922
0.2892921
0.2892921
0.289292
0.289292
0.2890853
0.2891951
0.2893208
0.2893069
0.2892939
0.2892954
0.2892967
0.2892964
0.2892963
0.2892962
0.2892962
0.2892961
0.2892961
0.289296
0.289296
0.289296
0.2892959
0.2892959
0.2892958
0.2892958
0.2892957
0.2892957
0.2892956
0.2892956
0.2892955
0.2892955
0.2892954
0.2892954
0.2892953
0.2892953
0.2892952
0.2892952
0.2892951
0.2892951
0.2892951
0.289295
0.289295
0.2892949
0.2892949
0.2892948
0.2892948
0.2892947
0.2892947
0.2892946
0.2892946
0.2892945
0.2892945
0.2892944
0.2892944
0.2892943
0.2892943
0.2892942
0.2892942
0.2892941
0.2892941
0.2892941
0.289294
0.289294
0.2892939
0.2892939
0.2892938
0.2892938
0.2892937
0.2892937
0.2892936
0.2892936
0.2892935
0.2892935
0.2892934
0.2892934
0.2892933
0.2892933
0.2892932
0.2892932
0.2892931
0.2892931
0.2892931
0.289293
0.289293
0.2892929
0.2892929
0.2892928
0.2892928
0.2892927
0.2892927
0.2892926
0.2892926
0.2892925
0.2892925
0.2892924
0.2892924
0.2892923
0.2892923
0.2892922
0.2892922
0.2892922
0.2892921
0.2892921
0.289292
0.289292
0.2890853
0.2891951
0.2893208
0.2893069
0.2892939
0.2892954
0.2892967
0.2892964
0.2892963
0.2892962
0.2892962
0.2892962
0.2892961
0.2892961
0.289296
0.289296
0.2892959
0.2892959
0.2892958
0.2892958
0.2892957
0.2892957
0.2892956
0.2892956
0.2892955
0.2892955
0.2892954
0.2892954
0.2892953
0.2892953
0.2892952
0.2892952
0.2892951
0.2892951
0.2892951
0.289295
0.289295
0.2892949
0.2892949
0.2892948
0.2892948
0.2892947
0.2892947
0.2892946
0.2892946
0.2892945
0.2892945
0.2892944
0.2892944
0.2892943
0.2892943
0.2892942
0.2892942
0.2892941
0.2892941
0.2892941
0.289294
0.289294
0.2892939
0.2892939
0.2892938
0.2892938
0.2892937
0.2892937
0.2892936
0.2892936
0.2892935
0.2892935
0.2892934
0.2892934
0.2892933
0.2892933
0.2892932
0.2892932
0.2892931
0.2892931
0.2892931
0.289293
0.289293
0.2892929
0.2892929
0.2892928
0.2892928
0.2892927
0.2892927
0.2892926
0.2892926
0.2892925
0.2892925
0.2892924
0.2892924
0.2892923
0.2892923
0.2892922
0.2892922
0.2892922
0.2892921
0.2892921
0.289292
0.289292
0.2890854
0.2891951
0.2893208
0.2893069
0.2892939
0.2892954
0.2892967
0.2892965
0.2892963
0.2892962
0.2892962
0.2892962
0.2892961
0.2892961
0.289296
0.289296
0.2892959
0.2892959
0.2892958
0.2892958
0.2892957
0.2892957
0.2892956
0.2892956
0.2892955
0.2892955
0.2892954
0.2892954
0.2892953
0.2892953
0.2892952
0.2892952
0.2892951
0.2892951
0.2892951
0.289295
0.289295
0.2892949
0.2892949
0.2892948
0.2892948
0.2892947
0.2892947
0.2892946
0.2892946
0.2892945
0.2892945
0.2892944
0.2892944
0.2892943
0.2892943
0.2892942
0.2892942
0.2892942
0.2892941
0.2892941
0.289294
0.289294
0.2892939
0.2892939
0.2892938
0.2892938
0.2892937
0.2892937
0.2892936
0.2892936
0.2892935
0.2892935
0.2892934
0.2892934
0.2892933
0.2892933
0.2892932
0.2892932
0.2892931
0.2892931
0.2892931
0.289293
0.289293
0.2892929
0.2892929
0.2892928
0.2892928
0.2892927
0.2892927
0.2892926
0.2892926
0.2892925
0.2892925
0.2892924
0.2892924
0.2892923
0.2892923
0.2892922
0.2892922
0.2892921
0.2892921
0.2892921
0.289292
0.289292
0.2890854
0.2891952
0.2893208
0.2893069
0.2892939
0.2892954
0.2892967
0.2892965
0.2892963
0.2892962
0.2892962
0.2892962
0.2892961
0.2892961
0.289296
0.289296
0.2892959
0.2892959
0.2892958
0.2892958
0.2892957
0.2892957
0.2892956
0.2892956
0.2892955
0.2892955
0.2892954
0.2892954
0.2892953
0.2892953
0.2892952
0.2892952
0.2892952
0.2892951
0.2892951
0.289295
0.289295
0.2892949
0.2892949
0.2892948
0.2892948
0.2892947
0.2892947
0.2892946
0.2892946
0.2892945
0.2892945
0.2892944
0.2892944
0.2892943
0.2892943
0.2892942
0.2892942
0.2892942
0.2892941
0.2892941
0.289294
0.289294
0.2892939
0.2892939
0.2892938
0.2892938
0.2892937
0.2892937
0.2892936
0.2892936
0.2892935
0.2892935
0.2892934
0.2892934
0.2892933
0.2892933
0.2892932
0.2892932
0.2892931
0.2892931
0.2892931
0.289293
0.289293
0.2892929
0.2892929
0.2892928
0.2892928
0.2892927
0.2892927
0.2892926
0.2892926
0.2892925
0.2892925
0.2892924
0.2892924
0.2892923
0.2892923
0.2892922
0.2892922
0.2892921
0.2892921
0.289292
0.289292
0.289292
0.2890854
0.2891952
0.2893208
0.2893069
0.2892939
0.2892954
0.2892967
0.2892965
0.2892963
0.2892963
0.2892962
0.2892962
0.2892961
0.2892961
0.289296
0.289296
0.2892959
0.2892959
0.2892958
0.2892958
0.2892957
0.2892957
0.2892956
0.2892956
0.2892955
0.2892955
0.2892954
0.2892954
0.2892953
0.2892953
0.2892952
0.2892952
0.2892952
0.2892951
0.2892951
0.289295
0.289295
0.2892949
0.2892949
0.2892948
0.2892948
0.2892947
0.2892947
0.2892946
0.2892946
0.2892945
0.2892945
0.2892944
0.2892944
0.2892943
0.2892943
0.2892942
0.2892942
0.2892942
0.2892941
0.2892941
0.289294
0.289294
0.2892939
0.2892939
0.2892938
0.2892938
0.2892937
0.2892937
0.2892936
0.2892936
0.2892935
0.2892935
0.2892934
0.2892934
0.2892933
0.2892933
0.2892932
0.2892932
0.2892931
0.2892931
0.2892931
0.289293
0.289293
0.2892929
0.2892929
0.2892928
0.2892928
0.2892927
0.2892927
0.2892926
0.2892926
0.2892925
0.2892925
0.2892924
0.2892924
0.2892923
0.2892923
0.2892922
0.2892922
0.2892921
0.2892921
0.289292
0.289292
0.289292
0.2890854
0.2891952
0.2893208
0.2893069
0.2892939
0.2892954
0.2892967
0.2892965
0.2892963
0.2892963
0.2892962
0.2892962
0.2892961
0.2892961
0.289296
0.289296
0.2892959
0.2892959
0.2892958
0.2892958
0.2892957
0.2892957
0.2892956
0.2892956
0.2892955
0.2892955
0.2892954
0.2892954
0.2892953
0.2892953
0.2892953
0.2892952
0.2892952
0.2892951
0.2892951
0.289295
0.289295
0.2892949
0.2892949
0.2892948
0.2892948
0.2892947
0.2892947
0.2892946
0.2892946
0.2892945
0.2892945
0.2892944
0.2892944
0.2892943
0.2892943
0.2892943
0.2892942
0.2892942
0.2892941
0.2892941
0.289294
0.289294
0.2892939
0.2892939
0.2892938
0.2892938
0.2892937
0.2892937
0.2892936
0.2892936
0.2892935
0.2892935
0.2892934
0.2892934
0.2892933
0.2892933
0.2892932
0.2892932
0.2892932
0.2892931
0.2892931
0.289293
0.289293
0.2892929
0.2892929
0.2892928
0.2892928
0.2892927
0.2892927
0.2892926
0.2892926
0.2892925
0.2892925
0.2892924
0.2892924
0.2892923
0.2892923
0.2892922
0.2892922
0.2892921
0.2892921
0.289292
0.289292
0.2892919
0.2890854
0.2891952
0.2893209
0.2893069
0.2892939
0.2892954
0.2892967
0.2892965
0.2892963
0.2892963
0.2892962
0.2892962
0.2892961
0.2892961
0.289296
0.289296
0.2892959
0.2892959
0.2892958
0.2892958
0.2892957
0.2892957
0.2892956
0.2892956
0.2892955
0.2892955
0.2892954
0.2892954
0.2892954
0.2892953
0.2892953
0.2892952
0.2892952
0.2892951
0.2892951
0.289295
0.289295
0.2892949
0.2892949
0.2892948
0.2892948
0.2892947
0.2892947
0.2892946
0.2892946
0.2892945
0.2892945
0.2892944
0.2892944
0.2892943
0.2892943
0.2892943
0.2892942
0.2892942
0.2892941
0.2892941
0.289294
0.289294
0.2892939
0.2892939
0.2892938
0.2892938
0.2892937
0.2892937
0.2892936
0.2892936
0.2892935
0.2892935
0.2892934
0.2892934
0.2892933
0.2892933
0.2892932
0.2892932
0.2892932
0.2892931
0.2892931
0.289293
0.289293
0.2892929
0.2892929
0.2892928
0.2892928
0.2892927
0.2892927
0.2892926
0.2892926
0.2892925
0.2892925
0.2892924
0.2892924
0.2892923
0.2892923
0.2892922
0.2892922
0.2892921
0.2892921
0.289292
0.289292
0.2892919
0.2890854
0.2891952
0.2893209
0.2893069
0.2892939
0.2892954
0.2892967
0.2892965
0.2892963
0.2892963
0.2892962
0.2892962
0.2892961
0.2892961
0.289296
0.289296
0.2892959
0.2892959
0.2892958
0.2892958
0.2892957
0.2892957
0.2892956
0.2892956
0.2892955
0.2892955
0.2892955
0.2892954
0.2892954
0.2892953
0.2892953
0.2892952
0.2892952
0.2892951
0.2892951
0.289295
0.289295
0.2892949
0.2892949
0.2892948
0.2892948
0.2892947
0.2892947
0.2892946
0.2892946
0.2892945
0.2892945
0.2892944
0.2892944
0.2892944
0.2892943
0.2892943
0.2892942
0.2892942
0.2892941
0.2892941
0.289294
0.289294
0.2892939
0.2892939
0.2892938
0.2892938
0.2892937
0.2892937
0.2892936
0.2892936
0.2892935
0.2892935
0.2892934
0.2892934
0.2892933
0.2892933
0.2892933
0.2892932
0.2892932
0.2892931
0.2892931
0.289293
0.289293
0.2892929
0.2892929
0.2892928
0.2892928
0.2892927
0.2892927
0.2892926
0.2892926
0.2892925
0.2892925
0.2892924
0.2892924
0.2892923
0.2892923
0.2892922
0.2892922
0.2892921
0.2892921
0.289292
0.289292
0.2892919
0.2890855
0.2891952
0.2893209
0.289307
0.289294
0.2892954
0.2892967
0.2892965
0.2892963
0.2892963
0.2892962
0.2892962
0.2892961
0.2892961
0.289296
0.289296
0.2892959
0.2892959
0.2892958
0.2892958
0.2892957
0.2892957
0.2892956
0.2892956
0.2892955
0.2892955
0.2892955
0.2892954
0.2892954
0.2892953
0.2892953
0.2892952
0.2892952
0.2892951
0.2892951
0.289295
0.289295
0.2892949
0.2892949
0.2892948
0.2892948
0.2892947
0.2892947
0.2892946
0.2892946
0.2892945
0.2892945
0.2892944
0.2892944
0.2892944
0.2892943
0.2892943
0.2892942
0.2892942
0.2892941
0.2892941
0.289294
0.289294
0.2892939
0.2892939
0.2892938
0.2892938
0.2892937
0.2892937
0.2892936
0.2892936
0.2892935
0.2892935
0.2892934
0.2892934
0.2892933
0.2892933
0.2892933
0.2892932
0.2892932
0.2892931
0.2892931
0.289293
0.289293
0.2892929
0.2892929
0.2892928
0.2892928
0.2892927
0.2892927
0.2892926
0.2892926
0.2892925
0.2892925
0.2892924
0.2892924
0.2892923
0.2892923
0.2892922
0.2892922
0.2892921
0.2892921
0.289292
0.289292
0.2892919
0.2890855
0.2891953
0.2893209
0.289307
0.289294
0.2892955
0.2892967
0.2892965
0.2892963
0.2892963
0.2892963
0.2892962
0.2892961
0.2892961
0.289296
0.289296
0.2892959
0.2892959
0.2892958
0.2892958
0.2892957
0.2892957
0.2892957
0.2892956
0.2892956
0.2892955
0.2892955
0.2892954
0.2892954
0.2892953
0.2892953
0.2892952
0.2892952
0.2892951
0.2892951
0.289295
0.289295
0.2892949
0.2892949
0.2892948
0.2892948
0.2892947
0.2892947
0.2892946
0.2892946
0.2892945
0.2892945
0.2892945
0.2892944
0.2892944
0.2892943
0.2892943
0.2892942
0.2892942
0.2892941
0.2892941
0.289294
0.289294
0.2892939
0.2892939
0.2892938
0.2892938
0.2892937
0.2892937
0.2892936
0.2892936
0.2892935
0.2892935
0.2892934
0.2892934
0.2892934
0.2892933
0.2892933
0.2892932
0.2892932
0.2892931
0.2892931
0.289293
0.289293
0.2892929
0.2892929
0.2892928
0.2892928
0.2892927
0.2892927
0.2892926
0.2892926
0.2892925
0.2892925
0.2892924
0.2892924
0.2892923
0.2892923
0.2892922
0.2892922
0.2892921
0.2892921
0.289292
0.289292
0.2892919
0.2890855
0.2891953
0.2893209
0.289307
0.289294
0.2892955
0.2892967
0.2892965
0.2892963
0.2892963
0.2892963
0.2892962
0.2892962
0.2892961
0.289296
0.289296
0.2892959
0.2892959
0.2892959
0.2892958
0.2892958
0.2892957
0.2892957
0.2892956
0.2892956
0.2892955
0.2892955
0.2892954
0.2892954
0.2892953
0.2892953
0.2892952
0.2892952
0.2892951
0.2892951
0.289295
0.289295
0.2892949
0.2892949
0.2892948
0.2892948
0.2892947
0.2892947
0.2892946
0.2892946
0.2892946
0.2892945
0.2892945
0.2892944
0.2892944
0.2892943
0.2892943
0.2892942
0.2892942
0.2892941
0.2892941
0.289294
0.289294
0.2892939
0.2892939
0.2892938
0.2892938
0.2892937
0.2892937
0.2892936
0.2892936
0.2892935
0.2892935
0.2892935
0.2892934
0.2892934
0.2892933
0.2892933
0.2892932
0.2892932
0.2892931
0.2892931
0.289293
0.289293
0.2892929
0.2892929
0.2892928
0.2892928
0.2892927
0.2892927
0.2892926
0.2892926
0.2892925
0.2892925
0.2892924
0.2892924
0.2892923
0.2892923
0.2892922
0.2892922
0.2892921
0.289292
0.289292
0.2892919
0.2892919
0.2890855
0.2891953
0.2893209
0.289307
0.289294
0.2892955
0.2892968
0.2892965
0.2892963
0.2892963
0.2892963
0.2892962
0.2892962
0.2892961
0.2892961
0.289296
0.289296
0.2892959
0.2892959
0.2892958
0.2892958
0.2892957
0.2892957
0.2892956
0.2892956
0.2892955
0.2892955
0.2892954
0.2892954
0.2892953
0.2892953
0.2892952
0.2892952
0.2892951
0.2892951
0.289295
0.289295
0.2892949
0.2892949
0.2892948
0.2892948
0.2892947
0.2892947
0.2892946
0.2892946
0.2892946
0.2892945
0.2892945
0.2892944
0.2892944
0.2892943
0.2892943
0.2892942
0.2892942
0.2892941
0.2892941
0.289294
0.289294
0.2892939
0.2892939
0.2892938
0.2892938
0.2892937
0.2892937
0.2892936
0.2892936
0.2892936
0.2892935
0.2892935
0.2892934
0.2892934
0.2892933
0.2892933
0.2892932
0.2892932
0.2892931
0.2892931
0.289293
0.289293
0.2892929
0.2892929
0.2892928
0.2892928
0.2892927
0.2892927
0.2892926
0.2892926
0.2892925
0.2892925
0.2892924
0.2892924
0.2892923
0.2892923
0.2892922
0.2892921
0.2892921
0.289292
0.289292
0.2892919
0.2892919
0.2890856
0.2891954
0.289321
0.289307
0.289294
0.2892955
0.2892968
0.2892965
0.2892963
0.2892963
0.2892963
0.2892962
0.2892962
0.2892961
0.2892961
0.289296
0.289296
0.2892959
0.2892959
0.2892958
0.2892958
0.2892957
0.2892957
0.2892956
0.2892956
0.2892955
0.2892955
0.2892954
0.2892954
0.2892953
0.2892953
0.2892952
0.2892952
0.2892951
0.2892951
0.289295
0.289295
0.2892949
0.2892949
0.2892948
0.2892948
0.2892948
0.2892947
0.2892947
0.2892946
0.2892946
0.2892945
0.2892945
0.2892944
0.2892944
0.2892943
0.2892943
0.2892942
0.2892942
0.2892941
0.2892941
0.289294
0.289294
0.2892939
0.2892939
0.2892938
0.2892938
0.2892937
0.2892937
0.2892937
0.2892936
0.2892936
0.2892935
0.2892935
0.2892934
0.2892934
0.2892933
0.2892933
0.2892932
0.2892932
0.2892931
0.2892931
0.289293
0.289293
0.2892929
0.2892929
0.2892928
0.2892928
0.2892927
0.2892927
0.2892926
0.2892926
0.2892925
0.2892925
0.2892924
0.2892924
0.2892923
0.2892923
0.2892922
0.2892921
0.2892921
0.289292
0.289292
0.2892919
0.2892919
0.2890856
0.2891954
0.289321
0.289307
0.289294
0.2892955
0.2892968
0.2892965
0.2892964
0.2892963
0.2892963
0.2892962
0.2892962
0.2892961
0.2892961
0.289296
0.289296
0.2892959
0.2892959
0.2892958
0.2892958
0.2892957
0.2892957
0.2892956
0.2892956
0.2892955
0.2892955
0.2892954
0.2892954
0.2892953
0.2892953
0.2892952
0.2892952
0.2892951
0.2892951
0.289295
0.289295
0.2892949
0.2892949
0.2892949
0.2892948
0.2892948
0.2892947
0.2892947
0.2892946
0.2892946
0.2892945
0.2892945
0.2892944
0.2892944
0.2892943
0.2892943
0.2892942
0.2892942
0.2892941
0.2892941
0.289294
0.289294
0.2892939
0.2892939
0.2892938
0.2892938
0.2892938
0.2892937
0.2892937
0.2892936
0.2892936
0.2892935
0.2892935
0.2892934
0.2892934
0.2892933
0.2892933
0.2892932
0.2892932
0.2892931
0.2892931
0.289293
0.289293
0.2892929
0.2892929
0.2892928
0.2892928
0.2892927
0.2892927
0.2892926
0.2892926
0.2892925
0.2892925
0.2892924
0.2892924
0.2892923
0.2892923
0.2892922
0.2892921
0.2892921
0.289292
0.289292
0.2892919
0.2892918
0.2890856
0.2891955
0.2893211
0.2893071
0.2892941
0.2892956
0.2892968
0.2892966
0.2892964
0.2892964
0.2892963
0.2892963
0.2892962
0.2892962
0.2892961
0.2892961
0.289296
0.289296
0.2892959
0.2892959
0.2892958
0.2892958
0.2892957
0.2892957
0.2892956
0.2892956
0.2892955
0.2892955
0.2892954
0.2892953
0.2892953
0.2892952
0.2892952
0.2892951
0.2892951
0.289295
0.289295
0.2892949
0.2892949
0.2892948
0.2892948
0.2892947
0.2892947
0.2892946
0.2892946
0.2892945
0.2892945
0.2892944
0.2892944
0.2892943
0.2892943
0.2892942
0.2892942
0.2892941
0.2892941
0.289294
0.289294
0.2892939
0.2892939
0.2892938
0.2892938
0.2892937
0.2892937
0.2892936
0.2892935
0.2892935
0.2892934
0.2892934
0.2892933
0.2892933
0.2892932
0.2892932
0.2892931
0.2892931
0.289293
0.289293
0.2892929
0.2892929
0.2892928
0.2892927
0.2892927
0.2892926
0.2892926
0.2892925
0.2892925
0.2892924
0.2892923
0.2892923
0.2892922
0.2892922
0.2892921
0.2892921
0.289292
0.2892919
0.2892919
0.2892918
0.2892917
0.2892917
0.2892916
0.2892915
0.2890859
0.2891954
0.2893207
0.2893068
0.2892937
0.2892951
0.2892963
0.289296
0.2892958
0.2892957
0.2892956
0.2892954
0.2892953
0.2892952
0.2892951
0.289295
0.2892949
0.2892948
0.2892946
0.2892945
0.2892944
0.2892943
0.2892942
0.2892941
0.289294
0.2892939
0.2892938
0.2892936
0.2892935
0.2892934
0.2892933
0.2892932
0.2892931
0.289293
0.2892929
0.2892928
0.2892927
0.2892926
0.2892924
0.2892923
0.2892922
0.2892921
0.289292
0.2892919
0.2892918
0.2892917
0.2892916
0.2892915
0.2892914
0.2892913
0.2892912
0.289291
0.2892909
0.2892908
0.2892907
0.2892906
0.2892905
0.2892904
0.2892903
0.2892902
0.2892901
0.28929
0.2892899
0.2892898
0.2892897
0.2892896
0.2892895
0.2892893
0.2892892
0.2892891
0.289289
0.2892889
0.2892888
0.2892887
0.2892886
0.2892885
0.2892884
0.2892883
0.2892882
0.2892881
0.289288
0.2892879
0.2892878
0.2892876
0.2892875
0.2892874
0.2892873
0.2892872
0.2892871
0.289287
0.2892869
0.2892868
0.2892867
0.2892866
0.2892864
0.2892863
0.2892862
0.2892861
0.2892859
0.2892858
)
;

boundaryField
{
    bottomAir_bottom
    {
        type            symmetryPlane;
    }
    leftLet
    {
        type            calculated;
        value           uniform 0.2896557;
    }
    rightLet
    {
        type            calculated;
        value           nonuniform List<scalar> 
40
(
0.289292
0.289292
0.289292
0.289292
0.289292
0.289292
0.289292
0.289292
0.289292
0.289292
0.289292
0.289292
0.289292
0.289292
0.289292
0.289292
0.289292
0.289292
0.289292
0.289292
0.289292
0.289292
0.289292
0.289292
0.289292
0.2892919
0.2892919
0.2892919
0.2892919
0.2892919
0.2892919
0.2892919
0.2892919
0.2892919
0.2892919
0.2892918
0.2892918
0.2892918
0.2892915
0.2892857
)
;
    }
    frontAndBack
    {
        type            empty;
    }
    bottomAir_to_wall
    {
        type            calculated;
        value           nonuniform List<scalar> 
100
(
0.2890921
0.2892017
0.2893271
0.2893131
0.2893
0.2893014
0.2893026
0.2893023
0.2893021
0.289302
0.2893019
0.2893018
0.2893016
0.2893015
0.2893014
0.2893013
0.2893012
0.2893011
0.289301
0.2893009
0.2893007
0.2893006
0.2893005
0.2893004
0.2893003
0.2893002
0.2893001
0.2893
0.2892999
0.2892997
0.2892996
0.2892995
0.2892994
0.2892993
0.2892992
0.2892991
0.289299
0.2892989
0.2892988
0.2892987
0.2892986
0.2892984
0.2892983
0.2892982
0.2892981
0.289298
0.2892979
0.2892978
0.2892977
0.2892976
0.2892975
0.2892974
0.2892973
0.2892972
0.289297
0.2892969
0.2892968
0.2892967
0.2892966
0.2892965
0.2892964
0.2892963
0.2892962
0.2892961
0.289296
0.2892959
0.2892958
0.2892957
0.2892956
0.2892955
0.2892953
0.2892952
0.2892951
0.289295
0.2892949
0.2892948
0.2892947
0.2892946
0.2892945
0.2892944
0.2892943
0.2892942
0.2892941
0.289294
0.2892939
0.2892938
0.2892936
0.2892935
0.2892934
0.2892933
0.2892932
0.2892931
0.289293
0.2892929
0.2892928
0.2892926
0.2892925
0.2892924
0.2892923
0.2892921
)
;
    }
}


// ************************************************************************* //
