0.379451	886.47
0.378275	1135.03
0.37696	1264.09
0.375527	1342.61
0.373978	1396.4
0.372313	1436.16
0.370531	1467.04
0.36863	1491.84
0.366603	1512.19
0.364447	1529.14
0.362152	1543.35
0.359714	1555.28
0.357125	1565.26
0.354375	1573.55
0.351451	1580.34
0.348342	1585.79
0.345537	1590.04
0.343829	1583.9
0.341504	1587.77
0.337745	1590.63
0.333733	1592.58
0.329449	1593.69
0.324866	1594.05
0.319953	1593.72
0.314674	1592.72
0.30899	1591.02
0.302854	1588.57
0.296213	1585.2
0.289004	1580.66
0.281149	1574.47
0.272525	1565.9
0.263	1553.87
0.253312	1538.6
0.244088	1521.5
0.235219	1503.17
0.226747	1484.66
0.218656	1466.92
0.210928	1450.79
0.203547	1437.48
0.196498	1432.93
0.189765	1459.09
0.183335	1541.6
0.177194	1641.73
0.17133	1685.17
0.16573	1672.19
0.160381	1667.39
0.155274	1772.1
0.150396	1975.47
0.145739	1992.74
0.141291	1897.71
0.137044	1780.76
0.132988	1671.52
0.129116	1601.63
0.125417	1558.07
0.121886	1537.08
0.118515	1529.86
0.115295	1531.24
0.112221	1537.59
0.109285	1546.4
0.106482	1555.97
0.103807	1565.17
0.10125	1573.35
0.09875	1580.39
0.09625	1586.23
0.09375	1590.87
0.09125	1594.4
0.08875	1597.01
0.08625	1598.92
0.08375	1600.31
0.08125	1601.32
0.07875	1602.06
0.07625	1602.61
0.07375	1603.01
0.07125	1603.31
0.06875	1603.54
0.06625	1603.7
0.06375	1603.83
0.06125	1603.92
0.05875	1603.98
0.05625	1604.03
0.05375	1604.06
0.05125	1604.07
0.04875	1604.08
0.04625	1604.08
0.04375	1604.07
0.04125	1604.06
0.03875	1604.04
0.03625	1604.03
0.03375	1604.01
0.03125	1603.99
0.02875	1603.97
0.02625	1603.95
0.02375	1603.93
0.02125	1603.91
0.01875	1603.9
0.01625	1603.88
0.01375	1603.87
0.01125	1603.86
0.00875	1603.85
0.00625	1603.84
0.00375	1603.84
0.00125	1603.84
