0.379451	1074.46
0.378275	1366.04
0.37696	1490
0.375527	1553.8
0.373978	1595.32
0.372313	1625.56
0.370531	1648.95
0.36863	1667.67
0.366603	1682.92
0.36456	1695.43
0.363448	1700.89
0.362152	1710.79
0.359714	1718.68
0.357125	1724.74
0.354375	1729.07
0.351451	1731.77
0.348342	1732.92
0.34503	1732.59
0.341504	1730.89
0.338315	1727.94
0.336374	1730.25
0.333733	1725.67
0.329449	1720.23
0.324866	1714.2
0.319953	1707.92
0.314674	1701.7
0.31052	1695.85
0.307573	1694.83
0.302854	1689.19
0.296213	1684.35
0.289004	1680.3
0.282975	1676.91
0.278875	1675.02
0.272525	1672.1
0.263	1669.17
0.253312	1666.21
0.244088	1663.48
0.235219	1660.81
0.226747	1658.14
0.218656	1655.45
0.210928	1652.71
0.203547	1649.95
0.196498	1647.17
0.189765	1644.39
0.183335	1641.63
0.177194	1638.91
0.17133	1636.25
0.16573	1633.65
0.160381	1631.12
0.155274	1628.69
0.150396	1626.35
0.145739	1624.1
0.141291	1621.96
0.137044	1619.91
0.132988	1617.97
0.129116	1616.13
0.125417	1614.39
0.121886	1612.74
0.118515	1611.19
0.115295	1609.73
0.112221	1608.35
0.109285	1607.05
0.106482	1605.83
0.103807	1604.68
0.10125	1603.61
0.09875	1602.57
0.09625	1601.55
0.09375	1600.56
0.09125	1599.58
0.08875	1598.62
0.08625	1597.68
0.08375	1596.77
0.08125	1595.87
0.07875	1595.01
0.07625	1594.16
0.07375	1593.34
0.07125	1592.54
0.06875	1591.77
0.06625	1591.02
0.06375	1590.29
0.06125	1589.6
0.05875	1588.93
0.05625	1588.28
0.05375	1587.67
0.05125	1587.08
0.04875	1586.51
0.04625	1585.98
0.04375	1585.47
0.04125	1584.99
0.03875	1584.54
0.03625	1584.11
0.03375	1583.72
0.03125	1583.35
0.02875	1583.01
0.02625	1582.7
0.02375	1582.41
0.02125	1582.16
0.01875	1581.93
0.01625	1581.73
0.01375	1581.56
0.01125	1581.42
0.00875	1581.31
0.00625	1581.22
0.00375	1581.17
0.00125	1581.14
