0.00127	300
0.00381	300
0.00635	300.002
0.00889	300.016
0.01143	300.102
0.01397	300.542
0.01651	302.336
0.01905	308.097
0.02159	322.683
0.02413	350.546
0.02667	393.235
0.02921	449.52
0.03175	516.108
0.03429	588.939
0.03683	664.228
0.03937	739.057
0.04191	811.679
0.04445	881.335
0.04699	947.762
0.04953	1010.96
0.05207	1070.95
0.05461	1127.64
0.05715	1180.88
0.05969	1230.52
0.06223	1276.42
0.06477	1318.49
0.06731	1356.66
0.06985	1390.95
0.07239	1421.44
0.07493	1448.28
0.07747	1471.68
0.08001	1491.9
0.08255	1509.23
0.08509	1523.98
0.08763	1536.46
0.09017	1546.96
0.09271	1555.76
0.09525	1563.11
0.09779	1569.25
0.10033	1574.37
0.104942	1582.13
0.111733	1589.22
0.118677	1593.77
0.125674	1596.73
0.132647	1598.72
0.139554	1600.1
0.146431	1601.11
0.153382	1601.87
0.160356	1602.46
0.167298	1602.9
0.174232	1603.24
0.181131	1603.49
0.188043	1603.67
0.194962	1603.78
0.201911	1603.84
0.208926	1603.84
0.215955	1603.81
0.222939	1603.73
0.229955	1603.61
0.23699	1603.46
0.24401	1603.27
0.251086	1603.05
0.258194	1602.79
0.265304	1602.51
0.272389	1602.2
0.279511	1601.85
0.286645	1601.47
0.293775	1601.07
0.300977	1600.63
0.30824	1600.16
0.315551	1599.66
0.322897	1599.13
0.330265	1598.57
0.337639	1597.98
0.345006	1597.37
0.35235	1596.73
0.359788	1596.07
0.367278	1595.37
0.374746	1594.66
0.382283	1593.93
0.38981	1593.18
0.397317	1592.42
0.404868	1591.64
0.412457	1590.84
0.420076	1590.03
0.427718	1589.21
0.435462	1588.37
0.443302	1587.5
0.451153	1586.63
0.459005	1585.76
0.466943	1584.86
0.474964	1583.95
0.48297	1583.03
0.491052	1582.09
0.499205	1581.14
0.507326	1580.18
0.515512	1579.2
0.523756	1578.21
0.532058	1577.2
0.540413	1576.18
0.548821	1575.13
0.557389	1574.06
0.566005	1572.96
0.574667	1571.85
0.58337	1570.72
0.592112	1569.57
0.601012	1568.38
0.609947	1567.18
0.618914	1565.96
0.628007	1564.7
0.637159	1563.42
0.646403	1562.11
0.655737	1560.78
0.665162	1559.41
0.674675	1558.02
0.684277	1556.6
0.694041	1555.13
0.703892	1553.64
0.713832	1552.11
0.723858	1550.56
0.73397	1548.97
0.744247	1547.35
0.75469	1545.67
0.765221	1543.97
0.775838	1542.24
0.786625	1540.47
0.797585	1538.65
0.808632	1536.8
0.819765	1534.92
0.831074	1532.99
0.842561	1531.02
0.854229	1529
0.866081	1526.94
0.878119	1524.83
0.890347	1522.67
0.902768	1520.47
0.915384	1518.21
0.928198	1515.91
0.941215	1513.56
0.954436	1511.16
0.967866	1508.71
0.981507	1506.21
0.995363	1503.66
1.00944	1501.05
1.02373	1498.4
1.03825	1495.69
1.05312	1492.91
1.06835	1490.05
1.08381	1487.14
1.09953	1484.17
1.11549	1481.14
1.13184	1478.04
1.14859	1474.85
1.16563	1471.59
1.18299	1468.27
1.2007	1464.87
1.21877	1461.4
1.23721	1457.86
1.2561	1454.22
1.27537	1450.51
1.29503	1446.71
1.31511	1442.84
1.33559	1438.89
1.3565	1434.86
1.37785	1430.75
1.39963	1426.56
1.42179	1422.32
1.44433	1418.01
1.46734	1413.63
1.49083	1409.18
1.51463	1404.69
1.53875	1400.17
1.56328	1395.61
1.58814	1391.02
1.61333	1386.42
1.63885	1381.8
1.66461	1377.2
1.6905	1372.62
1.71652	1368.07
1.74266	1363.57
1.76881	1359.12
1.79496	1354.74
1.82109	1350.42
1.84719	1346.17
1.87314	1342
1.89881	1337.94
1.92417	1333.98
1.94932	1330.1
1.97423	1326.3
1.99866	1322.62
2.02257	1319.05
2.04607	1315.56
2.06913	1312.16
2.09172	1308.85
2.11382	1305.6
2.13542	1302.43
2.15649	1299.32
2.17701	1296.27
2.19696	1293.27
2.21635	1290.32
2.23523	1287.39
2.25362	1284.49
2.27149	1281.6
2.28885	1278.71
2.30573	1275.82
2.32213	1272.92
2.33803	1270.01
2.35349	1267.06
2.3685	1264.08
2.38312	1261.05
2.39735	1257.95
2.41116	1254.79
2.42463	1251.54
2.43767	1248.22
2.45036	1244.8
2.46275	1241.28
2.47478	1237.67
2.48649	1233.96
2.4979	1230.17
2.50899	1226.32
2.51984	1222.4
2.53044	1218.43
2.54079	1214.42
2.55088	1210.4
2.56071	1206.38
2.57028	1202.37
2.57958	1198.39
2.58869	1194.43
2.5976	1190.5
2.60631	1186.62
2.61482	1182.81
2.62313	1179.08
2.63132	1175.43
2.63929	1171.91
2.64706	1168.53
2.6547	1165.28
2.6622	1162.18
2.66957	1159.23
2.6768	1156.44
2.68389	1153.81
2.68866	1152.12
2.69117	1151.25
2.69368	1150.39
2.6962	1149.54
2.69871	1148.72
2.70122	1147.9
2.70374	1147.11
2.70625	1146.32
2.70876	1145.56
2.71128	1144.8
2.71379	1144.07
2.7163	1143.34
2.71882	1142.63
2.72133	1141.94
2.72384	1141.25
2.72636	1140.59
2.72887	1139.93
2.73138	1139.29
2.7339	1138.66
2.73641	1138.04
2.73892	1137.43
2.74144	1136.83
2.74395	1136.25
2.74646	1135.67
2.74898	1135.11
2.75149	1134.55
2.754	1134.01
2.75652	1133.47
2.75903	1132.94
2.76154	1132.42
2.76406	1131.91
2.76657	1131.41
2.76908	1130.92
2.7716	1130.43
2.77411	1129.95
2.77662	1129.48
2.77914	1129.02
2.78165	1128.56
2.78416	1128.11
2.78668	1127.66
2.78919	1127.23
2.7917	1126.79
2.79422	1126.37
2.79673	1125.94
2.79924	1125.53
2.80176	1125.12
2.80427	1124.71
2.80678	1124.31
2.8093	1123.91
2.81181	1123.52
2.81432	1123.13
2.81684	1122.75
2.81935	1122.37
2.82186	1122
2.82438	1121.63
2.82689	1121.26
2.8294	1120.9
2.83192	1120.54
2.83443	1120.18
2.83694	1119.83
2.83946	1119.47
2.84197	1119.13
2.84448	1118.78
2.847	1118.44
2.84951	1118.1
2.85202	1117.77
2.85454	1117.43
2.85705	1117.1
2.85956	1116.78
2.86208	1116.45
2.86459	1116.13
2.8671	1115.8
2.86962	1115.48
2.87213	1115.17
2.87464	1114.85
2.87716	1114.54
2.87967	1114.23
2.88218	1113.92
2.8847	1113.61
2.88721	1113.3
2.88972	1113
2.89224	1112.7
2.89475	1112.4
2.89726	1112.1
2.89978	1111.8
2.90229	1111.5
2.9048	1111.21
2.90732	1110.91
2.90983	1110.62
2.91234	1110.33
2.91486	1110.04
2.91737	1109.75
2.91988	1109.46
2.9224	1109.18
2.92491	1108.89
2.92742	1108.61
2.92994	1108.32
2.93245	1108.04
2.93496	1107.76
2.93748	1107.48
2.93999	1107.2
2.9425	1106.92
2.94502	1106.65
2.94753	1106.37
2.95004	1106.09
2.95256	1105.82
2.95507	1105.55
2.95758	1105.27
2.9601	1105
2.96261	1104.73
2.96512	1104.46
2.96764	1104.2
2.97015	1103.93
2.97266	1103.66
2.97518	1103.4
2.97769	1103.15
2.9802	1102.91
2.98272	1102.69
2.98523	1102.5
2.98724	1102.38
