/*--------------------------------*- C++ -*----------------------------------*\
| =========                 |                                                 |
| \\      /  F ield         | OpenFOAM: The Open Source CFD Toolbox           |
|  \\    /   O peration     | Version:  2.3.0                                 |
|   \\  /    A nd           | Web:      www.OpenFOAM.org                      |
|    \\/     M anipulation  |                                                 |
\*---------------------------------------------------------------------------*/
FoamFile
{
    version     2.0;
    format      ascii;
    class       volScalarField;
    location    "10000/bottomAir";
    object      T;
}
// * * * * * * * * * * * * * * * * * * * * * * * * * * * * * * * * * * * * * //

dimensions      [0 0 0 1 0 0 0];

internalField   nonuniform List<scalar> 
4000
(
1199.44
1199.68
1199.758
1199.738
1199.731
1199.733
1199.734
1199.734
1199.733
1199.733
1199.733
1199.733
1199.734
1199.734
1199.734
1199.734
1199.734
1199.734
1199.734
1199.734
1199.734
1199.734
1199.734
1199.734
1199.734
1199.734
1199.734
1199.734
1199.734
1199.734
1199.734
1199.734
1199.734
1199.734
1199.734
1199.734
1199.734
1199.734
1199.734
1199.734
1199.734
1199.734
1199.734
1199.734
1199.734
1199.734
1199.734
1199.734
1199.734
1199.734
1199.734
1199.734
1199.734
1199.734
1199.734
1199.734
1199.734
1199.734
1199.734
1199.734
1199.734
1199.734
1199.734
1199.734
1199.734
1199.734
1199.734
1199.734
1199.734
1199.734
1199.734
1199.734
1199.734
1199.734
1199.734
1199.734
1199.734
1199.734
1199.734
1199.734
1199.734
1199.734
1199.734
1199.734
1199.734
1199.734
1199.734
1199.734
1199.734
1199.734
1199.734
1199.734
1199.734
1199.734
1199.734
1199.734
1199.734
1199.734
1199.734
1199.734
1199.441
1199.68
1199.758
1199.739
1199.731
1199.733
1199.734
1199.734
1199.734
1199.734
1199.734
1199.734
1199.734
1199.734
1199.734
1199.734
1199.734
1199.734
1199.734
1199.734
1199.734
1199.734
1199.734
1199.734
1199.734
1199.734
1199.734
1199.734
1199.734
1199.734
1199.734
1199.734
1199.734
1199.734
1199.734
1199.734
1199.734
1199.734
1199.734
1199.734
1199.734
1199.734
1199.734
1199.734
1199.734
1199.734
1199.734
1199.734
1199.734
1199.734
1199.734
1199.734
1199.734
1199.734
1199.734
1199.734
1199.734
1199.734
1199.734
1199.734
1199.734
1199.734
1199.734
1199.734
1199.734
1199.734
1199.734
1199.734
1199.734
1199.734
1199.734
1199.734
1199.734
1199.734
1199.734
1199.734
1199.734
1199.734
1199.734
1199.734
1199.734
1199.734
1199.734
1199.734
1199.734
1199.734
1199.734
1199.734
1199.734
1199.734
1199.734
1199.734
1199.734
1199.734
1199.734
1199.734
1199.734
1199.734
1199.734
1199.734
1199.441
1199.68
1199.758
1199.739
1199.731
1199.733
1199.734
1199.734
1199.734
1199.734
1199.734
1199.734
1199.734
1199.734
1199.734
1199.734
1199.734
1199.734
1199.734
1199.734
1199.734
1199.734
1199.734
1199.734
1199.734
1199.734
1199.734
1199.734
1199.734
1199.734
1199.734
1199.734
1199.734
1199.734
1199.734
1199.734
1199.734
1199.734
1199.734
1199.734
1199.734
1199.734
1199.734
1199.734
1199.734
1199.734
1199.734
1199.734
1199.734
1199.734
1199.734
1199.734
1199.734
1199.734
1199.734
1199.734
1199.734
1199.734
1199.734
1199.734
1199.734
1199.734
1199.734
1199.734
1199.734
1199.734
1199.734
1199.734
1199.734
1199.734
1199.734
1199.734
1199.734
1199.734
1199.734
1199.734
1199.734
1199.734
1199.734
1199.734
1199.734
1199.734
1199.734
1199.734
1199.734
1199.734
1199.734
1199.734
1199.734
1199.734
1199.734
1199.734
1199.734
1199.734
1199.734
1199.734
1199.734
1199.734
1199.734
1199.734
1199.441
1199.68
1199.758
1199.739
1199.731
1199.733
1199.734
1199.734
1199.734
1199.734
1199.734
1199.734
1199.734
1199.734
1199.734
1199.734
1199.734
1199.734
1199.734
1199.734
1199.734
1199.734
1199.734
1199.734
1199.734
1199.734
1199.734
1199.734
1199.734
1199.734
1199.734
1199.734
1199.734
1199.734
1199.734
1199.734
1199.734
1199.734
1199.734
1199.734
1199.734
1199.734
1199.734
1199.734
1199.734
1199.734
1199.734
1199.734
1199.734
1199.734
1199.734
1199.734
1199.734
1199.734
1199.734
1199.734
1199.734
1199.734
1199.734
1199.734
1199.734
1199.734
1199.734
1199.734
1199.734
1199.734
1199.734
1199.734
1199.734
1199.734
1199.734
1199.734
1199.734
1199.734
1199.734
1199.734
1199.734
1199.734
1199.734
1199.734
1199.734
1199.734
1199.734
1199.734
1199.734
1199.734
1199.734
1199.734
1199.734
1199.734
1199.734
1199.734
1199.734
1199.734
1199.734
1199.734
1199.734
1199.734
1199.734
1199.734
1199.441
1199.68
1199.758
1199.739
1199.731
1199.733
1199.734
1199.734
1199.734
1199.734
1199.734
1199.734
1199.734
1199.734
1199.734
1199.734
1199.734
1199.734
1199.734
1199.734
1199.734
1199.734
1199.734
1199.734
1199.734
1199.734
1199.734
1199.734
1199.734
1199.734
1199.734
1199.734
1199.734
1199.734
1199.734
1199.734
1199.734
1199.734
1199.734
1199.734
1199.734
1199.734
1199.734
1199.734
1199.734
1199.734
1199.734
1199.734
1199.734
1199.734
1199.734
1199.734
1199.734
1199.734
1199.734
1199.734
1199.734
1199.734
1199.734
1199.734
1199.734
1199.734
1199.734
1199.734
1199.734
1199.734
1199.734
1199.734
1199.734
1199.734
1199.734
1199.734
1199.734
1199.734
1199.734
1199.734
1199.734
1199.734
1199.734
1199.734
1199.734
1199.734
1199.734
1199.734
1199.734
1199.734
1199.734
1199.734
1199.734
1199.734
1199.734
1199.734
1199.734
1199.734
1199.734
1199.734
1199.734
1199.734
1199.734
1199.734
1199.441
1199.68
1199.758
1199.739
1199.731
1199.733
1199.734
1199.734
1199.734
1199.734
1199.734
1199.734
1199.734
1199.734
1199.734
1199.734
1199.734
1199.734
1199.734
1199.734
1199.734
1199.734
1199.734
1199.734
1199.734
1199.734
1199.734
1199.734
1199.734
1199.734
1199.734
1199.734
1199.734
1199.734
1199.734
1199.734
1199.734
1199.734
1199.734
1199.734
1199.734
1199.734
1199.734
1199.734
1199.734
1199.734
1199.734
1199.734
1199.734
1199.734
1199.734
1199.734
1199.734
1199.734
1199.734
1199.734
1199.734
1199.734
1199.734
1199.734
1199.734
1199.734
1199.734
1199.734
1199.734
1199.734
1199.734
1199.734
1199.734
1199.734
1199.734
1199.734
1199.734
1199.734
1199.734
1199.734
1199.734
1199.734
1199.734
1199.734
1199.734
1199.734
1199.734
1199.734
1199.734
1199.734
1199.734
1199.734
1199.734
1199.734
1199.734
1199.734
1199.734
1199.734
1199.734
1199.734
1199.734
1199.734
1199.734
1199.734
1199.441
1199.68
1199.758
1199.739
1199.731
1199.733
1199.734
1199.734
1199.734
1199.734
1199.734
1199.734
1199.734
1199.734
1199.734
1199.734
1199.734
1199.734
1199.734
1199.734
1199.734
1199.734
1199.734
1199.734
1199.734
1199.734
1199.734
1199.734
1199.734
1199.734
1199.734
1199.734
1199.734
1199.734
1199.734
1199.734
1199.734
1199.734
1199.734
1199.734
1199.734
1199.734
1199.734
1199.734
1199.734
1199.734
1199.734
1199.734
1199.734
1199.734
1199.734
1199.734
1199.734
1199.734
1199.734
1199.734
1199.734
1199.734
1199.734
1199.734
1199.734
1199.734
1199.734
1199.734
1199.734
1199.734
1199.734
1199.734
1199.734
1199.734
1199.734
1199.734
1199.734
1199.734
1199.734
1199.734
1199.734
1199.734
1199.734
1199.734
1199.734
1199.734
1199.734
1199.734
1199.734
1199.734
1199.734
1199.734
1199.734
1199.734
1199.734
1199.734
1199.734
1199.734
1199.734
1199.734
1199.734
1199.734
1199.734
1199.734
1199.441
1199.68
1199.758
1199.739
1199.731
1199.733
1199.734
1199.734
1199.734
1199.734
1199.734
1199.734
1199.734
1199.734
1199.734
1199.734
1199.734
1199.734
1199.734
1199.734
1199.734
1199.734
1199.734
1199.734
1199.734
1199.734
1199.734
1199.734
1199.734
1199.734
1199.734
1199.734
1199.734
1199.734
1199.734
1199.734
1199.734
1199.734
1199.734
1199.734
1199.734
1199.734
1199.734
1199.734
1199.734
1199.734
1199.734
1199.734
1199.734
1199.734
1199.734
1199.734
1199.734
1199.734
1199.734
1199.734
1199.734
1199.734
1199.734
1199.734
1199.734
1199.734
1199.734
1199.734
1199.734
1199.734
1199.734
1199.734
1199.734
1199.734
1199.734
1199.734
1199.734
1199.734
1199.734
1199.734
1199.734
1199.734
1199.734
1199.734
1199.734
1199.734
1199.734
1199.734
1199.734
1199.734
1199.734
1199.734
1199.734
1199.734
1199.734
1199.734
1199.734
1199.734
1199.734
1199.734
1199.734
1199.734
1199.734
1199.734
1199.441
1199.68
1199.758
1199.739
1199.731
1199.733
1199.734
1199.734
1199.734
1199.734
1199.734
1199.734
1199.734
1199.734
1199.734
1199.734
1199.734
1199.734
1199.734
1199.734
1199.734
1199.734
1199.734
1199.734
1199.734
1199.734
1199.734
1199.734
1199.734
1199.734
1199.734
1199.734
1199.734
1199.734
1199.734
1199.734
1199.734
1199.734
1199.734
1199.734
1199.734
1199.734
1199.734
1199.734
1199.734
1199.734
1199.734
1199.734
1199.734
1199.734
1199.734
1199.734
1199.734
1199.734
1199.734
1199.734
1199.734
1199.734
1199.734
1199.734
1199.734
1199.734
1199.734
1199.734
1199.734
1199.734
1199.734
1199.734
1199.734
1199.734
1199.734
1199.734
1199.734
1199.734
1199.734
1199.734
1199.734
1199.734
1199.734
1199.734
1199.734
1199.734
1199.734
1199.734
1199.734
1199.734
1199.734
1199.734
1199.734
1199.734
1199.734
1199.734
1199.734
1199.734
1199.734
1199.734
1199.734
1199.734
1199.734
1199.734
1199.441
1199.68
1199.758
1199.739
1199.731
1199.733
1199.734
1199.734
1199.734
1199.734
1199.734
1199.734
1199.734
1199.734
1199.734
1199.734
1199.734
1199.734
1199.734
1199.734
1199.734
1199.734
1199.734
1199.734
1199.734
1199.734
1199.734
1199.734
1199.734
1199.734
1199.734
1199.734
1199.734
1199.734
1199.734
1199.734
1199.734
1199.734
1199.734
1199.734
1199.734
1199.734
1199.734
1199.734
1199.734
1199.734
1199.734
1199.734
1199.734
1199.734
1199.734
1199.734
1199.734
1199.734
1199.734
1199.734
1199.734
1199.734
1199.734
1199.734
1199.734
1199.734
1199.734
1199.734
1199.734
1199.734
1199.734
1199.734
1199.734
1199.734
1199.734
1199.734
1199.734
1199.734
1199.734
1199.734
1199.734
1199.734
1199.734
1199.734
1199.734
1199.734
1199.734
1199.734
1199.734
1199.734
1199.734
1199.734
1199.734
1199.734
1199.734
1199.734
1199.734
1199.734
1199.734
1199.734
1199.734
1199.734
1199.734
1199.734
1199.441
1199.68
1199.758
1199.739
1199.731
1199.733
1199.734
1199.734
1199.734
1199.734
1199.734
1199.734
1199.734
1199.734
1199.734
1199.734
1199.734
1199.734
1199.734
1199.734
1199.734
1199.734
1199.734
1199.734
1199.734
1199.734
1199.734
1199.734
1199.734
1199.734
1199.734
1199.734
1199.734
1199.734
1199.734
1199.734
1199.734
1199.734
1199.734
1199.734
1199.734
1199.734
1199.734
1199.734
1199.734
1199.734
1199.734
1199.734
1199.734
1199.734
1199.734
1199.734
1199.734
1199.734
1199.734
1199.734
1199.734
1199.734
1199.734
1199.734
1199.734
1199.734
1199.734
1199.734
1199.734
1199.734
1199.734
1199.734
1199.734
1199.734
1199.734
1199.734
1199.734
1199.734
1199.734
1199.734
1199.734
1199.734
1199.734
1199.734
1199.734
1199.734
1199.734
1199.734
1199.734
1199.734
1199.734
1199.734
1199.734
1199.734
1199.734
1199.734
1199.734
1199.734
1199.734
1199.734
1199.734
1199.734
1199.734
1199.734
1199.441
1199.68
1199.758
1199.739
1199.731
1199.733
1199.734
1199.734
1199.734
1199.734
1199.734
1199.734
1199.734
1199.734
1199.734
1199.734
1199.734
1199.734
1199.734
1199.734
1199.734
1199.734
1199.734
1199.734
1199.734
1199.734
1199.734
1199.734
1199.734
1199.734
1199.734
1199.734
1199.734
1199.734
1199.734
1199.734
1199.734
1199.734
1199.734
1199.734
1199.734
1199.734
1199.734
1199.734
1199.734
1199.734
1199.734
1199.734
1199.734
1199.734
1199.734
1199.734
1199.734
1199.734
1199.734
1199.734
1199.734
1199.734
1199.734
1199.734
1199.734
1199.734
1199.734
1199.734
1199.734
1199.734
1199.734
1199.734
1199.734
1199.734
1199.734
1199.734
1199.734
1199.734
1199.734
1199.734
1199.734
1199.734
1199.734
1199.734
1199.734
1199.734
1199.734
1199.734
1199.734
1199.734
1199.734
1199.734
1199.734
1199.734
1199.734
1199.734
1199.734
1199.734
1199.734
1199.734
1199.734
1199.734
1199.734
1199.734
1199.441
1199.68
1199.758
1199.739
1199.731
1199.733
1199.734
1199.734
1199.734
1199.734
1199.734
1199.734
1199.734
1199.734
1199.734
1199.734
1199.734
1199.734
1199.734
1199.734
1199.734
1199.734
1199.734
1199.734
1199.734
1199.734
1199.734
1199.734
1199.734
1199.734
1199.734
1199.734
1199.734
1199.734
1199.734
1199.734
1199.734
1199.734
1199.734
1199.734
1199.734
1199.734
1199.734
1199.734
1199.734
1199.734
1199.734
1199.734
1199.734
1199.734
1199.734
1199.734
1199.734
1199.734
1199.734
1199.734
1199.734
1199.734
1199.734
1199.734
1199.734
1199.734
1199.734
1199.734
1199.734
1199.734
1199.734
1199.734
1199.734
1199.734
1199.734
1199.734
1199.734
1199.734
1199.734
1199.734
1199.734
1199.734
1199.734
1199.734
1199.734
1199.734
1199.734
1199.734
1199.734
1199.734
1199.734
1199.734
1199.734
1199.734
1199.734
1199.734
1199.734
1199.734
1199.734
1199.734
1199.734
1199.734
1199.734
1199.734
1199.441
1199.68
1199.758
1199.739
1199.731
1199.733
1199.734
1199.734
1199.734
1199.734
1199.734
1199.734
1199.734
1199.734
1199.734
1199.734
1199.734
1199.734
1199.734
1199.734
1199.734
1199.734
1199.734
1199.734
1199.734
1199.734
1199.734
1199.734
1199.734
1199.734
1199.734
1199.734
1199.734
1199.734
1199.734
1199.734
1199.734
1199.734
1199.734
1199.734
1199.734
1199.734
1199.734
1199.734
1199.734
1199.734
1199.734
1199.734
1199.734
1199.734
1199.734
1199.734
1199.734
1199.734
1199.734
1199.734
1199.734
1199.734
1199.734
1199.734
1199.734
1199.734
1199.734
1199.734
1199.734
1199.734
1199.734
1199.734
1199.734
1199.734
1199.734
1199.734
1199.734
1199.734
1199.734
1199.734
1199.734
1199.734
1199.734
1199.734
1199.734
1199.734
1199.734
1199.734
1199.734
1199.734
1199.734
1199.734
1199.734
1199.734
1199.734
1199.734
1199.734
1199.734
1199.734
1199.734
1199.734
1199.734
1199.734
1199.734
1199.441
1199.68
1199.758
1199.739
1199.731
1199.733
1199.734
1199.734
1199.734
1199.734
1199.734
1199.734
1199.734
1199.734
1199.734
1199.734
1199.734
1199.734
1199.734
1199.734
1199.734
1199.734
1199.734
1199.734
1199.734
1199.734
1199.734
1199.734
1199.734
1199.734
1199.734
1199.734
1199.734
1199.734
1199.734
1199.734
1199.734
1199.734
1199.734
1199.734
1199.734
1199.734
1199.734
1199.734
1199.734
1199.734
1199.734
1199.734
1199.734
1199.734
1199.734
1199.734
1199.734
1199.734
1199.734
1199.734
1199.734
1199.734
1199.734
1199.734
1199.734
1199.734
1199.734
1199.734
1199.734
1199.734
1199.734
1199.734
1199.734
1199.734
1199.734
1199.734
1199.734
1199.734
1199.734
1199.734
1199.734
1199.734
1199.734
1199.734
1199.734
1199.734
1199.734
1199.734
1199.734
1199.734
1199.734
1199.734
1199.734
1199.734
1199.734
1199.734
1199.734
1199.734
1199.734
1199.734
1199.734
1199.734
1199.734
1199.734
1199.441
1199.68
1199.758
1199.739
1199.731
1199.733
1199.734
1199.734
1199.734
1199.734
1199.734
1199.734
1199.734
1199.734
1199.734
1199.734
1199.734
1199.734
1199.734
1199.734
1199.734
1199.734
1199.734
1199.734
1199.734
1199.734
1199.734
1199.734
1199.734
1199.734
1199.734
1199.734
1199.734
1199.734
1199.734
1199.734
1199.734
1199.734
1199.734
1199.734
1199.734
1199.734
1199.734
1199.734
1199.734
1199.734
1199.734
1199.734
1199.734
1199.734
1199.734
1199.734
1199.734
1199.734
1199.734
1199.734
1199.734
1199.734
1199.734
1199.734
1199.734
1199.734
1199.734
1199.734
1199.734
1199.734
1199.734
1199.734
1199.734
1199.734
1199.734
1199.734
1199.734
1199.734
1199.734
1199.734
1199.734
1199.734
1199.734
1199.734
1199.734
1199.734
1199.734
1199.734
1199.734
1199.734
1199.734
1199.734
1199.734
1199.734
1199.734
1199.734
1199.734
1199.734
1199.734
1199.734
1199.734
1199.734
1199.734
1199.734
1199.441
1199.68
1199.758
1199.739
1199.731
1199.733
1199.734
1199.734
1199.734
1199.734
1199.734
1199.734
1199.734
1199.734
1199.734
1199.734
1199.734
1199.734
1199.734
1199.734
1199.734
1199.734
1199.734
1199.734
1199.734
1199.734
1199.734
1199.734
1199.734
1199.734
1199.734
1199.734
1199.734
1199.734
1199.734
1199.734
1199.734
1199.734
1199.734
1199.734
1199.734
1199.734
1199.734
1199.734
1199.734
1199.734
1199.734
1199.734
1199.734
1199.734
1199.734
1199.734
1199.734
1199.734
1199.734
1199.734
1199.734
1199.734
1199.734
1199.734
1199.734
1199.734
1199.734
1199.734
1199.734
1199.734
1199.734
1199.734
1199.734
1199.734
1199.734
1199.734
1199.734
1199.734
1199.734
1199.734
1199.734
1199.734
1199.734
1199.734
1199.734
1199.734
1199.734
1199.734
1199.734
1199.734
1199.734
1199.734
1199.734
1199.734
1199.734
1199.734
1199.734
1199.734
1199.734
1199.734
1199.734
1199.734
1199.734
1199.734
1199.441
1199.68
1199.758
1199.739
1199.731
1199.733
1199.734
1199.734
1199.734
1199.734
1199.734
1199.734
1199.734
1199.734
1199.734
1199.734
1199.734
1199.734
1199.734
1199.734
1199.734
1199.734
1199.734
1199.734
1199.734
1199.734
1199.734
1199.734
1199.734
1199.734
1199.734
1199.734
1199.734
1199.734
1199.734
1199.734
1199.734
1199.734
1199.734
1199.734
1199.734
1199.734
1199.734
1199.734
1199.734
1199.734
1199.734
1199.734
1199.734
1199.734
1199.734
1199.734
1199.734
1199.734
1199.734
1199.734
1199.734
1199.734
1199.734
1199.734
1199.734
1199.734
1199.734
1199.734
1199.734
1199.734
1199.734
1199.734
1199.734
1199.734
1199.734
1199.734
1199.734
1199.734
1199.734
1199.734
1199.734
1199.734
1199.734
1199.734
1199.734
1199.734
1199.734
1199.734
1199.734
1199.734
1199.734
1199.734
1199.734
1199.734
1199.734
1199.734
1199.734
1199.734
1199.734
1199.734
1199.734
1199.734
1199.734
1199.734
1199.441
1199.68
1199.758
1199.739
1199.731
1199.733
1199.734
1199.734
1199.734
1199.734
1199.734
1199.734
1199.734
1199.734
1199.734
1199.734
1199.734
1199.734
1199.734
1199.734
1199.734
1199.734
1199.734
1199.734
1199.734
1199.734
1199.734
1199.734
1199.734
1199.734
1199.734
1199.734
1199.734
1199.734
1199.734
1199.734
1199.734
1199.734
1199.734
1199.734
1199.734
1199.734
1199.734
1199.734
1199.734
1199.734
1199.734
1199.734
1199.734
1199.734
1199.734
1199.734
1199.734
1199.734
1199.734
1199.734
1199.734
1199.734
1199.734
1199.734
1199.734
1199.734
1199.734
1199.734
1199.734
1199.734
1199.734
1199.734
1199.734
1199.734
1199.734
1199.734
1199.734
1199.734
1199.734
1199.734
1199.734
1199.734
1199.734
1199.734
1199.734
1199.734
1199.734
1199.734
1199.734
1199.734
1199.734
1199.734
1199.734
1199.734
1199.734
1199.734
1199.734
1199.734
1199.734
1199.734
1199.734
1199.734
1199.734
1199.734
1199.441
1199.68
1199.758
1199.739
1199.731
1199.733
1199.734
1199.734
1199.734
1199.734
1199.734
1199.734
1199.734
1199.734
1199.734
1199.734
1199.734
1199.734
1199.734
1199.734
1199.734
1199.734
1199.734
1199.734
1199.734
1199.734
1199.734
1199.734
1199.734
1199.734
1199.734
1199.734
1199.734
1199.734
1199.734
1199.734
1199.734
1199.734
1199.734
1199.734
1199.734
1199.734
1199.734
1199.734
1199.734
1199.734
1199.734
1199.734
1199.734
1199.734
1199.734
1199.734
1199.734
1199.734
1199.734
1199.734
1199.734
1199.734
1199.734
1199.734
1199.734
1199.734
1199.734
1199.734
1199.734
1199.734
1199.734
1199.734
1199.734
1199.734
1199.734
1199.734
1199.734
1199.734
1199.734
1199.734
1199.734
1199.734
1199.734
1199.734
1199.734
1199.734
1199.734
1199.734
1199.734
1199.734
1199.734
1199.734
1199.734
1199.734
1199.734
1199.734
1199.734
1199.734
1199.734
1199.734
1199.734
1199.734
1199.734
1199.734
1199.441
1199.68
1199.758
1199.739
1199.731
1199.733
1199.734
1199.734
1199.734
1199.734
1199.734
1199.734
1199.734
1199.734
1199.734
1199.734
1199.734
1199.734
1199.734
1199.734
1199.734
1199.734
1199.734
1199.734
1199.734
1199.734
1199.734
1199.734
1199.734
1199.734
1199.734
1199.734
1199.734
1199.734
1199.734
1199.734
1199.734
1199.734
1199.734
1199.734
1199.734
1199.734
1199.734
1199.734
1199.734
1199.734
1199.734
1199.734
1199.734
1199.734
1199.734
1199.734
1199.734
1199.734
1199.734
1199.734
1199.734
1199.734
1199.734
1199.734
1199.734
1199.734
1199.734
1199.734
1199.734
1199.734
1199.734
1199.734
1199.734
1199.734
1199.734
1199.734
1199.734
1199.734
1199.734
1199.734
1199.734
1199.734
1199.734
1199.734
1199.734
1199.734
1199.734
1199.734
1199.734
1199.734
1199.734
1199.734
1199.734
1199.734
1199.734
1199.734
1199.734
1199.734
1199.734
1199.734
1199.734
1199.734
1199.734
1199.734
1199.441
1199.68
1199.758
1199.739
1199.731
1199.733
1199.734
1199.734
1199.734
1199.734
1199.734
1199.734
1199.734
1199.734
1199.734
1199.734
1199.734
1199.734
1199.734
1199.734
1199.734
1199.734
1199.734
1199.734
1199.734
1199.734
1199.734
1199.734
1199.734
1199.734
1199.734
1199.734
1199.734
1199.734
1199.734
1199.734
1199.734
1199.734
1199.734
1199.734
1199.734
1199.734
1199.734
1199.734
1199.734
1199.734
1199.734
1199.734
1199.734
1199.734
1199.734
1199.734
1199.734
1199.734
1199.734
1199.734
1199.734
1199.734
1199.734
1199.734
1199.734
1199.734
1199.734
1199.734
1199.734
1199.734
1199.734
1199.734
1199.734
1199.734
1199.734
1199.734
1199.734
1199.734
1199.734
1199.734
1199.734
1199.734
1199.734
1199.734
1199.734
1199.734
1199.734
1199.734
1199.734
1199.734
1199.734
1199.734
1199.734
1199.734
1199.734
1199.734
1199.734
1199.734
1199.734
1199.734
1199.734
1199.734
1199.734
1199.734
1199.441
1199.68
1199.758
1199.739
1199.731
1199.733
1199.734
1199.734
1199.734
1199.734
1199.734
1199.734
1199.734
1199.734
1199.734
1199.734
1199.734
1199.734
1199.734
1199.734
1199.734
1199.734
1199.734
1199.734
1199.734
1199.734
1199.734
1199.734
1199.734
1199.734
1199.734
1199.734
1199.734
1199.734
1199.734
1199.734
1199.734
1199.734
1199.734
1199.734
1199.734
1199.734
1199.734
1199.734
1199.734
1199.734
1199.734
1199.734
1199.734
1199.734
1199.734
1199.734
1199.734
1199.734
1199.734
1199.734
1199.734
1199.734
1199.734
1199.734
1199.734
1199.734
1199.734
1199.734
1199.734
1199.734
1199.734
1199.734
1199.734
1199.734
1199.734
1199.734
1199.734
1199.734
1199.734
1199.734
1199.734
1199.734
1199.734
1199.734
1199.734
1199.734
1199.734
1199.734
1199.734
1199.734
1199.734
1199.734
1199.734
1199.734
1199.734
1199.734
1199.734
1199.734
1199.734
1199.734
1199.734
1199.734
1199.734
1199.734
1199.441
1199.68
1199.758
1199.739
1199.731
1199.733
1199.734
1199.734
1199.734
1199.734
1199.734
1199.734
1199.734
1199.734
1199.734
1199.734
1199.734
1199.734
1199.734
1199.734
1199.734
1199.734
1199.734
1199.734
1199.734
1199.734
1199.734
1199.734
1199.734
1199.734
1199.734
1199.734
1199.734
1199.734
1199.734
1199.734
1199.734
1199.734
1199.734
1199.734
1199.734
1199.734
1199.734
1199.734
1199.734
1199.734
1199.734
1199.734
1199.734
1199.734
1199.734
1199.734
1199.734
1199.734
1199.734
1199.734
1199.734
1199.734
1199.734
1199.734
1199.734
1199.734
1199.734
1199.734
1199.734
1199.734
1199.734
1199.734
1199.734
1199.734
1199.734
1199.734
1199.734
1199.734
1199.734
1199.734
1199.734
1199.734
1199.734
1199.734
1199.734
1199.734
1199.734
1199.734
1199.734
1199.734
1199.734
1199.734
1199.734
1199.734
1199.734
1199.734
1199.734
1199.734
1199.734
1199.734
1199.734
1199.734
1199.734
1199.734
1199.441
1199.68
1199.758
1199.739
1199.731
1199.733
1199.734
1199.734
1199.734
1199.734
1199.734
1199.734
1199.734
1199.734
1199.734
1199.734
1199.734
1199.734
1199.734
1199.734
1199.734
1199.734
1199.734
1199.734
1199.734
1199.734
1199.734
1199.734
1199.734
1199.734
1199.734
1199.734
1199.734
1199.734
1199.734
1199.734
1199.734
1199.734
1199.734
1199.734
1199.734
1199.734
1199.734
1199.734
1199.734
1199.734
1199.734
1199.734
1199.734
1199.734
1199.734
1199.734
1199.734
1199.734
1199.734
1199.734
1199.734
1199.734
1199.734
1199.734
1199.734
1199.734
1199.734
1199.734
1199.734
1199.734
1199.734
1199.734
1199.734
1199.734
1199.734
1199.734
1199.734
1199.734
1199.734
1199.734
1199.734
1199.734
1199.734
1199.734
1199.734
1199.734
1199.734
1199.734
1199.734
1199.734
1199.734
1199.734
1199.734
1199.734
1199.734
1199.734
1199.734
1199.734
1199.734
1199.734
1199.734
1199.734
1199.734
1199.734
1199.441
1199.68
1199.758
1199.739
1199.731
1199.733
1199.734
1199.734
1199.734
1199.734
1199.734
1199.734
1199.734
1199.734
1199.734
1199.734
1199.734
1199.734
1199.734
1199.734
1199.734
1199.734
1199.734
1199.734
1199.734
1199.734
1199.734
1199.734
1199.734
1199.734
1199.734
1199.734
1199.734
1199.734
1199.734
1199.734
1199.734
1199.734
1199.734
1199.734
1199.734
1199.734
1199.734
1199.734
1199.734
1199.734
1199.734
1199.734
1199.734
1199.734
1199.734
1199.734
1199.734
1199.734
1199.734
1199.734
1199.734
1199.734
1199.734
1199.734
1199.734
1199.734
1199.734
1199.734
1199.734
1199.734
1199.734
1199.734
1199.734
1199.734
1199.734
1199.734
1199.734
1199.734
1199.734
1199.734
1199.734
1199.734
1199.734
1199.734
1199.734
1199.734
1199.734
1199.734
1199.734
1199.734
1199.734
1199.734
1199.734
1199.734
1199.734
1199.734
1199.734
1199.734
1199.734
1199.734
1199.734
1199.734
1199.734
1199.734
1199.441
1199.68
1199.758
1199.739
1199.731
1199.733
1199.734
1199.734
1199.734
1199.734
1199.734
1199.734
1199.734
1199.734
1199.734
1199.734
1199.734
1199.734
1199.734
1199.734
1199.734
1199.734
1199.734
1199.734
1199.734
1199.734
1199.734
1199.734
1199.734
1199.734
1199.734
1199.734
1199.734
1199.734
1199.734
1199.734
1199.734
1199.734
1199.734
1199.734
1199.734
1199.734
1199.734
1199.734
1199.734
1199.734
1199.734
1199.734
1199.734
1199.734
1199.734
1199.734
1199.734
1199.734
1199.734
1199.734
1199.734
1199.734
1199.734
1199.734
1199.734
1199.734
1199.734
1199.734
1199.734
1199.734
1199.734
1199.734
1199.734
1199.734
1199.734
1199.734
1199.734
1199.734
1199.734
1199.734
1199.734
1199.734
1199.734
1199.734
1199.734
1199.734
1199.734
1199.734
1199.734
1199.734
1199.734
1199.734
1199.734
1199.734
1199.734
1199.734
1199.734
1199.734
1199.734
1199.734
1199.734
1199.734
1199.734
1199.734
1199.441
1199.68
1199.758
1199.739
1199.731
1199.733
1199.734
1199.734
1199.734
1199.734
1199.734
1199.734
1199.734
1199.734
1199.734
1199.734
1199.734
1199.734
1199.734
1199.734
1199.734
1199.734
1199.734
1199.734
1199.734
1199.734
1199.734
1199.734
1199.734
1199.734
1199.734
1199.734
1199.734
1199.734
1199.734
1199.734
1199.734
1199.734
1199.734
1199.734
1199.734
1199.734
1199.734
1199.734
1199.734
1199.734
1199.734
1199.734
1199.734
1199.734
1199.734
1199.734
1199.734
1199.734
1199.734
1199.734
1199.734
1199.734
1199.734
1199.734
1199.734
1199.734
1199.734
1199.734
1199.734
1199.734
1199.734
1199.734
1199.734
1199.734
1199.734
1199.734
1199.734
1199.734
1199.734
1199.734
1199.734
1199.734
1199.734
1199.734
1199.734
1199.734
1199.734
1199.734
1199.734
1199.734
1199.734
1199.734
1199.734
1199.734
1199.734
1199.734
1199.734
1199.734
1199.734
1199.734
1199.734
1199.734
1199.734
1199.734
1199.441
1199.68
1199.758
1199.739
1199.731
1199.733
1199.734
1199.734
1199.734
1199.734
1199.734
1199.734
1199.734
1199.734
1199.734
1199.734
1199.734
1199.734
1199.734
1199.734
1199.734
1199.734
1199.734
1199.734
1199.734
1199.734
1199.734
1199.734
1199.734
1199.734
1199.734
1199.734
1199.734
1199.734
1199.734
1199.734
1199.734
1199.734
1199.734
1199.734
1199.734
1199.734
1199.734
1199.734
1199.734
1199.734
1199.734
1199.734
1199.734
1199.734
1199.734
1199.734
1199.734
1199.734
1199.734
1199.734
1199.734
1199.734
1199.734
1199.734
1199.734
1199.734
1199.734
1199.734
1199.734
1199.734
1199.734
1199.734
1199.734
1199.734
1199.734
1199.734
1199.734
1199.734
1199.734
1199.734
1199.734
1199.734
1199.734
1199.734
1199.734
1199.734
1199.734
1199.734
1199.734
1199.734
1199.734
1199.734
1199.734
1199.734
1199.734
1199.734
1199.734
1199.734
1199.734
1199.734
1199.734
1199.734
1199.734
1199.734
1199.441
1199.68
1199.758
1199.739
1199.731
1199.733
1199.734
1199.734
1199.734
1199.734
1199.734
1199.734
1199.734
1199.734
1199.734
1199.734
1199.734
1199.734
1199.734
1199.734
1199.734
1199.734
1199.734
1199.734
1199.734
1199.734
1199.734
1199.734
1199.734
1199.734
1199.734
1199.734
1199.734
1199.734
1199.734
1199.734
1199.734
1199.734
1199.734
1199.734
1199.734
1199.734
1199.734
1199.734
1199.734
1199.734
1199.734
1199.734
1199.734
1199.734
1199.734
1199.734
1199.734
1199.734
1199.734
1199.734
1199.734
1199.734
1199.734
1199.734
1199.734
1199.734
1199.734
1199.734
1199.734
1199.734
1199.734
1199.734
1199.734
1199.734
1199.734
1199.734
1199.734
1199.734
1199.734
1199.734
1199.734
1199.734
1199.734
1199.734
1199.734
1199.734
1199.734
1199.734
1199.734
1199.734
1199.734
1199.734
1199.734
1199.734
1199.734
1199.734
1199.734
1199.734
1199.734
1199.734
1199.734
1199.734
1199.734
1199.734
1199.441
1199.68
1199.758
1199.739
1199.731
1199.733
1199.734
1199.734
1199.734
1199.734
1199.734
1199.734
1199.734
1199.734
1199.734
1199.734
1199.734
1199.734
1199.734
1199.734
1199.734
1199.734
1199.734
1199.734
1199.734
1199.734
1199.734
1199.734
1199.734
1199.734
1199.734
1199.734
1199.734
1199.734
1199.734
1199.734
1199.734
1199.734
1199.734
1199.734
1199.734
1199.734
1199.734
1199.734
1199.734
1199.734
1199.734
1199.734
1199.734
1199.734
1199.734
1199.734
1199.734
1199.734
1199.734
1199.734
1199.734
1199.734
1199.734
1199.734
1199.734
1199.734
1199.734
1199.734
1199.734
1199.734
1199.734
1199.734
1199.734
1199.734
1199.734
1199.734
1199.734
1199.734
1199.734
1199.734
1199.734
1199.734
1199.734
1199.734
1199.734
1199.734
1199.734
1199.734
1199.734
1199.734
1199.734
1199.734
1199.734
1199.734
1199.734
1199.734
1199.734
1199.734
1199.734
1199.734
1199.734
1199.734
1199.734
1199.734
1199.441
1199.68
1199.758
1199.739
1199.731
1199.733
1199.734
1199.734
1199.734
1199.734
1199.734
1199.734
1199.734
1199.734
1199.734
1199.734
1199.734
1199.734
1199.734
1199.734
1199.734
1199.734
1199.734
1199.734
1199.734
1199.734
1199.734
1199.734
1199.734
1199.734
1199.734
1199.734
1199.734
1199.734
1199.734
1199.734
1199.734
1199.734
1199.734
1199.734
1199.734
1199.734
1199.734
1199.734
1199.734
1199.734
1199.734
1199.734
1199.734
1199.734
1199.734
1199.734
1199.734
1199.734
1199.734
1199.734
1199.734
1199.734
1199.734
1199.734
1199.734
1199.734
1199.734
1199.734
1199.734
1199.734
1199.734
1199.734
1199.734
1199.734
1199.734
1199.734
1199.734
1199.734
1199.734
1199.734
1199.734
1199.734
1199.734
1199.734
1199.734
1199.734
1199.734
1199.734
1199.734
1199.734
1199.734
1199.734
1199.734
1199.734
1199.734
1199.734
1199.734
1199.734
1199.734
1199.734
1199.734
1199.734
1199.734
1199.734
1199.441
1199.68
1199.758
1199.739
1199.731
1199.733
1199.734
1199.734
1199.734
1199.734
1199.734
1199.734
1199.734
1199.734
1199.734
1199.734
1199.734
1199.734
1199.734
1199.734
1199.734
1199.734
1199.734
1199.734
1199.734
1199.734
1199.734
1199.734
1199.734
1199.734
1199.734
1199.734
1199.734
1199.734
1199.734
1199.734
1199.734
1199.734
1199.734
1199.734
1199.734
1199.734
1199.734
1199.734
1199.734
1199.734
1199.734
1199.734
1199.734
1199.734
1199.734
1199.734
1199.734
1199.734
1199.734
1199.734
1199.734
1199.734
1199.734
1199.734
1199.734
1199.734
1199.734
1199.734
1199.734
1199.734
1199.734
1199.734
1199.734
1199.734
1199.734
1199.734
1199.734
1199.734
1199.734
1199.734
1199.734
1199.734
1199.734
1199.734
1199.734
1199.734
1199.734
1199.734
1199.734
1199.734
1199.734
1199.734
1199.734
1199.734
1199.734
1199.734
1199.734
1199.734
1199.734
1199.734
1199.733
1199.733
1199.733
1199.733
1199.441
1199.68
1199.758
1199.739
1199.731
1199.733
1199.734
1199.734
1199.734
1199.734
1199.734
1199.734
1199.734
1199.734
1199.734
1199.734
1199.734
1199.734
1199.734
1199.734
1199.734
1199.734
1199.734
1199.734
1199.734
1199.734
1199.734
1199.734
1199.734
1199.734
1199.734
1199.734
1199.734
1199.734
1199.734
1199.734
1199.734
1199.734
1199.734
1199.734
1199.734
1199.734
1199.734
1199.734
1199.734
1199.734
1199.734
1199.734
1199.734
1199.734
1199.734
1199.734
1199.734
1199.734
1199.734
1199.734
1199.734
1199.734
1199.734
1199.734
1199.734
1199.734
1199.734
1199.734
1199.734
1199.734
1199.734
1199.734
1199.734
1199.734
1199.734
1199.734
1199.734
1199.734
1199.734
1199.734
1199.734
1199.734
1199.734
1199.734
1199.734
1199.734
1199.734
1199.734
1199.734
1199.734
1199.734
1199.734
1199.734
1199.734
1199.734
1199.733
1199.733
1199.733
1199.733
1199.733
1199.733
1199.733
1199.733
1199.733
1199.441
1199.68
1199.758
1199.739
1199.731
1199.733
1199.734
1199.734
1199.734
1199.734
1199.734
1199.734
1199.734
1199.734
1199.734
1199.734
1199.734
1199.734
1199.734
1199.734
1199.734
1199.734
1199.734
1199.734
1199.734
1199.734
1199.734
1199.734
1199.734
1199.734
1199.734
1199.734
1199.734
1199.734
1199.734
1199.734
1199.734
1199.734
1199.734
1199.734
1199.734
1199.734
1199.734
1199.734
1199.734
1199.734
1199.734
1199.734
1199.734
1199.734
1199.734
1199.734
1199.734
1199.734
1199.734
1199.734
1199.734
1199.734
1199.734
1199.734
1199.734
1199.734
1199.734
1199.734
1199.734
1199.734
1199.734
1199.734
1199.734
1199.734
1199.734
1199.734
1199.734
1199.734
1199.734
1199.734
1199.734
1199.734
1199.734
1199.734
1199.734
1199.734
1199.734
1199.734
1199.734
1199.734
1199.734
1199.733
1199.733
1199.733
1199.733
1199.733
1199.733
1199.733
1199.733
1199.733
1199.733
1199.733
1199.733
1199.733
1199.441
1199.68
1199.758
1199.739
1199.731
1199.733
1199.734
1199.734
1199.734
1199.734
1199.734
1199.734
1199.734
1199.734
1199.734
1199.734
1199.734
1199.734
1199.734
1199.734
1199.734
1199.734
1199.734
1199.734
1199.734
1199.734
1199.734
1199.734
1199.734
1199.734
1199.734
1199.734
1199.734
1199.734
1199.734
1199.734
1199.734
1199.734
1199.734
1199.734
1199.734
1199.734
1199.734
1199.734
1199.734
1199.734
1199.734
1199.734
1199.734
1199.734
1199.734
1199.734
1199.734
1199.734
1199.734
1199.734
1199.734
1199.734
1199.734
1199.734
1199.734
1199.734
1199.734
1199.734
1199.734
1199.734
1199.734
1199.734
1199.734
1199.734
1199.734
1199.734
1199.734
1199.734
1199.734
1199.734
1199.734
1199.734
1199.734
1199.734
1199.734
1199.734
1199.734
1199.734
1199.733
1199.733
1199.733
1199.733
1199.733
1199.733
1199.733
1199.733
1199.733
1199.733
1199.733
1199.733
1199.733
1199.733
1199.733
1199.733
1199.441
1199.68
1199.758
1199.739
1199.731
1199.733
1199.734
1199.734
1199.734
1199.734
1199.734
1199.734
1199.734
1199.734
1199.734
1199.734
1199.734
1199.734
1199.734
1199.734
1199.734
1199.734
1199.734
1199.734
1199.734
1199.734
1199.734
1199.734
1199.734
1199.734
1199.734
1199.734
1199.734
1199.734
1199.734
1199.734
1199.734
1199.734
1199.734
1199.734
1199.734
1199.734
1199.734
1199.734
1199.734
1199.734
1199.734
1199.734
1199.734
1199.734
1199.734
1199.734
1199.734
1199.734
1199.734
1199.733
1199.733
1199.733
1199.733
1199.733
1199.733
1199.733
1199.733
1199.733
1199.733
1199.733
1199.733
1199.733
1199.733
1199.733
1199.733
1199.733
1199.733
1199.733
1199.733
1199.733
1199.733
1199.733
1199.733
1199.733
1199.733
1199.733
1199.733
1199.733
1199.733
1199.733
1199.733
1199.733
1199.733
1199.733
1199.733
1199.733
1199.733
1199.733
1199.733
1199.733
1199.733
1199.733
1199.733
1199.733
1199.441
1199.68
1199.758
1199.739
1199.731
1199.733
1199.734
1199.734
1199.734
1199.734
1199.734
1199.734
1199.734
1199.734
1199.734
1199.734
1199.733
1199.733
1199.733
1199.733
1199.733
1199.733
1199.733
1199.733
1199.733
1199.733
1199.733
1199.733
1199.733
1199.733
1199.733
1199.733
1199.733
1199.733
1199.733
1199.733
1199.733
1199.733
1199.733
1199.733
1199.733
1199.733
1199.733
1199.733
1199.733
1199.733
1199.733
1199.733
1199.733
1199.733
1199.733
1199.733
1199.733
1199.733
1199.733
1199.733
1199.733
1199.733
1199.733
1199.733
1199.733
1199.733
1199.733
1199.733
1199.733
1199.733
1199.733
1199.733
1199.733
1199.733
1199.733
1199.733
1199.733
1199.732
1199.732
1199.732
1199.732
1199.732
1199.732
1199.732
1199.732
1199.732
1199.732
1199.732
1199.732
1199.732
1199.732
1199.732
1199.732
1199.732
1199.732
1199.732
1199.731
1199.731
1199.731
1199.731
1199.731
1199.731
1199.731
1199.731
1199.441
1199.68
1199.758
1199.738
1199.73
1199.733
1199.733
1199.733
1199.733
1199.732
1199.732
1199.732
1199.732
1199.732
1199.731
1199.731
1199.731
1199.731
1199.73
1199.73
1199.73
1199.729
1199.729
1199.728
1199.728
1199.728
1199.727
1199.727
1199.726
1199.726
1199.725
1199.725
1199.724
1199.724
1199.723
1199.722
1199.722
1199.721
1199.721
1199.72
1199.719
1199.719
1199.718
1199.717
1199.717
1199.716
1199.715
1199.714
1199.713
1199.713
1199.712
1199.711
1199.71
1199.709
1199.708
1199.708
1199.707
1199.706
1199.705
1199.704
1199.703
1199.702
1199.701
1199.7
1199.699
1199.698
1199.697
1199.696
1199.695
1199.693
1199.692
1199.691
1199.69
1199.689
1199.688
1199.687
1199.685
1199.684
1199.683
1199.682
1199.68
1199.679
1199.678
1199.676
1199.675
1199.674
1199.673
1199.671
1199.67
1199.668
1199.667
1199.666
1199.664
1199.663
1199.661
1199.66
1199.659
1199.657
1199.656
1199.655
1199.423
1199.643
1199.702
1199.664
1199.637
1199.621
1199.602
1199.583
1199.565
1199.546
1199.527
1199.508
1199.489
1199.471
1199.452
1199.433
1199.414
1199.395
1199.376
1199.358
1199.339
1199.32
1199.301
1199.282
1199.263
1199.245
1199.226
1199.207
1199.188
1199.169
1199.15
1199.132
1199.113
1199.094
1199.075
1199.056
1199.037
1199.018
1199
1198.981
1198.962
1198.943
1198.924
1198.905
1198.886
1198.867
1198.849
1198.83
1198.811
1198.792
1198.773
1198.754
1198.735
1198.716
1198.697
1198.679
1198.66
1198.641
1198.622
1198.603
1198.584
1198.565
1198.546
1198.527
1198.508
1198.489
1198.47
1198.451
1198.432
1198.414
1198.395
1198.376
1198.357
1198.338
1198.319
1198.3
1198.281
1198.262
1198.243
1198.224
1198.205
1198.186
1198.167
1198.148
1198.129
1198.11
1198.091
1198.072
1198.053
1198.034
1198.015
1197.996
1197.977
1197.958
1197.939
1197.92
1197.901
1197.882
1197.863
1197.844
)
;

boundaryField
{
    bottomAir_bottom
    {
        type            symmetryPlane;
    }
    leftLet
    {
        type            fixedValue;
        value           uniform 1200;
    }
    rightLet
    {
        type            zeroGradient;
    }
    frontAndBack
    {
        type            empty;
    }
    bottomAir_to_wall
    {
        type            compressible::turbulentTemperatureCoupledBaffleMixed;
        refValue        nonuniform List<scalar> 
100
(
1153.499
1153.566
1153.6
1153.598
1153.586
1153.574
1153.56
1153.544
1153.528
1153.512
1153.496
1153.479
1153.462
1153.445
1153.428
1153.411
1153.394
1153.377
1153.36
1153.343
1153.326
1153.308
1153.291
1153.274
1153.257
1153.24
1153.222
1153.205
1153.188
1153.171
1153.153
1153.136
1153.119
1153.102
1153.084
1153.067
1153.05
1153.033
1153.015
1152.998
1152.981
1152.964
1152.946
1152.929
1152.912
1152.894
1152.877
1152.86
1152.843
1152.825
1152.808
1152.791
1152.773
1152.756
1152.739
1152.721
1152.704
1152.687
1152.669
1152.652
1152.635
1152.617
1152.6
1152.583
1152.565
1152.548
1152.531
1152.513
1152.496
1152.479
1152.461
1152.444
1152.427
1152.409
1152.392
1152.375
1152.357
1152.34
1152.323
1152.305
1152.288
1152.271
1152.253
1152.236
1152.219
1152.201
1152.184
1152.167
1152.15
1152.132
1152.115
1152.098
1152.082
1152.065
1152.048
1152.032
1152.017
1152.002
1151.989
1151.98
)
;
        refGradient     uniform 0;
        valueFraction   nonuniform List<scalar> 
100
(
0.5384615
0.5384615
0.5384615
0.5384615
0.5384615
0.5384615
0.5384615
0.5384615
0.5384615
0.5384615
0.5384615
0.5384615
0.5384615
0.5384615
0.5384615
0.5384615
0.5384615
0.5384615
0.5384615
0.5384615
0.5384615
0.5384615
0.5384615
0.5384615
0.5384615
0.5384615
0.5384615
0.5384615
0.5384615
0.5384615
0.5384615
0.5384615
0.5384615
0.5384615
0.5384615
0.5384615
0.5384615
0.5384615
0.5384615
0.5384615
0.5384615
0.5384615
0.5384615
0.5384615
0.5384615
0.5384615
0.5384615
0.5384615
0.5384615
0.5384615
0.5384615
0.5384615
0.5384615
0.5384615
0.5384615
0.5384615
0.5384615
0.5384615
0.5384615
0.5384615
0.5384615
0.5384615
0.5384615
0.5384615
0.5384615
0.5384615
0.5384615
0.5384615
0.5384615
0.5384615
0.5384615
0.5384615
0.5384615
0.5384615
0.5384615
0.5384615
0.5384615
0.5384615
0.5384615
0.5384615
0.5384615
0.5384615
0.5384615
0.5384615
0.5384615
0.5384615
0.5384615
0.5384615
0.5384615
0.5384615
0.5384615
0.5384615
0.5384615
0.5384615
0.5384615
0.5384615
0.5384615
0.5384615
0.5384615
0.5384615
)
;
        value           nonuniform List<scalar> 
100
(
1174.694
1174.832
1174.878
1174.859
1174.841
1174.826
1174.81
1174.793
1174.776
1174.758
1174.741
1174.723
1174.705
1174.688
1174.67
1174.652
1174.634
1174.616
1174.598
1174.58
1174.562
1174.545
1174.527
1174.509
1174.491
1174.473
1174.455
1174.437
1174.419
1174.401
1174.383
1174.365
1174.347
1174.329
1174.311
1174.293
1174.275
1174.257
1174.239
1174.221
1174.203
1174.185
1174.167
1174.149
1174.131
1174.113
1174.095
1174.077
1174.059
1174.041
1174.023
1174.005
1173.986
1173.968
1173.95
1173.932
1173.914
1173.896
1173.878
1173.86
1173.842
1173.824
1173.806
1173.788
1173.77
1173.752
1173.734
1173.716
1173.697
1173.679
1173.661
1173.643
1173.625
1173.607
1173.589
1173.571
1173.553
1173.535
1173.517
1173.498
1173.48
1173.462
1173.444
1173.426
1173.408
1173.39
1173.372
1173.354
1173.336
1173.318
1173.3
1173.282
1173.264
1173.246
1173.229
1173.211
1173.194
1173.177
1173.162
1173.148
)
;
        Tnbr            T;
        thicknessLayers 0();
        kappaLayers     0();
        kappa           fluidThermo;
        kappaName       none;
    }
}


// ************************************************************************* //
