/*--------------------------------*- C++ -*----------------------------------*\
| =========                 |                                                 |
| \\      /  F ield         | OpenFOAM: The Open Source CFD Toolbox           |
|  \\    /   O peration     | Version:  2.3.0                                 |
|   \\  /    A nd           | Web:      www.OpenFOAM.org                      |
|    \\/     M anipulation  |                                                 |
\*---------------------------------------------------------------------------*/
FoamFile
{
    version     2.0;
    format      ascii;
    class       volScalarField;
    location    "10000/bottomAir";
    object      p_rgh;
}
// * * * * * * * * * * * * * * * * * * * * * * * * * * * * * * * * * * * * * //

dimensions      [1 -1 -2 0 0 0 0];

internalField   nonuniform List<scalar> 
4000
(
99823.68
99865.61
99901.72
99897.04
99893.33
99893.84
99894.21
99894.14
99894.09
99894.09
99894.09
99894.08
99894.07
99894.06
99894.05
99894.04
99894.03
99894.03
99894.02
99894.01
99894
99893.99
99893.98
99893.97
99893.96
99893.96
99893.95
99893.94
99893.93
99893.92
99893.91
99893.9
99893.89
99893.88
99893.88
99893.87
99893.86
99893.85
99893.84
99893.83
99893.82
99893.81
99893.8
99893.8
99893.79
99893.78
99893.77
99893.76
99893.75
99893.74
99893.73
99893.72
99893.72
99893.71
99893.7
99893.69
99893.68
99893.67
99893.66
99893.65
99893.64
99893.64
99893.63
99893.62
99893.61
99893.6
99893.59
99893.58
99893.57
99893.56
99893.56
99893.55
99893.54
99893.53
99893.52
99893.51
99893.5
99893.49
99893.49
99893.48
99893.47
99893.46
99893.45
99893.44
99893.43
99893.42
99893.42
99893.41
99893.4
99893.39
99893.38
99893.37
99893.37
99893.36
99893.35
99893.34
99893.33
99893.32
99893.32
99893.31
99823.71
99865.59
99901.71
99897.04
99893.33
99893.83
99894.21
99894.14
99894.09
99894.09
99894.09
99894.08
99894.07
99894.06
99894.05
99894.04
99894.03
99894.03
99894.02
99894.01
99894
99893.99
99893.98
99893.97
99893.96
99893.96
99893.95
99893.94
99893.93
99893.92
99893.91
99893.9
99893.89
99893.88
99893.88
99893.87
99893.86
99893.85
99893.84
99893.83
99893.82
99893.81
99893.8
99893.8
99893.79
99893.78
99893.77
99893.76
99893.75
99893.74
99893.73
99893.72
99893.72
99893.71
99893.7
99893.69
99893.68
99893.67
99893.66
99893.65
99893.64
99893.64
99893.63
99893.62
99893.61
99893.6
99893.59
99893.58
99893.57
99893.56
99893.56
99893.55
99893.54
99893.53
99893.52
99893.51
99893.5
99893.49
99893.49
99893.48
99893.47
99893.46
99893.45
99893.44
99893.43
99893.42
99893.42
99893.41
99893.4
99893.39
99893.38
99893.37
99893.37
99893.36
99893.35
99893.34
99893.33
99893.32
99893.32
99893.31
99823.72
99865.58
99901.71
99897.04
99893.33
99893.83
99894.21
99894.14
99894.09
99894.09
99894.09
99894.08
99894.07
99894.06
99894.05
99894.04
99894.03
99894.03
99894.02
99894.01
99894
99893.99
99893.98
99893.97
99893.96
99893.96
99893.95
99893.94
99893.93
99893.92
99893.91
99893.9
99893.89
99893.88
99893.88
99893.87
99893.86
99893.85
99893.84
99893.83
99893.82
99893.81
99893.8
99893.8
99893.79
99893.78
99893.77
99893.76
99893.75
99893.74
99893.73
99893.72
99893.72
99893.71
99893.7
99893.69
99893.68
99893.67
99893.66
99893.65
99893.64
99893.64
99893.63
99893.62
99893.61
99893.6
99893.59
99893.58
99893.57
99893.56
99893.56
99893.55
99893.54
99893.53
99893.52
99893.51
99893.5
99893.49
99893.49
99893.48
99893.47
99893.46
99893.45
99893.44
99893.43
99893.42
99893.42
99893.41
99893.4
99893.39
99893.38
99893.37
99893.37
99893.36
99893.35
99893.34
99893.33
99893.32
99893.32
99893.31
99823.73
99865.58
99901.71
99897.04
99893.33
99893.83
99894.21
99894.14
99894.09
99894.09
99894.09
99894.08
99894.07
99894.06
99894.05
99894.04
99894.03
99894.03
99894.02
99894.01
99894
99893.99
99893.98
99893.97
99893.96
99893.96
99893.95
99893.94
99893.93
99893.92
99893.91
99893.9
99893.89
99893.88
99893.88
99893.87
99893.86
99893.85
99893.84
99893.83
99893.82
99893.81
99893.8
99893.8
99893.79
99893.78
99893.77
99893.76
99893.75
99893.74
99893.73
99893.72
99893.72
99893.71
99893.7
99893.69
99893.68
99893.67
99893.66
99893.65
99893.64
99893.64
99893.63
99893.62
99893.61
99893.6
99893.59
99893.58
99893.57
99893.56
99893.56
99893.55
99893.54
99893.53
99893.52
99893.51
99893.5
99893.49
99893.49
99893.48
99893.47
99893.46
99893.45
99893.44
99893.43
99893.42
99893.42
99893.41
99893.4
99893.39
99893.38
99893.37
99893.37
99893.36
99893.35
99893.34
99893.33
99893.32
99893.32
99893.31
99823.73
99865.58
99901.71
99897.04
99893.33
99893.83
99894.21
99894.14
99894.09
99894.09
99894.09
99894.08
99894.07
99894.06
99894.05
99894.04
99894.03
99894.03
99894.02
99894.01
99894
99893.99
99893.98
99893.97
99893.96
99893.96
99893.95
99893.94
99893.93
99893.92
99893.91
99893.9
99893.89
99893.89
99893.88
99893.87
99893.86
99893.85
99893.84
99893.83
99893.82
99893.81
99893.8
99893.8
99893.79
99893.78
99893.77
99893.76
99893.75
99893.74
99893.73
99893.72
99893.72
99893.71
99893.7
99893.69
99893.68
99893.67
99893.66
99893.65
99893.64
99893.64
99893.63
99893.62
99893.61
99893.6
99893.59
99893.58
99893.57
99893.56
99893.56
99893.55
99893.54
99893.53
99893.52
99893.51
99893.5
99893.49
99893.49
99893.48
99893.47
99893.46
99893.45
99893.44
99893.43
99893.42
99893.42
99893.41
99893.4
99893.39
99893.38
99893.37
99893.37
99893.36
99893.35
99893.34
99893.33
99893.32
99893.32
99893.31
99823.74
99865.58
99901.71
99897.04
99893.33
99893.83
99894.21
99894.14
99894.09
99894.09
99894.09
99894.08
99894.07
99894.06
99894.05
99894.04
99894.03
99894.03
99894.02
99894.01
99894
99893.99
99893.98
99893.97
99893.96
99893.96
99893.95
99893.94
99893.93
99893.92
99893.91
99893.9
99893.89
99893.89
99893.88
99893.87
99893.86
99893.85
99893.84
99893.83
99893.82
99893.81
99893.8
99893.8
99893.79
99893.78
99893.77
99893.76
99893.75
99893.74
99893.73
99893.72
99893.72
99893.71
99893.7
99893.69
99893.68
99893.67
99893.66
99893.65
99893.64
99893.64
99893.63
99893.62
99893.61
99893.6
99893.59
99893.58
99893.57
99893.56
99893.56
99893.55
99893.54
99893.53
99893.52
99893.51
99893.5
99893.49
99893.49
99893.48
99893.47
99893.46
99893.45
99893.44
99893.43
99893.42
99893.42
99893.41
99893.4
99893.39
99893.38
99893.37
99893.37
99893.36
99893.35
99893.34
99893.33
99893.32
99893.32
99893.31
99823.74
99865.58
99901.71
99897.04
99893.33
99893.83
99894.21
99894.14
99894.09
99894.09
99894.09
99894.08
99894.07
99894.06
99894.05
99894.04
99894.03
99894.03
99894.02
99894.01
99894
99893.99
99893.98
99893.97
99893.96
99893.96
99893.95
99893.94
99893.93
99893.92
99893.91
99893.9
99893.89
99893.89
99893.88
99893.87
99893.86
99893.85
99893.84
99893.83
99893.82
99893.81
99893.81
99893.8
99893.79
99893.78
99893.77
99893.76
99893.75
99893.74
99893.73
99893.72
99893.72
99893.71
99893.7
99893.69
99893.68
99893.67
99893.66
99893.65
99893.64
99893.64
99893.63
99893.62
99893.61
99893.6
99893.59
99893.58
99893.57
99893.56
99893.56
99893.55
99893.54
99893.53
99893.52
99893.51
99893.5
99893.49
99893.49
99893.48
99893.47
99893.46
99893.45
99893.44
99893.43
99893.42
99893.42
99893.41
99893.4
99893.39
99893.38
99893.37
99893.37
99893.36
99893.35
99893.34
99893.33
99893.32
99893.32
99893.31
99823.74
99865.58
99901.71
99897.04
99893.33
99893.83
99894.21
99894.14
99894.09
99894.09
99894.09
99894.08
99894.07
99894.06
99894.05
99894.04
99894.03
99894.03
99894.02
99894.01
99894
99893.99
99893.98
99893.97
99893.96
99893.96
99893.95
99893.94
99893.93
99893.92
99893.91
99893.9
99893.89
99893.89
99893.88
99893.87
99893.86
99893.85
99893.84
99893.83
99893.82
99893.81
99893.81
99893.8
99893.79
99893.78
99893.77
99893.76
99893.75
99893.74
99893.73
99893.72
99893.72
99893.71
99893.7
99893.69
99893.68
99893.67
99893.66
99893.65
99893.64
99893.64
99893.63
99893.62
99893.61
99893.6
99893.59
99893.58
99893.57
99893.56
99893.56
99893.55
99893.54
99893.53
99893.52
99893.51
99893.5
99893.49
99893.48
99893.48
99893.47
99893.46
99893.45
99893.44
99893.43
99893.42
99893.42
99893.41
99893.4
99893.39
99893.38
99893.37
99893.36
99893.36
99893.35
99893.34
99893.33
99893.32
99893.32
99893.31
99823.74
99865.58
99901.71
99897.04
99893.33
99893.83
99894.21
99894.14
99894.09
99894.09
99894.09
99894.08
99894.07
99894.06
99894.05
99894.04
99894.03
99894.03
99894.02
99894.01
99894
99893.99
99893.98
99893.97
99893.96
99893.96
99893.95
99893.94
99893.93
99893.92
99893.91
99893.9
99893.89
99893.89
99893.88
99893.87
99893.86
99893.85
99893.84
99893.83
99893.82
99893.81
99893.81
99893.8
99893.79
99893.78
99893.77
99893.76
99893.75
99893.74
99893.73
99893.72
99893.72
99893.71
99893.7
99893.69
99893.68
99893.67
99893.66
99893.65
99893.64
99893.64
99893.63
99893.62
99893.61
99893.6
99893.59
99893.58
99893.57
99893.56
99893.56
99893.55
99893.54
99893.53
99893.52
99893.51
99893.5
99893.49
99893.48
99893.48
99893.47
99893.46
99893.45
99893.44
99893.43
99893.42
99893.42
99893.41
99893.4
99893.39
99893.38
99893.37
99893.36
99893.36
99893.35
99893.34
99893.33
99893.32
99893.32
99893.31
99823.74
99865.58
99901.71
99897.04
99893.33
99893.84
99894.21
99894.14
99894.09
99894.09
99894.09
99894.08
99894.07
99894.06
99894.05
99894.04
99894.03
99894.03
99894.02
99894.01
99894
99893.99
99893.98
99893.97
99893.96
99893.96
99893.95
99893.94
99893.93
99893.92
99893.91
99893.9
99893.89
99893.89
99893.88
99893.87
99893.86
99893.85
99893.84
99893.83
99893.82
99893.81
99893.81
99893.8
99893.79
99893.78
99893.77
99893.76
99893.75
99893.74
99893.73
99893.72
99893.72
99893.71
99893.7
99893.69
99893.68
99893.67
99893.66
99893.65
99893.64
99893.64
99893.63
99893.62
99893.61
99893.6
99893.59
99893.58
99893.57
99893.56
99893.56
99893.55
99893.54
99893.53
99893.52
99893.51
99893.5
99893.49
99893.48
99893.48
99893.47
99893.46
99893.45
99893.44
99893.43
99893.42
99893.42
99893.41
99893.4
99893.39
99893.38
99893.37
99893.36
99893.36
99893.35
99893.34
99893.33
99893.32
99893.31
99893.31
99823.74
99865.58
99901.71
99897.04
99893.33
99893.84
99894.21
99894.14
99894.09
99894.09
99894.09
99894.08
99894.07
99894.06
99894.05
99894.04
99894.03
99894.03
99894.02
99894.01
99894
99893.99
99893.98
99893.97
99893.97
99893.96
99893.95
99893.94
99893.93
99893.92
99893.91
99893.9
99893.89
99893.89
99893.88
99893.87
99893.86
99893.85
99893.84
99893.83
99893.82
99893.81
99893.81
99893.8
99893.79
99893.78
99893.77
99893.76
99893.75
99893.74
99893.73
99893.72
99893.72
99893.71
99893.7
99893.69
99893.68
99893.67
99893.66
99893.65
99893.64
99893.64
99893.63
99893.62
99893.61
99893.6
99893.59
99893.58
99893.57
99893.56
99893.56
99893.55
99893.54
99893.53
99893.52
99893.51
99893.5
99893.49
99893.48
99893.48
99893.47
99893.46
99893.45
99893.44
99893.43
99893.42
99893.41
99893.41
99893.4
99893.39
99893.38
99893.37
99893.36
99893.36
99893.35
99893.34
99893.33
99893.32
99893.31
99893.31
99823.74
99865.58
99901.71
99897.04
99893.33
99893.84
99894.21
99894.14
99894.09
99894.09
99894.09
99894.08
99894.07
99894.06
99894.05
99894.04
99894.04
99894.03
99894.02
99894.01
99894
99893.99
99893.98
99893.97
99893.97
99893.96
99893.95
99893.94
99893.93
99893.92
99893.91
99893.9
99893.89
99893.89
99893.88
99893.87
99893.86
99893.85
99893.84
99893.83
99893.82
99893.81
99893.81
99893.8
99893.79
99893.78
99893.77
99893.76
99893.75
99893.74
99893.73
99893.72
99893.72
99893.71
99893.7
99893.69
99893.68
99893.67
99893.66
99893.65
99893.64
99893.64
99893.63
99893.62
99893.61
99893.6
99893.59
99893.58
99893.57
99893.56
99893.55
99893.55
99893.54
99893.53
99893.52
99893.51
99893.5
99893.49
99893.48
99893.48
99893.47
99893.46
99893.45
99893.44
99893.43
99893.42
99893.41
99893.41
99893.4
99893.39
99893.38
99893.37
99893.36
99893.36
99893.35
99893.34
99893.33
99893.32
99893.31
99893.31
99823.74
99865.58
99901.71
99897.04
99893.33
99893.84
99894.21
99894.14
99894.09
99894.09
99894.09
99894.08
99894.07
99894.06
99894.05
99894.04
99894.04
99894.03
99894.02
99894.01
99894
99893.99
99893.98
99893.97
99893.97
99893.96
99893.95
99893.94
99893.93
99893.92
99893.91
99893.9
99893.89
99893.89
99893.88
99893.87
99893.86
99893.85
99893.84
99893.83
99893.82
99893.81
99893.81
99893.8
99893.79
99893.78
99893.77
99893.76
99893.75
99893.74
99893.73
99893.72
99893.72
99893.71
99893.7
99893.69
99893.68
99893.67
99893.66
99893.65
99893.64
99893.64
99893.63
99893.62
99893.61
99893.6
99893.59
99893.58
99893.57
99893.56
99893.55
99893.55
99893.54
99893.53
99893.52
99893.51
99893.5
99893.49
99893.48
99893.48
99893.47
99893.46
99893.45
99893.44
99893.43
99893.42
99893.41
99893.41
99893.4
99893.39
99893.38
99893.37
99893.36
99893.35
99893.35
99893.34
99893.33
99893.32
99893.31
99893.31
99823.74
99865.58
99901.71
99897.04
99893.33
99893.84
99894.21
99894.14
99894.1
99894.09
99894.09
99894.08
99894.07
99894.06
99894.05
99894.04
99894.04
99894.03
99894.02
99894.01
99894
99893.99
99893.98
99893.97
99893.97
99893.96
99893.95
99893.94
99893.93
99893.92
99893.91
99893.9
99893.89
99893.89
99893.88
99893.87
99893.86
99893.85
99893.84
99893.83
99893.82
99893.81
99893.81
99893.8
99893.79
99893.78
99893.77
99893.76
99893.75
99893.74
99893.73
99893.72
99893.72
99893.71
99893.7
99893.69
99893.68
99893.67
99893.66
99893.65
99893.64
99893.64
99893.63
99893.62
99893.61
99893.6
99893.59
99893.58
99893.57
99893.56
99893.55
99893.55
99893.54
99893.53
99893.52
99893.51
99893.5
99893.49
99893.48
99893.47
99893.47
99893.46
99893.45
99893.44
99893.43
99893.42
99893.41
99893.41
99893.4
99893.39
99893.38
99893.37
99893.36
99893.35
99893.35
99893.34
99893.33
99893.32
99893.31
99893.3
99823.74
99865.59
99901.71
99897.04
99893.33
99893.84
99894.21
99894.14
99894.1
99894.09
99894.09
99894.08
99894.07
99894.06
99894.05
99894.04
99894.04
99894.03
99894.02
99894.01
99894
99893.99
99893.98
99893.97
99893.97
99893.96
99893.95
99893.94
99893.93
99893.92
99893.91
99893.9
99893.89
99893.89
99893.88
99893.87
99893.86
99893.85
99893.84
99893.83
99893.82
99893.81
99893.81
99893.8
99893.79
99893.78
99893.77
99893.76
99893.75
99893.74
99893.73
99893.72
99893.72
99893.71
99893.7
99893.69
99893.68
99893.67
99893.66
99893.65
99893.64
99893.63
99893.63
99893.62
99893.61
99893.6
99893.59
99893.58
99893.57
99893.56
99893.55
99893.55
99893.54
99893.53
99893.52
99893.51
99893.5
99893.49
99893.48
99893.47
99893.47
99893.46
99893.45
99893.44
99893.43
99893.42
99893.41
99893.4
99893.4
99893.39
99893.38
99893.37
99893.36
99893.35
99893.35
99893.34
99893.33
99893.32
99893.31
99893.3
99823.75
99865.59
99901.71
99897.04
99893.33
99893.84
99894.21
99894.14
99894.1
99894.09
99894.09
99894.08
99894.07
99894.06
99894.05
99894.05
99894.04
99894.03
99894.02
99894.01
99894
99893.99
99893.98
99893.97
99893.97
99893.96
99893.95
99893.94
99893.93
99893.92
99893.91
99893.9
99893.89
99893.89
99893.88
99893.87
99893.86
99893.85
99893.84
99893.83
99893.82
99893.81
99893.81
99893.8
99893.79
99893.78
99893.77
99893.76
99893.75
99893.74
99893.73
99893.72
99893.72
99893.71
99893.7
99893.69
99893.68
99893.67
99893.66
99893.65
99893.64
99893.63
99893.63
99893.62
99893.61
99893.6
99893.59
99893.58
99893.57
99893.56
99893.55
99893.55
99893.54
99893.53
99893.52
99893.51
99893.5
99893.49
99893.48
99893.47
99893.47
99893.46
99893.45
99893.44
99893.43
99893.42
99893.41
99893.4
99893.4
99893.39
99893.38
99893.37
99893.36
99893.35
99893.34
99893.34
99893.33
99893.32
99893.31
99893.3
99823.75
99865.59
99901.71
99897.04
99893.33
99893.84
99894.21
99894.14
99894.1
99894.09
99894.09
99894.08
99894.07
99894.06
99894.05
99894.05
99894.04
99894.03
99894.02
99894.01
99894
99893.99
99893.98
99893.98
99893.97
99893.96
99893.95
99893.94
99893.93
99893.92
99893.91
99893.9
99893.89
99893.89
99893.88
99893.87
99893.86
99893.85
99893.84
99893.83
99893.82
99893.81
99893.81
99893.8
99893.79
99893.78
99893.77
99893.76
99893.75
99893.74
99893.73
99893.72
99893.72
99893.71
99893.7
99893.69
99893.68
99893.67
99893.66
99893.65
99893.64
99893.63
99893.63
99893.62
99893.61
99893.6
99893.59
99893.58
99893.57
99893.56
99893.55
99893.55
99893.54
99893.53
99893.52
99893.51
99893.5
99893.49
99893.48
99893.47
99893.47
99893.46
99893.45
99893.44
99893.43
99893.42
99893.41
99893.4
99893.4
99893.39
99893.38
99893.37
99893.36
99893.35
99893.34
99893.34
99893.33
99893.32
99893.31
99893.3
99823.75
99865.59
99901.71
99897.04
99893.33
99893.84
99894.21
99894.14
99894.1
99894.09
99894.09
99894.08
99894.07
99894.06
99894.05
99894.05
99894.04
99894.03
99894.02
99894.01
99894
99893.99
99893.98
99893.98
99893.97
99893.96
99893.95
99893.94
99893.93
99893.92
99893.91
99893.9
99893.9
99893.89
99893.88
99893.87
99893.86
99893.85
99893.84
99893.83
99893.82
99893.81
99893.81
99893.8
99893.79
99893.78
99893.77
99893.76
99893.75
99893.74
99893.73
99893.72
99893.72
99893.71
99893.7
99893.69
99893.68
99893.67
99893.66
99893.65
99893.64
99893.63
99893.63
99893.62
99893.61
99893.6
99893.59
99893.58
99893.57
99893.56
99893.55
99893.55
99893.54
99893.53
99893.52
99893.51
99893.5
99893.49
99893.48
99893.47
99893.46
99893.46
99893.45
99893.44
99893.43
99893.42
99893.41
99893.4
99893.39
99893.39
99893.38
99893.37
99893.36
99893.35
99893.34
99893.33
99893.33
99893.32
99893.31
99893.3
99823.75
99865.59
99901.71
99897.04
99893.33
99893.84
99894.21
99894.15
99894.1
99894.1
99894.09
99894.08
99894.07
99894.06
99894.06
99894.05
99894.04
99894.03
99894.02
99894.01
99894
99893.99
99893.98
99893.98
99893.97
99893.96
99893.95
99893.94
99893.93
99893.92
99893.91
99893.9
99893.9
99893.89
99893.88
99893.87
99893.86
99893.85
99893.84
99893.83
99893.82
99893.81
99893.81
99893.8
99893.79
99893.78
99893.77
99893.76
99893.75
99893.74
99893.73
99893.72
99893.72
99893.71
99893.7
99893.69
99893.68
99893.67
99893.66
99893.65
99893.64
99893.63
99893.63
99893.62
99893.61
99893.6
99893.59
99893.58
99893.57
99893.56
99893.55
99893.54
99893.54
99893.53
99893.52
99893.51
99893.5
99893.49
99893.48
99893.47
99893.46
99893.46
99893.45
99893.44
99893.43
99893.42
99893.41
99893.4
99893.39
99893.39
99893.38
99893.37
99893.36
99893.35
99893.34
99893.33
99893.33
99893.32
99893.31
99893.3
99823.75
99865.59
99901.71
99897.04
99893.33
99893.84
99894.21
99894.15
99894.1
99894.1
99894.09
99894.08
99894.07
99894.06
99894.06
99894.05
99894.04
99894.03
99894.02
99894.01
99894
99893.99
99893.98
99893.98
99893.97
99893.96
99893.95
99893.94
99893.93
99893.92
99893.91
99893.9
99893.9
99893.89
99893.88
99893.87
99893.86
99893.85
99893.84
99893.83
99893.82
99893.81
99893.81
99893.8
99893.79
99893.78
99893.77
99893.76
99893.75
99893.74
99893.73
99893.72
99893.72
99893.71
99893.7
99893.69
99893.68
99893.67
99893.66
99893.65
99893.64
99893.63
99893.63
99893.62
99893.61
99893.6
99893.59
99893.58
99893.57
99893.56
99893.55
99893.54
99893.54
99893.53
99893.52
99893.51
99893.5
99893.49
99893.48
99893.47
99893.46
99893.46
99893.45
99893.44
99893.43
99893.42
99893.41
99893.4
99893.39
99893.38
99893.38
99893.37
99893.36
99893.35
99893.34
99893.33
99893.32
99893.32
99893.31
99893.3
99823.75
99865.59
99901.71
99897.04
99893.33
99893.84
99894.21
99894.15
99894.1
99894.1
99894.09
99894.08
99894.07
99894.07
99894.06
99894.05
99894.04
99894.03
99894.02
99894.01
99894
99893.99
99893.99
99893.98
99893.97
99893.96
99893.95
99893.94
99893.93
99893.92
99893.91
99893.9
99893.9
99893.89
99893.88
99893.87
99893.86
99893.85
99893.84
99893.83
99893.82
99893.81
99893.81
99893.8
99893.79
99893.78
99893.77
99893.76
99893.75
99893.74
99893.73
99893.72
99893.72
99893.71
99893.7
99893.69
99893.68
99893.67
99893.66
99893.65
99893.64
99893.63
99893.63
99893.62
99893.61
99893.6
99893.59
99893.58
99893.57
99893.56
99893.55
99893.54
99893.54
99893.53
99893.52
99893.51
99893.5
99893.49
99893.48
99893.47
99893.46
99893.45
99893.45
99893.44
99893.43
99893.42
99893.41
99893.4
99893.39
99893.38
99893.38
99893.37
99893.36
99893.35
99893.34
99893.33
99893.32
99893.32
99893.31
99893.3
99823.75
99865.59
99901.71
99897.05
99893.33
99893.84
99894.21
99894.15
99894.1
99894.1
99894.09
99894.08
99894.07
99894.07
99894.06
99894.05
99894.04
99894.03
99894.02
99894.01
99894
99893.99
99893.99
99893.98
99893.97
99893.96
99893.95
99893.94
99893.93
99893.92
99893.91
99893.9
99893.9
99893.89
99893.88
99893.87
99893.86
99893.85
99893.84
99893.83
99893.82
99893.81
99893.81
99893.8
99893.79
99893.78
99893.77
99893.76
99893.75
99893.74
99893.73
99893.72
99893.72
99893.71
99893.7
99893.69
99893.68
99893.67
99893.66
99893.65
99893.64
99893.63
99893.63
99893.62
99893.61
99893.6
99893.59
99893.58
99893.57
99893.56
99893.55
99893.54
99893.54
99893.53
99893.52
99893.51
99893.5
99893.49
99893.48
99893.47
99893.46
99893.45
99893.45
99893.44
99893.43
99893.42
99893.41
99893.4
99893.39
99893.38
99893.37
99893.37
99893.36
99893.35
99893.34
99893.33
99893.32
99893.31
99893.31
99893.3
99823.75
99865.59
99901.72
99897.05
99893.34
99893.84
99894.21
99894.15
99894.1
99894.1
99894.09
99894.08
99894.08
99894.07
99894.06
99894.05
99894.04
99894.03
99894.02
99894.01
99894
99893.99
99893.99
99893.98
99893.97
99893.96
99893.95
99893.94
99893.93
99893.92
99893.91
99893.9
99893.9
99893.89
99893.88
99893.87
99893.86
99893.85
99893.84
99893.83
99893.82
99893.81
99893.81
99893.8
99893.79
99893.78
99893.77
99893.76
99893.75
99893.74
99893.73
99893.72
99893.72
99893.71
99893.7
99893.69
99893.68
99893.67
99893.66
99893.65
99893.64
99893.63
99893.63
99893.62
99893.61
99893.6
99893.59
99893.58
99893.57
99893.56
99893.55
99893.54
99893.54
99893.53
99893.52
99893.51
99893.5
99893.49
99893.48
99893.47
99893.46
99893.45
99893.44
99893.44
99893.43
99893.42
99893.41
99893.4
99893.39
99893.38
99893.37
99893.36
99893.36
99893.35
99893.34
99893.33
99893.32
99893.31
99893.31
99893.3
99823.76
99865.6
99901.72
99897.05
99893.34
99893.84
99894.22
99894.15
99894.1
99894.1
99894.09
99894.09
99894.08
99894.07
99894.06
99894.05
99894.04
99894.03
99894.02
99894.01
99894
99894
99893.99
99893.98
99893.97
99893.96
99893.95
99893.94
99893.93
99893.92
99893.91
99893.9
99893.9
99893.89
99893.88
99893.87
99893.86
99893.85
99893.84
99893.83
99893.82
99893.81
99893.81
99893.8
99893.79
99893.78
99893.77
99893.76
99893.75
99893.74
99893.73
99893.72
99893.72
99893.71
99893.7
99893.69
99893.68
99893.67
99893.66
99893.65
99893.64
99893.63
99893.63
99893.62
99893.61
99893.6
99893.59
99893.58
99893.57
99893.56
99893.55
99893.54
99893.54
99893.53
99893.52
99893.51
99893.5
99893.49
99893.48
99893.47
99893.46
99893.45
99893.44
99893.44
99893.43
99893.42
99893.41
99893.4
99893.39
99893.38
99893.37
99893.36
99893.36
99893.35
99893.34
99893.33
99893.32
99893.31
99893.3
99893.3
99823.76
99865.6
99901.72
99897.05
99893.34
99893.85
99894.22
99894.15
99894.1
99894.1
99894.1
99894.09
99894.08
99894.07
99894.06
99894.05
99894.04
99894.03
99894.02
99894.01
99894
99894
99893.99
99893.98
99893.97
99893.96
99893.95
99893.94
99893.93
99893.92
99893.91
99893.9
99893.9
99893.89
99893.88
99893.87
99893.86
99893.85
99893.84
99893.83
99893.82
99893.81
99893.81
99893.8
99893.79
99893.78
99893.77
99893.76
99893.75
99893.74
99893.73
99893.72
99893.72
99893.71
99893.7
99893.69
99893.68
99893.67
99893.66
99893.65
99893.64
99893.63
99893.63
99893.62
99893.61
99893.6
99893.59
99893.58
99893.57
99893.56
99893.55
99893.54
99893.53
99893.53
99893.52
99893.51
99893.5
99893.49
99893.48
99893.47
99893.46
99893.45
99893.44
99893.43
99893.43
99893.42
99893.41
99893.4
99893.39
99893.38
99893.37
99893.36
99893.35
99893.35
99893.34
99893.33
99893.32
99893.31
99893.3
99893.29
99823.76
99865.6
99901.72
99897.05
99893.34
99893.85
99894.22
99894.15
99894.1
99894.1
99894.1
99894.09
99894.08
99894.07
99894.06
99894.05
99894.04
99894.03
99894.02
99894.01
99894
99894
99893.99
99893.98
99893.97
99893.96
99893.95
99893.94
99893.93
99893.92
99893.91
99893.91
99893.9
99893.89
99893.88
99893.87
99893.86
99893.85
99893.84
99893.83
99893.82
99893.81
99893.81
99893.8
99893.79
99893.78
99893.77
99893.76
99893.75
99893.74
99893.73
99893.72
99893.72
99893.71
99893.7
99893.69
99893.68
99893.67
99893.66
99893.65
99893.64
99893.63
99893.63
99893.62
99893.61
99893.6
99893.59
99893.58
99893.57
99893.56
99893.55
99893.54
99893.53
99893.53
99893.52
99893.51
99893.5
99893.49
99893.48
99893.47
99893.46
99893.45
99893.44
99893.43
99893.43
99893.42
99893.41
99893.4
99893.39
99893.38
99893.37
99893.36
99893.35
99893.34
99893.34
99893.33
99893.32
99893.31
99893.3
99893.29
99823.76
99865.6
99901.72
99897.05
99893.34
99893.85
99894.22
99894.15
99894.1
99894.1
99894.1
99894.09
99894.08
99894.07
99894.06
99894.05
99894.04
99894.03
99894.02
99894.01
99894.01
99894
99893.99
99893.98
99893.97
99893.96
99893.95
99893.94
99893.93
99893.92
99893.91
99893.91
99893.9
99893.89
99893.88
99893.87
99893.86
99893.85
99893.84
99893.83
99893.82
99893.81
99893.81
99893.8
99893.79
99893.78
99893.77
99893.76
99893.75
99893.74
99893.73
99893.72
99893.72
99893.71
99893.7
99893.69
99893.68
99893.67
99893.66
99893.65
99893.64
99893.63
99893.63
99893.62
99893.61
99893.6
99893.59
99893.58
99893.57
99893.56
99893.55
99893.54
99893.53
99893.53
99893.52
99893.51
99893.5
99893.49
99893.48
99893.47
99893.46
99893.45
99893.44
99893.43
99893.42
99893.42
99893.41
99893.4
99893.39
99893.38
99893.37
99893.36
99893.35
99893.34
99893.33
99893.33
99893.32
99893.31
99893.3
99893.29
99823.77
99865.6
99901.72
99897.05
99893.34
99893.85
99894.22
99894.15
99894.11
99894.1
99894.1
99894.09
99894.08
99894.07
99894.06
99894.05
99894.04
99894.03
99894.02
99894.01
99894.01
99894
99893.99
99893.98
99893.97
99893.96
99893.95
99893.94
99893.93
99893.92
99893.91
99893.91
99893.9
99893.89
99893.88
99893.87
99893.86
99893.85
99893.84
99893.83
99893.82
99893.82
99893.81
99893.8
99893.79
99893.78
99893.77
99893.76
99893.75
99893.74
99893.73
99893.72
99893.72
99893.71
99893.7
99893.69
99893.68
99893.67
99893.66
99893.65
99893.64
99893.63
99893.63
99893.62
99893.61
99893.6
99893.59
99893.58
99893.57
99893.56
99893.55
99893.54
99893.53
99893.53
99893.52
99893.51
99893.5
99893.49
99893.48
99893.47
99893.46
99893.45
99893.44
99893.43
99893.42
99893.42
99893.41
99893.4
99893.39
99893.38
99893.37
99893.36
99893.35
99893.34
99893.33
99893.32
99893.32
99893.31
99893.3
99893.29
99823.77
99865.61
99901.72
99897.05
99893.34
99893.85
99894.22
99894.16
99894.11
99894.1
99894.1
99894.09
99894.08
99894.07
99894.06
99894.05
99894.04
99894.03
99894.02
99894.01
99894.01
99894
99893.99
99893.98
99893.97
99893.96
99893.95
99893.94
99893.93
99893.92
99893.91
99893.91
99893.9
99893.89
99893.88
99893.87
99893.86
99893.85
99893.84
99893.83
99893.82
99893.81
99893.81
99893.8
99893.79
99893.78
99893.77
99893.76
99893.75
99893.74
99893.73
99893.72
99893.72
99893.71
99893.7
99893.69
99893.68
99893.67
99893.66
99893.65
99893.64
99893.63
99893.62
99893.62
99893.61
99893.6
99893.59
99893.58
99893.57
99893.56
99893.55
99893.54
99893.53
99893.52
99893.52
99893.51
99893.5
99893.49
99893.48
99893.47
99893.46
99893.45
99893.44
99893.43
99893.42
99893.41
99893.41
99893.4
99893.39
99893.38
99893.37
99893.36
99893.35
99893.34
99893.33
99893.32
99893.31
99893.3
99893.3
99893.29
99823.77
99865.61
99901.73
99897.06
99893.35
99893.85
99894.22
99894.16
99894.11
99894.11
99894.1
99894.09
99894.08
99894.07
99894.06
99894.05
99894.04
99894.03
99894.02
99894.02
99894.01
99894
99893.99
99893.98
99893.97
99893.96
99893.95
99893.94
99893.93
99893.92
99893.92
99893.91
99893.9
99893.89
99893.88
99893.87
99893.86
99893.85
99893.84
99893.83
99893.82
99893.82
99893.81
99893.8
99893.79
99893.78
99893.77
99893.76
99893.75
99893.74
99893.73
99893.72
99893.72
99893.71
99893.7
99893.69
99893.68
99893.67
99893.66
99893.65
99893.64
99893.63
99893.63
99893.62
99893.61
99893.6
99893.59
99893.58
99893.57
99893.56
99893.55
99893.54
99893.53
99893.52
99893.52
99893.51
99893.5
99893.49
99893.48
99893.47
99893.46
99893.45
99893.44
99893.43
99893.42
99893.41
99893.4
99893.4
99893.39
99893.38
99893.37
99893.36
99893.35
99893.34
99893.33
99893.32
99893.31
99893.3
99893.29
99893.29
99823.77
99865.61
99901.73
99897.06
99893.35
99893.85
99894.22
99894.16
99894.11
99894.11
99894.1
99894.09
99894.08
99894.07
99894.06
99894.05
99894.04
99894.03
99894.02
99894.02
99894.01
99894
99893.99
99893.98
99893.97
99893.96
99893.95
99893.94
99893.93
99893.92
99893.91
99893.91
99893.9
99893.89
99893.88
99893.87
99893.86
99893.85
99893.84
99893.83
99893.82
99893.81
99893.81
99893.8
99893.79
99893.78
99893.77
99893.76
99893.75
99893.74
99893.73
99893.72
99893.72
99893.71
99893.7
99893.69
99893.68
99893.67
99893.66
99893.65
99893.64
99893.63
99893.62
99893.62
99893.61
99893.6
99893.59
99893.58
99893.57
99893.56
99893.55
99893.54
99893.53
99893.52
99893.52
99893.51
99893.5
99893.49
99893.48
99893.47
99893.46
99893.45
99893.44
99893.43
99893.42
99893.41
99893.4
99893.39
99893.38
99893.38
99893.37
99893.36
99893.35
99893.34
99893.33
99893.32
99893.31
99893.3
99893.29
99893.28
99823.78
99865.61
99901.73
99897.06
99893.35
99893.86
99894.23
99894.16
99894.11
99894.11
99894.1
99894.09
99894.08
99894.07
99894.06
99894.05
99894.04
99894.04
99894.03
99894.02
99894.01
99894
99893.99
99893.98
99893.97
99893.96
99893.95
99893.94
99893.93
99893.92
99893.92
99893.91
99893.9
99893.89
99893.88
99893.87
99893.86
99893.85
99893.84
99893.83
99893.82
99893.82
99893.81
99893.8
99893.79
99893.78
99893.77
99893.76
99893.75
99893.74
99893.73
99893.72
99893.72
99893.71
99893.7
99893.69
99893.68
99893.67
99893.66
99893.65
99893.64
99893.63
99893.62
99893.62
99893.61
99893.6
99893.59
99893.58
99893.57
99893.56
99893.55
99893.54
99893.53
99893.52
99893.52
99893.51
99893.5
99893.49
99893.48
99893.47
99893.46
99893.45
99893.44
99893.43
99893.42
99893.41
99893.4
99893.39
99893.38
99893.37
99893.36
99893.36
99893.35
99893.34
99893.33
99893.32
99893.31
99893.3
99893.29
99893.28
99823.78
99865.62
99901.73
99897.06
99893.35
99893.86
99894.23
99894.16
99894.11
99894.11
99894.1
99894.09
99894.08
99894.07
99894.06
99894.05
99894.04
99894.03
99894.03
99894.02
99894.01
99894
99893.99
99893.98
99893.97
99893.96
99893.95
99893.94
99893.93
99893.92
99893.92
99893.91
99893.9
99893.89
99893.88
99893.87
99893.86
99893.85
99893.84
99893.83
99893.82
99893.82
99893.81
99893.8
99893.79
99893.78
99893.77
99893.76
99893.75
99893.74
99893.73
99893.72
99893.72
99893.71
99893.7
99893.69
99893.68
99893.67
99893.66
99893.65
99893.64
99893.63
99893.62
99893.62
99893.61
99893.6
99893.59
99893.58
99893.57
99893.56
99893.55
99893.54
99893.53
99893.52
99893.51
99893.51
99893.5
99893.49
99893.48
99893.47
99893.46
99893.45
99893.44
99893.43
99893.42
99893.41
99893.4
99893.39
99893.38
99893.37
99893.36
99893.35
99893.34
99893.33
99893.32
99893.31
99893.31
99893.3
99893.29
99893.28
99823.79
99865.62
99901.74
99897.06
99893.35
99893.86
99894.23
99894.16
99894.11
99894.11
99894.1
99894.09
99894.08
99894.07
99894.06
99894.06
99894.05
99894.04
99894.03
99894.02
99894.01
99894
99893.99
99893.98
99893.97
99893.96
99893.95
99893.94
99893.93
99893.92
99893.92
99893.91
99893.9
99893.89
99893.88
99893.87
99893.86
99893.85
99893.84
99893.83
99893.82
99893.82
99893.81
99893.8
99893.79
99893.78
99893.77
99893.76
99893.75
99893.74
99893.73
99893.72
99893.72
99893.71
99893.7
99893.69
99893.68
99893.67
99893.66
99893.65
99893.64
99893.63
99893.62
99893.62
99893.61
99893.6
99893.59
99893.58
99893.57
99893.56
99893.55
99893.54
99893.53
99893.52
99893.51
99893.51
99893.5
99893.49
99893.48
99893.47
99893.46
99893.45
99893.44
99893.43
99893.42
99893.41
99893.4
99893.39
99893.38
99893.37
99893.36
99893.35
99893.34
99893.33
99893.32
99893.31
99893.3
99893.29
99893.28
99893.27
99823.79
99865.63
99901.74
99897.07
99893.35
99893.86
99894.23
99894.16
99894.11
99894.11
99894.1
99894.09
99894.08
99894.07
99894.06
99894.05
99894.05
99894.04
99894.03
99894.02
99894.01
99894
99893.99
99893.98
99893.97
99893.96
99893.95
99893.94
99893.93
99893.92
99893.92
99893.91
99893.9
99893.89
99893.88
99893.87
99893.86
99893.85
99893.84
99893.83
99893.82
99893.82
99893.81
99893.8
99893.79
99893.78
99893.77
99893.76
99893.75
99893.74
99893.73
99893.72
99893.72
99893.71
99893.7
99893.69
99893.68
99893.67
99893.66
99893.65
99893.64
99893.63
99893.62
99893.62
99893.61
99893.6
99893.59
99893.58
99893.57
99893.56
99893.55
99893.54
99893.53
99893.52
99893.51
99893.51
99893.5
99893.49
99893.48
99893.47
99893.46
99893.45
99893.44
99893.43
99893.42
99893.41
99893.4
99893.39
99893.38
99893.37
99893.36
99893.35
99893.34
99893.33
99893.32
99893.31
99893.3
99893.29
99893.28
99893.27
99823.8
99865.63
99901.74
99897.07
99893.36
99893.86
99894.23
99894.17
99894.12
99894.11
99894.11
99894.1
99894.09
99894.08
99894.07
99894.06
99894.05
99894.04
99894.03
99894.02
99894.01
99894
99893.99
99893.98
99893.97
99893.96
99893.95
99893.94
99893.93
99893.92
99893.92
99893.91
99893.9
99893.89
99893.88
99893.87
99893.86
99893.85
99893.84
99893.83
99893.82
99893.82
99893.81
99893.8
99893.79
99893.78
99893.77
99893.76
99893.75
99893.74
99893.73
99893.72
99893.72
99893.71
99893.7
99893.69
99893.68
99893.67
99893.66
99893.65
99893.64
99893.63
99893.62
99893.62
99893.61
99893.6
99893.59
99893.58
99893.57
99893.56
99893.55
99893.54
99893.53
99893.52
99893.51
99893.51
99893.5
99893.49
99893.48
99893.47
99893.46
99893.45
99893.44
99893.43
99893.42
99893.41
99893.4
99893.39
99893.38
99893.37
99893.36
99893.35
99893.34
99893.33
99893.32
99893.31
99893.3
99893.29
99893.28
99893.27
99823.8
99865.64
99901.74
99897.07
99893.36
99893.86
99894.23
99894.16
99894.12
99894.11
99894.11
99894.09
99894.08
99894.07
99894.07
99894.06
99894.05
99894.04
99894.03
99894.02
99894.01
99894
99893.99
99893.98
99893.97
99893.96
99893.95
99893.94
99893.93
99893.92
99893.92
99893.91
99893.9
99893.89
99893.88
99893.87
99893.86
99893.85
99893.84
99893.83
99893.82
99893.82
99893.81
99893.8
99893.79
99893.78
99893.77
99893.76
99893.75
99893.74
99893.73
99893.72
99893.72
99893.71
99893.7
99893.69
99893.68
99893.67
99893.66
99893.65
99893.64
99893.63
99893.62
99893.62
99893.61
99893.6
99893.59
99893.58
99893.57
99893.56
99893.55
99893.54
99893.53
99893.52
99893.51
99893.51
99893.5
99893.49
99893.48
99893.47
99893.46
99893.45
99893.44
99893.43
99893.42
99893.41
99893.4
99893.39
99893.38
99893.37
99893.36
99893.35
99893.34
99893.33
99893.32
99893.31
99893.29
99893.28
99893.27
99893.26
99823.82
99865.65
99901.75
99897.08
99893.36
99893.87
99894.24
99894.17
99894.12
99894.11
99894.11
99894.1
99894.09
99894.08
99894.07
99894.06
99894.05
99894.04
99894.03
99894.02
99894.01
99894
99893.99
99893.98
99893.97
99893.96
99893.95
99893.94
99893.93
99893.93
99893.92
99893.91
99893.9
99893.89
99893.88
99893.87
99893.86
99893.85
99893.84
99893.83
99893.82
99893.82
99893.81
99893.8
99893.79
99893.78
99893.77
99893.76
99893.75
99893.74
99893.73
99893.72
99893.72
99893.71
99893.7
99893.69
99893.68
99893.67
99893.66
99893.65
99893.64
99893.63
99893.62
99893.62
99893.61
99893.6
99893.59
99893.58
99893.57
99893.56
99893.55
99893.54
99893.53
99893.52
99893.51
99893.51
99893.5
99893.49
99893.48
99893.47
99893.46
99893.45
99893.44
99893.43
99893.42
99893.41
99893.4
99893.39
99893.38
99893.37
99893.36
99893.35
99893.34
99893.33
99893.32
99893.3
99893.29
99893.28
99893.27
99893.25
99823.8
99865.66
99901.75
99897.07
99893.36
99893.87
99894.24
99894.17
99894.12
99894.11
99894.11
99894.1
99894.09
99894.08
99894.07
99894.06
99894.05
99894.04
99894.03
99894.02
99894.01
99894
99893.99
99893.98
99893.97
99893.96
99893.95
99893.94
99893.93
99893.92
99893.92
99893.91
99893.9
99893.89
99893.88
99893.87
99893.86
99893.85
99893.84
99893.83
99893.82
99893.82
99893.81
99893.8
99893.79
99893.78
99893.77
99893.76
99893.75
99893.74
99893.73
99893.72
99893.72
99893.71
99893.7
99893.69
99893.68
99893.67
99893.66
99893.65
99893.64
99893.63
99893.62
99893.62
99893.61
99893.6
99893.59
99893.58
99893.57
99893.56
99893.55
99893.54
99893.53
99893.52
99893.51
99893.51
99893.5
99893.49
99893.48
99893.47
99893.46
99893.45
99893.44
99893.43
99893.42
99893.41
99893.4
99893.39
99893.38
99893.37
99893.36
99893.35
99893.34
99893.33
99893.31
99893.3
99893.29
99893.28
99893.26
99893.25
99823.88
99865.68
99901.74
99897.07
99893.37
99893.87
99894.24
99894.17
99894.12
99894.11
99894.11
99894.1
99894.09
99894.08
99894.07
99894.06
99894.05
99894.04
99894.03
99894.02
99894.01
99894
99893.99
99893.98
99893.97
99893.96
99893.95
99893.94
99893.93
99893.93
99893.92
99893.91
99893.9
99893.89
99893.88
99893.87
99893.86
99893.85
99893.84
99893.83
99893.82
99893.82
99893.81
99893.8
99893.79
99893.78
99893.77
99893.76
99893.75
99893.74
99893.73
99893.72
99893.72
99893.71
99893.7
99893.69
99893.68
99893.67
99893.66
99893.65
99893.64
99893.63
99893.62
99893.62
99893.61
99893.6
99893.59
99893.58
99893.57
99893.56
99893.55
99893.54
99893.53
99893.52
99893.51
99893.51
99893.5
99893.49
99893.48
99893.47
99893.46
99893.45
99893.44
99893.43
99893.42
99893.41
99893.4
99893.39
99893.38
99893.37
99893.36
99893.35
99893.34
99893.33
99893.31
99893.3
99893.29
99893.27
99893.25
99893.23
)
;

boundaryField
{
    bottomAir_bottom
    {
        type            symmetryPlane;
    }
    leftLet
    {
        type            fixedValue;
        value           uniform 100000;
    }
    rightLet
    {
        type            fixedFluxPressure;
        gradient        nonuniform List<scalar> 
40
(
-0.8090534
-0.8084462
-0.8086641
-0.8086776
-0.8087992
-0.8088856
-0.8090497
-0.8091926
-0.809417
-0.8096226
-0.8099176
-0.8102005
-0.8105791
-0.8109622
-0.8114437
-0.8119595
-0.8125736
-0.8132692
-0.8140625
-0.8150063
-0.8160542
-0.8173502
-0.8187767
-0.8205905
-0.8226074
-0.8252197
-0.8282034
-0.832128
-0.8367898
-0.8430564
-0.8508519
-0.8617818
-0.8760292
-0.8977562
-0.927193
-0.9799718
-1.052037
-1.227067
-1.435764
-2.352068
)
;
        value           nonuniform List<scalar> 
40
(
99893.3
99893.3
99893.3
99893.3
99893.3
99893.3
99893.3
99893.3
99893.3
99893.3
99893.3
99893.3
99893.3
99893.3
99893.3
99893.3
99893.3
99893.3
99893.3
99893.3
99893.3
99893.29
99893.29
99893.29
99893.29
99893.29
99893.29
99893.29
99893.28
99893.28
99893.28
99893.28
99893.27
99893.27
99893.27
99893.26
99893.26
99893.25
99893.24
99893.22
)
;
    }
    frontAndBack
    {
        type            empty;
    }
    bottomAir_to_wall
    {
        type            fixedFluxPressure;
        gradient        uniform 0;
        value           nonuniform List<scalar> 
100
(
99823.88
99865.68
99901.74
99897.07
99893.37
99893.87
99894.24
99894.17
99894.12
99894.11
99894.11
99894.1
99894.09
99894.08
99894.07
99894.06
99894.05
99894.04
99894.03
99894.02
99894.01
99894
99893.99
99893.98
99893.97
99893.96
99893.95
99893.94
99893.93
99893.93
99893.92
99893.91
99893.9
99893.89
99893.88
99893.87
99893.86
99893.85
99893.84
99893.83
99893.82
99893.82
99893.81
99893.8
99893.79
99893.78
99893.77
99893.76
99893.75
99893.74
99893.73
99893.72
99893.72
99893.71
99893.7
99893.69
99893.68
99893.67
99893.66
99893.65
99893.64
99893.63
99893.62
99893.62
99893.61
99893.6
99893.59
99893.58
99893.57
99893.56
99893.55
99893.54
99893.53
99893.52
99893.51
99893.51
99893.5
99893.49
99893.48
99893.47
99893.46
99893.45
99893.44
99893.43
99893.42
99893.41
99893.4
99893.39
99893.38
99893.37
99893.36
99893.35
99893.34
99893.33
99893.31
99893.3
99893.29
99893.27
99893.25
99893.23
)
;
    }
}


// ************************************************************************* //
