/*--------------------------------*- C++ -*----------------------------------*\
| =========                 |                                                 |
| \\      /  F ield         | OpenFOAM: The Open Source CFD Toolbox           |
|  \\    /   O peration     | Version:  2.3.0                                 |
|   \\  /    A nd           | Web:      www.OpenFOAM.org                      |
|    \\/     M anipulation  |                                                 |
\*---------------------------------------------------------------------------*/
FoamFile
{
    version     2.0;
    format      ascii;
    class       volScalarField;
    location    "9700/bottomAir";
    object      p;
}
// * * * * * * * * * * * * * * * * * * * * * * * * * * * * * * * * * * * * * //

dimensions      [1 -1 -2 0 0 0 0];

internalField   nonuniform List<scalar> 
4000
(
99827.14
99868.25
99903.65
99899.06
99895.42
99895.92
99896.28
99896.22
99896.17
99896.17
99896.16
99896.15
99896.14
99896.13
99896.12
99896.11
99896.1
99896.1
99896.09
99896.08
99896.07
99896.06
99896.05
99896.04
99896.03
99896.02
99896.01
99896
99895.99
99895.98
99895.97
99895.96
99895.95
99895.95
99895.94
99895.93
99895.92
99895.91
99895.9
99895.89
99895.88
99895.87
99895.86
99895.85
99895.84
99895.83
99895.82
99895.81
99895.8
99895.79
99895.78
99895.77
99895.76
99895.75
99895.74
99895.74
99895.73
99895.72
99895.71
99895.7
99895.69
99895.68
99895.67
99895.66
99895.65
99895.64
99895.63
99895.62
99895.61
99895.6
99895.59
99895.58
99895.57
99895.56
99895.55
99895.55
99895.54
99895.53
99895.52
99895.51
99895.5
99895.49
99895.48
99895.47
99895.46
99895.45
99895.44
99895.43
99895.42
99895.42
99895.41
99895.4
99895.39
99895.38
99895.37
99895.36
99895.35
99895.34
99895.34
99895.33
99827.18
99868.23
99903.64
99899.06
99895.42
99895.92
99896.28
99896.22
99896.17
99896.17
99896.16
99896.15
99896.14
99896.13
99896.12
99896.11
99896.1
99896.1
99896.09
99896.08
99896.07
99896.06
99896.05
99896.04
99896.03
99896.02
99896.01
99896
99895.99
99895.98
99895.97
99895.96
99895.95
99895.95
99895.94
99895.93
99895.92
99895.91
99895.9
99895.89
99895.88
99895.87
99895.86
99895.85
99895.84
99895.83
99895.82
99895.81
99895.8
99895.79
99895.78
99895.77
99895.76
99895.75
99895.74
99895.74
99895.73
99895.72
99895.71
99895.7
99895.69
99895.68
99895.67
99895.66
99895.65
99895.64
99895.63
99895.62
99895.61
99895.6
99895.59
99895.58
99895.57
99895.56
99895.55
99895.55
99895.54
99895.53
99895.52
99895.51
99895.5
99895.49
99895.48
99895.47
99895.46
99895.45
99895.44
99895.43
99895.42
99895.42
99895.41
99895.4
99895.39
99895.38
99895.37
99895.36
99895.35
99895.34
99895.34
99895.33
99827.19
99868.23
99903.64
99899.06
99895.42
99895.92
99896.28
99896.22
99896.17
99896.17
99896.16
99896.15
99896.14
99896.13
99896.12
99896.11
99896.1
99896.1
99896.09
99896.08
99896.07
99896.06
99896.05
99896.04
99896.03
99896.02
99896.01
99896
99895.99
99895.98
99895.97
99895.96
99895.95
99895.95
99895.94
99895.93
99895.92
99895.91
99895.9
99895.89
99895.88
99895.87
99895.86
99895.85
99895.84
99895.83
99895.82
99895.81
99895.8
99895.79
99895.78
99895.77
99895.76
99895.75
99895.74
99895.74
99895.73
99895.72
99895.71
99895.7
99895.69
99895.68
99895.67
99895.66
99895.65
99895.64
99895.63
99895.62
99895.61
99895.6
99895.59
99895.58
99895.57
99895.56
99895.55
99895.54
99895.54
99895.53
99895.52
99895.51
99895.5
99895.49
99895.48
99895.47
99895.46
99895.45
99895.44
99895.43
99895.42
99895.42
99895.41
99895.4
99895.39
99895.38
99895.37
99895.36
99895.35
99895.34
99895.33
99895.33
99827.19
99868.23
99903.64
99899.06
99895.42
99895.92
99896.28
99896.22
99896.17
99896.17
99896.16
99896.15
99896.14
99896.13
99896.12
99896.11
99896.1
99896.1
99896.09
99896.08
99896.07
99896.06
99896.05
99896.04
99896.03
99896.02
99896.01
99896
99895.99
99895.98
99895.97
99895.96
99895.95
99895.95
99895.94
99895.93
99895.92
99895.91
99895.9
99895.89
99895.88
99895.87
99895.86
99895.85
99895.84
99895.83
99895.82
99895.81
99895.8
99895.79
99895.78
99895.77
99895.76
99895.75
99895.74
99895.74
99895.73
99895.72
99895.71
99895.7
99895.69
99895.68
99895.67
99895.66
99895.65
99895.64
99895.63
99895.62
99895.61
99895.6
99895.59
99895.58
99895.57
99895.56
99895.55
99895.54
99895.54
99895.53
99895.52
99895.51
99895.5
99895.49
99895.48
99895.47
99895.46
99895.45
99895.44
99895.43
99895.42
99895.42
99895.41
99895.4
99895.39
99895.38
99895.37
99895.36
99895.35
99895.34
99895.33
99895.33
99827.2
99868.22
99903.64
99899.06
99895.42
99895.92
99896.28
99896.22
99896.17
99896.17
99896.16
99896.15
99896.14
99896.13
99896.12
99896.11
99896.11
99896.1
99896.09
99896.08
99896.07
99896.06
99896.05
99896.04
99896.03
99896.02
99896.01
99896
99895.99
99895.98
99895.97
99895.96
99895.95
99895.95
99895.94
99895.93
99895.92
99895.91
99895.9
99895.89
99895.88
99895.87
99895.86
99895.85
99895.84
99895.83
99895.82
99895.81
99895.8
99895.79
99895.78
99895.77
99895.76
99895.75
99895.74
99895.74
99895.73
99895.72
99895.71
99895.7
99895.69
99895.68
99895.67
99895.66
99895.65
99895.64
99895.63
99895.62
99895.61
99895.6
99895.59
99895.58
99895.57
99895.56
99895.55
99895.54
99895.54
99895.53
99895.52
99895.51
99895.5
99895.49
99895.48
99895.47
99895.46
99895.45
99895.44
99895.43
99895.42
99895.42
99895.41
99895.4
99895.39
99895.38
99895.37
99895.36
99895.35
99895.34
99895.33
99895.33
99827.2
99868.22
99903.64
99899.06
99895.42
99895.92
99896.28
99896.22
99896.17
99896.17
99896.16
99896.15
99896.14
99896.13
99896.12
99896.11
99896.11
99896.1
99896.09
99896.08
99896.07
99896.06
99896.05
99896.04
99896.03
99896.02
99896.01
99896
99895.99
99895.98
99895.97
99895.96
99895.95
99895.95
99895.94
99895.93
99895.92
99895.91
99895.9
99895.89
99895.88
99895.87
99895.86
99895.85
99895.84
99895.83
99895.82
99895.81
99895.8
99895.79
99895.78
99895.77
99895.76
99895.75
99895.74
99895.74
99895.73
99895.72
99895.71
99895.7
99895.69
99895.68
99895.67
99895.66
99895.65
99895.64
99895.63
99895.62
99895.61
99895.6
99895.59
99895.58
99895.57
99895.56
99895.55
99895.54
99895.54
99895.53
99895.52
99895.51
99895.5
99895.49
99895.48
99895.47
99895.46
99895.45
99895.44
99895.43
99895.42
99895.41
99895.41
99895.4
99895.39
99895.38
99895.37
99895.36
99895.35
99895.34
99895.33
99895.33
99827.2
99868.22
99903.64
99899.06
99895.42
99895.92
99896.28
99896.22
99896.17
99896.17
99896.16
99896.15
99896.14
99896.13
99896.12
99896.11
99896.11
99896.1
99896.09
99896.08
99896.07
99896.06
99896.05
99896.04
99896.03
99896.02
99896.01
99896
99895.99
99895.98
99895.97
99895.96
99895.95
99895.95
99895.94
99895.93
99895.92
99895.91
99895.9
99895.89
99895.88
99895.87
99895.86
99895.85
99895.84
99895.83
99895.82
99895.81
99895.8
99895.79
99895.78
99895.77
99895.76
99895.75
99895.74
99895.74
99895.73
99895.72
99895.71
99895.7
99895.69
99895.68
99895.67
99895.66
99895.65
99895.64
99895.63
99895.62
99895.61
99895.6
99895.59
99895.58
99895.57
99895.56
99895.55
99895.54
99895.54
99895.53
99895.52
99895.51
99895.5
99895.49
99895.48
99895.47
99895.46
99895.45
99895.44
99895.43
99895.42
99895.41
99895.41
99895.4
99895.39
99895.38
99895.37
99895.36
99895.35
99895.34
99895.33
99895.33
99827.2
99868.23
99903.64
99899.06
99895.42
99895.92
99896.28
99896.22
99896.17
99896.17
99896.16
99896.15
99896.14
99896.13
99896.12
99896.11
99896.11
99896.1
99896.09
99896.08
99896.07
99896.06
99896.05
99896.04
99896.03
99896.02
99896.01
99896
99895.99
99895.98
99895.97
99895.96
99895.95
99895.95
99895.94
99895.93
99895.92
99895.91
99895.9
99895.89
99895.88
99895.87
99895.86
99895.85
99895.84
99895.83
99895.82
99895.81
99895.8
99895.79
99895.78
99895.77
99895.76
99895.75
99895.74
99895.74
99895.73
99895.72
99895.71
99895.7
99895.69
99895.68
99895.67
99895.66
99895.65
99895.64
99895.63
99895.62
99895.61
99895.6
99895.59
99895.58
99895.57
99895.56
99895.55
99895.54
99895.54
99895.53
99895.52
99895.51
99895.5
99895.49
99895.48
99895.47
99895.46
99895.45
99895.44
99895.43
99895.42
99895.41
99895.41
99895.4
99895.39
99895.38
99895.37
99895.36
99895.35
99895.34
99895.33
99895.33
99827.2
99868.23
99903.64
99899.06
99895.42
99895.92
99896.28
99896.22
99896.17
99896.17
99896.16
99896.15
99896.14
99896.13
99896.12
99896.11
99896.11
99896.1
99896.09
99896.08
99896.07
99896.06
99896.05
99896.04
99896.03
99896.02
99896.01
99896
99895.99
99895.98
99895.97
99895.96
99895.96
99895.95
99895.94
99895.93
99895.92
99895.91
99895.9
99895.89
99895.88
99895.87
99895.86
99895.85
99895.84
99895.83
99895.82
99895.81
99895.8
99895.79
99895.78
99895.77
99895.76
99895.75
99895.74
99895.74
99895.73
99895.72
99895.71
99895.7
99895.69
99895.68
99895.67
99895.66
99895.65
99895.64
99895.63
99895.62
99895.61
99895.6
99895.59
99895.58
99895.57
99895.56
99895.55
99895.54
99895.54
99895.53
99895.52
99895.51
99895.5
99895.49
99895.48
99895.47
99895.46
99895.45
99895.44
99895.43
99895.42
99895.41
99895.41
99895.4
99895.39
99895.38
99895.37
99895.36
99895.35
99895.34
99895.33
99895.32
99827.21
99868.23
99903.64
99899.06
99895.42
99895.92
99896.28
99896.22
99896.17
99896.17
99896.16
99896.15
99896.14
99896.13
99896.12
99896.12
99896.11
99896.1
99896.09
99896.08
99896.07
99896.06
99896.05
99896.04
99896.03
99896.02
99896.01
99896
99895.99
99895.98
99895.97
99895.96
99895.96
99895.95
99895.94
99895.93
99895.92
99895.91
99895.9
99895.89
99895.88
99895.87
99895.86
99895.85
99895.84
99895.83
99895.82
99895.81
99895.8
99895.79
99895.78
99895.77
99895.76
99895.75
99895.74
99895.74
99895.73
99895.72
99895.71
99895.7
99895.69
99895.68
99895.67
99895.66
99895.65
99895.64
99895.63
99895.62
99895.61
99895.6
99895.59
99895.58
99895.57
99895.56
99895.55
99895.54
99895.53
99895.53
99895.52
99895.51
99895.5
99895.49
99895.48
99895.47
99895.46
99895.45
99895.44
99895.43
99895.42
99895.41
99895.4
99895.4
99895.39
99895.38
99895.37
99895.36
99895.35
99895.34
99895.33
99895.32
99827.21
99868.23
99903.64
99899.06
99895.42
99895.92
99896.28
99896.22
99896.17
99896.17
99896.16
99896.15
99896.14
99896.13
99896.12
99896.12
99896.11
99896.1
99896.09
99896.08
99896.07
99896.06
99896.05
99896.04
99896.03
99896.02
99896.01
99896
99895.99
99895.98
99895.97
99895.96
99895.96
99895.95
99895.94
99895.93
99895.92
99895.91
99895.9
99895.89
99895.88
99895.87
99895.86
99895.85
99895.84
99895.83
99895.82
99895.81
99895.8
99895.79
99895.78
99895.77
99895.76
99895.75
99895.74
99895.74
99895.73
99895.72
99895.71
99895.7
99895.69
99895.68
99895.67
99895.66
99895.65
99895.64
99895.63
99895.62
99895.61
99895.6
99895.59
99895.58
99895.57
99895.56
99895.55
99895.54
99895.53
99895.53
99895.52
99895.51
99895.5
99895.49
99895.48
99895.47
99895.46
99895.45
99895.44
99895.43
99895.42
99895.41
99895.4
99895.4
99895.39
99895.38
99895.37
99895.36
99895.35
99895.34
99895.33
99895.32
99827.21
99868.23
99903.64
99899.06
99895.42
99895.92
99896.28
99896.22
99896.17
99896.17
99896.16
99896.15
99896.14
99896.13
99896.12
99896.12
99896.11
99896.1
99896.09
99896.08
99896.07
99896.06
99896.05
99896.04
99896.03
99896.02
99896.01
99896
99895.99
99895.98
99895.97
99895.96
99895.96
99895.95
99895.94
99895.93
99895.92
99895.91
99895.9
99895.89
99895.88
99895.87
99895.86
99895.85
99895.84
99895.83
99895.82
99895.81
99895.8
99895.79
99895.78
99895.77
99895.76
99895.75
99895.74
99895.74
99895.73
99895.72
99895.71
99895.7
99895.69
99895.68
99895.67
99895.66
99895.65
99895.64
99895.63
99895.62
99895.61
99895.6
99895.59
99895.58
99895.57
99895.56
99895.55
99895.54
99895.53
99895.53
99895.52
99895.51
99895.5
99895.49
99895.48
99895.47
99895.46
99895.45
99895.44
99895.43
99895.42
99895.41
99895.4
99895.4
99895.39
99895.38
99895.37
99895.36
99895.35
99895.34
99895.33
99895.32
99827.21
99868.23
99903.64
99899.06
99895.42
99895.92
99896.28
99896.22
99896.17
99896.17
99896.16
99896.15
99896.14
99896.13
99896.13
99896.12
99896.11
99896.1
99896.09
99896.08
99896.07
99896.06
99896.05
99896.04
99896.03
99896.02
99896.01
99896
99895.99
99895.98
99895.97
99895.96
99895.96
99895.95
99895.94
99895.93
99895.92
99895.91
99895.9
99895.89
99895.88
99895.87
99895.86
99895.85
99895.84
99895.83
99895.82
99895.81
99895.8
99895.79
99895.78
99895.77
99895.76
99895.75
99895.74
99895.73
99895.73
99895.72
99895.71
99895.7
99895.69
99895.68
99895.67
99895.66
99895.65
99895.64
99895.63
99895.62
99895.61
99895.6
99895.59
99895.58
99895.57
99895.56
99895.55
99895.54
99895.53
99895.52
99895.52
99895.51
99895.5
99895.49
99895.48
99895.47
99895.46
99895.45
99895.44
99895.43
99895.42
99895.41
99895.4
99895.39
99895.39
99895.38
99895.37
99895.36
99895.35
99895.34
99895.33
99895.32
99827.21
99868.23
99903.64
99899.06
99895.42
99895.92
99896.28
99896.22
99896.17
99896.17
99896.16
99896.15
99896.14
99896.13
99896.13
99896.12
99896.11
99896.1
99896.09
99896.08
99896.07
99896.06
99896.05
99896.04
99896.03
99896.02
99896.01
99896
99895.99
99895.98
99895.97
99895.97
99895.96
99895.95
99895.94
99895.93
99895.92
99895.91
99895.9
99895.89
99895.88
99895.87
99895.86
99895.85
99895.84
99895.83
99895.82
99895.81
99895.8
99895.79
99895.78
99895.77
99895.76
99895.75
99895.74
99895.74
99895.73
99895.72
99895.71
99895.7
99895.69
99895.68
99895.67
99895.66
99895.65
99895.64
99895.63
99895.62
99895.61
99895.6
99895.59
99895.58
99895.57
99895.56
99895.55
99895.54
99895.53
99895.52
99895.52
99895.51
99895.5
99895.49
99895.48
99895.47
99895.46
99895.45
99895.44
99895.43
99895.42
99895.41
99895.4
99895.39
99895.39
99895.38
99895.37
99895.36
99895.35
99895.34
99895.33
99895.32
99827.21
99868.23
99903.64
99899.06
99895.42
99895.92
99896.28
99896.22
99896.17
99896.17
99896.16
99896.15
99896.14
99896.14
99896.13
99896.12
99896.11
99896.1
99896.09
99896.08
99896.07
99896.06
99896.05
99896.04
99896.03
99896.02
99896.01
99896
99895.99
99895.98
99895.97
99895.97
99895.96
99895.95
99895.94
99895.93
99895.92
99895.91
99895.9
99895.89
99895.88
99895.87
99895.86
99895.85
99895.84
99895.83
99895.82
99895.81
99895.8
99895.79
99895.78
99895.77
99895.76
99895.75
99895.74
99895.73
99895.73
99895.72
99895.71
99895.7
99895.69
99895.68
99895.67
99895.66
99895.65
99895.64
99895.63
99895.62
99895.61
99895.6
99895.59
99895.58
99895.57
99895.56
99895.55
99895.54
99895.53
99895.52
99895.51
99895.51
99895.5
99895.49
99895.48
99895.47
99895.46
99895.45
99895.44
99895.43
99895.42
99895.41
99895.4
99895.39
99895.38
99895.38
99895.37
99895.36
99895.35
99895.34
99895.33
99895.32
99827.21
99868.23
99903.64
99899.06
99895.42
99895.92
99896.28
99896.22
99896.17
99896.17
99896.16
99896.15
99896.14
99896.14
99896.13
99896.12
99896.11
99896.1
99896.09
99896.08
99896.07
99896.06
99896.05
99896.04
99896.03
99896.02
99896.01
99896
99895.99
99895.98
99895.97
99895.97
99895.96
99895.95
99895.94
99895.93
99895.92
99895.91
99895.9
99895.89
99895.88
99895.87
99895.86
99895.85
99895.84
99895.83
99895.82
99895.81
99895.8
99895.79
99895.78
99895.77
99895.76
99895.75
99895.74
99895.73
99895.73
99895.72
99895.71
99895.7
99895.69
99895.68
99895.67
99895.66
99895.65
99895.64
99895.63
99895.62
99895.61
99895.6
99895.59
99895.58
99895.57
99895.56
99895.55
99895.54
99895.53
99895.52
99895.51
99895.51
99895.5
99895.49
99895.48
99895.47
99895.46
99895.45
99895.44
99895.43
99895.42
99895.41
99895.4
99895.39
99895.38
99895.37
99895.37
99895.36
99895.35
99895.34
99895.33
99895.32
99827.21
99868.23
99903.64
99899.06
99895.43
99895.92
99896.29
99896.22
99896.17
99896.17
99896.16
99896.15
99896.15
99896.14
99896.13
99896.12
99896.11
99896.1
99896.09
99896.08
99896.07
99896.06
99896.05
99896.04
99896.03
99896.02
99896.01
99896
99895.99
99895.98
99895.97
99895.97
99895.96
99895.95
99895.94
99895.93
99895.92
99895.91
99895.9
99895.89
99895.88
99895.87
99895.86
99895.85
99895.84
99895.83
99895.82
99895.81
99895.8
99895.79
99895.78
99895.77
99895.76
99895.75
99895.74
99895.73
99895.73
99895.72
99895.71
99895.7
99895.69
99895.68
99895.67
99895.66
99895.65
99895.64
99895.63
99895.62
99895.61
99895.6
99895.59
99895.58
99895.57
99895.56
99895.55
99895.54
99895.53
99895.52
99895.51
99895.5
99895.5
99895.49
99895.48
99895.47
99895.46
99895.45
99895.44
99895.43
99895.42
99895.41
99895.4
99895.39
99895.38
99895.37
99895.37
99895.36
99895.35
99895.34
99895.33
99895.32
99827.21
99868.23
99903.64
99899.06
99895.43
99895.92
99896.29
99896.22
99896.17
99896.17
99896.17
99896.16
99896.15
99896.14
99896.13
99896.12
99896.11
99896.1
99896.09
99896.08
99896.07
99896.06
99896.05
99896.04
99896.03
99896.02
99896.01
99896
99895.99
99895.98
99895.98
99895.97
99895.96
99895.95
99895.94
99895.93
99895.92
99895.91
99895.9
99895.89
99895.88
99895.87
99895.86
99895.85
99895.84
99895.83
99895.82
99895.81
99895.8
99895.79
99895.78
99895.77
99895.76
99895.75
99895.74
99895.73
99895.73
99895.72
99895.71
99895.7
99895.69
99895.68
99895.67
99895.66
99895.65
99895.64
99895.63
99895.62
99895.61
99895.6
99895.59
99895.58
99895.57
99895.56
99895.55
99895.54
99895.53
99895.52
99895.51
99895.5
99895.5
99895.49
99895.48
99895.47
99895.46
99895.45
99895.44
99895.43
99895.42
99895.41
99895.4
99895.39
99895.38
99895.37
99895.36
99895.36
99895.35
99895.34
99895.33
99895.32
99827.21
99868.23
99903.64
99899.06
99895.43
99895.92
99896.29
99896.22
99896.17
99896.17
99896.17
99896.16
99896.15
99896.14
99896.13
99896.12
99896.11
99896.1
99896.09
99896.08
99896.07
99896.06
99896.05
99896.04
99896.03
99896.02
99896.01
99896
99895.99
99895.98
99895.98
99895.97
99895.96
99895.95
99895.94
99895.93
99895.92
99895.91
99895.9
99895.89
99895.88
99895.87
99895.86
99895.85
99895.84
99895.83
99895.82
99895.81
99895.8
99895.79
99895.78
99895.77
99895.76
99895.75
99895.74
99895.73
99895.73
99895.72
99895.71
99895.7
99895.69
99895.68
99895.67
99895.66
99895.65
99895.64
99895.63
99895.62
99895.61
99895.6
99895.59
99895.58
99895.57
99895.56
99895.55
99895.54
99895.53
99895.52
99895.51
99895.5
99895.49
99895.49
99895.48
99895.47
99895.46
99895.45
99895.44
99895.43
99895.42
99895.41
99895.4
99895.39
99895.38
99895.37
99895.36
99895.35
99895.35
99895.34
99895.33
99895.32
99827.22
99868.23
99903.64
99899.07
99895.43
99895.92
99896.29
99896.22
99896.18
99896.17
99896.17
99896.16
99896.15
99896.14
99896.13
99896.12
99896.11
99896.1
99896.09
99896.08
99896.07
99896.06
99896.05
99896.04
99896.03
99896.02
99896.01
99896
99895.99
99895.99
99895.98
99895.97
99895.96
99895.95
99895.94
99895.93
99895.92
99895.91
99895.9
99895.89
99895.88
99895.87
99895.86
99895.85
99895.84
99895.83
99895.82
99895.81
99895.8
99895.79
99895.78
99895.77
99895.76
99895.75
99895.74
99895.73
99895.73
99895.72
99895.71
99895.7
99895.69
99895.68
99895.67
99895.66
99895.65
99895.64
99895.63
99895.62
99895.61
99895.6
99895.59
99895.58
99895.57
99895.56
99895.55
99895.54
99895.53
99895.52
99895.51
99895.5
99895.49
99895.48
99895.48
99895.47
99895.46
99895.45
99895.44
99895.43
99895.42
99895.41
99895.4
99895.39
99895.38
99895.37
99895.36
99895.35
99895.34
99895.34
99895.33
99895.32
99827.22
99868.24
99903.65
99899.07
99895.43
99895.93
99896.29
99896.22
99896.18
99896.17
99896.17
99896.16
99896.15
99896.14
99896.13
99896.12
99896.11
99896.1
99896.09
99896.08
99896.07
99896.06
99896.05
99896.04
99896.03
99896.02
99896.01
99896
99895.99
99895.99
99895.98
99895.97
99895.96
99895.95
99895.94
99895.93
99895.92
99895.91
99895.9
99895.89
99895.88
99895.87
99895.86
99895.85
99895.84
99895.83
99895.82
99895.81
99895.8
99895.79
99895.78
99895.77
99895.76
99895.75
99895.74
99895.73
99895.73
99895.72
99895.71
99895.7
99895.69
99895.68
99895.67
99895.66
99895.65
99895.64
99895.63
99895.62
99895.61
99895.6
99895.59
99895.58
99895.57
99895.56
99895.55
99895.54
99895.53
99895.52
99895.51
99895.5
99895.49
99895.48
99895.47
99895.47
99895.46
99895.45
99895.44
99895.43
99895.42
99895.41
99895.4
99895.39
99895.38
99895.37
99895.36
99895.35
99895.34
99895.33
99895.33
99895.32
99827.22
99868.24
99903.65
99899.07
99895.43
99895.93
99896.29
99896.22
99896.18
99896.17
99896.17
99896.16
99896.15
99896.14
99896.13
99896.12
99896.11
99896.1
99896.09
99896.08
99896.07
99896.06
99896.05
99896.04
99896.03
99896.02
99896.01
99896
99896
99895.99
99895.98
99895.97
99895.96
99895.95
99895.94
99895.93
99895.92
99895.91
99895.9
99895.89
99895.88
99895.87
99895.86
99895.85
99895.84
99895.83
99895.82
99895.81
99895.8
99895.79
99895.78
99895.77
99895.76
99895.75
99895.74
99895.73
99895.73
99895.72
99895.71
99895.7
99895.69
99895.68
99895.67
99895.66
99895.65
99895.64
99895.63
99895.62
99895.61
99895.6
99895.59
99895.58
99895.57
99895.56
99895.55
99895.54
99895.53
99895.52
99895.51
99895.5
99895.49
99895.48
99895.47
99895.46
99895.46
99895.45
99895.44
99895.43
99895.42
99895.41
99895.4
99895.39
99895.38
99895.37
99895.36
99895.35
99895.34
99895.33
99895.33
99895.32
99827.22
99868.24
99903.65
99899.07
99895.43
99895.93
99896.29
99896.22
99896.18
99896.17
99896.17
99896.16
99896.15
99896.14
99896.13
99896.12
99896.11
99896.1
99896.09
99896.08
99896.07
99896.06
99896.05
99896.04
99896.03
99896.02
99896.01
99896
99896
99895.99
99895.98
99895.97
99895.96
99895.95
99895.94
99895.93
99895.92
99895.91
99895.9
99895.89
99895.88
99895.87
99895.86
99895.85
99895.84
99895.83
99895.82
99895.81
99895.8
99895.79
99895.78
99895.77
99895.76
99895.75
99895.74
99895.73
99895.73
99895.72
99895.71
99895.7
99895.69
99895.68
99895.67
99895.66
99895.65
99895.64
99895.63
99895.62
99895.61
99895.6
99895.59
99895.58
99895.57
99895.56
99895.55
99895.54
99895.53
99895.52
99895.51
99895.5
99895.49
99895.48
99895.47
99895.46
99895.45
99895.45
99895.44
99895.43
99895.42
99895.41
99895.4
99895.39
99895.38
99895.37
99895.36
99895.35
99895.34
99895.33
99895.32
99895.32
99827.22
99868.24
99903.65
99899.07
99895.43
99895.93
99896.29
99896.23
99896.18
99896.18
99896.17
99896.16
99896.15
99896.14
99896.13
99896.12
99896.11
99896.1
99896.09
99896.08
99896.07
99896.06
99896.05
99896.04
99896.03
99896.02
99896.01
99896.01
99896
99895.99
99895.98
99895.97
99895.96
99895.95
99895.94
99895.93
99895.92
99895.91
99895.9
99895.89
99895.88
99895.87
99895.86
99895.85
99895.84
99895.83
99895.82
99895.81
99895.8
99895.79
99895.78
99895.77
99895.76
99895.75
99895.74
99895.73
99895.73
99895.72
99895.71
99895.7
99895.69
99895.68
99895.67
99895.66
99895.65
99895.64
99895.63
99895.62
99895.61
99895.6
99895.59
99895.58
99895.57
99895.56
99895.55
99895.54
99895.53
99895.52
99895.51
99895.5
99895.49
99895.48
99895.47
99895.46
99895.45
99895.44
99895.44
99895.43
99895.42
99895.41
99895.4
99895.39
99895.38
99895.37
99895.36
99895.35
99895.34
99895.33
99895.32
99895.31
99827.22
99868.24
99903.65
99899.07
99895.43
99895.93
99896.29
99896.23
99896.18
99896.18
99896.17
99896.16
99896.15
99896.14
99896.13
99896.12
99896.11
99896.1
99896.09
99896.08
99896.07
99896.06
99896.05
99896.04
99896.03
99896.02
99896.01
99896.01
99896
99895.99
99895.98
99895.97
99895.96
99895.95
99895.94
99895.93
99895.92
99895.91
99895.9
99895.89
99895.88
99895.87
99895.86
99895.85
99895.84
99895.83
99895.82
99895.81
99895.8
99895.79
99895.78
99895.77
99895.76
99895.75
99895.74
99895.73
99895.72
99895.72
99895.71
99895.7
99895.69
99895.68
99895.67
99895.66
99895.65
99895.64
99895.63
99895.62
99895.61
99895.6
99895.59
99895.58
99895.57
99895.56
99895.55
99895.54
99895.53
99895.52
99895.51
99895.5
99895.49
99895.48
99895.47
99895.46
99895.45
99895.44
99895.43
99895.42
99895.41
99895.41
99895.4
99895.39
99895.38
99895.37
99895.36
99895.35
99895.34
99895.33
99895.32
99895.31
99827.23
99868.24
99903.65
99899.07
99895.43
99895.93
99896.29
99896.23
99896.18
99896.18
99896.17
99896.16
99896.15
99896.14
99896.13
99896.12
99896.11
99896.1
99896.09
99896.08
99896.07
99896.06
99896.05
99896.04
99896.03
99896.02
99896.02
99896.01
99896
99895.99
99895.98
99895.97
99895.96
99895.95
99895.94
99895.93
99895.92
99895.91
99895.9
99895.89
99895.88
99895.87
99895.86
99895.85
99895.84
99895.83
99895.82
99895.81
99895.8
99895.79
99895.78
99895.77
99895.76
99895.75
99895.74
99895.73
99895.73
99895.72
99895.71
99895.7
99895.69
99895.68
99895.67
99895.66
99895.65
99895.64
99895.63
99895.62
99895.61
99895.6
99895.59
99895.58
99895.57
99895.56
99895.55
99895.54
99895.53
99895.52
99895.51
99895.5
99895.49
99895.48
99895.47
99895.46
99895.45
99895.44
99895.43
99895.42
99895.41
99895.4
99895.39
99895.39
99895.38
99895.37
99895.36
99895.35
99895.34
99895.33
99895.32
99895.31
99827.23
99868.25
99903.65
99899.07
99895.44
99895.93
99896.29
99896.23
99896.18
99896.18
99896.17
99896.16
99896.15
99896.14
99896.13
99896.12
99896.11
99896.1
99896.09
99896.08
99896.07
99896.06
99896.05
99896.04
99896.03
99896.03
99896.02
99896.01
99896
99895.99
99895.98
99895.97
99895.96
99895.95
99895.94
99895.93
99895.92
99895.91
99895.9
99895.89
99895.88
99895.87
99895.86
99895.85
99895.84
99895.83
99895.82
99895.81
99895.8
99895.79
99895.78
99895.77
99895.76
99895.75
99895.74
99895.73
99895.72
99895.72
99895.71
99895.7
99895.69
99895.68
99895.67
99895.66
99895.65
99895.64
99895.63
99895.62
99895.61
99895.6
99895.59
99895.58
99895.57
99895.56
99895.55
99895.54
99895.53
99895.52
99895.51
99895.5
99895.49
99895.48
99895.47
99895.46
99895.45
99895.44
99895.43
99895.42
99895.41
99895.4
99895.39
99895.38
99895.37
99895.36
99895.36
99895.35
99895.34
99895.33
99895.32
99895.31
99827.23
99868.25
99903.65
99899.07
99895.44
99895.93
99896.3
99896.23
99896.18
99896.18
99896.17
99896.16
99896.15
99896.14
99896.13
99896.12
99896.11
99896.1
99896.09
99896.08
99896.07
99896.06
99896.05
99896.05
99896.04
99896.03
99896.02
99896.01
99896
99895.99
99895.98
99895.97
99895.96
99895.95
99895.94
99895.93
99895.92
99895.91
99895.9
99895.89
99895.88
99895.87
99895.86
99895.85
99895.84
99895.83
99895.82
99895.81
99895.8
99895.79
99895.78
99895.77
99895.76
99895.75
99895.74
99895.73
99895.73
99895.72
99895.71
99895.7
99895.69
99895.68
99895.67
99895.66
99895.65
99895.64
99895.63
99895.62
99895.61
99895.6
99895.59
99895.58
99895.57
99895.56
99895.55
99895.54
99895.53
99895.52
99895.51
99895.5
99895.49
99895.48
99895.47
99895.46
99895.45
99895.44
99895.43
99895.42
99895.41
99895.4
99895.39
99895.38
99895.37
99895.36
99895.35
99895.34
99895.34
99895.33
99895.32
99895.31
99827.23
99868.25
99903.66
99899.08
99895.44
99895.94
99896.3
99896.23
99896.18
99896.18
99896.17
99896.16
99896.15
99896.14
99896.13
99896.12
99896.11
99896.1
99896.09
99896.08
99896.07
99896.06
99896.05
99896.04
99896.04
99896.03
99896.02
99896.01
99896
99895.99
99895.98
99895.97
99895.96
99895.95
99895.94
99895.93
99895.92
99895.91
99895.9
99895.89
99895.88
99895.87
99895.86
99895.85
99895.84
99895.83
99895.82
99895.81
99895.8
99895.79
99895.78
99895.77
99895.76
99895.75
99895.74
99895.73
99895.72
99895.72
99895.71
99895.7
99895.69
99895.68
99895.67
99895.66
99895.65
99895.64
99895.63
99895.62
99895.61
99895.6
99895.59
99895.58
99895.57
99895.56
99895.55
99895.54
99895.53
99895.52
99895.51
99895.5
99895.49
99895.48
99895.47
99895.46
99895.45
99895.44
99895.43
99895.42
99895.41
99895.4
99895.39
99895.38
99895.37
99895.36
99895.35
99895.34
99895.33
99895.32
99895.31
99895.31
99827.24
99868.25
99903.66
99899.08
99895.44
99895.94
99896.3
99896.23
99896.18
99896.18
99896.18
99896.16
99896.15
99896.14
99896.13
99896.12
99896.11
99896.1
99896.09
99896.08
99896.08
99896.07
99896.06
99896.05
99896.04
99896.03
99896.02
99896.01
99896
99895.99
99895.98
99895.97
99895.96
99895.95
99895.94
99895.93
99895.92
99895.91
99895.9
99895.89
99895.88
99895.87
99895.86
99895.85
99895.84
99895.83
99895.82
99895.81
99895.8
99895.79
99895.78
99895.77
99895.76
99895.75
99895.74
99895.73
99895.73
99895.72
99895.71
99895.7
99895.69
99895.68
99895.67
99895.66
99895.65
99895.64
99895.63
99895.62
99895.61
99895.6
99895.59
99895.58
99895.57
99895.56
99895.55
99895.54
99895.53
99895.52
99895.51
99895.5
99895.49
99895.48
99895.47
99895.46
99895.45
99895.44
99895.43
99895.42
99895.41
99895.4
99895.39
99895.38
99895.37
99895.36
99895.35
99895.34
99895.33
99895.32
99895.31
99895.3
99827.24
99868.26
99903.66
99899.08
99895.44
99895.94
99896.3
99896.23
99896.19
99896.18
99896.18
99896.16
99896.15
99896.14
99896.13
99896.12
99896.11
99896.1
99896.09
99896.08
99896.07
99896.07
99896.06
99896.05
99896.04
99896.03
99896.02
99896.01
99896
99895.99
99895.98
99895.97
99895.96
99895.95
99895.94
99895.93
99895.92
99895.91
99895.9
99895.89
99895.88
99895.87
99895.86
99895.85
99895.84
99895.83
99895.82
99895.81
99895.8
99895.79
99895.78
99895.77
99895.76
99895.75
99895.74
99895.73
99895.72
99895.72
99895.71
99895.7
99895.69
99895.68
99895.67
99895.66
99895.65
99895.64
99895.63
99895.62
99895.61
99895.6
99895.59
99895.58
99895.57
99895.56
99895.55
99895.54
99895.53
99895.52
99895.51
99895.5
99895.49
99895.48
99895.47
99895.46
99895.45
99895.44
99895.43
99895.42
99895.41
99895.4
99895.39
99895.38
99895.37
99895.36
99895.35
99895.34
99895.33
99895.32
99895.31
99895.3
99827.24
99868.26
99903.66
99899.08
99895.44
99895.94
99896.3
99896.24
99896.19
99896.18
99896.18
99896.17
99896.16
99896.15
99896.14
99896.13
99896.12
99896.11
99896.1
99896.09
99896.08
99896.07
99896.06
99896.05
99896.04
99896.03
99896.02
99896.01
99896
99895.99
99895.98
99895.97
99895.96
99895.95
99895.94
99895.93
99895.92
99895.91
99895.9
99895.89
99895.88
99895.87
99895.86
99895.85
99895.84
99895.83
99895.82
99895.81
99895.8
99895.79
99895.78
99895.77
99895.76
99895.75
99895.74
99895.73
99895.73
99895.72
99895.71
99895.7
99895.69
99895.68
99895.67
99895.66
99895.65
99895.64
99895.63
99895.62
99895.61
99895.6
99895.59
99895.58
99895.57
99895.56
99895.55
99895.54
99895.53
99895.52
99895.51
99895.5
99895.49
99895.48
99895.47
99895.46
99895.45
99895.44
99895.43
99895.42
99895.41
99895.4
99895.39
99895.38
99895.37
99895.36
99895.35
99895.34
99895.33
99895.32
99895.31
99895.3
99827.25
99868.26
99903.66
99899.08
99895.45
99895.94
99896.3
99896.24
99896.19
99896.18
99896.18
99896.17
99896.16
99896.15
99896.14
99896.13
99896.12
99896.11
99896.1
99896.09
99896.08
99896.07
99896.06
99896.05
99896.04
99896.03
99896.02
99896.01
99896
99895.99
99895.98
99895.97
99895.96
99895.95
99895.94
99895.93
99895.92
99895.91
99895.9
99895.89
99895.88
99895.87
99895.86
99895.85
99895.84
99895.83
99895.82
99895.81
99895.8
99895.79
99895.78
99895.77
99895.76
99895.75
99895.74
99895.73
99895.72
99895.72
99895.71
99895.7
99895.69
99895.68
99895.67
99895.66
99895.65
99895.64
99895.63
99895.62
99895.61
99895.6
99895.59
99895.58
99895.57
99895.56
99895.55
99895.54
99895.53
99895.52
99895.51
99895.5
99895.49
99895.48
99895.47
99895.46
99895.45
99895.44
99895.43
99895.42
99895.41
99895.4
99895.39
99895.38
99895.37
99895.36
99895.35
99895.34
99895.33
99895.32
99895.31
99895.3
99827.25
99868.27
99903.67
99899.09
99895.45
99895.94
99896.31
99896.24
99896.19
99896.19
99896.18
99896.17
99896.16
99896.15
99896.14
99896.13
99896.12
99896.11
99896.1
99896.09
99896.08
99896.07
99896.06
99896.05
99896.04
99896.03
99896.02
99896.01
99896
99895.99
99895.98
99895.97
99895.96
99895.95
99895.94
99895.93
99895.92
99895.91
99895.9
99895.89
99895.88
99895.87
99895.86
99895.85
99895.84
99895.83
99895.82
99895.81
99895.8
99895.79
99895.78
99895.77
99895.76
99895.75
99895.74
99895.73
99895.72
99895.72
99895.71
99895.7
99895.69
99895.68
99895.67
99895.66
99895.65
99895.64
99895.63
99895.62
99895.61
99895.6
99895.59
99895.58
99895.57
99895.56
99895.55
99895.54
99895.53
99895.52
99895.51
99895.5
99895.49
99895.48
99895.47
99895.46
99895.45
99895.44
99895.43
99895.42
99895.41
99895.4
99895.39
99895.38
99895.37
99895.35
99895.34
99895.33
99895.32
99895.31
99895.3
99895.29
99827.25
99868.27
99903.67
99899.09
99895.45
99895.95
99896.31
99896.24
99896.19
99896.19
99896.18
99896.17
99896.16
99896.15
99896.14
99896.13
99896.12
99896.11
99896.1
99896.09
99896.08
99896.07
99896.06
99896.05
99896.04
99896.03
99896.02
99896.01
99896
99895.99
99895.98
99895.97
99895.96
99895.95
99895.94
99895.93
99895.92
99895.91
99895.9
99895.89
99895.88
99895.87
99895.86
99895.85
99895.84
99895.83
99895.82
99895.81
99895.8
99895.79
99895.78
99895.77
99895.76
99895.75
99895.74
99895.73
99895.72
99895.72
99895.71
99895.7
99895.69
99895.68
99895.67
99895.66
99895.65
99895.64
99895.63
99895.62
99895.61
99895.6
99895.59
99895.58
99895.57
99895.56
99895.55
99895.54
99895.53
99895.52
99895.51
99895.5
99895.49
99895.48
99895.47
99895.46
99895.45
99895.44
99895.43
99895.42
99895.41
99895.4
99895.39
99895.37
99895.36
99895.35
99895.34
99895.33
99895.32
99895.31
99895.3
99895.29
99827.26
99868.28
99903.68
99899.09
99895.45
99895.95
99896.31
99896.24
99896.19
99896.19
99896.18
99896.17
99896.16
99896.15
99896.14
99896.13
99896.12
99896.11
99896.1
99896.09
99896.08
99896.07
99896.06
99896.05
99896.04
99896.03
99896.02
99896.01
99896
99895.99
99895.98
99895.97
99895.96
99895.95
99895.94
99895.93
99895.92
99895.91
99895.9
99895.89
99895.88
99895.87
99895.86
99895.85
99895.84
99895.83
99895.82
99895.81
99895.8
99895.79
99895.78
99895.77
99895.76
99895.75
99895.74
99895.73
99895.72
99895.72
99895.71
99895.7
99895.69
99895.68
99895.67
99895.66
99895.65
99895.64
99895.63
99895.62
99895.61
99895.6
99895.59
99895.58
99895.57
99895.56
99895.55
99895.54
99895.53
99895.52
99895.51
99895.5
99895.49
99895.48
99895.47
99895.46
99895.45
99895.44
99895.43
99895.42
99895.41
99895.4
99895.38
99895.37
99895.36
99895.35
99895.34
99895.33
99895.32
99895.31
99895.3
99895.28
99827.27
99868.28
99903.68
99899.09
99895.45
99895.95
99896.31
99896.24
99896.19
99896.19
99896.18
99896.17
99896.16
99896.15
99896.14
99896.13
99896.12
99896.11
99896.1
99896.09
99896.08
99896.07
99896.06
99896.05
99896.04
99896.03
99896.02
99896.01
99896
99895.99
99895.98
99895.97
99895.96
99895.95
99895.94
99895.93
99895.92
99895.91
99895.9
99895.89
99895.88
99895.87
99895.86
99895.85
99895.84
99895.83
99895.82
99895.81
99895.8
99895.79
99895.78
99895.77
99895.76
99895.75
99895.74
99895.73
99895.72
99895.72
99895.71
99895.7
99895.69
99895.68
99895.67
99895.66
99895.65
99895.64
99895.63
99895.62
99895.61
99895.6
99895.59
99895.58
99895.57
99895.56
99895.55
99895.54
99895.53
99895.52
99895.51
99895.5
99895.49
99895.48
99895.47
99895.46
99895.45
99895.44
99895.43
99895.42
99895.41
99895.39
99895.38
99895.37
99895.36
99895.35
99895.34
99895.33
99895.31
99895.3
99895.29
99895.28
99827.28
99868.3
99903.68
99899.1
99895.46
99895.95
99896.31
99896.24
99896.19
99896.19
99896.18
99896.17
99896.16
99896.15
99896.14
99896.13
99896.12
99896.11
99896.1
99896.09
99896.08
99896.07
99896.06
99896.05
99896.04
99896.03
99896.02
99896.01
99896
99895.99
99895.98
99895.97
99895.96
99895.95
99895.94
99895.93
99895.92
99895.91
99895.9
99895.89
99895.88
99895.87
99895.86
99895.85
99895.84
99895.83
99895.82
99895.81
99895.8
99895.79
99895.78
99895.77
99895.76
99895.75
99895.74
99895.73
99895.72
99895.72
99895.71
99895.7
99895.69
99895.68
99895.67
99895.66
99895.65
99895.64
99895.63
99895.62
99895.61
99895.6
99895.59
99895.58
99895.57
99895.56
99895.55
99895.54
99895.53
99895.52
99895.51
99895.5
99895.49
99895.48
99895.47
99895.46
99895.45
99895.44
99895.43
99895.42
99895.41
99895.39
99895.38
99895.37
99895.36
99895.35
99895.34
99895.32
99895.31
99895.3
99895.29
99895.27
99827.27
99868.3
99903.68
99899.1
99895.46
99895.95
99896.31
99896.24
99896.19
99896.19
99896.18
99896.17
99896.16
99896.15
99896.14
99896.13
99896.12
99896.11
99896.1
99896.09
99896.08
99896.07
99896.06
99896.05
99896.04
99896.03
99896.02
99896.01
99896
99895.99
99895.98
99895.97
99895.96
99895.95
99895.94
99895.93
99895.92
99895.91
99895.9
99895.89
99895.88
99895.87
99895.86
99895.85
99895.84
99895.83
99895.82
99895.81
99895.8
99895.79
99895.78
99895.77
99895.76
99895.75
99895.74
99895.73
99895.72
99895.72
99895.71
99895.7
99895.69
99895.68
99895.67
99895.66
99895.65
99895.64
99895.63
99895.62
99895.61
99895.6
99895.59
99895.58
99895.57
99895.56
99895.55
99895.54
99895.53
99895.52
99895.51
99895.5
99895.49
99895.48
99895.47
99895.46
99895.45
99895.44
99895.43
99895.42
99895.4
99895.39
99895.38
99895.37
99895.36
99895.35
99895.34
99895.32
99895.31
99895.3
99895.28
99895.27
99827.34
99868.32
99903.67
99899.1
99895.46
99895.95
99896.31
99896.24
99896.19
99896.19
99896.18
99896.17
99896.16
99896.15
99896.14
99896.13
99896.12
99896.11
99896.1
99896.09
99896.08
99896.07
99896.06
99896.05
99896.04
99896.03
99896.02
99896.01
99896
99895.99
99895.98
99895.97
99895.96
99895.95
99895.94
99895.93
99895.92
99895.91
99895.9
99895.89
99895.88
99895.87
99895.86
99895.85
99895.84
99895.83
99895.82
99895.81
99895.8
99895.79
99895.78
99895.77
99895.76
99895.75
99895.74
99895.73
99895.72
99895.72
99895.71
99895.7
99895.69
99895.68
99895.67
99895.66
99895.65
99895.64
99895.63
99895.62
99895.61
99895.6
99895.59
99895.58
99895.57
99895.56
99895.55
99895.54
99895.53
99895.52
99895.51
99895.5
99895.49
99895.48
99895.47
99895.46
99895.45
99895.44
99895.43
99895.42
99895.4
99895.39
99895.38
99895.37
99895.36
99895.35
99895.33
99895.32
99895.31
99895.29
99895.27
99895.25
)
;

boundaryField
{
    bottomAir_bottom
    {
        type            symmetryPlane;
    }
    leftLet
    {
        type            calculated;
        value           uniform 100000;
    }
    rightLet
    {
        type            calculated;
        value           nonuniform List<scalar> 
40
(
99895.32
99895.32
99895.32
99895.32
99895.32
99895.32
99895.32
99895.32
99895.32
99895.32
99895.32
99895.32
99895.32
99895.32
99895.32
99895.32
99895.32
99895.32
99895.31
99895.31
99895.31
99895.31
99895.31
99895.31
99895.31
99895.31
99895.3
99895.3
99895.3
99895.3
99895.3
99895.29
99895.29
99895.29
99895.28
99895.28
99895.27
99895.27
99895.26
99895.24
)
;
    }
    frontAndBack
    {
        type            empty;
    }
    bottomAir_to_wall
    {
        type            calculated;
        value           nonuniform List<scalar> 
100
(
99827.34
99868.32
99903.67
99899.1
99895.46
99895.95
99896.31
99896.24
99896.19
99896.19
99896.18
99896.17
99896.16
99896.15
99896.14
99896.13
99896.12
99896.11
99896.1
99896.09
99896.08
99896.07
99896.06
99896.05
99896.04
99896.03
99896.02
99896.01
99896
99895.99
99895.98
99895.97
99895.96
99895.95
99895.94
99895.93
99895.92
99895.91
99895.9
99895.89
99895.88
99895.87
99895.86
99895.85
99895.84
99895.83
99895.82
99895.81
99895.8
99895.79
99895.78
99895.77
99895.76
99895.75
99895.74
99895.73
99895.72
99895.72
99895.71
99895.7
99895.69
99895.68
99895.67
99895.66
99895.65
99895.64
99895.63
99895.62
99895.61
99895.6
99895.59
99895.58
99895.57
99895.56
99895.55
99895.54
99895.53
99895.52
99895.51
99895.5
99895.49
99895.48
99895.47
99895.46
99895.45
99895.44
99895.43
99895.42
99895.4
99895.39
99895.38
99895.37
99895.36
99895.35
99895.33
99895.32
99895.31
99895.29
99895.27
99895.25
)
;
    }
}


// ************************************************************************* //
