/*--------------------------------*- C++ -*----------------------------------*\
| =========                 |                                                 |
| \\      /  F ield         | OpenFOAM: The Open Source CFD Toolbox           |
|  \\    /   O peration     | Version:  2.3.0                                 |
|   \\  /    A nd           | Web:      www.OpenFOAM.org                      |
|    \\/     M anipulation  |                                                 |
\*---------------------------------------------------------------------------*/
FoamFile
{
    version     2.0;
    format      ascii;
    class       volScalarField;
    location    "9700/bottomAir";
    object      T;
}
// * * * * * * * * * * * * * * * * * * * * * * * * * * * * * * * * * * * * * //

dimensions      [0 0 0 1 0 0 0];

internalField   nonuniform List<scalar> 
4000
(
1199.607
1199.775
1199.829
1199.816
1199.81
1199.812
1199.812
1199.812
1199.812
1199.812
1199.812
1199.812
1199.812
1199.812
1199.812
1199.812
1199.812
1199.812
1199.812
1199.812
1199.812
1199.812
1199.812
1199.812
1199.812
1199.812
1199.812
1199.812
1199.812
1199.812
1199.812
1199.812
1199.812
1199.812
1199.812
1199.812
1199.812
1199.812
1199.812
1199.812
1199.812
1199.812
1199.812
1199.812
1199.812
1199.812
1199.812
1199.812
1199.812
1199.812
1199.812
1199.812
1199.812
1199.812
1199.812
1199.812
1199.812
1199.812
1199.812
1199.812
1199.812
1199.812
1199.812
1199.812
1199.812
1199.812
1199.812
1199.812
1199.812
1199.812
1199.812
1199.812
1199.812
1199.812
1199.812
1199.812
1199.812
1199.812
1199.812
1199.812
1199.812
1199.812
1199.812
1199.812
1199.812
1199.812
1199.812
1199.812
1199.812
1199.812
1199.812
1199.812
1199.812
1199.812
1199.812
1199.812
1199.812
1199.812
1199.812
1199.812
1199.607
1199.775
1199.829
1199.816
1199.81
1199.812
1199.812
1199.812
1199.812
1199.812
1199.812
1199.812
1199.812
1199.812
1199.812
1199.812
1199.812
1199.812
1199.812
1199.812
1199.812
1199.812
1199.812
1199.812
1199.812
1199.812
1199.812
1199.812
1199.812
1199.812
1199.812
1199.812
1199.812
1199.812
1199.812
1199.812
1199.812
1199.812
1199.812
1199.812
1199.812
1199.812
1199.812
1199.812
1199.812
1199.812
1199.812
1199.812
1199.812
1199.812
1199.812
1199.812
1199.812
1199.812
1199.812
1199.812
1199.812
1199.812
1199.812
1199.812
1199.812
1199.812
1199.812
1199.812
1199.812
1199.812
1199.812
1199.812
1199.812
1199.812
1199.812
1199.812
1199.812
1199.812
1199.812
1199.812
1199.812
1199.812
1199.812
1199.812
1199.812
1199.812
1199.812
1199.812
1199.812
1199.812
1199.812
1199.812
1199.812
1199.812
1199.812
1199.812
1199.812
1199.812
1199.812
1199.812
1199.812
1199.812
1199.812
1199.812
1199.607
1199.775
1199.829
1199.816
1199.81
1199.812
1199.812
1199.812
1199.812
1199.812
1199.812
1199.812
1199.812
1199.812
1199.812
1199.812
1199.812
1199.812
1199.812
1199.812
1199.812
1199.812
1199.812
1199.812
1199.812
1199.812
1199.812
1199.812
1199.812
1199.812
1199.812
1199.812
1199.812
1199.812
1199.812
1199.812
1199.812
1199.812
1199.812
1199.812
1199.812
1199.812
1199.812
1199.812
1199.812
1199.812
1199.812
1199.812
1199.812
1199.812
1199.812
1199.812
1199.812
1199.812
1199.812
1199.812
1199.812
1199.812
1199.812
1199.812
1199.812
1199.812
1199.812
1199.812
1199.812
1199.812
1199.812
1199.812
1199.812
1199.812
1199.812
1199.812
1199.812
1199.812
1199.812
1199.812
1199.812
1199.812
1199.812
1199.812
1199.812
1199.812
1199.812
1199.812
1199.812
1199.812
1199.812
1199.812
1199.812
1199.812
1199.812
1199.812
1199.812
1199.812
1199.812
1199.812
1199.812
1199.812
1199.812
1199.812
1199.607
1199.775
1199.829
1199.816
1199.81
1199.812
1199.812
1199.812
1199.812
1199.812
1199.812
1199.812
1199.812
1199.812
1199.812
1199.812
1199.812
1199.812
1199.812
1199.812
1199.812
1199.812
1199.812
1199.812
1199.812
1199.812
1199.812
1199.812
1199.812
1199.812
1199.812
1199.812
1199.812
1199.812
1199.812
1199.812
1199.812
1199.812
1199.812
1199.812
1199.812
1199.812
1199.812
1199.812
1199.812
1199.812
1199.812
1199.812
1199.812
1199.812
1199.812
1199.812
1199.812
1199.812
1199.812
1199.812
1199.812
1199.812
1199.812
1199.812
1199.812
1199.812
1199.812
1199.812
1199.812
1199.812
1199.812
1199.812
1199.812
1199.812
1199.812
1199.812
1199.812
1199.812
1199.812
1199.812
1199.812
1199.812
1199.812
1199.812
1199.812
1199.812
1199.812
1199.812
1199.812
1199.812
1199.812
1199.812
1199.812
1199.812
1199.812
1199.812
1199.812
1199.812
1199.812
1199.812
1199.812
1199.812
1199.812
1199.812
1199.607
1199.775
1199.829
1199.816
1199.81
1199.812
1199.812
1199.812
1199.812
1199.812
1199.812
1199.812
1199.812
1199.812
1199.812
1199.812
1199.812
1199.812
1199.812
1199.812
1199.812
1199.812
1199.812
1199.812
1199.812
1199.812
1199.812
1199.812
1199.812
1199.812
1199.812
1199.812
1199.812
1199.812
1199.812
1199.812
1199.812
1199.812
1199.812
1199.812
1199.812
1199.812
1199.812
1199.812
1199.812
1199.812
1199.812
1199.812
1199.812
1199.812
1199.812
1199.812
1199.812
1199.812
1199.812
1199.812
1199.812
1199.812
1199.812
1199.812
1199.812
1199.812
1199.812
1199.812
1199.812
1199.812
1199.812
1199.812
1199.812
1199.812
1199.812
1199.812
1199.812
1199.812
1199.812
1199.812
1199.812
1199.812
1199.812
1199.812
1199.812
1199.812
1199.812
1199.812
1199.812
1199.812
1199.812
1199.812
1199.812
1199.812
1199.812
1199.812
1199.812
1199.812
1199.812
1199.812
1199.812
1199.812
1199.812
1199.812
1199.607
1199.775
1199.829
1199.816
1199.81
1199.812
1199.812
1199.812
1199.812
1199.812
1199.812
1199.812
1199.812
1199.812
1199.812
1199.812
1199.812
1199.812
1199.812
1199.812
1199.812
1199.812
1199.812
1199.812
1199.812
1199.812
1199.812
1199.812
1199.812
1199.812
1199.812
1199.812
1199.812
1199.812
1199.812
1199.812
1199.812
1199.812
1199.812
1199.812
1199.812
1199.812
1199.812
1199.812
1199.812
1199.812
1199.812
1199.812
1199.812
1199.812
1199.812
1199.812
1199.812
1199.812
1199.812
1199.812
1199.812
1199.812
1199.812
1199.812
1199.812
1199.812
1199.812
1199.812
1199.812
1199.812
1199.812
1199.812
1199.812
1199.812
1199.812
1199.812
1199.812
1199.812
1199.812
1199.812
1199.812
1199.812
1199.812
1199.812
1199.812
1199.812
1199.812
1199.812
1199.812
1199.812
1199.812
1199.812
1199.812
1199.812
1199.812
1199.812
1199.812
1199.812
1199.812
1199.812
1199.812
1199.812
1199.812
1199.812
1199.607
1199.775
1199.829
1199.816
1199.81
1199.812
1199.812
1199.812
1199.812
1199.812
1199.812
1199.812
1199.812
1199.812
1199.812
1199.812
1199.812
1199.812
1199.812
1199.812
1199.812
1199.812
1199.812
1199.812
1199.812
1199.812
1199.812
1199.812
1199.812
1199.812
1199.812
1199.812
1199.812
1199.812
1199.812
1199.812
1199.812
1199.812
1199.812
1199.812
1199.812
1199.812
1199.812
1199.812
1199.812
1199.812
1199.812
1199.812
1199.812
1199.812
1199.812
1199.812
1199.812
1199.812
1199.812
1199.812
1199.812
1199.812
1199.812
1199.812
1199.812
1199.812
1199.812
1199.812
1199.812
1199.812
1199.812
1199.812
1199.812
1199.812
1199.812
1199.812
1199.812
1199.812
1199.812
1199.812
1199.812
1199.812
1199.812
1199.812
1199.812
1199.812
1199.812
1199.812
1199.812
1199.812
1199.812
1199.812
1199.812
1199.812
1199.812
1199.812
1199.812
1199.812
1199.812
1199.812
1199.812
1199.812
1199.812
1199.812
1199.607
1199.775
1199.829
1199.816
1199.81
1199.812
1199.812
1199.812
1199.812
1199.812
1199.812
1199.812
1199.812
1199.812
1199.812
1199.812
1199.812
1199.812
1199.812
1199.812
1199.812
1199.812
1199.812
1199.812
1199.812
1199.812
1199.812
1199.812
1199.812
1199.812
1199.812
1199.812
1199.812
1199.812
1199.812
1199.812
1199.812
1199.812
1199.812
1199.812
1199.812
1199.812
1199.812
1199.812
1199.812
1199.812
1199.812
1199.812
1199.812
1199.812
1199.812
1199.812
1199.812
1199.812
1199.812
1199.812
1199.812
1199.812
1199.812
1199.812
1199.812
1199.812
1199.812
1199.812
1199.812
1199.812
1199.812
1199.812
1199.812
1199.812
1199.812
1199.812
1199.812
1199.812
1199.812
1199.812
1199.812
1199.812
1199.812
1199.812
1199.812
1199.812
1199.812
1199.812
1199.812
1199.812
1199.812
1199.812
1199.812
1199.812
1199.812
1199.812
1199.812
1199.812
1199.812
1199.812
1199.812
1199.812
1199.812
1199.812
1199.607
1199.775
1199.829
1199.816
1199.81
1199.812
1199.812
1199.812
1199.812
1199.812
1199.812
1199.812
1199.812
1199.812
1199.812
1199.812
1199.812
1199.812
1199.812
1199.812
1199.812
1199.812
1199.812
1199.812
1199.812
1199.812
1199.812
1199.812
1199.812
1199.812
1199.812
1199.812
1199.812
1199.812
1199.812
1199.812
1199.812
1199.812
1199.812
1199.812
1199.812
1199.812
1199.812
1199.812
1199.812
1199.812
1199.812
1199.812
1199.812
1199.812
1199.812
1199.812
1199.812
1199.812
1199.812
1199.812
1199.812
1199.812
1199.812
1199.812
1199.812
1199.812
1199.812
1199.812
1199.812
1199.812
1199.812
1199.812
1199.812
1199.812
1199.812
1199.812
1199.812
1199.812
1199.812
1199.812
1199.812
1199.812
1199.812
1199.812
1199.812
1199.812
1199.812
1199.812
1199.812
1199.812
1199.812
1199.812
1199.812
1199.812
1199.812
1199.812
1199.812
1199.812
1199.812
1199.812
1199.812
1199.812
1199.812
1199.812
1199.607
1199.775
1199.829
1199.816
1199.81
1199.812
1199.812
1199.812
1199.812
1199.812
1199.812
1199.812
1199.812
1199.812
1199.812
1199.812
1199.812
1199.812
1199.812
1199.812
1199.812
1199.812
1199.812
1199.812
1199.812
1199.812
1199.812
1199.812
1199.812
1199.812
1199.812
1199.812
1199.812
1199.812
1199.812
1199.812
1199.812
1199.812
1199.812
1199.812
1199.812
1199.812
1199.812
1199.812
1199.812
1199.812
1199.812
1199.812
1199.812
1199.812
1199.812
1199.812
1199.812
1199.812
1199.812
1199.812
1199.812
1199.812
1199.812
1199.812
1199.812
1199.812
1199.812
1199.812
1199.812
1199.812
1199.812
1199.812
1199.812
1199.812
1199.812
1199.812
1199.812
1199.812
1199.812
1199.812
1199.812
1199.812
1199.812
1199.812
1199.812
1199.812
1199.812
1199.812
1199.812
1199.812
1199.812
1199.812
1199.812
1199.812
1199.812
1199.812
1199.812
1199.812
1199.812
1199.812
1199.812
1199.812
1199.812
1199.812
1199.607
1199.775
1199.829
1199.816
1199.81
1199.812
1199.812
1199.812
1199.812
1199.812
1199.812
1199.812
1199.812
1199.812
1199.812
1199.812
1199.812
1199.812
1199.812
1199.812
1199.812
1199.812
1199.812
1199.812
1199.812
1199.812
1199.812
1199.812
1199.812
1199.812
1199.812
1199.812
1199.812
1199.812
1199.812
1199.812
1199.812
1199.812
1199.812
1199.812
1199.812
1199.812
1199.812
1199.812
1199.812
1199.812
1199.812
1199.812
1199.812
1199.812
1199.812
1199.812
1199.812
1199.812
1199.812
1199.812
1199.812
1199.812
1199.812
1199.812
1199.812
1199.812
1199.812
1199.812
1199.812
1199.812
1199.812
1199.812
1199.812
1199.812
1199.812
1199.812
1199.812
1199.812
1199.812
1199.812
1199.812
1199.812
1199.812
1199.812
1199.812
1199.812
1199.812
1199.812
1199.812
1199.812
1199.812
1199.812
1199.812
1199.812
1199.812
1199.812
1199.812
1199.812
1199.812
1199.812
1199.812
1199.812
1199.812
1199.812
1199.607
1199.775
1199.829
1199.816
1199.81
1199.812
1199.812
1199.812
1199.812
1199.812
1199.812
1199.812
1199.812
1199.812
1199.812
1199.812
1199.812
1199.812
1199.812
1199.812
1199.812
1199.812
1199.812
1199.812
1199.812
1199.812
1199.812
1199.812
1199.812
1199.812
1199.812
1199.812
1199.812
1199.812
1199.812
1199.812
1199.812
1199.812
1199.812
1199.812
1199.812
1199.812
1199.812
1199.812
1199.812
1199.812
1199.812
1199.812
1199.812
1199.812
1199.812
1199.812
1199.812
1199.812
1199.812
1199.812
1199.812
1199.812
1199.812
1199.812
1199.812
1199.812
1199.812
1199.812
1199.812
1199.812
1199.812
1199.812
1199.812
1199.812
1199.812
1199.812
1199.812
1199.812
1199.812
1199.812
1199.812
1199.812
1199.812
1199.812
1199.812
1199.812
1199.812
1199.812
1199.812
1199.812
1199.812
1199.812
1199.812
1199.812
1199.812
1199.812
1199.812
1199.812
1199.812
1199.812
1199.812
1199.812
1199.812
1199.812
1199.607
1199.775
1199.829
1199.816
1199.81
1199.812
1199.812
1199.812
1199.812
1199.812
1199.812
1199.812
1199.812
1199.812
1199.812
1199.812
1199.812
1199.812
1199.812
1199.812
1199.812
1199.812
1199.812
1199.812
1199.812
1199.812
1199.812
1199.812
1199.812
1199.812
1199.812
1199.812
1199.812
1199.812
1199.812
1199.812
1199.812
1199.812
1199.812
1199.812
1199.812
1199.812
1199.812
1199.812
1199.812
1199.812
1199.812
1199.812
1199.812
1199.812
1199.812
1199.812
1199.812
1199.812
1199.812
1199.812
1199.812
1199.812
1199.812
1199.812
1199.812
1199.812
1199.812
1199.812
1199.812
1199.812
1199.812
1199.812
1199.812
1199.812
1199.812
1199.812
1199.812
1199.812
1199.812
1199.812
1199.812
1199.812
1199.812
1199.812
1199.812
1199.812
1199.812
1199.812
1199.812
1199.812
1199.812
1199.812
1199.812
1199.812
1199.812
1199.812
1199.812
1199.812
1199.812
1199.812
1199.812
1199.812
1199.812
1199.812
1199.607
1199.775
1199.829
1199.816
1199.81
1199.812
1199.812
1199.812
1199.812
1199.812
1199.812
1199.812
1199.812
1199.812
1199.812
1199.812
1199.812
1199.812
1199.812
1199.812
1199.812
1199.812
1199.812
1199.812
1199.812
1199.812
1199.812
1199.812
1199.812
1199.812
1199.812
1199.812
1199.812
1199.812
1199.812
1199.812
1199.812
1199.812
1199.812
1199.812
1199.812
1199.812
1199.812
1199.812
1199.812
1199.812
1199.812
1199.812
1199.812
1199.812
1199.812
1199.812
1199.812
1199.812
1199.812
1199.812
1199.812
1199.812
1199.812
1199.812
1199.812
1199.812
1199.812
1199.812
1199.812
1199.812
1199.812
1199.812
1199.812
1199.812
1199.812
1199.812
1199.812
1199.812
1199.812
1199.812
1199.812
1199.812
1199.812
1199.812
1199.812
1199.812
1199.812
1199.812
1199.812
1199.812
1199.812
1199.812
1199.812
1199.812
1199.812
1199.812
1199.812
1199.812
1199.812
1199.812
1199.812
1199.812
1199.812
1199.812
1199.607
1199.775
1199.829
1199.816
1199.81
1199.812
1199.812
1199.812
1199.812
1199.812
1199.812
1199.812
1199.812
1199.812
1199.812
1199.812
1199.812
1199.812
1199.812
1199.812
1199.812
1199.812
1199.812
1199.812
1199.812
1199.812
1199.812
1199.812
1199.812
1199.812
1199.812
1199.812
1199.812
1199.812
1199.812
1199.812
1199.812
1199.812
1199.812
1199.812
1199.812
1199.812
1199.812
1199.812
1199.812
1199.812
1199.812
1199.812
1199.812
1199.812
1199.812
1199.812
1199.812
1199.812
1199.812
1199.812
1199.812
1199.812
1199.812
1199.812
1199.812
1199.812
1199.812
1199.812
1199.812
1199.812
1199.812
1199.812
1199.812
1199.812
1199.812
1199.812
1199.812
1199.812
1199.812
1199.812
1199.812
1199.812
1199.812
1199.812
1199.812
1199.812
1199.812
1199.812
1199.812
1199.812
1199.812
1199.812
1199.812
1199.812
1199.812
1199.812
1199.812
1199.812
1199.812
1199.812
1199.812
1199.812
1199.812
1199.812
1199.607
1199.775
1199.829
1199.816
1199.81
1199.812
1199.812
1199.812
1199.812
1199.812
1199.812
1199.812
1199.812
1199.812
1199.812
1199.812
1199.812
1199.812
1199.812
1199.812
1199.812
1199.812
1199.812
1199.812
1199.812
1199.812
1199.812
1199.812
1199.812
1199.812
1199.812
1199.812
1199.812
1199.812
1199.812
1199.812
1199.812
1199.812
1199.812
1199.812
1199.812
1199.812
1199.812
1199.812
1199.812
1199.812
1199.812
1199.812
1199.812
1199.812
1199.812
1199.812
1199.812
1199.812
1199.812
1199.812
1199.812
1199.812
1199.812
1199.812
1199.812
1199.812
1199.812
1199.812
1199.812
1199.812
1199.812
1199.812
1199.812
1199.812
1199.812
1199.812
1199.812
1199.812
1199.812
1199.812
1199.812
1199.812
1199.812
1199.812
1199.812
1199.812
1199.812
1199.812
1199.812
1199.812
1199.812
1199.812
1199.812
1199.812
1199.812
1199.812
1199.812
1199.812
1199.812
1199.812
1199.812
1199.812
1199.812
1199.812
1199.607
1199.775
1199.829
1199.816
1199.81
1199.812
1199.812
1199.812
1199.812
1199.812
1199.812
1199.812
1199.812
1199.812
1199.812
1199.812
1199.812
1199.812
1199.812
1199.812
1199.812
1199.812
1199.812
1199.812
1199.812
1199.812
1199.812
1199.812
1199.812
1199.812
1199.812
1199.812
1199.812
1199.812
1199.812
1199.812
1199.812
1199.812
1199.812
1199.812
1199.812
1199.812
1199.812
1199.812
1199.812
1199.812
1199.812
1199.812
1199.812
1199.812
1199.812
1199.812
1199.812
1199.812
1199.812
1199.812
1199.812
1199.812
1199.812
1199.812
1199.812
1199.812
1199.812
1199.812
1199.812
1199.812
1199.812
1199.812
1199.812
1199.812
1199.812
1199.812
1199.812
1199.812
1199.812
1199.812
1199.812
1199.812
1199.812
1199.812
1199.812
1199.812
1199.812
1199.812
1199.812
1199.812
1199.812
1199.812
1199.812
1199.812
1199.812
1199.812
1199.812
1199.812
1199.812
1199.812
1199.812
1199.812
1199.812
1199.812
1199.607
1199.775
1199.829
1199.816
1199.81
1199.812
1199.812
1199.812
1199.812
1199.812
1199.812
1199.812
1199.812
1199.812
1199.812
1199.812
1199.812
1199.812
1199.812
1199.812
1199.812
1199.812
1199.812
1199.812
1199.812
1199.812
1199.812
1199.812
1199.812
1199.812
1199.812
1199.812
1199.812
1199.812
1199.812
1199.812
1199.812
1199.812
1199.812
1199.812
1199.812
1199.812
1199.812
1199.812
1199.812
1199.812
1199.812
1199.812
1199.812
1199.812
1199.812
1199.812
1199.812
1199.812
1199.812
1199.812
1199.812
1199.812
1199.812
1199.812
1199.812
1199.812
1199.812
1199.812
1199.812
1199.812
1199.812
1199.812
1199.812
1199.812
1199.812
1199.812
1199.812
1199.812
1199.812
1199.812
1199.812
1199.812
1199.812
1199.812
1199.812
1199.812
1199.812
1199.812
1199.812
1199.812
1199.812
1199.812
1199.812
1199.812
1199.812
1199.812
1199.812
1199.812
1199.812
1199.812
1199.812
1199.812
1199.812
1199.812
1199.607
1199.775
1199.829
1199.816
1199.81
1199.812
1199.812
1199.812
1199.812
1199.812
1199.812
1199.812
1199.812
1199.812
1199.812
1199.812
1199.812
1199.812
1199.812
1199.812
1199.812
1199.812
1199.812
1199.812
1199.812
1199.812
1199.812
1199.812
1199.812
1199.812
1199.812
1199.812
1199.812
1199.812
1199.812
1199.812
1199.812
1199.812
1199.812
1199.812
1199.812
1199.812
1199.812
1199.812
1199.812
1199.812
1199.812
1199.812
1199.812
1199.812
1199.812
1199.812
1199.812
1199.812
1199.812
1199.812
1199.812
1199.812
1199.812
1199.812
1199.812
1199.812
1199.812
1199.812
1199.812
1199.812
1199.812
1199.812
1199.812
1199.812
1199.812
1199.812
1199.812
1199.812
1199.812
1199.812
1199.812
1199.812
1199.812
1199.812
1199.812
1199.812
1199.812
1199.812
1199.812
1199.812
1199.812
1199.812
1199.812
1199.812
1199.812
1199.812
1199.812
1199.812
1199.812
1199.812
1199.812
1199.812
1199.812
1199.812
1199.607
1199.775
1199.829
1199.816
1199.81
1199.812
1199.812
1199.812
1199.812
1199.812
1199.812
1199.812
1199.812
1199.812
1199.812
1199.812
1199.812
1199.812
1199.812
1199.812
1199.812
1199.812
1199.812
1199.812
1199.812
1199.812
1199.812
1199.812
1199.812
1199.812
1199.812
1199.812
1199.812
1199.812
1199.812
1199.812
1199.812
1199.812
1199.812
1199.812
1199.812
1199.812
1199.812
1199.812
1199.812
1199.812
1199.812
1199.812
1199.812
1199.812
1199.812
1199.812
1199.812
1199.812
1199.812
1199.812
1199.812
1199.812
1199.812
1199.812
1199.812
1199.812
1199.812
1199.812
1199.812
1199.812
1199.812
1199.812
1199.812
1199.812
1199.812
1199.812
1199.812
1199.812
1199.812
1199.812
1199.812
1199.812
1199.812
1199.812
1199.812
1199.812
1199.812
1199.812
1199.812
1199.812
1199.812
1199.812
1199.812
1199.812
1199.812
1199.812
1199.812
1199.812
1199.812
1199.812
1199.812
1199.812
1199.812
1199.812
1199.607
1199.775
1199.829
1199.816
1199.81
1199.812
1199.812
1199.812
1199.812
1199.812
1199.812
1199.812
1199.812
1199.812
1199.812
1199.812
1199.812
1199.812
1199.812
1199.812
1199.812
1199.812
1199.812
1199.812
1199.812
1199.812
1199.812
1199.812
1199.812
1199.812
1199.812
1199.812
1199.812
1199.812
1199.812
1199.812
1199.812
1199.812
1199.812
1199.812
1199.812
1199.812
1199.812
1199.812
1199.812
1199.812
1199.812
1199.812
1199.812
1199.812
1199.812
1199.812
1199.812
1199.812
1199.812
1199.812
1199.812
1199.812
1199.812
1199.812
1199.812
1199.812
1199.812
1199.812
1199.812
1199.812
1199.812
1199.812
1199.812
1199.812
1199.812
1199.812
1199.812
1199.812
1199.812
1199.812
1199.812
1199.812
1199.812
1199.812
1199.812
1199.812
1199.812
1199.812
1199.812
1199.812
1199.812
1199.812
1199.812
1199.812
1199.812
1199.812
1199.812
1199.812
1199.812
1199.812
1199.812
1199.812
1199.812
1199.812
1199.607
1199.775
1199.829
1199.816
1199.81
1199.812
1199.812
1199.812
1199.812
1199.812
1199.812
1199.812
1199.812
1199.812
1199.812
1199.812
1199.812
1199.812
1199.812
1199.812
1199.812
1199.812
1199.812
1199.812
1199.812
1199.812
1199.812
1199.812
1199.812
1199.812
1199.812
1199.812
1199.812
1199.812
1199.812
1199.812
1199.812
1199.812
1199.812
1199.812
1199.812
1199.812
1199.812
1199.812
1199.812
1199.812
1199.812
1199.812
1199.812
1199.812
1199.812
1199.812
1199.812
1199.812
1199.812
1199.812
1199.812
1199.812
1199.812
1199.812
1199.812
1199.812
1199.812
1199.812
1199.812
1199.812
1199.812
1199.812
1199.812
1199.812
1199.812
1199.812
1199.812
1199.812
1199.812
1199.812
1199.812
1199.812
1199.812
1199.812
1199.812
1199.812
1199.812
1199.812
1199.812
1199.812
1199.812
1199.812
1199.812
1199.812
1199.812
1199.812
1199.812
1199.812
1199.812
1199.812
1199.812
1199.812
1199.812
1199.812
1199.607
1199.775
1199.829
1199.816
1199.81
1199.812
1199.812
1199.812
1199.812
1199.812
1199.812
1199.812
1199.812
1199.812
1199.812
1199.812
1199.812
1199.812
1199.812
1199.812
1199.812
1199.812
1199.812
1199.812
1199.812
1199.812
1199.812
1199.812
1199.812
1199.812
1199.812
1199.812
1199.812
1199.812
1199.812
1199.812
1199.812
1199.812
1199.812
1199.812
1199.812
1199.812
1199.812
1199.812
1199.812
1199.812
1199.812
1199.812
1199.812
1199.812
1199.812
1199.812
1199.812
1199.812
1199.812
1199.812
1199.812
1199.812
1199.812
1199.812
1199.812
1199.812
1199.812
1199.812
1199.812
1199.812
1199.812
1199.812
1199.812
1199.812
1199.812
1199.812
1199.812
1199.812
1199.812
1199.812
1199.812
1199.812
1199.812
1199.812
1199.812
1199.812
1199.812
1199.812
1199.812
1199.812
1199.812
1199.812
1199.812
1199.812
1199.812
1199.812
1199.812
1199.812
1199.812
1199.812
1199.812
1199.812
1199.812
1199.812
1199.607
1199.775
1199.829
1199.816
1199.81
1199.812
1199.812
1199.812
1199.812
1199.812
1199.812
1199.812
1199.812
1199.812
1199.812
1199.812
1199.812
1199.812
1199.812
1199.812
1199.812
1199.812
1199.812
1199.812
1199.812
1199.812
1199.812
1199.812
1199.812
1199.812
1199.812
1199.812
1199.812
1199.812
1199.812
1199.812
1199.812
1199.812
1199.812
1199.812
1199.812
1199.812
1199.812
1199.812
1199.812
1199.812
1199.812
1199.812
1199.812
1199.812
1199.812
1199.812
1199.812
1199.812
1199.812
1199.812
1199.812
1199.812
1199.812
1199.812
1199.812
1199.812
1199.812
1199.812
1199.812
1199.812
1199.812
1199.812
1199.812
1199.812
1199.812
1199.812
1199.812
1199.812
1199.812
1199.812
1199.812
1199.812
1199.812
1199.812
1199.812
1199.812
1199.812
1199.812
1199.812
1199.812
1199.812
1199.812
1199.812
1199.812
1199.812
1199.812
1199.812
1199.812
1199.812
1199.812
1199.812
1199.812
1199.812
1199.812
1199.607
1199.775
1199.829
1199.816
1199.81
1199.812
1199.812
1199.812
1199.812
1199.812
1199.812
1199.812
1199.812
1199.812
1199.812
1199.812
1199.812
1199.812
1199.812
1199.812
1199.812
1199.812
1199.812
1199.812
1199.812
1199.812
1199.812
1199.812
1199.812
1199.812
1199.812
1199.812
1199.812
1199.812
1199.812
1199.812
1199.812
1199.812
1199.812
1199.812
1199.812
1199.812
1199.812
1199.812
1199.812
1199.812
1199.812
1199.812
1199.812
1199.812
1199.812
1199.812
1199.812
1199.812
1199.812
1199.812
1199.812
1199.812
1199.812
1199.812
1199.812
1199.812
1199.812
1199.812
1199.812
1199.812
1199.812
1199.812
1199.812
1199.812
1199.812
1199.812
1199.812
1199.812
1199.812
1199.812
1199.812
1199.812
1199.812
1199.812
1199.812
1199.812
1199.812
1199.812
1199.812
1199.812
1199.812
1199.812
1199.812
1199.812
1199.812
1199.812
1199.812
1199.812
1199.812
1199.812
1199.812
1199.812
1199.812
1199.812
1199.607
1199.775
1199.829
1199.816
1199.81
1199.812
1199.812
1199.812
1199.812
1199.812
1199.812
1199.812
1199.812
1199.812
1199.812
1199.812
1199.812
1199.812
1199.812
1199.812
1199.812
1199.812
1199.812
1199.812
1199.812
1199.812
1199.812
1199.812
1199.812
1199.812
1199.812
1199.812
1199.812
1199.812
1199.812
1199.812
1199.812
1199.812
1199.812
1199.812
1199.812
1199.812
1199.812
1199.812
1199.812
1199.812
1199.812
1199.812
1199.812
1199.812
1199.812
1199.812
1199.812
1199.812
1199.812
1199.812
1199.812
1199.812
1199.812
1199.812
1199.812
1199.812
1199.812
1199.812
1199.812
1199.812
1199.812
1199.812
1199.812
1199.812
1199.812
1199.812
1199.812
1199.812
1199.812
1199.812
1199.812
1199.812
1199.812
1199.812
1199.812
1199.812
1199.812
1199.812
1199.812
1199.812
1199.812
1199.812
1199.812
1199.812
1199.812
1199.812
1199.812
1199.812
1199.812
1199.812
1199.812
1199.812
1199.812
1199.812
1199.607
1199.775
1199.829
1199.816
1199.81
1199.812
1199.812
1199.812
1199.812
1199.812
1199.812
1199.812
1199.812
1199.812
1199.812
1199.812
1199.812
1199.812
1199.812
1199.812
1199.812
1199.812
1199.812
1199.812
1199.812
1199.812
1199.812
1199.812
1199.812
1199.812
1199.812
1199.812
1199.812
1199.812
1199.812
1199.812
1199.812
1199.812
1199.812
1199.812
1199.812
1199.812
1199.812
1199.812
1199.812
1199.812
1199.812
1199.812
1199.812
1199.812
1199.812
1199.812
1199.812
1199.812
1199.812
1199.812
1199.812
1199.812
1199.812
1199.812
1199.812
1199.812
1199.812
1199.812
1199.812
1199.812
1199.812
1199.812
1199.812
1199.812
1199.812
1199.812
1199.812
1199.812
1199.812
1199.812
1199.812
1199.812
1199.812
1199.812
1199.812
1199.812
1199.812
1199.812
1199.812
1199.812
1199.812
1199.812
1199.812
1199.812
1199.812
1199.812
1199.812
1199.812
1199.812
1199.812
1199.812
1199.812
1199.812
1199.812
1199.607
1199.775
1199.829
1199.816
1199.81
1199.812
1199.812
1199.812
1199.812
1199.812
1199.812
1199.812
1199.812
1199.812
1199.812
1199.812
1199.812
1199.812
1199.812
1199.812
1199.812
1199.812
1199.812
1199.812
1199.812
1199.812
1199.812
1199.812
1199.812
1199.812
1199.812
1199.812
1199.812
1199.812
1199.812
1199.812
1199.812
1199.812
1199.812
1199.812
1199.812
1199.812
1199.812
1199.812
1199.812
1199.812
1199.812
1199.812
1199.812
1199.812
1199.812
1199.812
1199.812
1199.812
1199.812
1199.812
1199.812
1199.812
1199.812
1199.812
1199.812
1199.812
1199.812
1199.812
1199.812
1199.812
1199.812
1199.812
1199.812
1199.812
1199.812
1199.812
1199.812
1199.812
1199.812
1199.812
1199.812
1199.812
1199.812
1199.812
1199.812
1199.812
1199.812
1199.812
1199.812
1199.812
1199.812
1199.812
1199.812
1199.812
1199.812
1199.812
1199.812
1199.812
1199.812
1199.812
1199.812
1199.812
1199.812
1199.812
1199.607
1199.775
1199.829
1199.816
1199.81
1199.812
1199.812
1199.812
1199.812
1199.812
1199.812
1199.812
1199.812
1199.812
1199.812
1199.812
1199.812
1199.812
1199.812
1199.812
1199.812
1199.812
1199.812
1199.812
1199.812
1199.812
1199.812
1199.812
1199.812
1199.812
1199.812
1199.812
1199.812
1199.812
1199.812
1199.812
1199.812
1199.812
1199.812
1199.812
1199.812
1199.812
1199.812
1199.812
1199.812
1199.812
1199.812
1199.812
1199.812
1199.812
1199.812
1199.812
1199.812
1199.812
1199.812
1199.812
1199.812
1199.812
1199.812
1199.812
1199.812
1199.812
1199.812
1199.812
1199.812
1199.812
1199.812
1199.812
1199.812
1199.812
1199.812
1199.812
1199.812
1199.812
1199.812
1199.812
1199.812
1199.812
1199.812
1199.812
1199.812
1199.812
1199.812
1199.812
1199.812
1199.812
1199.812
1199.812
1199.812
1199.812
1199.812
1199.812
1199.812
1199.812
1199.812
1199.812
1199.812
1199.812
1199.812
1199.812
1199.607
1199.775
1199.829
1199.816
1199.81
1199.812
1199.812
1199.812
1199.812
1199.812
1199.812
1199.812
1199.812
1199.812
1199.812
1199.812
1199.812
1199.812
1199.812
1199.812
1199.812
1199.812
1199.812
1199.812
1199.812
1199.812
1199.812
1199.812
1199.812
1199.812
1199.812
1199.812
1199.812
1199.812
1199.812
1199.812
1199.812
1199.812
1199.812
1199.812
1199.812
1199.812
1199.812
1199.812
1199.812
1199.812
1199.812
1199.812
1199.812
1199.812
1199.812
1199.812
1199.812
1199.812
1199.812
1199.812
1199.812
1199.812
1199.812
1199.812
1199.812
1199.812
1199.812
1199.812
1199.812
1199.812
1199.812
1199.812
1199.812
1199.812
1199.812
1199.812
1199.812
1199.812
1199.812
1199.812
1199.812
1199.812
1199.812
1199.812
1199.812
1199.812
1199.812
1199.812
1199.812
1199.812
1199.812
1199.812
1199.812
1199.812
1199.812
1199.812
1199.812
1199.812
1199.812
1199.812
1199.812
1199.812
1199.812
1199.812
1199.607
1199.775
1199.829
1199.816
1199.81
1199.812
1199.812
1199.812
1199.812
1199.812
1199.812
1199.812
1199.812
1199.812
1199.812
1199.812
1199.812
1199.812
1199.812
1199.812
1199.812
1199.812
1199.812
1199.812
1199.812
1199.812
1199.812
1199.812
1199.812
1199.812
1199.812
1199.812
1199.812
1199.812
1199.812
1199.812
1199.812
1199.812
1199.812
1199.812
1199.812
1199.812
1199.812
1199.812
1199.812
1199.812
1199.812
1199.812
1199.812
1199.812
1199.812
1199.812
1199.812
1199.812
1199.812
1199.812
1199.812
1199.812
1199.812
1199.812
1199.812
1199.812
1199.812
1199.812
1199.812
1199.812
1199.812
1199.812
1199.812
1199.812
1199.812
1199.812
1199.812
1199.812
1199.812
1199.812
1199.812
1199.812
1199.812
1199.812
1199.812
1199.812
1199.812
1199.812
1199.812
1199.812
1199.812
1199.812
1199.812
1199.812
1199.812
1199.812
1199.812
1199.812
1199.812
1199.812
1199.812
1199.812
1199.812
1199.812
1199.607
1199.775
1199.829
1199.816
1199.81
1199.812
1199.812
1199.812
1199.812
1199.812
1199.812
1199.812
1199.812
1199.812
1199.812
1199.812
1199.812
1199.812
1199.812
1199.812
1199.812
1199.812
1199.812
1199.812
1199.812
1199.812
1199.812
1199.812
1199.812
1199.812
1199.812
1199.812
1199.812
1199.812
1199.812
1199.812
1199.812
1199.812
1199.812
1199.812
1199.812
1199.812
1199.812
1199.812
1199.812
1199.812
1199.812
1199.812
1199.812
1199.812
1199.812
1199.812
1199.812
1199.812
1199.812
1199.812
1199.812
1199.812
1199.812
1199.812
1199.812
1199.812
1199.812
1199.812
1199.812
1199.812
1199.812
1199.812
1199.812
1199.812
1199.812
1199.812
1199.812
1199.812
1199.812
1199.812
1199.812
1199.812
1199.812
1199.812
1199.812
1199.812
1199.812
1199.812
1199.812
1199.812
1199.812
1199.812
1199.812
1199.812
1199.812
1199.812
1199.812
1199.812
1199.812
1199.812
1199.812
1199.812
1199.812
1199.812
1199.607
1199.775
1199.829
1199.816
1199.81
1199.812
1199.812
1199.812
1199.812
1199.812
1199.812
1199.812
1199.812
1199.812
1199.812
1199.812
1199.812
1199.812
1199.812
1199.812
1199.812
1199.812
1199.812
1199.812
1199.812
1199.812
1199.812
1199.812
1199.812
1199.812
1199.812
1199.812
1199.812
1199.812
1199.812
1199.812
1199.812
1199.812
1199.812
1199.812
1199.812
1199.812
1199.812
1199.812
1199.812
1199.812
1199.812
1199.812
1199.812
1199.812
1199.812
1199.812
1199.812
1199.812
1199.812
1199.812
1199.812
1199.812
1199.812
1199.812
1199.812
1199.812
1199.812
1199.812
1199.812
1199.812
1199.812
1199.812
1199.812
1199.812
1199.812
1199.812
1199.812
1199.812
1199.812
1199.812
1199.812
1199.812
1199.812
1199.812
1199.812
1199.812
1199.812
1199.812
1199.812
1199.812
1199.812
1199.812
1199.812
1199.812
1199.812
1199.812
1199.812
1199.812
1199.812
1199.812
1199.812
1199.812
1199.812
1199.812
1199.607
1199.775
1199.829
1199.816
1199.81
1199.812
1199.812
1199.812
1199.812
1199.812
1199.812
1199.812
1199.812
1199.812
1199.812
1199.812
1199.812
1199.812
1199.812
1199.812
1199.812
1199.812
1199.812
1199.812
1199.812
1199.812
1199.812
1199.812
1199.812
1199.812
1199.812
1199.812
1199.812
1199.812
1199.812
1199.812
1199.812
1199.812
1199.812
1199.812
1199.812
1199.812
1199.812
1199.812
1199.812
1199.812
1199.812
1199.812
1199.812
1199.812
1199.812
1199.812
1199.812
1199.812
1199.812
1199.812
1199.812
1199.812
1199.812
1199.812
1199.812
1199.812
1199.812
1199.812
1199.812
1199.812
1199.812
1199.812
1199.812
1199.812
1199.812
1199.812
1199.812
1199.812
1199.812
1199.812
1199.812
1199.812
1199.812
1199.812
1199.812
1199.812
1199.812
1199.812
1199.812
1199.812
1199.812
1199.812
1199.812
1199.812
1199.812
1199.812
1199.812
1199.812
1199.812
1199.812
1199.812
1199.812
1199.812
1199.812
1199.607
1199.775
1199.829
1199.816
1199.81
1199.812
1199.812
1199.812
1199.812
1199.812
1199.812
1199.812
1199.812
1199.812
1199.812
1199.812
1199.812
1199.812
1199.812
1199.812
1199.812
1199.812
1199.812
1199.812
1199.812
1199.812
1199.812
1199.812
1199.812
1199.812
1199.812
1199.812
1199.812
1199.812
1199.812
1199.812
1199.812
1199.812
1199.812
1199.812
1199.812
1199.812
1199.812
1199.812
1199.812
1199.812
1199.812
1199.812
1199.812
1199.812
1199.812
1199.812
1199.812
1199.812
1199.812
1199.812
1199.812
1199.812
1199.812
1199.812
1199.812
1199.812
1199.812
1199.812
1199.812
1199.812
1199.812
1199.812
1199.812
1199.812
1199.812
1199.812
1199.812
1199.812
1199.812
1199.812
1199.812
1199.812
1199.812
1199.812
1199.812
1199.812
1199.812
1199.812
1199.812
1199.812
1199.812
1199.812
1199.812
1199.812
1199.812
1199.812
1199.812
1199.812
1199.812
1199.812
1199.812
1199.812
1199.812
1199.812
1199.607
1199.775
1199.829
1199.816
1199.81
1199.812
1199.812
1199.812
1199.812
1199.812
1199.812
1199.812
1199.812
1199.812
1199.812
1199.812
1199.812
1199.812
1199.812
1199.812
1199.812
1199.812
1199.812
1199.812
1199.812
1199.812
1199.812
1199.812
1199.812
1199.812
1199.812
1199.812
1199.812
1199.812
1199.812
1199.812
1199.812
1199.812
1199.812
1199.812
1199.812
1199.812
1199.812
1199.812
1199.812
1199.812
1199.812
1199.812
1199.812
1199.812
1199.812
1199.812
1199.812
1199.812
1199.812
1199.812
1199.812
1199.812
1199.812
1199.812
1199.812
1199.812
1199.812
1199.812
1199.812
1199.812
1199.812
1199.812
1199.812
1199.812
1199.812
1199.812
1199.812
1199.812
1199.812
1199.812
1199.812
1199.812
1199.812
1199.812
1199.812
1199.812
1199.812
1199.812
1199.812
1199.812
1199.812
1199.812
1199.812
1199.812
1199.812
1199.812
1199.812
1199.812
1199.812
1199.812
1199.812
1199.812
1199.812
1199.812
1199.607
1199.775
1199.829
1199.816
1199.81
1199.812
1199.812
1199.812
1199.812
1199.812
1199.812
1199.812
1199.812
1199.812
1199.812
1199.812
1199.812
1199.812
1199.812
1199.812
1199.812
1199.812
1199.812
1199.812
1199.812
1199.812
1199.812
1199.812
1199.812
1199.812
1199.812
1199.812
1199.812
1199.812
1199.812
1199.812
1199.812
1199.812
1199.812
1199.812
1199.812
1199.812
1199.812
1199.812
1199.812
1199.812
1199.812
1199.812
1199.812
1199.812
1199.812
1199.812
1199.812
1199.812
1199.812
1199.812
1199.812
1199.812
1199.812
1199.812
1199.812
1199.812
1199.812
1199.812
1199.812
1199.812
1199.812
1199.812
1199.812
1199.812
1199.812
1199.812
1199.812
1199.812
1199.812
1199.812
1199.812
1199.812
1199.812
1199.812
1199.812
1199.812
1199.812
1199.812
1199.812
1199.812
1199.812
1199.812
1199.812
1199.812
1199.812
1199.812
1199.812
1199.812
1199.812
1199.812
1199.812
1199.812
1199.812
1199.812
1199.607
1199.775
1199.829
1199.816
1199.81
1199.812
1199.812
1199.812
1199.812
1199.812
1199.812
1199.812
1199.812
1199.812
1199.812
1199.812
1199.812
1199.812
1199.812
1199.812
1199.812
1199.812
1199.812
1199.812
1199.812
1199.811
1199.811
1199.811
1199.811
1199.811
1199.811
1199.811
1199.811
1199.811
1199.811
1199.81
1199.81
1199.81
1199.81
1199.81
1199.81
1199.809
1199.809
1199.809
1199.809
1199.809
1199.808
1199.808
1199.808
1199.808
1199.807
1199.807
1199.807
1199.806
1199.806
1199.806
1199.805
1199.805
1199.805
1199.804
1199.804
1199.803
1199.803
1199.803
1199.802
1199.802
1199.801
1199.801
1199.8
1199.8
1199.799
1199.799
1199.798
1199.798
1199.797
1199.796
1199.796
1199.795
1199.795
1199.794
1199.793
1199.793
1199.792
1199.791
1199.79
1199.79
1199.789
1199.788
1199.787
1199.787
1199.786
1199.785
1199.784
1199.783
1199.782
1199.782
1199.781
1199.78
1199.779
1199.778
1199.607
1199.774
1199.828
1199.813
1199.806
1199.806
1199.805
1199.802
1199.8
1199.797
1199.794
1199.791
1199.787
1199.783
1199.779
1199.775
1199.77
1199.765
1199.76
1199.755
1199.749
1199.743
1199.737
1199.73
1199.723
1199.716
1199.709
1199.701
1199.694
1199.685
1199.677
1199.668
1199.659
1199.65
1199.641
1199.631
1199.621
1199.611
1199.6
1199.59
1199.579
1199.567
1199.556
1199.544
1199.532
1199.52
1199.507
1199.494
1199.481
1199.468
1199.454
1199.441
1199.427
1199.412
1199.398
1199.383
1199.368
1199.353
1199.337
1199.321
1199.305
1199.289
1199.272
1199.256
1199.239
1199.221
1199.204
1199.186
1199.168
1199.15
1199.131
1199.113
1199.094
1199.075
1199.055
1199.036
1199.016
1198.996
1198.975
1198.955
1198.934
1198.913
1198.892
1198.87
1198.849
1198.827
1198.805
1198.783
1198.76
1198.737
1198.715
1198.692
1198.669
1198.646
1198.623
1198.6
1198.577
1198.555
1198.534
1198.516
1199.255
1199.069
1198.771
1198.405
1198.047
1197.697
1197.346
1196.995
1196.644
1196.293
1195.943
1195.593
1195.244
1194.894
1194.545
1194.197
1193.848
1193.5
1193.152
1192.804
1192.457
1192.11
1191.763
1191.417
1191.07
1190.724
1190.379
1190.033
1189.688
1189.343
1188.998
1188.654
1188.309
1187.965
1187.622
1187.278
1186.935
1186.592
1186.249
1185.907
1185.564
1185.222
1184.881
1184.539
1184.198
1183.857
1183.516
1183.176
1182.835
1182.495
1182.155
1181.816
1181.477
1181.137
1180.799
1180.46
1180.122
1179.784
1179.446
1179.108
1178.771
1178.434
1178.097
1177.76
1177.424
1177.087
1176.752
1176.416
1176.08
1175.745
1175.41
1175.076
1174.741
1174.407
1174.073
1173.739
1173.406
1173.073
1172.74
1172.407
1172.075
1171.743
1171.411
1171.079
1170.748
1170.417
1170.086
1169.755
1169.425
1169.095
1168.765
1168.436
1168.107
1167.778
1167.45
1167.121
1166.793
1166.466
1166.138
1165.812
)
;

boundaryField
{
    bottomAir_bottom
    {
        type            symmetryPlane;
    }
    leftLet
    {
        type            fixedValue;
        value           uniform 1200;
    }
    rightLet
    {
        type            zeroGradient;
    }
    frontAndBack
    {
        type            empty;
    }
    bottomAir_to_wall
    {
        type            compressible::turbulentTemperatureCoupledBaffleMixed;
        refValue        nonuniform List<scalar> 
100
(
809.5751
809.5639
809.5427
809.5129
809.4761
809.4331
809.3848
809.3317
809.2743
809.2128
809.1478
809.0794
809.008
808.9337
808.8567
808.7773
808.6955
808.6116
808.5257
808.4379
808.3483
808.2571
808.1642
808.0699
807.9743
807.8773
807.7791
807.6797
807.5793
807.4779
807.3755
807.2723
807.1683
807.0635
806.958
806.8519
806.7452
806.6379
806.5302
806.422
806.3135
806.2046
806.0954
805.986
805.8764
805.7666
805.6567
805.5467
805.4367
805.3268
805.2168
805.107
804.9973
804.8878
804.7786
804.6696
804.5609
804.4526
804.3446
804.2372
804.1302
804.0237
803.9178
803.8125
803.708
803.6041
803.501
803.3987
803.2973
803.1968
803.0974
802.9989
802.9016
802.8054
802.7105
802.6169
802.5247
802.4339
802.3446
802.257
802.1711
802.087
802.0048
801.9246
801.8466
801.7709
801.6977
801.627
801.5591
801.4943
801.4326
801.3745
801.3201
801.2698
801.2242
801.1835
801.1486
801.1201
801.0992
801.0875
)
;
        refGradient     uniform 0;
        valueFraction   nonuniform List<scalar> 
100
(
0.9915014
0.9915014
0.9915014
0.9915014
0.9915014
0.9915014
0.9915014
0.9915014
0.9915014
0.9915014
0.9915014
0.9915014
0.9915014
0.9915014
0.9915014
0.9915014
0.9915014
0.9915014
0.9915014
0.9915014
0.9915014
0.9915014
0.9915014
0.9915014
0.9915014
0.9915014
0.9915014
0.9915014
0.9915014
0.9915014
0.9915014
0.9915014
0.9915014
0.9915014
0.9915014
0.9915014
0.9915014
0.9915014
0.9915014
0.9915014
0.9915014
0.9915014
0.9915014
0.9915014
0.9915014
0.9915014
0.9915014
0.9915014
0.9915014
0.9915014
0.9915014
0.9915014
0.9915014
0.9915014
0.9915014
0.9915014
0.9915014
0.9915014
0.9915014
0.9915014
0.9915014
0.9915014
0.9915014
0.9915014
0.9915014
0.9915014
0.9915014
0.9915014
0.9915014
0.9915014
0.9915014
0.9915014
0.9915014
0.9915014
0.9915014
0.9915014
0.9915014
0.9915014
0.9915014
0.9915014
0.9915014
0.9915014
0.9915014
0.9915014
0.9915014
0.9915014
0.9915014
0.9915014
0.9915014
0.9915014
0.9915014
0.9915014
0.9915014
0.9915014
0.9915014
0.9915014
0.9915014
0.9915014
0.9915014
0.9915014
)
;
        value           nonuniform List<scalar> 
100
(
812.8868
812.8742
812.8506
812.818
812.7784
812.7328
812.682
812.6263
812.5664
812.5025
812.435
812.3642
812.2904
812.2138
812.1345
812.0528
811.9688
811.8826
811.7945
811.7045
811.6127
811.5193
811.4243
811.3278
811.23
811.1309
811.0306
810.9292
810.8267
810.7232
810.6188
810.5135
810.4074
810.3006
810.1931
810.085
809.9762
809.867
809.7573
809.6471
809.5366
809.4257
809.3146
809.2032
809.0916
808.9798
808.868
808.756
808.6441
808.5321
808.4203
808.3085
808.1969
808.0854
807.9742
807.8633
807.7526
807.6424
807.5325
807.423
807.3141
807.2056
807.0978
806.9906
806.884
806.7782
806.6731
806.5688
806.4654
806.363
806.2615
806.161
806.0617
805.9635
805.8666
805.7709
805.6766
805.5838
805.4924
805.4027
805.3147
805.2285
805.1442
805.0619
804.9818
804.9039
804.8284
804.7556
804.6855
804.6184
804.5544
804.494
804.4372
804.3846
804.3366
804.2935
804.2561
804.2251
804.2015
804.1871
)
;
        Tnbr            T;
        thicknessLayers 0();
        kappaLayers     0();
        kappa           fluidThermo;
        kappaName       none;
    }
}


// ************************************************************************* //
