/*--------------------------------*- C++ -*----------------------------------*\
| =========                 |                                                 |
| \\      /  F ield         | OpenFOAM: The Open Source CFD Toolbox           |
|  \\    /   O peration     | Version:  2.3.0                                 |
|   \\  /    A nd           | Web:      www.OpenFOAM.org                      |
|    \\/     M anipulation  |                                                 |
\*---------------------------------------------------------------------------*/
FoamFile
{
    version     2.0;
    format      ascii;
    class       surfaceScalarField;
    location    "10000/topAir";
    object      phi;
}
// * * * * * * * * * * * * * * * * * * * * * * * * * * * * * * * * * * * * * //

dimensions      [1 0 -1 0 0 0 0];

internalField   nonuniform List<scalar> 
7860
(
0.009561973
4.801673e-06
0.009557743
4.232676e-06
0.00955437
3.374938e-06
0.009550915
3.457138e-06
0.009547316
3.600357e-06
0.009543674
3.643558e-06
0.009540002
3.672238e-06
0.009536298
3.704304e-06
0.009532566
3.73146e-06
0.009528813
3.752909e-06
0.009525043
3.770539e-06
0.009521257
3.785266e-06
0.009517459
3.797553e-06
0.009513651
3.80784e-06
0.009509835
3.816498e-06
0.009506011
3.823811e-06
0.00950218
3.830001e-06
0.009498345
3.835247e-06
0.009494505
3.839695e-06
0.009490661
3.843461e-06
0.009486815
3.846641e-06
0.009482965
3.849314e-06
0.009479113
3.851546e-06
0.00947526
3.853394e-06
0.009471405
3.854902e-06
0.009467548
3.856112e-06
0.009463691
3.857057e-06
0.009459833
3.857765e-06
0.009455975
3.858262e-06
0.009452116
3.85857e-06
0.009448257
3.858708e-06
0.009444399
3.858691e-06
0.00944054
3.858534e-06
0.009436682
3.858251e-06
0.009432824
3.857851e-06
0.009428966
3.857345e-06
0.009425109
3.856741e-06
0.009421253
3.856046e-06
0.009417398
3.855268e-06
0.009413543
3.854412e-06
0.00940969
3.853483e-06
0.009405837
3.852485e-06
0.009401986
3.851422e-06
0.009398135
3.850298e-06
0.009394286
3.849115e-06
0.009390438
3.847875e-06
0.009386592
3.84658e-06
0.009382746
3.845232e-06
0.009378902
3.843831e-06
0.00937506
3.842377e-06
0.009371219
3.840872e-06
0.00936738
3.839315e-06
0.009363542
3.837704e-06
0.009359706
3.83604e-06
0.009355872
3.83432e-06
0.009352039
3.832543e-06
0.009348208
3.830706e-06
0.009344379
3.828806e-06
0.009340552
3.82684e-06
0.009336728
3.824805e-06
0.009332905
3.822695e-06
0.009329084
3.820505e-06
0.009325266
3.818229e-06
0.00932145
3.815862e-06
0.009317637
3.813393e-06
0.009313826
3.810816e-06
0.009310018
3.80812e-06
0.009306212
3.805293e-06
0.00930241
3.802323e-06
0.009298611
3.799195e-06
0.009294815
3.795891e-06
0.009291023
3.792394e-06
0.009287234
3.78868e-06
0.009283449
3.784724e-06
0.009279669
3.780496e-06
0.009275893
3.775961e-06
0.009272122
3.771079e-06
0.009268356
3.765802e-06
0.009264596
3.760073e-06
0.009260842
3.753825e-06
0.009257095
3.746974e-06
0.009253355
3.739423e-06
0.009249624
3.731047e-06
0.009245903
3.721696e-06
0.009242191
3.711177e-06
0.009238492
3.699246e-06
0.009234806
3.685584e-06
0.009231137
3.66977e-06
0.009227485
3.651233e-06
0.009223856
3.629177e-06
0.009220254
3.602461e-06
0.009216684
3.56938e-06
0.009213157
3.527276e-06
0.009209685
3.471776e-06
0.00920629
3.395351e-06
0.009203006
3.283796e-06
0.009199895
3.111086e-06
0.00919708
2.815118e-06
0.009194776
2.304256e-06
1.16111e-06
0.009571846
6.635385e-07
0.009573399
2.682283e-06
0.009573883
2.893214e-06
0.009574384
2.958172e-06
0.009574848
3.138212e-06
0.009575225
3.267226e-06
0.009575544
3.353586e-06
0.009575824
3.424346e-06
0.009576073
3.482843e-06
0.009576295
3.530316e-06
0.009576496
3.569529e-06
0.009576679
3.602507e-06
0.009576845
3.630526e-06
0.009576999
3.65455e-06
0.009577139
3.675334e-06
0.00957727
3.693456e-06
0.00957739
3.709368e-06
0.009577502
3.723425e-06
0.009577605
3.735911e-06
0.009577701
3.747058e-06
0.009577791
3.757053e-06
0.009577874
3.766052e-06
0.009577951
3.774184e-06
0.009578023
3.781556e-06
0.009578089
3.788261e-06
0.009578151
3.794375e-06
0.009578208
3.799964e-06
0.00957826
3.805086e-06
0.009578308
3.809789e-06
0.009578353
3.814116e-06
0.009578393
3.818104e-06
0.00957843
3.821785e-06
0.009578463
3.825187e-06
0.009578493
3.828335e-06
0.00957852
3.831251e-06
0.009578543
3.833954e-06
0.009578563
3.836459e-06
0.00957858
3.838784e-06
0.009578595
3.840939e-06
0.009578606
3.842937e-06
0.009578615
3.844787e-06
0.00957862
3.846498e-06
0.009578624
3.848077e-06
0.009578624
3.849531e-06
0.009578623
3.850866e-06
0.009578618
3.852084e-06
0.009578612
3.853191e-06
0.009578603
3.854187e-06
0.009578591
3.855076e-06
0.009578578
3.855859e-06
0.009578562
3.856535e-06
0.009578544
3.857103e-06
0.009578524
3.857563e-06
0.009578502
3.857913e-06
0.009578479
3.858149e-06
0.009578453
3.858267e-06
0.009578425
3.858264e-06
0.009578396
3.858132e-06
0.009578365
3.857866e-06
0.009578332
3.857457e-06
0.009578298
3.856897e-06
0.009578262
3.856174e-06
0.009578225
3.855278e-06
0.009578187
3.854194e-06
0.009578147
3.852907e-06
0.009578107
3.851399e-06
0.009578065
3.849651e-06
0.009578023
3.84764e-06
0.00957798
3.84534e-06
0.009577936
3.842721e-06
0.009577892
3.839752e-06
0.009577848
3.836392e-06
0.009577804
3.832597e-06
0.009577761
3.828318e-06
0.009577718
3.823495e-06
0.009577675
3.818059e-06
0.009577635
3.811931e-06
0.009577595
3.805014e-06
0.009577558
3.797199e-06
0.009577524
3.78835e-06
0.009577492
3.778308e-06
0.009577465
3.766877e-06
0.009577442
3.753818e-06
0.009577425
3.738835e-06
0.009577414
3.721557e-06
0.009577412
3.701513e-06
0.00957742
3.678095e-06
0.009577439
3.650507e-06
0.009577472
3.617684e-06
0.009577523
3.578174e-06
0.009577596
3.529952e-06
0.009577695
3.470117e-06
0.009577828
3.394409e-06
0.009578003
3.296374e-06
0.009578233
3.166017e-06
0.009578529
2.987197e-06
0.009578906
2.734216e-06
0.00957936
2.361098e-06
0.009579861
1.803616e-06
8.975466e-07
0.00956897
9.681523e-07
0.00956978
1.873428e-06
0.0095704
2.276555e-06
0.009570862
2.498136e-06
0.009571275
2.726471e-06
0.009571639
2.904277e-06
0.009571962
3.031419e-06
0.009572254
3.13192e-06
0.009572523
3.214412e-06
0.009572771
3.282106e-06
0.009573002
3.338339e-06
0.009573218
3.385766e-06
0.009573422
3.426192e-06
0.009573616
3.460949e-06
0.0095738
3.491073e-06
0.009573976
3.517367e-06
0.009574144
3.540462e-06
0.009574307
3.56086e-06
0.009574463
3.578967e-06
0.009574615
3.595113e-06
0.009574762
3.609568e-06
0.009574906
3.622556e-06
0.009575045
3.634266e-06
0.009575182
3.644855e-06
0.009575316
3.654457e-06
0.009575447
3.663185e-06
0.009575575
3.671137e-06
0.009575702
3.678397e-06
0.009575826
3.685036e-06
0.009575949
3.691119e-06
0.009576071
3.6967e-06
0.00957619
3.701826e-06
0.009576309
3.706539e-06
0.009576426
3.710877e-06
0.009576543
3.714871e-06
0.009576658
3.71855e-06
0.009576772
3.721939e-06
0.009576886
3.72506e-06
0.009576999
3.727933e-06
0.009577111
3.730574e-06
0.009577223
3.732997e-06
0.009577334
3.735217e-06
0.009577445
3.737244e-06
0.009577555
3.739087e-06
0.009577665
3.740755e-06
0.009577775
3.742254e-06
0.009577885
3.74359e-06
0.009577994
3.744765e-06
0.009578103
3.745784e-06
0.009578212
3.746647e-06
0.009578321
3.747356e-06
0.009578431
3.747908e-06
0.00957854
3.748303e-06
0.009578649
3.748538e-06
0.009578759
3.748607e-06
0.009578868
3.748506e-06
0.009578978
3.748228e-06
0.009579089
3.747763e-06
0.009579199
3.747103e-06
0.009579311
3.746236e-06
0.009579422
3.745149e-06
0.009579535
3.743825e-06
0.009579648
3.742249e-06
0.009579761
3.7404e-06
0.009579876
3.738255e-06
0.009579992
3.735789e-06
0.009580108
3.732973e-06
0.009580226
3.729773e-06
0.009580345
3.726154e-06
0.009580466
3.72207e-06
0.009580588
3.717475e-06
0.009580712
3.712312e-06
0.009580838
3.706518e-06
0.009580967
3.700018e-06
0.009581097
3.692727e-06
0.009581231
3.684548e-06
0.009581367
3.675363e-06
0.009581507
3.665037e-06
0.009581651
3.653411e-06
0.009581799
3.640293e-06
0.009581952
3.625456e-06
0.00958211
3.608623e-06
0.009582274
3.589459e-06
0.009582446
3.56755e-06
0.009582625
3.542383e-06
0.009582813
3.513311e-06
0.009583012
3.47951e-06
0.009583222
3.439915e-06
0.009583447
3.393131e-06
0.009583688
3.337296e-06
0.009583948
3.269886e-06
0.00958423
3.18742e-06
0.00958454
3.085011e-06
0.00958488
2.955694e-06
0.009585257
2.789445e-06
0.009585672
2.571711e-06
0.009586125
2.281911e-06
0.009586595
1.891114e-06
0.009587032
1.365755e-06
6.765331e-07
0.009570028
6.259463e-07
0.009570439
1.464163e-06
0.009570798
1.920189e-06
0.009571119
2.179224e-06
0.009571436
2.411531e-06
0.009571737
2.604125e-06
0.009572016
2.752438e-06
0.009572276
2.871989e-06
0.009572519
2.971355e-06
0.009572747
3.054278e-06
0.009572961
3.124018e-06
0.009573163
3.183313e-06
0.009573355
3.234171e-06
0.009573538
3.278108e-06
0.009573712
3.316323e-06
0.00957388
3.349767e-06
0.009574041
3.379196e-06
0.009574196
3.40522e-06
0.009574347
3.428338e-06
0.009574493
3.448957e-06
0.009574635
3.467415e-06
0.009574773
3.483993e-06
0.009574908
3.498928e-06
0.00957504
3.512418e-06
0.00957517
3.524635e-06
0.009575297
3.535722e-06
0.009575422
3.545805e-06
0.009575546
3.55499e-06
0.009575667
3.563371e-06
0.009575787
3.571028e-06
0.009575906
3.578033e-06
0.009576023
3.584446e-06
0.009576139
3.590322e-06
0.009576254
3.595709e-06
0.009576368
3.600648e-06
0.009576482
3.605177e-06
0.009576594
3.609327e-06
0.009576706
3.613128e-06
0.009576817
3.616604e-06
0.009576928
3.619778e-06
0.009577038
3.622669e-06
0.009577148
3.625293e-06
0.009577257
3.627665e-06
0.009577367
3.629798e-06
0.009577476
3.631702e-06
0.009577584
3.633385e-06
0.009577693
3.634854e-06
0.009577802
3.636114e-06
0.00957791
3.63717e-06
0.009578019
3.638022e-06
0.009578128
3.638673e-06
0.009578236
3.63912e-06
0.009578345
3.639361e-06
0.009578454
3.639392e-06
0.009578564
3.639207e-06
0.009578673
3.6388e-06
0.009578783
3.638161e-06
0.009578894
3.637279e-06
0.009579005
3.636141e-06
0.009579116
3.634733e-06
0.009579228
3.633037e-06
0.009579341
3.631033e-06
0.009579454
3.628698e-06
0.009579569
3.626007e-06
0.009579684
3.622931e-06
0.0095798
3.619435e-06
0.009579918
3.615483e-06
0.009580037
3.611031e-06
0.009580157
3.606032e-06
0.009580278
3.600429e-06
0.009580402
3.594161e-06
0.009580527
3.587154e-06
0.009580654
3.579328e-06
0.009580783
3.570587e-06
0.009580915
3.560822e-06
0.00958105
3.549907e-06
0.009581187
3.537695e-06
0.009581328
3.524013e-06
0.009581473
3.50866e-06
0.009581622
3.491395e-06
0.009581776
3.471933e-06
0.009581934
3.449931e-06
0.009582099
3.424973e-06
0.00958227
3.396555e-06
0.009582448
3.364052e-06
0.009582635
3.32669e-06
0.009582831
3.283498e-06
0.009583037
3.233242e-06
0.009583256
3.174337e-06
0.009583489
3.104732e-06
0.009583737
3.021736e-06
0.009584002
2.921787e-06
0.009584287
2.800148e-06
0.009584592
2.650491e-06
0.009584917
2.464412e-06
0.009585258
2.23092e-06
0.009585604
1.936207e-06
0.009585931
1.564376e-06
0.009586197
1.099686e-06
5.420841e-07
0.00956989
6.612559e-07
0.009570123
1.233313e-06
0.009570438
1.606982e-06
0.009570743
1.876435e-06
0.00957104
2.116503e-06
0.009571324
2.320687e-06
0.009571592
2.485364e-06
0.009571843
2.620963e-06
0.009572079
2.734954e-06
0.009572302
2.831235e-06
0.009572513
2.913023e-06
0.009572713
2.983073e-06
0.009572904
3.04351e-06
0.009573085
3.095982e-06
0.00957326
3.141803e-06
0.009573427
3.182034e-06
0.009573589
3.217528e-06
0.009573745
3.248983e-06
0.009573896
3.276969e-06
0.009574043
3.301961e-06
0.009574185
3.324353e-06
0.009574325
3.344475e-06
0.009574461
3.362607e-06
0.009574594
3.378986e-06
0.009574725
3.393814e-06
0.009574853
3.407265e-06
0.009574979
3.419488e-06
0.009575103
3.430613e-06
0.009575226
3.440752e-06
0.009575347
3.450003e-06
0.009575466
3.458452e-06
0.009575584
3.466174e-06
0.009575701
3.473236e-06
0.009575817
3.479694e-06
0.009575932
3.485601e-06
0.009576046
3.491001e-06
0.00957616
3.495935e-06
0.009576272
3.500438e-06
0.009576384
3.50454e-06
0.009576496
3.508268e-06
0.009576607
3.511647e-06
0.009576717
3.514696e-06
0.009576827
3.517435e-06
0.009576937
3.519878e-06
0.009577047
3.522038e-06
0.009577156
3.523925e-06
0.009577265
3.525548e-06
0.009577375
3.526914e-06
0.009577484
3.528027e-06
0.009577593
3.528889e-06
0.009577702
3.529502e-06
0.009577811
3.529865e-06
0.00957792
3.529973e-06
0.00957803
3.529823e-06
0.00957814
3.529408e-06
0.00957825
3.528718e-06
0.00957836
3.527743e-06
0.009578471
3.52647e-06
0.009578582
3.524882e-06
0.009578694
3.522962e-06
0.009578806
3.520688e-06
0.009578919
3.518037e-06
0.009579033
3.51498e-06
0.009579147
3.511486e-06
0.009579263
3.50752e-06
0.009579379
3.503042e-06
0.009579496
3.498005e-06
0.009579615
3.492357e-06
0.009579735
3.486041e-06
0.009579856
3.478989e-06
0.009579979
3.471126e-06
0.009580104
3.462366e-06
0.009580231
3.452609e-06
0.00958036
3.441742e-06
0.009580491
3.429637e-06
0.009580625
3.416141e-06
0.009580761
3.401081e-06
0.009580901
3.384254e-06
0.009581044
3.365423e-06
0.009581191
3.344307e-06
0.009581343
3.320575e-06
0.009581499
3.293832e-06
0.00958166
3.263605e-06
0.009581827
3.229322e-06
0.009582001
3.190287e-06
0.009582182
3.145648e-06
0.009582371
3.094349e-06
0.009582569
3.035082e-06
0.009582777
2.966201e-06
0.009582996
2.885634e-06
0.009583227
2.790752e-06
0.009583471
2.678216e-06
0.009583727
2.543793e-06
0.009583996
2.382153e-06
0.009584273
2.186722e-06
0.009584554
1.949693e-06
0.009584828
1.662398e-06
0.009585076
1.316968e-06
0.009585268
9.078261e-07
4.453261e-07
0.009570339
4.869812e-07
0.009570551
1.023227e-06
0.009570783
1.377423e-06
0.009571018
1.643558e-06
0.009571253
1.882527e-06
0.009571486
2.08885e-06
0.009571712
2.260017e-06
0.009571929
2.403785e-06
0.009572138
2.526274e-06
0.009572338
2.63105e-06
0.00957253
2.721058e-06
0.009572714
2.798857e-06
0.009572891
2.866489e-06
0.009573061
2.925581e-06
0.009573225
2.977458e-06
0.009573384
3.023205e-06
0.009573537
3.063713e-06
0.009573686
3.099717e-06
0.009573831
3.131829e-06
0.009573972
3.160561e-06
0.00957411
3.186344e-06
0.009574245
3.209541e-06
0.009574377
3.230462e-06
0.009574506
3.249371e-06
0.009574633
3.266496e-06
0.009574758
3.282033e-06
0.009574882
3.29615e-06
0.009575003
3.308994e-06
0.009575123
3.320695e-06
0.009575241
3.331363e-06
0.009575359
3.341099e-06
0.009575475
3.349986e-06
0.00957559
3.358103e-06
0.009575704
3.365516e-06
0.009575817
3.372284e-06
0.00957593
3.37846e-06
0.009576041
3.384089e-06
0.009576152
3.389213e-06
0.009576263
3.393867e-06
0.009576373
3.398083e-06
0.009576483
3.401889e-06
0.009576592
3.405309e-06
0.009576701
3.408363e-06
0.00957681
3.41107e-06
0.009576918
3.413444e-06
0.009577027
3.415498e-06
0.009577135
3.417241e-06
0.009577243
3.418682e-06
0.009577351
3.419825e-06
0.009577459
3.420673e-06
0.009577568
3.421228e-06
0.009577676
3.421488e-06
0.009577785
3.421449e-06
0.009577893
3.421106e-06
0.009578002
3.420451e-06
0.009578111
3.419473e-06
0.009578221
3.418159e-06
0.009578331
3.416495e-06
0.009578441
3.414461e-06
0.009578552
3.412036e-06
0.009578664
3.409196e-06
0.009578776
3.405912e-06
0.009578888
3.402152e-06
0.009579002
3.39788e-06
0.009579116
3.393054e-06
0.009579232
3.387627e-06
0.009579348
3.381547e-06
0.009579466
3.374753e-06
0.009579585
3.367177e-06
0.009579705
3.358743e-06
0.009579827
3.349364e-06
0.00957995
3.338939e-06
0.009580075
3.327358e-06
0.009580202
3.314489e-06
0.009580332
3.300186e-06
0.009580464
3.284277e-06
0.009580598
3.266567e-06
0.009580736
3.246828e-06
0.009580876
3.224794e-06
0.00958102
3.200155e-06
0.009581168
3.172546e-06
0.009581321
3.141537e-06
0.009581478
3.106615e-06
0.00958164
3.067168e-06
0.009581808
3.022464e-06
0.009581982
2.971613e-06
0.009582162
2.913542e-06
0.00958235
2.846937e-06
0.009582546
2.770196e-06
0.009582751
2.681351e-06
0.009582963
2.577996e-06
0.009583184
2.457195e-06
0.009583413
2.315407e-06
0.009583646
2.148438e-06
0.009583882
1.951482e-06
0.009584112
1.719377e-06
0.009584327
1.447114e-06
0.009584513
1.131338e-06
0.00958465
7.71018e-07
3.765373e-07
0.009570372
4.787945e-07
0.009570493
9.045334e-07
0.009570667
1.205638e-06
0.009570858
1.454806e-06
0.009571059
1.683076e-06
0.009571265
1.883886e-06
0.00957147
2.055149e-06
0.009571672
2.202246e-06
0.009571868
2.32964e-06
0.009572059
2.440154e-06
0.009572244
2.536247e-06
0.009572422
2.620135e-06
0.009572595
2.693665e-06
0.009572762
2.758357e-06
0.009572924
2.815483e-06
0.009573081
2.866106e-06
0.009573233
2.911117e-06
0.009573381
2.951264e-06
0.009573526
2.987178e-06
0.009573667
3.019391e-06
0.009573804
3.048358e-06
0.009573939
3.074465e-06
0.009574071
3.098044e-06
0.009574201
3.119381e-06
0.009574329
3.138722e-06
0.009574454
3.156281e-06
0.009574578
3.172243e-06
0.0095747
3.186771e-06
0.009574821
3.200006e-06
0.00957494
3.212073e-06
0.009575058
3.223082e-06
0.009575175
3.233129e-06
0.00957529
3.242299e-06
0.009575405
3.250667e-06
0.009575519
3.258301e-06
0.009575632
3.265258e-06
0.009575744
3.271592e-06
0.009575856
3.277348e-06
0.009575967
3.282567e-06
0.009576078
3.287285e-06
0.009576188
3.291533e-06
0.009576298
3.295338e-06
0.009576408
3.298725e-06
0.009576517
3.301713e-06
0.009576626
3.304319e-06
0.009576735
3.306559e-06
0.009576844
3.308442e-06
0.009576952
3.309978e-06
0.009577061
3.311173e-06
0.00957717
3.31203e-06
0.009577278
3.31255e-06
0.009577387
3.312732e-06
0.009577496
3.312572e-06
0.009577605
3.312063e-06
0.009577714
3.311196e-06
0.009577823
3.30996e-06
0.009577933
3.30834e-06
0.009578043
3.306318e-06
0.009578154
3.303874e-06
0.009578265
3.300984e-06
0.009578377
3.297619e-06
0.009578489
3.293748e-06
0.009578601
3.289334e-06
0.009578715
3.284337e-06
0.009578829
3.278709e-06
0.009578944
3.272399e-06
0.009579061
3.265346e-06
0.009579178
3.257483e-06
0.009579296
3.248735e-06
0.009579416
3.239016e-06
0.009579537
3.228229e-06
0.00957966
3.216263e-06
0.009579784
3.202995e-06
0.00957991
3.188282e-06
0.009580038
3.17196e-06
0.009580169
3.153845e-06
0.009580302
3.133723e-06
0.009580437
3.111347e-06
0.009580575
3.086432e-06
0.009580717
3.058647e-06
0.009580862
3.027605e-06
0.009581011
2.992856e-06
0.009581163
2.953867e-06
0.00958132
2.910012e-06
0.009581482
2.860548e-06
0.009581649
2.804591e-06
0.009581822
2.741091e-06
0.009582
2.668793e-06
0.009582184
2.586198e-06
0.009582374
2.491526e-06
0.009582569
2.382666e-06
0.009582769
2.257148e-06
0.009582972
2.11213e-06
0.009583176
1.944443e-06
0.009583377
1.750719e-06
0.009583569
1.527709e-06
0.009583743
1.272771e-06
0.009583889
9.850299e-07
0.009583995
6.656126e-07
3.237124e-07
0.00957061
3.98141e-07
0.009570729
7.883681e-07
0.009570875
1.061549e-06
0.009571039
1.293334e-06
0.009571213
1.510694e-06
0.009571392
1.705429e-06
0.009571573
1.874861e-06
0.009571752
2.022852e-06
0.009571929
2.15272e-06
0.009572102
2.266678e-06
0.009572272
2.366773e-06
0.009572437
2.454913e-06
0.009572598
2.532744e-06
0.009572754
2.60166e-06
0.009572906
2.662851e-06
0.009573055
2.717335e-06
0.0095732
2.765976e-06
0.009573341
2.809514e-06
0.00957348
2.848576e-06
0.009573615
2.883704e-06
0.009573748
2.915361e-06
0.009573878
2.943945e-06
0.009574006
2.969801e-06
0.009574132
2.993228e-06
0.009574257
3.014485e-06
0.009574379
3.033799e-06
0.0095745
3.051368e-06
0.009574619
3.067364e-06
0.009574737
3.081942e-06
0.009574853
3.095234e-06
0.009574969
3.107359e-06
0.009575084
3.118422e-06
0.009575197
3.128515e-06
0.00957531
3.137721e-06
0.009575422
3.146112e-06
0.009575534
3.153754e-06
0.009575644
3.160702e-06
0.009575755
3.167009e-06
0.009575864
3.172717e-06
0.009575974
3.177868e-06
0.009576083
3.182496e-06
0.009576191
3.18663e-06
0.0095763
3.190297e-06
0.009576408
3.19352e-06
0.009576516
3.196317e-06
0.009576624
3.198703e-06
0.009576731
3.200692e-06
0.009576839
3.202293e-06
0.009576946
3.203513e-06
0.009577054
3.204355e-06
0.009577162
3.204821e-06
0.00957727
3.204909e-06
0.009577377
3.204614e-06
0.009577486
3.20393e-06
0.009577594
3.202846e-06
0.009577702
3.20135e-06
0.009577811
3.199425e-06
0.009577921
3.197051e-06
0.00957803
3.194207e-06
0.00957814
3.190864e-06
0.009578251
3.186993e-06
0.009578362
3.182558e-06
0.009578474
3.17752e-06
0.009578586
3.171832e-06
0.0095787
3.165445e-06
0.009578814
3.158299e-06
0.009578929
3.15033e-06
0.009579045
3.141465e-06
0.009579162
3.13162e-06
0.00957928
3.120704e-06
0.0095794
3.10861e-06
0.009579521
3.09522e-06
0.009579643
3.0804e-06
0.009579767
3.063997e-06
0.009579893
3.045837e-06
0.009580022
3.025723e-06
0.009580152
3.003428e-06
0.009580284
2.978695e-06
0.00958042
2.951226e-06
0.009580558
2.920678e-06
0.009580699
2.886654e-06
0.009580843
2.848695e-06
0.00958099
2.806268e-06
0.009581141
2.758749e-06
0.009581297
2.705412e-06
0.009581456
2.645407e-06
0.009581619
2.577741e-06
0.009581787
2.501254e-06
0.009581958
2.414597e-06
0.009582133
2.31621e-06
0.009582312
2.204309e-06
0.009582492
2.076887e-06
0.009582672
1.931749e-06
0.00958285
1.76659e-06
0.009583022
1.57916e-06
0.009583182
1.367552e-06
0.009583324
1.130592e-06
0.00958344
8.686447e-07
0.009583522
5.835771e-07
2.827435e-07
0.009570703
3.74e-07
0.009570784
7.092196e-07
0.009570897
9.505656e-07
0.009571028
1.164726e-06
0.009571172
1.368605e-06
0.009571324
1.553695e-06
0.009571482
1.717466e-06
0.009571642
1.862742e-06
0.009571803
1.991908e-06
0.009571963
2.106587e-06
0.009572122
2.208379e-06
0.009572277
2.298846e-06
0.009572431
2.379378e-06
0.009572581
2.451189e-06
0.009572728
2.515344e-06
0.009572872
2.572774e-06
0.009573014
2.624286e-06
0.009573153
2.670581e-06
0.009573289
2.712265e-06
0.009573422
2.749867e-06
0.009573554
2.783843e-06
0.009573683
2.814594e-06
0.00957381
2.842466e-06
0.009573935
2.867764e-06
0.009574059
2.890753e-06
0.009574181
2.911667e-06
0.009574301
2.930712e-06
0.00957442
2.948068e-06
0.009574538
2.963895e-06
0.009574655
2.978334e-06
0.009574771
2.991511e-06
0.009574886
3.003537e-06
0.009574999
3.01451e-06
0.009575113
3.024518e-06
0.009575225
3.033638e-06
0.009575337
3.04194e-06
0.009575448
3.049486e-06
0.009575558
3.05633e-06
0.009575668
3.06252e-06
0.009575778
3.068099e-06
0.009575887
3.073104e-06
0.009575996
3.077568e-06
0.009576105
3.081519e-06
0.009576214
3.084982e-06
0.009576322
3.087977e-06
0.00957643
3.090521e-06
0.009576538
3.092629e-06
0.009576646
3.094309e-06
0.009576754
3.09557e-06
0.009576862
3.096416e-06
0.00957697
3.096847e-06
0.009577078
3.096863e-06
0.009577186
3.096459e-06
0.009577294
3.095626e-06
0.009577403
3.094353e-06
0.009577511
3.092628e-06
0.00957762
3.090432e-06
0.009577729
3.087744e-06
0.009577839
3.084539e-06
0.009577949
3.080788e-06
0.00957806
3.076459e-06
0.009578171
3.071512e-06
0.009578282
3.065906e-06
0.009578394
3.05959e-06
0.009578507
3.052511e-06
0.009578621
3.044605e-06
0.009578735
3.035804e-06
0.009578851
3.026029e-06
0.009578967
3.015191e-06
0.009579085
3.003192e-06
0.009579203
2.98992e-06
0.009579323
2.975249e-06
0.009579445
2.959038e-06
0.009579568
2.941127e-06
0.009579692
2.921335e-06
0.009579818
2.899457e-06
0.009579946
2.875259e-06
0.009580077
2.848476e-06
0.009580209
2.818805e-06
0.009580344
2.7859e-06
0.009580481
2.749364e-06
0.009580621
2.708742e-06
0.009580764
2.663511e-06
0.009580909
2.613069e-06
0.009581058
2.556723e-06
0.00958121
2.493679e-06
0.009581364
2.423022e-06
0.009581522
2.34371e-06
0.009581682
2.25456e-06
0.009581844
2.154244e-06
0.009582007
2.041294e-06
0.00958217
1.914124e-06
0.00958233
1.771085e-06
0.009582486
1.610558e-06
0.009582634
1.431107e-06
0.00958277
1.231722e-06
0.009582889
1.012102e-06
0.009582984
7.732042e-07
0.009583051
5.170852e-07
2.496436e-07
0.009570853
3.294371e-07
0.009570929
6.351746e-07
0.009571028
8.541337e-07
0.009571144
1.051245e-06
0.009571272
1.241824e-06
0.009571409
1.4173e-06
0.009571552
1.574893e-06
0.009571699
1.71659e-06
0.009571847
1.844052e-06
0.009571995
1.958403e-06
0.009572142
2.060854e-06
0.009572288
2.152658e-06
0.009572432
2.234972e-06
0.009572574
2.30884e-06
0.009572714
2.375202e-06
0.009572852
2.4349e-06
0.009572987
2.488677e-06
0.00957312
2.53719e-06
0.009573252
2.581016e-06
0.00957338
2.620665e-06
0.009573508
2.656582e-06
0.009573633
2.689161e-06
0.009573756
2.718748e-06
0.009573878
2.745646e-06
0.009573999
2.770124e-06
0.009574118
2.79242e-06
0.009574236
2.812744e-06
0.009574352
2.831281e-06
0.009574468
2.848197e-06
0.009574582
2.863637e-06
0.009574696
2.877733e-06
0.009574809
2.8906e-06
0.009574921
2.902342e-06
0.009575032
2.913051e-06
0.009575143
2.922808e-06
0.009575253
2.931687e-06
0.009575363
2.939753e-06
0.009575472
2.947064e-06
0.009575581
2.953671e-06
0.009575689
2.959619e-06
0.009575797
2.964948e-06
0.009575905
2.969693e-06
0.009576013
2.973884e-06
0.00957612
2.977548e-06
0.009576227
2.980706e-06
0.009576334
2.983376e-06
0.009576441
2.985574e-06
0.009576548
2.987309e-06
0.009576655
2.988591e-06
0.009576762
2.989423e-06
0.009576869
2.989806e-06
0.009576976
2.98974e-06
0.009577083
2.989219e-06
0.009577191
2.988234e-06
0.009577298
2.986774e-06
0.009577406
2.984824e-06
0.009577514
2.982365e-06
0.009577622
2.979375e-06
0.009577731
2.975827e-06
0.00957784
2.97169e-06
0.00957795
2.966929e-06
0.009578059
2.961504e-06
0.00957817
2.955368e-06
0.009578281
2.94847e-06
0.009578393
2.940751e-06
0.009578505
2.932147e-06
0.009578618
2.922583e-06
0.009578732
2.911977e-06
0.009578847
2.900236e-06
0.009578963
2.887258e-06
0.00957908
2.872925e-06
0.009579198
2.857108e-06
0.009579318
2.83966e-06
0.009579438
2.820416e-06
0.009579561
2.799192e-06
0.009579684
2.775777e-06
0.009579809
2.749935e-06
0.009579937
2.721401e-06
0.009580065
2.68987e-06
0.009580196
2.655002e-06
0.009580329
2.616406e-06
0.009580464
2.573641e-06
0.009580602
2.526206e-06
0.009580741
2.473532e-06
0.009580883
2.414972e-06
0.009581027
2.349798e-06
0.009581173
2.277189e-06
0.00958132
2.19623e-06
0.009581469
2.105904e-06
0.009581618
2.005107e-06
0.009581766
1.892659e-06
0.009581913
1.767338e-06
0.009582056
1.627942e-06
0.009582193
1.473376e-06
0.009582322
1.302785e-06
0.009582438
1.115741e-06
0.009582537
9.124383e-07
0.009582616
6.940577e-07
0.009582671
4.625531e-07
2.225858e-07
0.00957095
3.053137e-07
0.00957101
5.778384e-07
0.009571091
7.754343e-07
0.009571187
9.574501e-07
0.009571295
1.135252e-06
0.009571413
1.300581e-06
0.009571537
1.4508e-06
0.009571666
1.587364e-06
0.009571799
1.711432e-06
0.009571934
1.823765e-06
0.009572069
1.925265e-06
0.009572205
2.016919e-06
0.00957234
2.099672e-06
0.009572474
2.1744e-06
0.009572607
2.241914e-06
0.009572739
2.302954e-06
0.009572869
2.358189e-06
0.009572998
2.408217e-06
0.009573125
2.453575e-06
0.009573251
2.494741e-06
0.009573375
2.532139e-06
0.009573498
2.566146e-06
0.009573619
2.597099e-06
0.009573739
2.625295e-06
0.009573858
2.651e-06
0.009573976
2.674449e-06
0.009574093
2.695853e-06
0.009574209
2.715397e-06
0.009574323
2.733251e-06
0.009574437
2.749561e-06
0.00957455
2.764461e-06
0.009574663
2.77807e-06
0.009574775
2.790495e-06
0.009574886
2.80183e-06
0.009574996
2.812159e-06
0.009575106
2.821559e-06
0.009575216
2.830098e-06
0.009575325
2.837836e-06
0.009575434
2.844825e-06
0.009575542
2.851114e-06
0.00957565
2.856745e-06
0.009575758
2.861753e-06
0.009575866
2.86617e-06
0.009575973
2.870025e-06
0.009576081
2.87334e-06
0.009576188
2.876134e-06
0.009576295
2.878422e-06
0.009576402
2.880217e-06
0.009576509
2.881526e-06
0.009576616
2.882355e-06
0.009576723
2.882704e-06
0.00957683
2.882572e-06
0.009576937
2.881953e-06
0.009577045
2.880839e-06
0.009577152
2.879217e-06
0.00957726
2.877072e-06
0.009577368
2.874383e-06
0.009577476
2.871127e-06
0.009577585
2.867275e-06
0.009577693
2.862797e-06
0.009577803
2.857654e-06
0.009577912
2.851804e-06
0.009578022
2.845199e-06
0.009578133
2.837785e-06
0.009578244
2.829501e-06
0.009578356
2.820279e-06
0.009578469
2.810043e-06
0.009578582
2.798707e-06
0.009578696
2.786175e-06
0.009578811
2.772341e-06
0.009578927
2.757086e-06
0.009579043
2.740276e-06
0.009579161
2.721763e-06
0.00957928
2.701379e-06
0.009579401
2.678938e-06
0.009579522
2.65423e-06
0.009579645
2.627019e-06
0.009579769
2.597043e-06
0.009579895
2.564003e-06
0.009580023
2.527568e-06
0.009580152
2.487362e-06
0.009580282
2.442964e-06
0.009580415
2.393903e-06
0.009580548
2.339649e-06
0.009580684
2.279611e-06
0.00958082
2.213135e-06
0.009580958
2.139495e-06
0.009581096
2.057902e-06
0.009581235
1.967501e-06
0.009581372
1.86739e-06
0.009581508
1.756641e-06
0.009581641
1.634332e-06
0.00958177
1.499614e-06
0.009581891
1.351779e-06
0.009582004
1.190374e-06
0.009582104
1.015337e-06
0.009582189
8.271305e-07
0.009582256
6.269761e-07
0.009582302
4.166422e-07
1.998739e-07
0.009571061
2.762767e-07
0.009571115
5.256094e-07
0.009571187
7.060994e-07
0.009571272
8.739332e-07
0.00957137
1.039417e-06
0.009571477
1.194751e-06
0.00957159
1.337368e-06
0.00957171
1.468322e-06
0.009571833
1.588395e-06
0.009571958
1.69805e-06
0.009572085
1.797922e-06
0.009572213
1.888764e-06
0.009572342
1.971325e-06
0.009572469
2.046324e-06
0.009572597
2.114447e-06
0.009572723
2.176334e-06
0.009572849
2.232577e-06
0.009572973
2.283715e-06
0.009573096
2.330239e-06
0.009573218
2.372593e-06
0.009573339
2.411175e-06
0.009573458
2.446345e-06
0.009573577
2.478426e-06
0.009573694
2.507706e-06
0.00957381
2.534443e-06
0.009573926
2.558871e-06
0.00957404
2.581197e-06
0.009574154
2.601606e-06
0.009574267
2.620268e-06
0.009574379
2.63733e-06
0.00957449
2.652928e-06
0.009574601
2.667183e-06
0.009574711
2.680201e-06
0.009574821
2.692081e-06
0.00957493
2.70291e-06
0.009575039
2.712765e-06
0.009575147
2.721715e-06
0.009575255
2.729824e-06
0.009575363
2.737146e-06
0.00957547
2.743731e-06
0.009575577
2.749621e-06
0.009575684
2.754856e-06
0.00957579
2.759467e-06
0.009575897
2.763483e-06
0.009576003
2.766929e-06
0.009576109
2.769825e-06
0.009576216
2.772186e-06
0.009576322
2.774024e-06
0.009576428
2.775349e-06
0.009576534
2.776165e-06
0.00957664
2.776475e-06
0.009576746
2.776274e-06
0.009576853
2.77556e-06
0.009576959
2.774321e-06
0.009577066
2.772545e-06
0.009577173
2.770217e-06
0.00957728
2.767314e-06
0.009577387
2.763813e-06
0.009577495
2.759684e-06
0.009577602
2.754894e-06
0.009577711
2.749405e-06
0.009577819
2.743172e-06
0.009577928
2.736145e-06
0.009578038
2.72827e-06
0.009578148
2.719482e-06
0.009578258
2.709713e-06
0.009578369
2.698884e-06
0.009578481
2.686907e-06
0.009578594
2.673684e-06
0.009578707
2.659109e-06
0.009578821
2.643059e-06
0.009578936
2.625401e-06
0.009579051
2.605984e-06
0.009579168
2.584642e-06
0.009579286
2.561189e-06
0.009579405
2.535418e-06
0.009579525
2.507099e-06
0.009579646
2.475973e-06
0.009579768
2.441755e-06
0.009579891
2.404124e-06
0.009580016
2.362725e-06
0.009580142
2.317163e-06
0.009580269
2.267e-06
0.009580396
2.211752e-06
0.009580525
2.150888e-06
0.009580654
2.083826e-06
0.009580784
2.009938e-06
0.009580913
1.928551e-06
0.009581042
1.838961e-06
0.009581169
1.740442e-06
0.009581293
1.632277e-06
0.009581414
1.51379e-06
0.009581529
1.3844e-06
0.009581637
1.243683e-06
0.009581736
1.091458e-06
0.009581823
9.27885e-07
0.009581897
7.535497e-07
0.009581954
5.696221e-07
0.009581993
3.776513e-07
1.806451e-07
0.009571149
2.55475e-07
0.009571194
4.819748e-07
0.009571256
6.468926e-07
0.00957133
8.022095e-07
0.009571415
9.564042e-07
0.009571508
1.102176e-06
0.009571609
1.23714e-06
0.009571715
1.362084e-06
0.009571826
1.477526e-06
0.00957194
1.58372e-06
0.009572057
1.681105e-06
0.009572175
1.77025e-06
0.009572295
1.851746e-06
0.009572414
1.926178e-06
0.009572535
1.99412e-06
0.009572655
2.056123e-06
0.009572774
2.112702e-06
0.009572893
2.164338e-06
0.009573012
2.211474e-06
0.00957313
2.254517e-06
0.009573247
2.293835e-06
0.009573363
2.329766e-06
0.009573479
2.362614e-06
0.009573594
2.392655e-06
0.009573708
2.420138e-06
0.009573821
2.445287e-06
0.009573934
2.468305e-06
0.009574046
2.489375e-06
0.009574158
2.508662e-06
0.009574268
2.526314e-06
0.009574379
2.542465e-06
0.009574489
2.557235e-06
0.009574598
2.570733e-06
0.009574707
2.583056e-06
0.009574815
2.594293e-06
0.009574924
2.604522e-06
0.009575031
2.613813e-06
0.009575139
2.622231e-06
0.009575246
2.629831e-06
0.009575353
2.636664e-06
0.00957546
2.642774e-06
0.009575566
2.648199e-06
0.009575673
2.652974e-06
0.009575779
2.657128e-06
0.009575885
2.660686e-06
0.009575991
2.663668e-06
0.009576097
2.666091e-06
0.009576203
2.667967e-06
0.009576309
2.669305e-06
0.009576415
2.670111e-06
0.009576522
2.670385e-06
0.009576628
2.670126e-06
0.009576734
2.669328e-06
0.00957684
2.667982e-06
0.009576947
2.666073e-06
0.009577053
2.663586e-06
0.00957716
2.660499e-06
0.009577267
2.656786e-06
0.009577374
2.652418e-06
0.009577482
2.64736e-06
0.009577589
2.641572e-06
0.009577698
2.63501e-06
0.009577806
2.627623e-06
0.009577915
2.619353e-06
0.009578024
2.610137e-06
0.009578134
2.599904e-06
0.009578244
2.588573e-06
0.009578355
2.576058e-06
0.009578467
2.562258e-06
0.009578579
2.547066e-06
0.009578691
2.530361e-06
0.009578805
2.512009e-06
0.009578919
2.49186e-06
0.009579034
2.469751e-06
0.009579149
2.445498e-06
0.009579266
2.418901e-06
0.009579383
2.389734e-06
0.009579501
2.357751e-06
0.00957962
2.322677e-06
0.00957974
2.284211e-06
0.009579861
2.242019e-06
0.009579982
2.195735e-06
0.009580104
2.144959e-06
0.009580227
2.089253e-06
0.009580349
2.028145e-06
0.009580472
1.961127e-06
0.009580594
1.88766e-06
0.009580716
1.807182e-06
0.009580836
1.719117e-06
0.009580953
1.622893e-06
0.009581067
1.517967e-06
0.009581177
1.403856e-06
0.009581282
1.280181e-06
0.009581378
1.146722e-06
0.009581466
1.003475e-06
0.009581544
8.507275e-07
0.009581608
6.891119e-07
0.009581658
5.197071e-07
0.009581692
3.438583e-07
1.64028e-07
0.009571237
2.342778e-07
0.009571278
4.425031e-07
0.009571334
5.941146e-07
0.0095714
7.378383e-07
0.009571477
8.813593e-07
0.009571562
1.017898e-06
0.009571654
1.145233e-06
0.009571752
1.263967e-06
0.009571856
1.374435e-06
0.009571962
1.476738e-06
0.009572072
1.571159e-06
0.009572184
1.658113e-06
0.009572298
1.738054e-06
0.009572412
1.811447e-06
0.009572527
1.878764e-06
0.009572643
1.940467e-06
0.009572758
1.997001e-06
0.009572874
2.048787e-06
0.009572989
2.096218e-06
0.009573103
2.139662e-06
0.009573217
2.179458e-06
0.009573331
2.215916e-06
0.009573444
2.249321e-06
0.009573557
2.279934e-06
0.009573669
2.307991e-06
0.00957378
2.333708e-06
0.009573891
2.357281e-06
0.009574001
2.378887e-06
0.009574111
2.398687e-06
0.00957422
2.416826e-06
0.009574329
2.433438e-06
0.009574438
2.448642e-06
0.009574546
2.462544e-06
0.009574654
2.475244e-06
0.009574761
2.486828e-06
0.009574868
2.497377e-06
0.009574975
2.50696e-06
0.009575081
2.515643e-06
0.009575188
2.523482e-06
0.009575294
2.530528e-06
0.009575399
2.536825e-06
0.009575505
2.542415e-06
0.009575611
2.547331e-06
0.009575716
2.551602e-06
0.009575822
2.555255e-06
0.009575927
2.55831e-06
0.009576032
2.560785e-06
0.009576137
2.562691e-06
0.009576243
2.564038e-06
0.009576348
2.564832e-06
0.009576453
2.565074e-06
0.009576558
2.564762e-06
0.009576664
2.56389e-06
0.009576769
2.562448e-06
0.009576875
2.560422e-06
0.009576981
2.557796e-06
0.009577087
2.554548e-06
0.009577193
2.550652e-06
0.009577299
2.546076e-06
0.009577405
2.540788e-06
0.009577512
2.534745e-06
0.009577619
2.527902e-06
0.009577727
2.520208e-06
0.009577834
2.511605e-06
0.009577943
2.50203e-06
0.009578051
2.491409e-06
0.00957816
2.479663e-06
0.009578269
2.466703e-06
0.009578379
2.452433e-06
0.009578489
2.436743e-06
0.0095786
2.419513e-06
0.009578711
2.400612e-06
0.009578823
2.379894e-06
0.009578936
2.357197e-06
0.009579049
2.332344e-06
0.009579163
2.305141e-06
0.009579277
2.275372e-06
0.009579392
2.242803e-06
0.009579508
2.207174e-06
0.009579624
2.168202e-06
0.00957974
2.12558e-06
0.009579857
2.078971e-06
0.009579974
2.028014e-06
0.009580091
1.972318e-06
0.009580207
1.911467e-06
0.009580323
1.845024e-06
0.009580438
1.772532e-06
0.009580552
1.693525e-06
0.009580664
1.607541e-06
0.009580772
1.514136e-06
0.009580877
1.412906e-06
0.009580978
1.30352e-06
0.009581072
1.18575e-06
0.009581159
1.059514e-06
0.009581238
9.249252e-07
0.009581306
7.823367e-07
0.009581363
6.32377e-07
0.009581407
4.76019e-07
0.009581436
3.144202e-07
1.495972e-07
0.009571314
2.16881e-07
0.00957135
4.08025e-07
0.009571399
5.476134e-07
0.009571458
6.809368e-07
0.009571526
8.146887e-07
0.009571602
9.425796e-07
0.009571686
1.062572e-06
0.009571775
1.175142e-06
0.009571868
1.280493e-06
0.009571966
1.378619e-06
0.009572068
1.469687e-06
0.009572172
1.553995e-06
0.009572278
1.631886e-06
0.009572385
1.703729e-06
0.009572494
1.769908e-06
0.009572603
1.83081e-06
0.009572713
1.886816e-06
0.009572824
1.938292e-06
0.009572934
1.985587e-06
0.009573044
2.02903e-06
0.009573155
2.068929e-06
0.009573265
2.105569e-06
0.009573375
2.139214e-06
0.009573484
2.170107e-06
0.009573594
2.198472e-06
0.009573703
2.224514e-06
0.009573811
2.248419e-06
0.00957392
2.270358e-06
0.009574028
2.290487e-06
0.009574136
2.308948e-06
0.009574243
2.325869e-06
0.00957435
2.341368e-06
0.009574457
2.355551e-06
0.009574564
2.368514e-06
0.00957467
2.380344e-06
0.009574776
2.391121e-06
0.009574882
2.400914e-06
0.009574988
2.409787e-06
0.009575094
2.417799e-06
0.009575199
2.424999e-06
0.009575304
2.431433e-06
0.00957541
2.437141e-06
0.009575515
2.442158e-06
0.00957562
2.446513e-06
0.009575725
2.450232e-06
0.00957583
2.453337e-06
0.009575934
2.455844e-06
0.009576039
2.457766e-06
0.009576144
2.459113e-06
0.009576249
2.459889e-06
0.009576354
2.460098e-06
0.009576459
2.459735e-06
0.009576564
2.458796e-06
0.009576669
2.45727e-06
0.009576774
2.455144e-06
0.00957688
2.4524e-06
0.009576985
2.449016e-06
0.009577091
2.444965e-06
0.009577197
2.440218e-06
0.009577303
2.434739e-06
0.009577409
2.428486e-06
0.009577515
2.421415e-06
0.009577622
2.413473e-06
0.009577729
2.404603e-06
0.009577836
2.39474e-06
0.009577944
2.383813e-06
0.009578052
2.371741e-06
0.00957816
2.358438e-06
0.009578269
2.343807e-06
0.009578378
2.32774e-06
0.009578487
2.310121e-06
0.009578597
2.290819e-06
0.009578707
2.269693e-06
0.009578818
2.246588e-06
0.009578928
2.221333e-06
0.00957904
2.193741e-06
0.009579152
2.163608e-06
0.009579264
2.130713e-06
0.009579376
2.094813e-06
0.009579489
2.055647e-06
0.009579601
2.012931e-06
0.009579714
1.966362e-06
0.009579826
1.915615e-06
0.009579938
1.860344e-06
0.009580049
1.800188e-06
0.00958016
1.734773e-06
0.009580268
1.663717e-06
0.009580375
1.586638e-06
0.00958048
1.503171e-06
0.009580581
1.412975e-06
0.009580678
1.315761e-06
0.00958077
1.21131e-06
0.009580856
1.099505e-06
0.009580935
9.803613e-07
0.009581006
8.540611e-07
0.009581068
7.209861e-07
0.009581118
5.817375e-07
0.009581157
4.371839e-07
0.009581183
2.883238e-07
1.368414e-07
0.009571387
2.002443e-07
0.00957142
3.767183e-07
0.009571464
5.056621e-07
0.009571518
6.293812e-07
0.00957158
7.539779e-07
0.00957165
8.736313e-07
0.009571727
9.864684e-07
0.009571809
1.092881e-06
0.009571897
1.192985e-06
0.009571989
1.286706e-06
0.009572084
1.374125e-06
0.009572182
1.455448e-06
0.009572283
1.530929e-06
0.009572386
1.600855e-06
0.00957249
1.665535e-06
0.009572595
1.725288e-06
0.009572701
1.780436e-06
0.009572808
1.831293e-06
0.009572915
1.878165e-06
0.009573023
1.921342e-06
0.00957313
1.961102e-06
0.009573238
1.997703e-06
0.009573346
2.031386e-06
0.009573453
2.062378e-06
0.009573561
2.090887e-06
0.009573668
2.117104e-06
0.009573775
2.141208e-06
0.009573882
2.16336e-06
0.009573988
2.18371e-06
0.009574095
2.202394e-06
0.009574201
2.219537e-06
0.009574307
2.235253e-06
0.009574413
2.249646e-06
0.009574518
2.262809e-06
0.009574624
2.274829e-06
0.009574729
2.285783e-06
0.009574834
2.295741e-06
0.009574939
2.304766e-06
0.009575044
2.312916e-06
0.009575149
2.320241e-06
0.009575253
2.326785e-06
0.009575358
2.33259e-06
0.009575462
2.337689e-06
0.009575566
2.342113e-06
0.009575671
2.345887e-06
0.009575775
2.349033e-06
0.009575879
2.351567e-06
0.009575983
2.353504e-06
0.009576088
2.354851e-06
0.009576192
2.355616e-06
0.009576296
2.355798e-06
0.0095764
2.355396e-06
0.009576505
2.354404e-06
0.009576609
2.352812e-06
0.009576714
2.350606e-06
0.009576818
2.347768e-06
0.009576923
2.344277e-06
0.009577028
2.340106e-06
0.009577133
2.335225e-06
0.009577238
2.329597e-06
0.009577343
2.323182e-06
0.009577448
2.315935e-06
0.009577554
2.307804e-06
0.00957766
2.298732e-06
0.009577766
2.288654e-06
0.009577872
2.2775e-06
0.009577979
2.265191e-06
0.009578086
2.251641e-06
0.009578193
2.236755e-06
0.0095783
2.220429e-06
0.009578407
2.202548e-06
0.009578515
2.182987e-06
0.009578623
2.161609e-06
0.009578732
2.138266e-06
0.00957884
2.112793e-06
0.009578949
2.085015e-06
0.009579058
2.05474e-06
0.009579167
2.021759e-06
0.009579276
1.985849e-06
0.009579384
1.946769e-06
0.009579493
1.904262e-06
0.009579601
1.858055e-06
0.009579709
1.807858e-06
0.009579816
1.75337e-06
0.009579922
1.694279e-06
0.009580026
1.630268e-06
0.009580129
1.561019e-06
0.009580229
1.486226e-06
0.009580327
1.405601e-06
0.009580421
1.318891e-06
0.009580511
1.225894e-06
0.009580596
1.126478e-06
0.009580675
1.020605e-06
0.009580747
9.083537e-07
0.009580811
7.89946e-07
0.009580866
6.657675e-07
0.009580911
5.363787e-07
0.009580946
4.025482e-07
0.009580969
2.651351e-07
1.255429e-07
0.009571453
1.856578e-07
0.009571483
3.48623e-07
0.009571523
4.678949e-07
0.009571572
5.828606e-07
0.009571628
6.990102e-07
0.009571692
8.109536e-07
0.009571762
9.169778e-07
0.009571838
1.017414e-06
0.009571918
1.112321e-06
0.009572003
1.201574e-06
0.009572092
1.285193e-06
0.009572184
1.363314e-06
0.009572279
1.436122e-06
0.009572375
1.503835e-06
0.009572474
1.566701e-06
0.009572574
1.624981e-06
0.009572675
1.678944e-06
0.009572778
1.728861e-06
0.009572881
1.774998e-06
0.009572984
1.81761e-06
0.009573088
1.856944e-06
0.009573192
1.893235e-06
0.009573297
1.926702e-06
0.009573401
1.957554e-06
0.009573506
1.985983e-06
0.009573611
2.012168e-06
0.009573716
2.036277e-06
0.00957382
2.058464e-06
0.009573925
2.078869e-06
0.00957403
2.097624e-06
0.009574134
2.114848e-06
0.009574239
2.130652e-06
0.009574343
2.145136e-06
0.009574448
2.15839e-06
0.009574552
2.1705e-06
0.009574656
2.181541e-06
0.00957476
2.191581e-06
0.009574864
2.200684e-06
0.009574968
2.208904e-06
0.009575072
2.216291e-06
0.009575176
2.222891e-06
0.009575279
2.228743e-06
0.009575383
2.233882e-06
0.009575487
2.238337e-06
0.009575591
2.242133e-06
0.009575694
2.245292e-06
0.009575798
2.247832e-06
0.009575902
2.249764e-06
0.009576005
2.251099e-06
0.009576109
2.251841e-06
0.009576213
2.251992e-06
0.009576317
2.25155e-06
0.00957642
2.250509e-06
0.009576524
2.248859e-06
0.009576628
2.246586e-06
0.009576732
2.243673e-06
0.009576836
2.240097e-06
0.009576941
2.235832e-06
0.009577045
2.230848e-06
0.009577149
2.225109e-06
0.009577254
2.218576e-06
0.009577359
2.211202e-06
0.009577464
2.202937e-06
0.009577569
2.193724e-06
0.009577674
2.1835e-06
0.009577779
2.172196e-06
0.009577884
2.159735e-06
0.00957799
2.146032e-06
0.009578096
2.130995e-06
0.009578202
2.114523e-06
0.009578308
2.096505e-06
0.009578414
2.076822e-06
0.00957852
2.055341e-06
0.009578626
2.031922e-06
0.009578733
2.006409e-06
0.009578839
1.978637e-06
0.009578945
1.948426e-06
0.009579051
1.915584e-06
0.009579157
1.879904e-06
0.009579263
1.841168e-06
0.009579368
1.799142e-06
0.009579473
1.753584e-06
0.009579576
1.704239e-06
0.009579679
1.650843e-06
0.00957978
1.593132e-06
0.009579879
1.530837e-06
0.009579976
1.463699e-06
0.009580071
1.391473e-06
0.009580163
1.313937e-06
0.009580251
1.230907e-06
0.009580334
1.142248e-06
0.009580413
1.047895e-06
0.009580486
9.478637e-07
0.009580552
8.422753e-07
0.00958061
7.313696e-07
0.009580661
6.155226e-07
0.009580702
4.952496e-07
0.009580733
3.712304e-07
0.009580754
2.442084e-07
1.153761e-07
0.009571515
1.71996e-07
0.009571543
3.229117e-07
0.00957158
4.334328e-07
0.009571624
5.402892e-07
0.009571676
6.485309e-07
0.009571735
7.53169e-07
0.0095718
8.526323e-07
0.00957187
9.472115e-07
0.009571946
1.036929e-06
0.009572026
1.121634e-06
0.009572109
1.201302e-06
0.009572196
1.27602e-06
0.009572286
1.345917e-06
0.009572379
1.411158e-06
0.009572473
1.471939e-06
0.00957257
1.528472e-06
0.009572667
1.580983e-06
0.009572766
1.6297e-06
0.009572866
1.674851e-06
0.009572967
1.716662e-06
0.009573068
1.755351e-06
0.00957317
1.791127e-06
0.009573273
1.824189e-06
0.009573375
1.854726e-06
0.009573478
1.882915e-06
0.009573581
1.908922e-06
0.009573685
1.932904e-06
0.009573788
1.955004e-06
0.009573891
1.975355e-06
0.009573995
1.994082e-06
0.009574098
2.011298e-06
0.009574201
2.02711e-06
0.009574305
2.041612e-06
0.009574408
2.054894e-06
0.009574512
2.067036e-06
0.009574615
2.078113e-06
0.009574718
2.08819e-06
0.009574822
2.09733e-06
0.009574925
2.105585e-06
0.009575028
2.113006e-06
0.009575131
2.119637e-06
0.009575234
2.125515e-06
0.009575337
2.130676e-06
0.009575441
2.135148e-06
0.009575544
2.138956e-06
0.009575647
2.142123e-06
0.00957575
2.144664e-06
0.009575853
2.146592e-06
0.009575956
2.147918e-06
0.009576059
2.148644e-06
0.009576162
2.148775e-06
0.009576266
2.148306e-06
0.009576369
2.147233e-06
0.009576472
2.145545e-06
0.009576575
2.143229e-06
0.009576679
2.140267e-06
0.009576782
2.136637e-06
0.009576886
2.132314e-06
0.009576989
2.127267e-06
0.009577093
2.121462e-06
0.009577197
2.114858e-06
0.0095773
2.107412e-06
0.009577404
2.099073e-06
0.009577508
2.089786e-06
0.009577612
2.079489e-06
0.009577716
2.068114e-06
0.00957782
2.055586e-06
0.009577924
2.041825e-06
0.009578029
2.02674e-06
0.009578133
2.010235e-06
0.009578237
1.992202e-06
0.009578341
1.972528e-06
0.009578446
1.951088e-06
0.00957855
1.927747e-06
0.009578654
1.902361e-06
0.009578758
1.874775e-06
0.009578861
1.844821e-06
0.009578964
1.812323e-06
0.009579067
1.777093e-06
0.009579169
1.738931e-06
0.009579271
1.69763e-06
0.009579372
1.652974e-06
0.009579471
1.60474e-06
0.009579569
1.552701e-06
0.009579666
1.496631e-06
0.00957976
1.436308e-06
0.009579852
1.371521e-06
0.009579942
1.302076e-06
0.009580028
1.227806e-06
0.00958011
1.14858e-06
0.009580188
1.064318e-06
0.009580261
9.749999e-07
0.009580328
8.806813e-07
0.009580389
7.815069e-07
0.009580442
6.777224e-07
0.009580488
5.696847e-07
0.009580526
4.578628e-07
0.009580554
3.428558e-07
0.009580573
2.253063e-07
1.062228e-07
0.009571572
1.596176e-07
0.009571598
2.994357e-07
0.009571632
4.019322e-07
0.009571673
5.013041e-07
0.009571721
6.02184e-07
0.009571775
6.999526e-07
0.009571835
7.931704e-07
0.0095719
8.820991e-07
0.00957197
9.667399e-07
0.009572045
1.046925e-06
0.009572123
1.122604e-06
0.009572205
1.193823e-06
0.00957229
1.260671e-06
0.009572378
1.323271e-06
0.009572468
1.381773e-06
0.00957256
1.436352e-06
0.009572653
1.487192e-06
0.009572748
1.534486e-06
0.009572845
1.578432e-06
0.009572942
1.619224e-06
0.00957304
1.657055e-06
0.009573139
1.69211e-06
0.009573238
1.72457e-06
0.009573338
1.754604e-06
0.009573439
1.782375e-06
0.009573539
1.808037e-06
0.00957364
1.831732e-06
0.009573742
1.853596e-06
0.009573843
1.873754e-06
0.009573945
1.892323e-06
0.009574046
1.90941e-06
0.009574148
1.925116e-06
0.00957425
1.939533e-06
0.009574352
1.952745e-06
0.009574454
1.964831e-06
0.009574557
1.975861e-06
0.009574659
1.9859e-06
0.009574761
1.995007e-06
0.009574863
2.003235e-06
0.009574966
2.010632e-06
0.009575068
2.017241e-06
0.00957517
2.023099e-06
0.009575273
2.02824e-06
0.009575375
2.032693e-06
0.009575477
2.036482e-06
0.00957558
2.039628e-06
0.009575682
2.042148e-06
0.009575785
2.044054e-06
0.009575887
2.045355e-06
0.00957599
2.046057e-06
0.009576092
2.04616e-06
0.009576195
2.045663e-06
0.009576298
2.04456e-06
0.0095764
2.042841e-06
0.009576503
2.040493e-06
0.009576606
2.037498e-06
0.009576708
2.033835e-06
0.009576811
2.029478e-06
0.009576914
2.024399e-06
0.009577017
2.018562e-06
0.00957712
2.011928e-06
0.009577223
2.004455e-06
0.009577326
1.996094e-06
0.009577429
1.98679e-06
0.009577532
1.976484e-06
0.009577635
1.96511e-06
0.009577738
1.952595e-06
0.00957784
1.938862e-06
0.009577943
1.923824e-06
0.009578046
1.907388e-06
0.009578149
1.889454e-06
0.009578251
1.869912e-06
0.009578354
1.848644e-06
0.009578456
1.825526e-06
0.009578558
1.80042e-06
0.00957866
1.773184e-06
0.009578761
1.743663e-06
0.009578861
1.711696e-06
0.009578961
1.677111e-06
0.00957906
1.63973e-06
0.009579159
1.599369e-06
0.009579256
1.555835e-06
0.009579352
1.508935e-06
0.009579446
1.458476e-06
0.009579538
1.404267e-06
0.009579628
1.346123e-06
0.009579716
1.283875e-06
0.009579801
1.217373e-06
0.009579882
1.146493e-06
0.009579959
1.071147e-06
0.009580032
9.912944e-07
0.0095801
9.069496e-07
0.009580163
8.181936e-07
0.009580219
7.251838e-07
0.009580269
6.281628e-07
0.009580311
5.274646e-07
0.009580345
4.235141e-07
0.009580371
3.168401e-07
0.009580389
2.080018e-07
9.786785e-08
0.009571626
1.48076e-07
0.009571649
2.777771e-07
0.009571681
3.729044e-07
0.009571719
4.653016e-07
0.009571763
5.592666e-07
0.009571814
6.505234e-07
0.009571869
7.377495e-07
0.00957193
8.211876e-07
0.009571996
9.008281e-07
0.009572067
9.764994e-07
0.009572141
1.048134e-06
0.009572219
1.115751e-06
0.0095723
1.179409e-06
0.009572384
1.239199e-06
0.00957247
1.295237e-06
0.009572559
1.347662e-06
0.009572649
1.396627e-06
0.009572741
1.442296e-06
0.009572834
1.484834e-06
0.009572929
1.524411e-06
0.009573025
1.561195e-06
0.009573121
1.595351e-06
0.009573219
1.627038e-06
0.009573317
1.656411e-06
0.009573415
1.683616e-06
0.009573514
1.708794e-06
0.009573614
1.732076e-06
0.009573714
1.753588e-06
0.009573814
1.773445e-06
0.009573914
1.791757e-06
0.009574015
1.808626e-06
0.009574116
1.824146e-06
0.009574217
1.838403e-06
0.009574318
1.851479e-06
0.009574419
1.863448e-06
0.009574521
1.874378e-06
0.009574622
1.884332e-06
0.009574724
1.893364e-06
0.009574825
1.901528e-06
0.009574927
1.908869e-06
0.009575029
1.915429e-06
0.00957513
1.921244e-06
0.009575232
1.926347e-06
0.009575334
1.930765e-06
0.009575436
1.934524e-06
0.009575538
1.937642e-06
0.00957564
1.940137e-06
0.009575742
1.94202e-06
0.009575844
1.943301e-06
0.009575946
1.943983e-06
0.009576048
1.94407e-06
0.00957615
1.943558e-06
0.009576252
1.942442e-06
0.009576354
1.940712e-06
0.009576456
1.938355e-06
0.009576558
1.935354e-06
0.00957666
1.931689e-06
0.009576763
1.927334e-06
0.009576865
1.92226e-06
0.009576967
1.916435e-06
0.009577069
1.90982e-06
0.009577171
1.902374e-06
0.009577273
1.894049e-06
0.009577375
1.884792e-06
0.009577477
1.874546e-06
0.009577579
1.863248e-06
0.00957768
1.850829e-06
0.009577782
1.837212e-06
0.009577883
1.822317e-06
0.009577985
1.806055e-06
0.009578086
1.78833e-06
0.009578187
1.76904e-06
0.009578287
1.748073e-06
0.009578387
1.725313e-06
0.009578487
1.700634e-06
0.009578586
1.673903e-06
0.009578685
1.644978e-06
0.009578783
1.613714e-06
0.00957888
1.579954e-06
0.009578976
1.54354e-06
0.009579071
1.504307e-06
0.009579165
1.462089e-06
0.009579257
1.416717e-06
0.009579348
1.368027e-06
0.009579436
1.315859e-06
0.009579522
1.260062e-06
0.009579605
1.200501e-06
0.009579686
1.13706e-06
0.009579763
1.069653e-06
0.009579835
9.982234e-07
0.009579904
9.22761e-07
0.009579968
8.433039e-07
0.009580026
7.599488e-07
0.009580078
6.728581e-07
0.009580124
5.822654e-07
0.009580163
4.884801e-07
0.009580195
3.918847e-07
0.009580219
2.929455e-07
0.009580234
1.921489e-07
9.023893e-08
0.009571675
1.374471e-07
0.009571697
2.577808e-07
0.009571726
3.460865e-07
0.009571762
4.319815e-07
0.009571803
5.194552e-07
0.00957185
6.045503e-07
0.009571902
6.860527e-07
0.009571959
7.64192e-07
0.009572021
8.38956e-07
0.009572087
9.10176e-07
0.009572157
9.777757e-07
0.009572231
1.041757e-06
0.009572308
1.102156e-06
0.009572388
1.159037e-06
0.009572471
1.212489e-06
0.009572556
1.262624e-06
0.009572642
1.309567e-06
0.009572731
1.353454e-06
0.009572821
1.394426e-06
0.009572913
1.432628e-06
0.009573006
1.468208e-06
0.009573099
1.501308e-06
0.009573194
1.532072e-06
0.00957329
1.560637e-06
0.009573386
1.587136e-06
0.009573483
1.611695e-06
0.00957358
1.634437e-06
0.009573678
1.655475e-06
0.009573777
1.674917e-06
0.009573876
1.692865e-06
0.009573975
1.709414e-06
0.009574074
1.724652e-06
0.009574174
1.738662e-06
0.009574274
1.75152e-06
0.009574374
1.763296e-06
0.009574474
1.774055e-06
0.009574574
1.783857e-06
0.009574675
1.792755e-06
0.009574775
1.800799e-06
0.009574876
1.808034e-06
0.009574977
1.814499e-06
0.009575078
1.82023e-06
0.009575179
1.825258e-06
0.00957528
1.82961e-06
0.009575381
1.83331e-06
0.009575482
1.836376e-06
0.009575584
1.838826e-06
0.009575685
1.84067e-06
0.009575786
1.841917e-06
0.009575888
1.842572e-06
0.009575989
1.842636e-06
0.00957609
1.842108e-06
0.009576192
1.840982e-06
0.009576293
1.839248e-06
0.009576395
1.836893e-06
0.009576496
1.833902e-06
0.009576597
1.830253e-06
0.009576699
1.825924e-06
0.0095768
1.820885e-06
0.009576901
1.815104e-06
0.009577003
1.808546e-06
0.009577104
1.801169e-06
0.009577205
1.792927e-06
0.009577306
1.783771e-06
0.009577407
1.773645e-06
0.009577508
1.762489e-06
0.009577608
1.750236e-06
0.009577708
1.736815e-06
0.009577809
1.722148e-06
0.009577908
1.706152e-06
0.009578008
1.688736e-06
0.009578107
1.669805e-06
0.009578206
1.649254e-06
0.009578304
1.626976e-06
0.009578402
1.602854e-06
0.009578499
1.576765e-06
0.009578596
1.548582e-06
0.009578691
1.518171e-06
0.009578786
1.485394e-06
0.009578879
1.450108e-06
0.009578971
1.412168e-06
0.009579062
1.371429e-06
0.009579151
1.327748e-06
0.009579238
1.280983e-06
0.009579323
1.231002e-06
0.009579405
1.177683e-06
0.009579485
1.12092e-06
0.009579561
1.060625e-06
0.009579634
9.967395e-07
0.009579703
9.29234e-07
0.009579767
8.581188e-07
0.009579827
7.834487e-07
0.009579882
7.053293e-07
0.009579931
6.239221e-07
0.009579974
5.39449e-07
0.00958001
4.52194e-07
0.009580039
3.625014e-07
0.009580061
2.707831e-07
0.009580076
1.774649e-07
8.319364e-08
0.009571721
1.275401e-07
0.009571741
2.392186e-07
0.009571769
3.2119e-07
0.009571802
4.009846e-07
0.00957184
4.82326e-07
0.009571884
5.615554e-07
0.009571933
6.375578e-07
0.009571987
7.105554e-07
0.009572045
7.8054e-07
0.009572108
8.47352e-07
0.009572175
9.109133e-07
0.009572245
9.712154e-07
0.009572319
1.028279e-06
0.009572396
1.082149e-06
0.009572475
1.132895e-06
0.009572557
1.180605e-06
0.009572641
1.22538e-06
0.009572727
1.267334e-06
0.009572814
1.306587e-06
0.009572903
1.343261e-06
0.009572994
1.377485e-06
0.009573086
1.409383e-06
0.009573178
1.439082e-06
0.009573272
1.466703e-06
0.009573367
1.492366e-06
0.009573462
1.516185e-06
0.009573558
1.538271e-06
0.009573655
1.558728e-06
0.009573752
1.577655e-06
0.009573849
1.595146e-06
0.009573947
1.611289e-06
0.009574046
1.626167e-06
0.009574144
1.639857e-06
0.009574243
1.65243e-06
0.009574343
1.663953e-06
0.009574442
1.674488e-06
0.009574542
1.684089e-06
0.009574642
1.69281e-06
0.009574742
1.700696e-06
0.009574842
1.707791e-06
0.009574942
1.714132e-06
0.009575043
1.719753e-06
0.009575143
1.724685e-06
0.009575244
1.728954e-06
0.009575344
1.732581e-06
0.009575445
1.735587e-06
0.009575546
1.737984e-06
0.009575647
1.739787e-06
0.009575748
1.741002e-06
0.009575848
1.741634e-06
0.009575949
1.741684e-06
0.00957605
1.741151e-06
0.009576151
1.740029e-06
0.009576252
1.738309e-06
0.009576353
1.735979e-06
0.009576454
1.733022e-06
0.009576555
1.72942e-06
0.009576655
1.725148e-06
0.009576756
1.720181e-06
0.009576857
1.714486e-06
0.009576957
1.708029e-06
0.009577057
1.700771e-06
0.009577158
1.692668e-06
0.009577258
1.683672e-06
0.009577358
1.67373e-06
0.009577457
1.662785e-06
0.009577557
1.650774e-06
0.009577656
1.637629e-06
0.009577755
1.623277e-06
0.009577853
1.607639e-06
0.009577951
1.590632e-06
0.009578049
1.572165e-06
0.009578146
1.552143e-06
0.009578242
1.530464e-06
0.009578338
1.507023e-06
0.009578433
1.481707e-06
0.009578527
1.454401e-06
0.009578621
1.424984e-06
0.009578713
1.393332e-06
0.009578803
1.359319e-06
0.009578893
1.322818e-06
0.00957898
1.283704e-06
0.009579066
1.241852e-06
0.00957915
1.197145e-06
0.009579232
1.149473e-06
0.009579311
1.098737e-06
0.009579387
1.044856e-06
0.009579459
9.877655e-07
0.009579529
9.274278e-07
0.009579594
8.638337e-07
0.009579655
7.970089e-07
0.009579712
7.270187e-07
0.009579763
6.539722e-07
0.009579809
5.780267e-07
0.009579849
4.993899e-07
0.009579883
4.183215e-07
0.00957991
3.351301e-07
0.009579931
2.501797e-07
0.009579944
1.638427e-07
7.667912e-08
0.009571763
1.183669e-07
0.009571782
2.219834e-07
0.009571808
2.980399e-07
0.009571839
3.720996e-07
0.009571875
4.476373e-07
0.009571916
5.212749e-07
0.009571962
5.91992e-07
0.009572013
6.600084e-07
0.009572068
7.253247e-07
0.009572128
7.877952e-07
0.009572191
8.473455e-07
0.009572258
9.039619e-07
0.009572329
9.576553e-07
0.009572402
1.008457e-06
0.009572478
1.05642e-06
0.009572557
1.101612e-06
0.009572638
1.144118e-06
0.009572721
1.184029e-06
0.009572806
1.221445e-06
0.009572893
1.256474e-06
0.009572981
1.289221e-06
0.00957307
1.319798e-06
0.009573161
1.348314e-06
0.009573252
1.374877e-06
0.009573345
1.399593e-06
0.009573439
1.422565e-06
0.009573533
1.443892e-06
0.009573628
1.46367e-06
0.009573723
1.481989e-06
0.009573819
1.498934e-06
0.009573916
1.514589e-06
0.009574013
1.529028e-06
0.00957411
1.542324e-06
0.009574208
1.554545e-06
0.009574306
1.565751e-06
0.009574405
1.576e-06
0.009574503
1.585347e-06
0.009574602
1.593839e-06
0.009574701
1.601521e-06
0.0095748
1.608433e-06
0.0095749
1.614612e-06
0.009575
1.620089e-06
0.009575099
1.624895e-06
0.009575199
1.629052e-06
0.009575299
1.632584e-06
0.009575399
1.635508e-06
0.009575499
1.637838e-06
0.009575599
1.639586e-06
0.009575699
1.640759e-06
0.0095758
1.641362e-06
0.0095759
1.641396e-06
0.009576
1.640859e-06
0.0095761
1.639745e-06
0.009576201
1.638047e-06
0.009576301
1.635752e-06
0.009576401
1.632846e-06
0.009576501
1.629308e-06
0.009576601
1.625117e-06
0.009576701
1.620248e-06
0.009576801
1.614669e-06
0.0095769
1.608349e-06
0.009577
1.60125e-06
0.009577099
1.593329e-06
0.009577198
1.584542e-06
0.009577297
1.574838e-06
0.009577396
1.564164e-06
0.009577494
1.552459e-06
0.009577592
1.53966e-06
0.009577689
1.525698e-06
0.009577787
1.510501e-06
0.009577883
1.493988e-06
0.009577979
1.476078e-06
0.009578075
1.456682e-06
0.009578169
1.435707e-06
0.009578263
1.413055e-06
0.009578356
1.388626e-06
0.009578448
1.362314e-06
0.009578539
1.334011e-06
0.009578629
1.303607e-06
0.009578717
1.270992e-06
0.009578804
1.236053e-06
0.009578889
1.198683e-06
0.009578972
1.158776e-06
0.009579053
1.116233e-06
0.009579132
1.070964e-06
0.009579207
1.022891e-06
0.00957928
9.719508e-07
0.00957935
9.180993e-07
0.009579416
8.61315e-07
0.009579478
8.016032e-07
0.009579536
7.390005e-07
0.00957959
6.735781e-07
0.009579638
6.054454e-07
0.009579681
5.347528e-07
0.009579719
4.616932e-07
0.009579751
3.865029e-07
0.009579777
3.094584e-07
0.009579796
2.308818e-07
0.009579809
1.511003e-07
7.060357e-08
0.009571803
1.098466e-07
0.009571821
2.059535e-07
0.009571845
2.764675e-07
0.009571874
3.451071e-07
0.009571908
4.151188e-07
0.009571947
4.833931e-07
0.00957199
5.490012e-07
0.009572038
6.121653e-07
0.00957209
6.729006e-07
0.009572147
7.310792e-07
0.009572208
7.866346e-07
0.009572272
8.39553e-07
0.009572339
8.898392e-07
0.00957241
9.375151e-07
0.009572484
9.826198e-07
0.00957256
1.025208e-06
0.009572638
1.065345e-06
0.009572719
1.103108e-06
0.009572802
1.13858e-06
0.009572886
1.171848e-06
0.009572972
1.203006e-06
0.00957306
1.232147e-06
0.009573148
1.259368e-06
0.009573238
1.284762e-06
0.009573329
1.308424e-06
0.009573421
1.330446e-06
0.009573514
1.350917e-06
0.009573608
1.369922e-06
0.009573702
1.387543e-06
0.009573797
1.403861e-06
0.009573893
1.418948e-06
0.009573989
1.432876e-06
0.009574085
1.445711e-06
0.009574182
1.457516e-06
0.009574279
1.468348e-06
0.009574377
1.47826e-06
0.009574475
1.487304e-06
0.009574573
1.495524e-06
0.009574672
1.502963e-06
0.00957477
1.509658e-06
0.009574869
1.515644e-06
0.009574968
1.520952e-06
0.009575067
1.525608e-06
0.009575167
1.529636e-06
0.009575266
1.533058e-06
0.009575366
1.535889e-06
0.009575465
1.538143e-06
0.009575565
1.539832e-06
0.009575665
1.540962e-06
0.009575765
1.541537e-06
0.009575865
1.54156e-06
0.009575964
1.541027e-06
0.009576064
1.539935e-06
0.009576164
1.538274e-06
0.009576263
1.536034e-06
0.009576363
1.533199e-06
0.009576463
1.529752e-06
0.009576562
1.525672e-06
0.009576661
1.520933e-06
0.00957676
1.515508e-06
0.009576859
1.509365e-06
0.009576958
1.502469e-06
0.009577057
1.49478e-06
0.009577155
1.486255e-06
0.009577253
1.476847e-06
0.00957735
1.466505e-06
0.009577448
1.455173e-06
0.009577545
1.442792e-06
0.009577641
1.429297e-06
0.009577737
1.41462e-06
0.009577832
1.398689e-06
0.009577927
1.381426e-06
0.009578021
1.362751e-06
0.009578114
1.342578e-06
0.009578206
1.32082e-06
0.009578297
1.297384e-06
0.009578387
1.272176e-06
0.009578476
1.245099e-06
0.009578564
1.216056e-06
0.00957865
1.18495e-06
0.009578734
1.151683e-06
0.009578817
1.116162e-06
0.009578897
1.078299e-06
0.009578975
1.03801e-06
0.009579051
9.952228e-07
0.009579124
9.498752e-07
0.009579194
9.019202e-07
0.009579261
8.513283e-07
0.009579324
7.980913e-07
0.009579383
7.422251e-07
0.009579438
6.83773e-07
0.009579489
6.22809e-07
0.009579535
5.594402e-07
0.009579576
4.938085e-07
0.009579612
4.26092e-07
0.009579642
3.565047e-07
0.009579666
2.85294e-07
0.009579684
2.127449e-07
0.009579696
1.391447e-07
6.492117e-08
0.009571839
1.020192e-07
0.009571856
1.910979e-07
0.009571878
2.563919e-07
0.009571906
3.198949e-07
0.009571938
3.846271e-07
0.009571974
4.477378e-07
0.009572015
5.083918e-07
0.009572061
5.6682e-07
0.009572111
6.230563e-07
0.009572165
6.769947e-07
0.009572223
7.285801e-07
0.009572284
7.778015e-07
0.009572349
8.246616e-07
0.009572417
8.691752e-07
0.009572488
9.113716e-07
0.009572562
9.512924e-07
0.009572638
9.889901e-07
0.009572717
1.024525e-06
0.009572797
1.057967e-06
0.009572879
1.089387e-06
0.009572963
1.118864e-06
0.009573049
1.146479e-06
0.009573135
1.172314e-06
0.009573224
1.19645e-06
0.009573313
1.218971e-06
0.009573403
1.239958e-06
0.009573494
1.259489e-06
0.009573587
1.277642e-06
0.00957368
1.294491e-06
0.009573773
1.310108e-06
0.009573867
1.32456e-06
0.009573962
1.337913e-06
0.009574058
1.350226e-06
0.009574153
1.361558e-06
0.00957425
1.371963e-06
0.009574346
1.381489e-06
0.009574443
1.390185e-06
0.009574541
1.398091e-06
0.009574638
1.405248e-06
0.009574736
1.411692e-06
0.009574834
1.417453e-06
0.009574933
1.422563e-06
0.009575031
1.427045e-06
0.00957513
1.430922e-06
0.009575229
1.434214e-06
0.009575328
1.436936e-06
0.009575427
1.439102e-06
0.009575526
1.440722e-06
0.009575625
1.441802e-06
0.009575724
1.442347e-06
0.009575823
1.442358e-06
0.009575922
1.441833e-06
0.009576021
1.440767e-06
0.00957612
1.439152e-06
0.009576219
1.436977e-06
0.009576318
1.43423e-06
0.009576417
1.430892e-06
0.009576516
1.426943e-06
0.009576614
1.422361e-06
0.009576713
1.417119e-06
0.009576811
1.411186e-06
0.009576909
1.404529e-06
0.009577006
1.397112e-06
0.009577104
1.388894e-06
0.009577201
1.37983e-06
0.009577297
1.369873e-06
0.009577394
1.358971e-06
0.009577489
1.347068e-06
0.009577584
1.334105e-06
0.009577679
1.320019e-06
0.009577773
1.304743e-06
0.009577866
1.288207e-06
0.009577958
1.270335e-06
0.00957805
1.251051e-06
0.00957814
1.230275e-06
0.00957823
1.207924e-06
0.009578318
1.183913e-06
0.009578405
1.158158e-06
0.009578491
1.13057e-06
0.009578574
1.101066e-06
0.009578656
1.069562e-06
0.009578737
1.035977e-06
0.009578815
1.000237e-06
0.00957889
9.62273e-07
0.009578964
9.220258e-07
0.009579034
8.794475e-07
0.009579101
8.345038e-07
0.009579166
7.871771e-07
0.009579226
7.374687e-07
0.009579283
6.854017e-07
0.009579336
6.310239e-07
0.009579384
5.744095e-07
0.009579428
5.156612e-07
0.009579467
4.549119e-07
0.0095795
3.923246e-07
0.009579529
3.280928e-07
0.009579552
2.624373e-07
0.009579569
1.956104e-07
0.00957958
1.278652e-07
5.957595e-08
0.009571873
9.486419e-08
0.009571889
1.773734e-07
0.00957191
2.377317e-07
0.009571935
2.963331e-07
0.009571966
3.559791e-07
0.009572
4.140762e-07
0.009572039
4.698893e-07
0.009572082
5.23665e-07
0.00957213
5.754611e-07
0.009572182
6.251965e-07
0.009572237
6.728301e-07
0.009572297
7.183558e-07
0.009572359
7.617755e-07
0.009572425
8.030986e-07
0.009572494
8.423457e-07
0.009572565
8.795479e-07
0.009572639
9.147447e-07
0.009572716
9.47984e-07
0.009572794
9.793201e-07
0.009572875
1.008813e-06
0.009572957
1.036527e-06
0.00957304
1.062531e-06
0.009573126
1.086893e-06
0.009573212
1.109686e-06
0.0095733
1.130981e-06
0.009573389
1.150848e-06
0.009573479
1.169359e-06
0.00957357
1.186582e-06
0.009573662
1.202584e-06
0.009573754
1.217428e-06
0.009573848
1.231178e-06
0.009573941
1.24389e-06
0.009574036
1.255622e-06
0.009574131
1.266425e-06
0.009574226
1.27635e-06
0.009574322
1.285442e-06
0.009574419
1.293744e-06
0.009574515
1.301296e-06
0.009574612
1.308135e-06
0.00957471
1.314293e-06
0.009574807
1.319801e-06
0.009574905
1.324686e-06
0.009575003
1.328971e-06
0.009575101
1.332678e-06
0.0095752
1.335825e-06
0.009575298
1.338426e-06
0.009575397
1.340494e-06
0.009575495
1.342039e-06
0.009575594
1.343067e-06
0.009575693
1.343581e-06
0.009575791
1.343583e-06
0.00957589
1.343072e-06
0.009575989
1.342041e-06
0.009576087
1.340485e-06
0.009576186
1.338393e-06
0.009576284
1.335751e-06
0.009576383
1.332544e-06
0.009576481
1.328753e-06
0.009576579
1.324356e-06
0.009576677
1.319328e-06
0.009576774
1.313641e-06
0.009576871
1.307263e-06
0.009576968
1.30016e-06
0.009577065
1.292295e-06
0.009577161
1.283625e-06
0.009577257
1.274107e-06
0.009577352
1.263692e-06
0.009577447
1.25233e-06
0.009577541
1.239965e-06
0.009577634
1.226539e-06
0.009577727
1.21199e-06
0.009577819
1.196255e-06
0.00957791
1.179266e-06
0.009578
1.160953e-06
0.009578089
1.141244e-06
0.009578177
1.120063e-06
0.009578264
1.097338e-06
0.009578349
1.07299e-06
0.009578432
1.046945e-06
0.009578514
1.019128e-06
0.009578594
9.894674e-07
0.009578672
9.578945e-07
0.009578748
9.243464e-07
0.009578822
8.887666e-07
0.009578893
8.511079e-07
0.009578961
8.113333e-07
0.009579026
7.69419e-07
0.009579088
7.253563e-07
0.009579146
6.791535e-07
0.0095792
6.308388e-07
0.009579251
5.804616e-07
0.009579297
5.280947e-07
0.009579339
4.738356e-07
0.009579376
4.178072e-07
0.009579408
3.601582e-07
0.009579435
3.010628e-07
0.009579457
2.40718e-07
0.009579473
1.793472e-07
0.009579484
1.171729e-07
5.452406e-08
0.009571904
8.854352e-08
0.009571919
1.64882e-07
0.009571938
2.205323e-07
0.009571962
2.744363e-07
0.009571991
3.291522e-07
0.009572023
3.823462e-07
0.00957206
4.333961e-07
0.009572101
4.825735e-07
0.009572147
5.299651e-07
0.009572196
5.75518e-07
0.00957225
6.192068e-07
0.009572307
6.610319e-07
0.009572368
7.009953e-07
0.009572431
7.391022e-07
0.009572498
7.753657e-07
0.009572568
8.098067e-07
0.00957264
8.424537e-07
0.009572714
8.733421e-07
0.009572791
9.025139e-07
0.009572869
9.300167e-07
0.00957295
9.559027e-07
0.009573032
9.802278e-07
0.009573116
1.003051e-06
0.009573201
1.024432e-06
0.009573287
1.044433e-06
0.009573375
1.063116e-06
0.009573463
1.080543e-06
0.009573553
1.096774e-06
0.009573643
1.111867e-06
0.009573735
1.125882e-06
0.009573827
1.138873e-06
0.00957392
1.150894e-06
0.009574013
1.161994e-06
0.009574108
1.172222e-06
0.009574202
1.181624e-06
0.009574297
1.190241e-06
0.009574393
1.198113e-06
0.009574489
1.205276e-06
0.009574585
1.211765e-06
0.009574682
1.217609e-06
0.009574779
1.222838e-06
0.009574876
1.227475e-06
0.009574973
1.231543e-06
0.009575071
1.235063e-06
0.009575168
1.238049e-06
0.009575266
1.240517e-06
0.009575364
1.242479e-06
0.009575462
1.243941e-06
0.00957556
1.244912e-06
0.009575658
1.245395e-06
0.009575757
1.245389e-06
0.009575855
1.244894e-06
0.009575953
1.243906e-06
0.009576051
1.242418e-06
0.009576149
1.240419e-06
0.009576247
1.237898e-06
0.009576344
1.234839e-06
0.009576442
1.231226e-06
0.009576539
1.227038e-06
0.009576636
1.22225e-06
0.009576733
1.216838e-06
0.009576829
1.210772e-06
0.009576925
1.20402e-06
0.009577021
1.196547e-06
0.009577116
1.188314e-06
0.009577211
1.179281e-06
0.009577305
1.169404e-06
0.009577399
1.158634e-06
0.009577492
1.146923e-06
0.009577584
1.134216e-06
0.009577676
1.120458e-06
0.009577767
1.10559e-06
0.009577856
1.089551e-06
0.009577945
1.072279e-06
0.009578032
1.053708e-06
0.009578119
1.033772e-06
0.009578204
1.012404e-06
0.009578287
9.895384e-07
0.009578369
9.651077e-07
0.009578449
9.390477e-07
0.009578527
9.112965e-07
0.009578603
8.817961e-07
0.009578677
8.504937e-07
0.009578748
8.173434e-07
0.009578817
7.823073e-07
0.009578883
7.453579e-07
0.009578946
7.064794e-07
0.009579006
6.656698e-07
0.009579062
6.229425e-07
0.009579114
5.783285e-07
0.009579163
5.318775e-07
0.009579207
4.836594e-07
0.009579247
4.337654e-07
0.009579283
3.823087e-07
0.009579314
3.29424e-07
0.009579339
2.752676e-07
0.00957936
2.200147e-07
0.009579376
1.638623e-07
0.009579386
1.070065e-07
4.973445e-08
0.009571933
8.307985e-08
0.009571946
1.53657e-07
0.009571964
2.047876e-07
0.009571987
2.541267e-07
0.009572014
3.03994e-07
0.009572044
3.52332e-07
0.00957208
3.986499e-07
0.009572119
4.432534e-07
0.009572163
4.862621e-07
0.009572211
5.276514e-07
0.009572262
5.674104e-07
0.009572317
6.05544e-07
0.009572376
6.420528e-07
0.009572438
6.769369e-07
0.009572503
7.102009e-07
0.009572571
7.41856e-07
0.009572641
7.719196e-07
0.009572714
8.004159e-07
0.009572789
8.273753e-07
0.009572866
8.528339e-07
0.009572945
8.768331e-07
0.009573025
8.994178e-07
0.009573107
9.206368e-07
0.009573191
9.405407e-07
0.009573276
9.591821e-07
0.009573363
9.766142e-07
0.00957345
9.928907e-07
0.009573539
1.008065e-06
0.009573628
1.022188e-06
0.009573719
1.035313e-06
0.00957381
1.047488e-06
0.009573902
1.058762e-06
0.009573995
1.069179e-06
0.009574088
1.078783e-06
0.009574182
1.087615e-06
0.009574276
1.095715e-06
0.009574371
1.103116e-06
0.009574467
1.109855e-06
0.009574562
1.11596e-06
0.009574658
1.12146e-06
0.009574755
1.126382e-06
0.009574851
1.130748e-06
0.009574948
1.134578e-06
0.009575045
1.137891e-06
0.009575143
1.140702e-06
0.00957524
1.143025e-06
0.009575338
1.14487e-06
0.009575435
1.146244e-06
0.009575533
1.147154e-06
0.009575631
1.147603e-06
0.009575728
1.147592e-06
0.009575826
1.147119e-06
0.009575924
1.14618e-06
0.009576021
1.144769e-06
0.009576119
1.142876e-06
0.009576216
1.140492e-06
0.009576314
1.1376e-06
0.009576411
1.134186e-06
0.009576507
1.13023e-06
0.009576604
1.125711e-06
0.0095767
1.120604e-06
0.009576796
1.114883e-06
0.009576891
1.108518e-06
0.009576986
1.101476e-06
0.009577081
1.093723e-06
0.009577175
1.085221e-06
0.009577268
1.075929e-06
0.009577361
1.065804e-06
0.009577453
1.0548e-06
0.009577545
1.04287e-06
0.009577635
1.029962e-06
0.009577725
1.016023e-06
0.009577813
1.001e-06
0.009577901
9.84834e-07
0.009577987
9.674687e-07
0.009578072
9.48845e-07
0.009578155
9.28904e-07
0.009578237
9.075869e-07
0.009578317
8.84836e-07
0.009578396
8.605956e-07
0.009578472
8.348127e-07
0.009578547
8.074383e-07
0.009578619
7.784284e-07
0.009578688
7.477458e-07
0.009578755
7.153606e-07
0.009578819
6.812527e-07
0.00957888
6.454126e-07
0.009578938
6.078431e-07
0.009578992
5.685613e-07
0.009579043
5.27599e-07
0.00957909
4.850052e-07
0.009579133
4.408458e-07
0.009579171
3.952056e-07
0.009579205
3.481876e-07
0.009579235
2.999134e-07
0.00957926
2.505228e-07
0.00957928
2.001711e-07
0.009579294
1.490325e-07
0.009579304
9.72791e-08
4.516406e-08
0.009571959
7.898653e-08
0.009571971
1.440955e-07
0.009571987
1.907663e-07
0.009572008
2.356173e-07
0.009572033
2.806497e-07
0.009572062
3.24101e-07
0.009572095
3.656446e-07
0.009572133
4.056346e-07
0.009572175
4.442277e-07
0.009572221
4.814277e-07
0.009572271
5.172372e-07
0.009572325
5.516631e-07
0.009572382
5.847026e-07
0.009572442
6.163481e-07
0.009572506
6.465946e-07
0.009572572
6.754421e-07
0.009572641
7.028968e-07
0.009572712
7.289712e-07
0.009572786
7.536843e-07
0.009572861
7.770614e-07
0.009572939
7.991329e-07
0.009573018
8.19934e-07
0.009573099
8.395036e-07
0.009573181
8.578835e-07
0.009573265
8.751175e-07
0.00957335
8.91251e-07
0.009573437
9.063298e-07
0.009573524
9.204002e-07
0.009573613
9.335079e-07
0.009573702
9.45698e-07
0.009573793
9.570144e-07
0.009573884
9.674994e-07
0.009573976
9.77194e-07
0.009574068
9.86137e-07
0.009574161
9.943653e-07
0.009574255
1.001914e-06
0.009574349
1.008815e-06
0.009574444
1.0151e-06
0.009574539
1.020796e-06
0.009574635
1.025929e-06
0.00957473
1.030523e-06
0.009574826
1.034598e-06
0.009574923
1.038174e-06
0.009575019
1.041267e-06
0.009575116
1.043892e-06
0.009575213
1.046059e-06
0.00957531
1.04778e-06
0.009575407
1.049061e-06
0.009575504
1.049907e-06
0.009575602
1.050322e-06
0.009575699
1.050307e-06
0.009575796
1.04986e-06
0.009575893
1.048976e-06
0.00957599
1.047651e-06
0.009576087
1.045877e-06
0.009576184
1.043642e-06
0.009576281
1.040933e-06
0.009576377
1.037737e-06
0.009576473
1.034035e-06
0.009576569
1.029807e-06
0.009576665
1.025032e-06
0.00957676
1.019684e-06
0.009576855
1.013737e-06
0.009576949
1.007161e-06
0.009577043
9.999236e-07
0.009577136
9.919913e-07
0.009577228
9.833269e-07
0.00957732
9.738912e-07
0.009577411
9.636429e-07
0.009577502
9.525383e-07
0.009577591
9.40532e-07
0.00957768
9.275763e-07
0.009577767
9.136224e-07
0.009577853
8.986199e-07
0.009577938
8.825175e-07
0.009578022
8.652634e-07
0.009578104
8.468058e-07
0.009578184
8.270935e-07
0.009578263
8.060766e-07
0.00957834
7.837069e-07
0.009578415
7.599395e-07
0.009578487
7.347331e-07
0.009578558
7.080514e-07
0.009578625
6.798641e-07
0.009578691
6.501483e-07
0.009578753
6.188895e-07
0.009578812
5.860831e-07
0.009578868
5.517354e-07
0.009578921
5.158652e-07
0.00957897
4.785048e-07
0.009579015
4.397006e-07
0.009579057
3.995147e-07
0.009579094
3.580244e-07
0.009579127
3.153231e-07
0.009579155
2.715199e-07
0.009579179
2.267388e-07
0.009579198
1.811173e-07
0.009579212
1.348082e-07
0.009579221
8.7962e-08
4.079827e-08
0.009571984
7.630932e-08
0.009571993
1.363141e-07
0.009572008
1.785179e-07
0.009572027
2.188181e-07
0.00957205
2.589199e-07
0.009572078
2.973892e-07
0.00957211
3.340901e-07
0.009572146
3.694307e-07
0.009572187
4.035986e-07
0.009572232
4.366169e-07
0.00957228
4.684926e-07
0.009572332
4.992285e-07
0.009572388
5.28813e-07
0.009572447
5.572278e-07
0.009572509
5.844567e-07
0.009572574
6.10488e-07
0.009572641
6.353165e-07
0.009572711
6.589439e-07
0.009572783
6.813787e-07
0.009572857
7.026362e-07
0.009572933
7.227374e-07
0.009573011
7.417084e-07
0.009573091
7.595794e-07
0.009573172
7.763841e-07
0.009573255
7.921585e-07
0.009573339
8.069406e-07
0.009573425
8.207694e-07
0.009573511
8.336845e-07
0.009573599
8.457257e-07
0.009573688
8.56932e-07
0.009573777
8.673422e-07
0.009573868
8.769935e-07
0.009573959
8.859223e-07
0.009574051
8.94163e-07
0.009574143
9.017488e-07
0.009574236
9.087107e-07
0.00957433
9.150781e-07
0.009574424
9.208783e-07
0.009574519
9.261367e-07
0.009574614
9.308765e-07
0.009574709
9.351189e-07
0.009574805
9.388831e-07
0.0095749
9.421862e-07
0.009574997
9.450432e-07
0.009575093
9.474669e-07
0.009575189
9.494683e-07
0.009575286
9.510562e-07
0.009575383
9.522374e-07
0.00957548
9.530166e-07
0.009575577
9.533965e-07
0.009575674
9.533779e-07
0.00957577
9.529594e-07
0.009575867
9.521375e-07
0.009575964
9.509069e-07
0.00957606
9.492601e-07
0.009576157
9.471875e-07
0.009576253
9.446774e-07
0.009576349
9.417161e-07
0.009576445
9.382876e-07
0.00957654
9.34374e-07
0.009576635
9.299551e-07
0.00957673
9.250085e-07
0.009576824
9.195095e-07
0.009576918
9.134315e-07
0.009577011
9.067457e-07
0.009577103
8.994208e-07
0.009577195
8.914238e-07
0.009577286
8.827194e-07
0.009577377
8.732706e-07
0.009577466
8.630382e-07
0.009577555
8.519817e-07
0.009577642
8.400586e-07
0.009577729
8.272257e-07
0.009577814
8.134383e-07
0.009577898
7.986514e-07
0.00957798
7.828194e-07
0.009578061
7.658973e-07
0.00957814
7.478405e-07
0.009578218
7.28606e-07
0.009578293
7.081528e-07
0.009578367
6.864427e-07
0.009578438
6.634412e-07
0.009578507
6.391185e-07
0.009578573
6.134502e-07
0.009578637
5.864188e-07
0.009578698
5.580144e-07
0.009578756
5.282359e-07
0.00957881
4.970919e-07
0.009578862
4.64602e-07
0.009578909
4.307976e-07
0.009578953
3.957226e-07
0.009578993
3.594338e-07
0.009579029
3.220015e-07
0.009579061
2.835098e-07
0.009579088
2.440556e-07
0.009579111
2.037487e-07
0.00957913
1.627101e-07
0.009579144
1.210738e-07
0.009579153
7.89713e-08
3.659542e-08
0.009572005
7.663838e-08
0.009572011
1.314706e-07
0.009572024
1.687454e-07
0.00957204
2.042434e-07
0.009572062
2.391319e-07
0.009572088
2.723229e-07
0.009572118
3.039385e-07
0.009572153
3.344571e-07
0.009572193
3.640898e-07
0.009572237
3.928639e-07
0.009572284
4.207788e-07
0.009572335
4.478206e-07
0.00957239
4.739595e-07
0.009572448
4.991589e-07
0.009572509
5.233859e-07
0.009572572
5.466139e-07
0.009572639
5.688245e-07
0.009572707
5.900071e-07
0.009572778
6.101598e-07
0.009572852
6.292878e-07
0.009572927
6.474034e-07
0.009573004
6.64524e-07
0.009573082
6.806722e-07
0.009573163
6.958741e-07
0.009573245
7.101588e-07
0.009573328
7.235575e-07
0.009573412
7.361031e-07
0.009573498
7.478291e-07
0.009573585
7.587696e-07
0.009573673
7.689585e-07
0.009573762
7.784292e-07
0.009573851
7.872146e-07
0.009573942
7.953464e-07
0.009574033
8.028552e-07
0.009574125
8.0977e-07
0.009574217
8.161187e-07
0.00957431
8.219271e-07
0.009574404
8.272198e-07
0.009574498
8.320193e-07
0.009574592
8.363463e-07
0.009574687
8.4022e-07
0.009574782
8.436575e-07
0.009574878
8.466742e-07
0.009574973
8.492834e-07
0.009575069
8.514968e-07
0.009575165
8.533243e-07
0.009575262
8.547737e-07
0.009575358
8.558511e-07
0.009575454
8.565609e-07
0.009575551
8.569055e-07
0.009575647
8.568855e-07
0.009575744
8.564996e-07
0.00957584
8.557448e-07
0.009575936
8.546162e-07
0.009576032
8.53107e-07
0.009576128
8.512085e-07
0.009576224
8.489104e-07
0.00957632
8.462e-07
0.009576415
8.430632e-07
0.00957651
8.394837e-07
0.009576604
8.354433e-07
0.009576698
8.309219e-07
0.009576792
8.258976e-07
0.009576885
8.203462e-07
0.009576977
8.14242e-07
0.009577069
8.075571e-07
0.00957716
8.002621e-07
0.009577251
7.923256e-07
0.00957734
7.837145e-07
0.009577429
7.743943e-07
0.009577516
7.643289e-07
0.009577603
7.534811e-07
0.009577688
7.418127e-07
0.009577773
7.292847e-07
0.009577855
7.158576e-07
0.009577937
7.014919e-07
0.009578016
6.861486e-07
0.009578094
6.697892e-07
0.009578171
6.523771e-07
0.009578245
6.338773e-07
0.009578317
6.142578e-07
0.009578387
5.934898e-07
0.009578454
5.71549e-07
0.009578519
5.484161e-07
0.009578582
5.240777e-07
0.009578641
4.985276e-07
0.009578698
4.71767e-07
0.009578751
4.43806e-07
0.009578801
4.146642e-07
0.009578847
3.843712e-07
0.00957889
3.529675e-07
0.009578929
3.20505e-07
0.009578964
2.870467e-07
0.009578995
2.526672e-07
0.009579021
2.174522e-07
0.009579044
1.814982e-07
0.009579061
1.449107e-07
0.009579075
1.078058e-07
0.009579083
7.029754e-08
3.25507e-08
0.009572025
7.997693e-08
0.009572028
1.297444e-07
0.009572038
1.614625e-07
0.009572053
1.916754e-07
0.009572072
2.209953e-07
0.009572097
2.486435e-07
0.009572126
2.750006e-07
0.00957216
3.006173e-07
0.009572199
3.256855e-07
0.009572241
3.502162e-07
0.009572288
3.741818e-07
0.009572338
3.975461e-07
0.009572392
4.202523e-07
0.009572448
4.422444e-07
0.009572508
4.634703e-07
0.00957257
4.838892e-07
0.009572636
5.034688e-07
0.009572703
5.22188e-07
0.009572773
5.400344e-07
0.009572845
5.570047e-07
0.009572919
5.731026e-07
0.009572995
5.883382e-07
0.009573073
6.027267e-07
0.009573152
6.162875e-07
0.009573233
6.290433e-07
0.009573316
6.410191e-07
0.0095734
6.522418e-07
0.009573484
6.627395e-07
0.009573571
6.725409e-07
0.009573658
6.816747e-07
0.009573746
6.901698e-07
0.009573835
6.980542e-07
0.009573925
7.053557e-07
0.009574015
7.121007e-07
0.009574107
7.183146e-07
0.009574199
7.240217e-07
0.009574291
7.292449e-07
0.009574385
7.340056e-07
0.009574478
7.383236e-07
0.009574572
7.422174e-07
0.009574667
7.457038e-07
0.009574761
7.487979e-07
0.009574857
7.515133e-07
0.009574952
7.53862e-07
0.009575047
7.558543e-07
0.009575143
7.574989e-07
0.009575239
7.588028e-07
0.009575335
7.597715e-07
0.009575431
7.604087e-07
0.009575527
7.607167e-07
0.009575624
7.606959e-07
0.00957572
7.603452e-07
0.009575816
7.59662e-07
0.009575912
7.586418e-07
0.009576007
7.572785e-07
0.009576103
7.555646e-07
0.009576198
7.534906e-07
0.009576294
7.510455e-07
0.009576388
7.482165e-07
0.009576483
7.449892e-07
0.009576577
7.413475e-07
0.009576671
7.372736e-07
0.009576764
7.327479e-07
0.009576856
7.277492e-07
0.009576948
7.222546e-07
0.009577039
7.162397e-07
0.00957713
7.096784e-07
0.00957722
7.02543e-07
0.009577309
6.948046e-07
0.009577397
6.864329e-07
0.009577484
6.773963e-07
0.009577569
6.676625e-07
0.009577654
6.571981e-07
0.009577737
6.459693e-07
0.009577819
6.339419e-07
0.009577899
6.210821e-07
0.009577978
6.073563e-07
0.009578055
5.927317e-07
0.00957813
5.771772e-07
0.009578204
5.606634e-07
0.009578275
5.431635e-07
0.009578344
5.246539e-07
0.00957841
5.051147e-07
0.009578474
4.845309e-07
0.009578535
4.628926e-07
0.009578593
4.401958e-07
0.009578649
4.164438e-07
0.009578701
3.91647e-07
0.00957875
3.658243e-07
0.009578795
3.390031e-07
0.009578837
3.112202e-07
0.009578875
2.825219e-07
0.009578909
2.529642e-07
0.009578939
2.226129e-07
0.009578965
1.915427e-07
0.009578986
1.598378e-07
0.009579004
1.275895e-07
0.009579016
9.48984e-08
0.009579025
6.186256e-08
2.862503e-08
0.009572038
9.153317e-08
0.009572035
1.343515e-07
0.009572041
1.580174e-07
0.009572053
1.817302e-07
0.009572071
2.045894e-07
0.009572095
2.25942e-07
0.009572124
2.465616e-07
0.009572158
2.670383e-07
0.009572196
2.874666e-07
0.009572238
3.077682e-07
0.009572285
3.278542e-07
0.009572334
3.476326e-07
0.009572387
3.670041e-07
0.009572444
3.858796e-07
0.009572503
4.041841e-07
0.009572564
4.218587e-07
0.009572629
4.38858e-07
0.009572696
4.551502e-07
0.009572765
4.707146e-07
0.009572836
4.855402e-07
0.009572909
4.996243e-07
0.009572984
5.12971e-07
0.009573061
5.255896e-07
0.00957314
5.374942e-07
0.00957322
5.487019e-07
0.009573302
5.592328e-07
0.009573385
5.691086e-07
0.009573469
5.783525e-07
0.009573555
5.869885e-07
0.009573641
5.950407e-07
0.009573729
6.025335e-07
0.009573817
6.094911e-07
0.009573906
6.159369e-07
0.009573996
6.218937e-07
0.009574087
6.273834e-07
0.009574179
6.32427e-07
0.009574271
6.370442e-07
0.009574364
6.412535e-07
0.009574457
6.450723e-07
0.00957455
6.485166e-07
0.009574644
6.51601e-07
0.009574739
6.543386e-07
0.009574833
6.567414e-07
0.009574928
6.588197e-07
0.009575024
6.605826e-07
0.009575119
6.620376e-07
0.009575215
6.63191e-07
0.00957531
6.640475e-07
0.009575406
6.646103e-07
0.009575502
6.648814e-07
0.009575598
6.648612e-07
0.009575693
6.645488e-07
0.009575789
6.639417e-07
0.009575885
6.63036e-07
0.00957598
6.618266e-07
0.009576075
6.603066e-07
0.00957617
6.584679e-07
0.009576265
6.563008e-07
0.009576359
6.53794e-07
0.009576453
6.509351e-07
0.009576547
6.477099e-07
0.00957664
6.441029e-07
0.009576733
6.400969e-07
0.009576825
6.356736e-07
0.009576916
6.30813e-07
0.009577007
6.254938e-07
0.009577097
6.196934e-07
0.009577186
6.133879e-07
0.009577274
6.065521e-07
0.009577362
5.9916e-07
0.009577448
5.911844e-07
0.009577533
5.825973e-07
0.009577617
5.733701e-07
0.009577699
5.63474e-07
0.00957778
5.528799e-07
0.00957786
5.415589e-07
0.009577937
5.294825e-07
0.009578014
5.166233e-07
0.009578088
5.02955e-07
0.00957816
4.884532e-07
0.00957823
4.730958e-07
0.009578298
4.568636e-07
0.009578363
4.397406e-07
0.009578426
4.21715e-07
0.009578486
4.027796e-07
0.009578543
3.829326e-07
0.009578597
3.621778e-07
0.009578649
3.405259e-07
0.009578696
3.179941e-07
0.009578741
2.946075e-07
0.009578782
2.703987e-07
0.009578819
2.454085e-07
0.009578852
2.196858e-07
0.009578881
1.932876e-07
0.009578906
1.662787e-07
0.009578928
1.387311e-07
0.009578944
1.107231e-07
0.009578957
8.234019e-08
0.009578965
5.366547e-08
2.48182e-08
0.009572052
1.11213e-07
0.009572043
1.453637e-07
0.009572045
1.5825e-07
0.009572055
1.742562e-07
0.009572071
1.901222e-07
0.009572093
2.046449e-07
0.009572121
2.191898e-07
0.009572154
2.343551e-07
0.009572191
2.500639e-07
0.009572233
2.660867e-07
0.009572278
2.822775e-07
0.009572327
2.984637e-07
0.00957238
3.145047e-07
0.009572435
3.302663e-07
0.009572493
3.456536e-07
0.009572554
3.605841e-07
0.009572618
3.750015e-07
0.009572684
3.888609e-07
0.009572753
4.021344e-07
0.009572823
4.148032e-07
0.009572896
4.268585e-07
0.00957297
4.382987e-07
0.009573046
4.491277e-07
0.009573124
4.593548e-07
0.009573204
4.689916e-07
0.009573285
4.78054e-07
0.009573367
4.865584e-07
0.009573451
4.94524e-07
0.009573536
5.019697e-07
0.009573622
5.089159e-07
0.009573709
5.153824e-07
0.009573797
5.213896e-07
0.009573886
5.269569e-07
0.009573976
5.321038e-07
0.009574066
5.368484e-07
0.009574157
5.412088e-07
0.009574249
5.452014e-07
0.009574341
5.488422e-07
0.009574434
5.521458e-07
0.009574527
5.551259e-07
0.009574621
5.577949e-07
0.009574715
5.60164e-07
0.00957481
5.622436e-07
0.009574904
5.640423e-07
0.009574999
5.65568e-07
0.009575095
5.668271e-07
0.00957519
5.678251e-07
0.009575285
5.685657e-07
0.009575381
5.69052e-07
0.009575476
5.692855e-07
0.009575572
5.692667e-07
0.009575667
5.689946e-07
0.009575763
5.684674e-07
0.009575858
5.676814e-07
0.009575953
5.666325e-07
0.009576048
5.653145e-07
0.009576143
5.637207e-07
0.009576237
5.618425e-07
0.009576331
5.596706e-07
0.009576425
5.57194e-07
0.009576518
5.544009e-07
0.009576611
5.512777e-07
0.009576703
5.478101e-07
0.009576795
5.43982e-07
0.009576886
5.397768e-07
0.009576976
5.35176e-07
0.009577066
5.301607e-07
0.009577155
5.247102e-07
0.009577242
5.188035e-07
0.009577329
5.124183e-07
0.009577415
5.055317e-07
0.009577499
4.9812e-07
0.009577582
4.901594e-07
0.009577664
4.816253e-07
0.009577745
4.724937e-07
0.009577823
4.6274e-07
0.0095779
4.52341e-07
0.009577976
4.412735e-07
0.009578049
4.295162e-07
0.009578121
4.170489e-07
0.00957819
4.038537e-07
0.009578257
3.89915e-07
0.009578321
3.752203e-07
0.009578383
3.597604e-07
0.009578442
3.435305e-07
0.009578499
3.265296e-07
0.009578552
3.087623e-07
0.009578602
2.902383e-07
0.009578649
2.709734e-07
0.009578693
2.509894e-07
0.009578733
2.303149e-07
0.00957877
2.089848e-07
0.009578802
1.870413e-07
0.009578831
1.645328e-07
0.009578856
1.415145e-07
0.009578876
1.180473e-07
0.009578893
9.419758e-08
0.009578905
7.003729e-08
0.009578913
4.563634e-08
2.109501e-08
0.009572046
1.57278e-07
0.009572023
1.710177e-07
0.009572021
1.623401e-07
0.00957203
1.675507e-07
0.009572046
1.75014e-07
0.00957207
1.818291e-07
0.0095721
1.900874e-07
0.009572134
2.002116e-07
0.009572173
2.115527e-07
0.009572215
2.236777e-07
0.009572261
2.363011e-07
0.00957231
2.491855e-07
0.009572362
2.621173e-07
0.009572417
2.749434e-07
0.009572475
2.875418e-07
0.009572536
2.998255e-07
0.009572599
3.117266e-07
0.009572664
3.231987e-07
0.009572732
3.342083e-07
0.009572802
3.447342e-07
0.009572874
3.547645e-07
0.009572948
3.642938e-07
0.009573023
3.733234e-07
0.009573101
3.818579e-07
0.00957318
3.899066e-07
0.00957326
3.9748e-07
0.009573342
4.045918e-07
0.009573425
4.112562e-07
0.009573509
4.174891e-07
0.009573595
4.233061e-07
0.009573681
4.287239e-07
0.009573769
4.337584e-07
0.009573857
4.384261e-07
0.009573947
4.427424e-07
0.009574037
4.467227e-07
0.009574127
4.503814e-07
0.009574219
4.537323e-07
0.009574311
4.567885e-07
0.009574403
4.595622e-07
0.009574496
4.620646e-07
0.00957459
4.643061e-07
0.009574683
4.66296e-07
0.009574778
4.680427e-07
0.009574872
4.695536e-07
0.009574967
4.708351e-07
0.009575062
4.718928e-07
0.009575157
4.727307e-07
0.009575252
4.733526e-07
0.009575347
4.737605e-07
0.009575442
4.739559e-07
0.009575538
4.739391e-07
0.009575633
4.737095e-07
0.009575728
4.732652e-07
0.009575823
4.726036e-07
0.009575918
4.717206e-07
0.009576013
4.706118e-07
0.009576107
4.69271e-07
0.009576201
4.676915e-07
0.009576295
4.658651e-07
0.009576388
4.637831e-07
0.009576481
4.614352e-07
0.009576574
4.588105e-07
0.009576666
4.558967e-07
0.009576757
4.52681e-07
0.009576847
4.491491e-07
0.009576937
4.452861e-07
0.009577026
4.410758e-07
0.009577115
4.365017e-07
0.009577202
4.31546e-07
0.009577288
4.261905e-07
0.009577373
4.204163e-07
0.009577457
4.14204e-07
0.00957754
4.075339e-07
0.009577621
4.00386e-07
0.009577701
3.927405e-07
0.009577779
3.845777e-07
0.009577855
3.758783e-07
0.00957793
3.666241e-07
0.009578002
3.567973e-07
0.009578073
3.463822e-07
0.009578142
3.353642e-07
0.009578208
3.237313e-07
0.009578271
3.114736e-07
0.009578333
2.985844e-07
0.009578391
2.850599e-07
0.009578447
2.709006e-07
0.009578499
2.561106e-07
0.009578549
2.406987e-07
0.009578595
2.246784e-07
0.009578638
2.080686e-07
0.009578677
1.90893e-07
0.009578713
1.731815e-07
0.009578745
1.549687e-07
0.009578773
1.362953e-07
0.009578798
1.172068e-07
0.009578818
9.775413e-08
0.009578834
7.799202e-08
0.009578846
5.797983e-08
0.009578854
3.777462e-08
1.745542e-08
0.009572044
2.315208e-07
0.009572005
2.118921e-07
0.009571998
1.714993e-07
0.009572003
1.645762e-07
0.009572017
1.625816e-07
0.009572039
1.599806e-07
0.009572069
1.611263e-07
0.009572103
1.659284e-07
0.009572142
1.727919e-07
0.009572185
1.810057e-07
0.009572231
1.901222e-07
0.00957228
1.997881e-07
0.009572332
2.097008e-07
0.009572387
2.196748e-07
0.009572445
2.295598e-07
0.009572505
2.392597e-07
0.009572568
2.486972e-07
0.009572633
2.578232e-07
0.009572701
2.666009e-07
0.00957277
2.750075e-07
0.009572842
2.83029e-07
0.009572915
2.906576e-07
0.009572991
2.978927e-07
0.009573068
3.047356e-07
0.009573146
3.111933e-07
0.009573226
3.172723e-07
0.009573308
3.229839e-07
0.009573391
3.283378e-07
0.009573475
3.333473e-07
0.00957356
3.380236e-07
0.009573646
3.423806e-07
0.009573733
3.464302e-07
0.009573821
3.501858e-07
0.00957391
3.536592e-07
0.009574
3.56863e-07
0.009574091
3.598084e-07
0.009574182
3.625065e-07
0.009574273
3.649676e-07
0.009574366
3.672015e-07
0.009574458
3.692171e-07
0.009574552
3.710227e-07
0.009574645
3.726258e-07
0.009574739
3.740329e-07
0.009574834
3.752503e-07
0.009574928
3.762827e-07
0.009575023
3.771348e-07
0.009575118
3.778098e-07
0.009575213
3.783107e-07
0.009575308
3.786391e-07
0.009575403
3.787964e-07
0.009575498
3.787824e-07
0.009575593
3.785971e-07
0.009575688
3.782385e-07
0.009575783
3.77705e-07
0.009575877
3.76993e-07
0.009575972
3.760992e-07
0.009576066
3.750183e-07
0.00957616
3.737454e-07
0.009576254
3.722735e-07
0.009576347
3.705961e-07
0.00957644
3.687045e-07
0.009576532
3.665904e-07
0.009576623
3.642437e-07
0.009576714
3.616545e-07
0.009576805
3.588109e-07
0.009576894
3.557016e-07
0.009576983
3.523133e-07
0.009577071
3.486333e-07
0.009577158
3.446469e-07
0.009577243
3.403403e-07
0.009577328
3.356979e-07
0.009577412
3.307049e-07
0.009577494
3.253452e-07
0.009577575
3.196037e-07
0.009577654
3.134642e-07
0.009577731
3.069117e-07
0.009577807
2.999306e-07
0.009577882
2.925072e-07
0.009577954
2.846272e-07
0.009578024
2.762789e-07
0.009578092
2.674507e-07
0.009578157
2.581337e-07
0.00957822
2.4832e-07
0.009578281
2.380053e-07
0.009578339
2.271866e-07
0.009578394
2.158651e-07
0.009578446
2.040439e-07
0.009578495
1.917312e-07
0.009578541
1.789375e-07
0.009578583
1.656785e-07
0.009578622
1.519733e-07
0.009578657
1.37846e-07
0.009578689
1.233243e-07
0.009578717
1.084411e-07
0.009578741
9.323283e-08
0.009578761
7.774067e-08
0.009578777
6.200887e-08
0.009578788
4.608571e-08
0.009578796
3.001786e-08
1.386793e-08
0.00957197
4.010866e-07
0.009571908
2.759843e-07
0.009571913
1.684668e-07
0.009571927
1.520078e-07
0.009571948
1.432042e-07
0.009571977
1.322099e-07
0.00957201
1.281721e-07
0.009572047
1.292611e-07
0.009572087
1.327254e-07
0.00957213
1.377133e-07
0.009572176
1.438123e-07
0.009572225
1.505548e-07
0.009572277
1.576473e-07
0.009572332
1.648797e-07
0.009572389
1.72123e-07
0.009572449
1.792724e-07
0.009572511
1.862627e-07
0.009572576
1.930433e-07
0.009572642
1.995818e-07
0.009572711
2.058561e-07
0.009572782
2.118512e-07
0.009572855
2.175606e-07
0.00957293
2.229795e-07
0.009573007
2.281102e-07
0.009573085
2.32954e-07
0.009573164
2.375178e-07
0.009573245
2.418066e-07
0.009573328
2.458299e-07
0.009573411
2.495947e-07
0.009573496
2.531113e-07
0.009573582
2.56388e-07
0.009573669
2.59435e-07
0.009573757
2.62261e-07
0.009573845
2.648758e-07
0.009573935
2.672877e-07
0.009574025
2.695057e-07
0.009574116
2.715377e-07
0.009574208
2.733915e-07
0.0095743
2.750744e-07
0.009574392
2.76593e-07
0.009574485
2.779536e-07
0.009574579
2.791616e-07
0.009574672
2.802221e-07
0.009574766
2.811394e-07
0.009574861
2.819177e-07
0.009574955
2.825597e-07
0.00957505
2.830685e-07
0.009575145
2.834457e-07
0.00957524
2.836932e-07
0.009575335
2.838112e-07
0.00957543
2.838006e-07
0.009575524
2.836602e-07
0.009575619
2.833896e-07
0.009575714
2.829867e-07
0.009575808
2.824496e-07
0.009575903
2.81775e-07
0.009575997
2.809598e-07
0.00957609
2.799993e-07
0.009576184
2.788895e-07
0.009576277
2.776241e-07
0.009576369
2.76198e-07
0.009576461
2.746038e-07
0.009576553
2.72835e-07
0.009576643
2.70883e-07
0.009576733
2.687401e-07
0.009576823
2.663968e-07
0.009576911
2.638442e-07
0.009576999
2.610717e-07
0.009577085
2.580696e-07
0.009577171
2.548263e-07
0.009577255
2.513314e-07
0.009577338
2.475728e-07
0.00957742
2.435398e-07
0.0095775
2.392197e-07
0.009577579
2.34602e-07
0.009577656
2.296743e-07
0.009577732
2.244264e-07
0.009577805
2.188468e-07
0.009577877
2.129264e-07
0.009577947
2.066555e-07
0.009578014
2.000266e-07
0.009578079
1.930323e-07
0.009578142
1.856681e-07
0.009578202
1.779298e-07
0.009578259
1.698167e-07
0.009578314
1.613286e-07
0.009578365
1.524695e-07
0.009578414
1.432443e-07
0.009578459
1.336624e-07
0.009578501
1.237347e-07
0.009578539
1.134765e-07
0.009578574
1.029054e-07
0.009578606
9.204299e-08
0.009578633
8.091358e-08
0.009578657
6.954567e-08
0.009578677
5.797069e-08
0.009578692
4.622377e-08
0.009578704
3.434322e-08
0.009578712
2.236647e-08
1.033394e-08
0.009571875
7.12401e-07
0.009571765
3.870189e-07
0.009571769
1.670551e-07
0.009571782
1.412753e-07
0.009571806
1.204555e-07
0.009571842
9.820759e-08
0.009571881
8.979852e-08
0.009571922
8.838431e-08
0.009571965
8.933657e-08
0.009572011
9.191557e-08
0.009572059
9.563654e-08
0.00957211
9.996838e-08
0.009572163
1.04612e-07
0.009572218
1.093965e-07
0.009572276
1.142109e-07
0.009572336
1.189761e-07
0.009572398
1.236408e-07
0.009572463
1.281695e-07
0.00957253
1.325385e-07
0.009572599
1.367322e-07
0.00957267
1.407404e-07
0.009572743
1.445579e-07
0.009572817
1.481821e-07
0.009572894
1.516135e-07
0.009572972
1.548537e-07
0.009573051
1.579066e-07
0.009573132
1.607761e-07
0.009573214
1.634678e-07
0.009573298
1.659871e-07
0.009573382
1.683403e-07
0.009573468
1.705333e-07
0.009573555
1.725726e-07
0.009573643
1.744641e-07
0.009573731
1.762144e-07
0.009573821
1.77829e-07
0.009573911
1.793138e-07
0.009574001
1.806743e-07
0.009574093
1.819155e-07
0.009574185
1.830423e-07
0.009574277
1.840592e-07
0.00957437
1.849702e-07
0.009574464
1.857792e-07
0.009574557
1.864894e-07
0.009574651
1.871037e-07
0.009574745
1.876249e-07
0.00957484
1.880549e-07
0.009574935
1.883956e-07
0.009575029
1.886483e-07
0.009575124
1.888141e-07
0.009575219
1.888932e-07
0.009575314
1.888861e-07
0.009575409
1.887922e-07
0.009575503
1.886111e-07
0.009575598
1.883414e-07
0.009575692
1.879818e-07
0.009575787
1.875303e-07
0.009575881
1.869845e-07
0.009575974
1.863417e-07
0.009576068
1.855988e-07
0.00957616
1.84752e-07
0.009576253
1.837976e-07
0.009576345
1.827308e-07
0.009576436
1.815472e-07
0.009576526
1.802413e-07
0.009576616
1.788077e-07
0.009576706
1.772402e-07
0.009576794
1.755329e-07
0.009576881
1.736789e-07
0.009576968
1.716713e-07
0.009577053
1.69503e-07
0.009577137
1.671667e-07
0.00957722
1.646547e-07
0.009577301
1.619594e-07
0.009577382
1.590731e-07
0.00957746
1.559882e-07
0.009577537
1.52697e-07
0.009577612
1.491925e-07
0.009577686
1.454674e-07
0.009577757
1.415154e-07
0.009577826
1.373305e-07
0.009577894
1.329075e-07
0.009577958
1.282419e-07
0.009578021
1.233305e-07
0.00957808
1.18171e-07
0.009578137
1.127626e-07
0.009578192
1.071057e-07
0.009578243
1.012027e-07
0.009578291
9.505749e-08
0.009578336
8.867591e-08
0.009578378
8.206569e-08
0.009578416
7.52369e-08
0.009578451
6.820147e-08
0.009578482
6.097385e-08
0.009578509
5.357063e-08
0.009578532
4.601121e-08
0.009578552
3.831782e-08
0.009578568
3.051599e-08
0.00957858
2.263632e-08
0.009578587
1.471376e-08
6.798697e-09
0.009571586
1.299899e-06
0.009571586
3.889816e-07
0.009571655
1.006179e-07
0.009571677
1.223088e-07
0.009571709
9.046268e-08
0.009571749
6.016161e-08
0.009571788
5.104407e-08
0.009571829
4.809487e-08
0.009571872
4.664951e-08
0.009571917
4.683526e-08
0.009571965
4.811474e-08
0.009572015
4.993121e-08
0.009572067
5.202193e-08
0.009572122
5.426747e-08
0.00957218
5.65758e-08
0.00957224
5.889128e-08
0.009572302
6.117601e-08
0.009572367
6.340652e-08
0.009572434
6.556709e-08
0.009572503
6.764629e-08
0.009572574
6.963846e-08
0.009572646
7.153817e-08
0.009572721
7.334478e-08
0.009572798
7.505621e-08
0.009572876
7.667439e-08
0.009572955
7.819927e-08
0.009573036
7.963405e-08
0.009573119
8.097994e-08
0.009573202
8.224065e-08
0.009573287
8.341815e-08
0.009573373
8.451623e-08
0.00957346
8.553727e-08
0.009573548
8.648488e-08
0.009573637
8.736163e-08
0.009573726
8.817077e-08
0.009573816
8.891493e-08
0.009573907
8.959691e-08
0.009573999
9.021923e-08
0.009574091
9.078426e-08
0.009574184
9.129431e-08
0.009574277
9.175126e-08
0.009574371
9.21572e-08
0.009574465
9.251352e-08
0.009574559
9.2822e-08
0.009574653
9.308358e-08
0.009574748
9.329971e-08
0.009574843
9.347084e-08
0.009574938
9.359811e-08
0.009575033
9.36815e-08
0.009575128
9.372178e-08
0.009575223
9.37185e-08
0.009575318
9.367205e-08
0.009575413
9.358153e-08
0.009575508
9.344695e-08
0.009575603
9.3267e-08
0.009575697
9.304126e-08
0.009575792
9.276799e-08
0.009575885
9.24464e-08
0.009575979
9.207431e-08
0.009576072
9.165051e-08
0.009576165
9.117243e-08
0.009576257
9.063844e-08
0.009576348
9.004556e-08
0.009576439
8.939178e-08
0.009576529
8.867372e-08
0.009576618
8.7889e-08
0.009576707
8.70339e-08
0.009576794
8.610571e-08
0.009576881
8.510039e-08
0.009576966
8.401495e-08
0.009577051
8.284513e-08
0.009577134
8.158776e-08
0.009577216
8.023844e-08
0.009577296
7.879394e-08
0.009577375
7.724985e-08
0.009577452
7.560304e-08
0.009577527
7.384928e-08
0.0095776
7.198571e-08
0.009577672
7.000852e-08
0.009577741
6.791535e-08
0.009577808
6.570305e-08
0.009577873
6.337004e-08
0.009577936
6.09141e-08
0.009577996
5.833475e-08
0.009578053
5.563101e-08
0.009578107
5.280377e-08
0.009578158
4.98536e-08
0.009578207
4.678308e-08
0.009578252
4.359461e-08
0.009578293
4.029268e-08
0.009578332
3.688181e-08
0.009578367
3.336855e-08
0.009578398
2.975984e-08
0.009578425
2.606476e-08
0.009578449
2.229379e-08
0.009578469
1.846053e-08
0.009578485
1.458292e-08
0.009578497
1.06919e-08
0.009578504
6.829627e-09
3.146046e-09
0.009572664
0.009573054
0.009573156
0.00957328
0.009573371
0.009573432
0.009573484
0.009573532
0.009573579
0.009573626
0.009573674
0.009573724
0.009573776
0.00957383
0.009573887
0.009573945
0.009574007
0.00957407
0.009574135
0.009574203
0.009574273
0.009574344
0.009574417
0.009574492
0.009574569
0.009574647
0.009574727
0.009574808
0.00957489
0.009574973
0.009575058
0.009575143
0.009575229
0.009575317
0.009575405
0.009575494
0.009575583
0.009575674
0.009575764
0.009575856
0.009575947
0.009576039
0.009576132
0.009576225
0.009576318
0.009576411
0.009576504
0.009576598
0.009576692
0.009576785
0.009576879
0.009576973
0.009577066
0.00957716
0.009577253
0.009577346
0.009577439
0.009577531
0.009577623
0.009577715
0.009577806
0.009577897
0.009577987
0.009578076
0.009578165
0.009578253
0.00957834
0.009578426
0.009578511
0.009578595
0.009578678
0.009578759
0.00957884
0.009578918
0.009578996
0.009579071
0.009579145
0.009579217
0.009579287
0.009579355
0.009579421
0.009579484
0.009579545
0.009579603
0.009579659
0.009579712
0.009579761
0.009579808
0.009579852
0.009579892
0.009579929
0.009579962
0.009579992
0.009580018
0.00958004
0.009580059
0.009580073
0.009580084
0.009580091
)
;

boundaryField
{
    topAir_top
    {
        type            symmetryPlane;
        value           uniform 0;
    }
    leftLet
    {
        type            calculated;
        value           nonuniform List<scalar> 
40
(
-0.009566774
-0.009567707
-0.009569273
-0.009569685
-0.009569924
-0.009570164
-0.009570363
-0.009570529
-0.009570678
-0.009570808
-0.009570925
-0.009571031
-0.009571127
-0.009571215
-0.009571295
-0.009571369
-0.009571438
-0.009571501
-0.009571559
-0.009571613
-0.009571663
-0.00957171
-0.009571753
-0.009571793
-0.00957183
-0.009571865
-0.009571897
-0.009571927
-0.009571954
-0.00957198
-0.009572004
-0.009572027
-0.009572049
-0.009572071
-0.009572092
-0.009572117
-0.009572139
-0.009572185
-0.009572172
-0.009571363
)
;
    }
    rightLet
    {
        type            calculated;
        value           nonuniform List<scalar> 
40
(
0.009193614
0.009580124
0.009587253
0.009586331
0.009585364
0.009584718
0.009584047
0.009583563
0.009583084
0.009582698
0.009582325
0.009582012
0.009581708
0.00958145
0.009581196
0.00958098
0.009580764
0.009580582
0.009580397
0.009580242
0.009580083
0.009579951
0.009579815
0.009579702
0.009579585
0.009579489
0.00957939
0.009579309
0.009579226
0.009579157
0.009579087
0.009579029
0.009578969
0.009578917
0.009578858
0.0095788
0.009578715
0.009578591
0.009578508
0.009580094
)
;
    }
    frontAndBack
    {
        type            empty;
        value           nonuniform 0();
    }
    topAir_to_wall
    {
        type            calculated;
        value           uniform 0;
    }
}


// ************************************************************************* //
