/*--------------------------------*- C++ -*----------------------------------*\
| =========                 |                                                 |
| \\      /  F ield         | OpenFOAM: The Open Source CFD Toolbox           |
|  \\    /   O peration     | Version:  2.3.0                                 |
|   \\  /    A nd           | Web:      www.OpenFOAM.org                      |
|    \\/     M anipulation  |                                                 |
\*---------------------------------------------------------------------------*/
FoamFile
{
    version     2.0;
    format      ascii;
    class       volScalarField;
    location    "10000/topAir";
    object      rho;
}
// * * * * * * * * * * * * * * * * * * * * * * * * * * * * * * * * * * * * * //

dimensions      [1 -3 0 0 0 0 0];

internalField   nonuniform List<scalar> 
4000
(
1.155286
1.155295
1.155387
1.154794
1.154206
1.153689
1.153172
1.152648
1.152125
1.151603
1.151081
1.150559
1.150038
1.149518
1.148997
1.148477
1.147958
1.147439
1.14692
1.146402
1.145884
1.145367
1.14485
1.144334
1.143818
1.143302
1.142787
1.142272
1.141758
1.141244
1.14073
1.140217
1.139704
1.139192
1.13868
1.138169
1.137658
1.137148
1.136638
1.136128
1.135619
1.13511
1.134602
1.134094
1.133586
1.133079
1.132573
1.132066
1.131561
1.131055
1.13055
1.130046
1.129542
1.129038
1.128535
1.128032
1.12753
1.127028
1.126527
1.126026
1.125525
1.125025
1.124525
1.124026
1.123527
1.123028
1.12253
1.122033
1.121535
1.121039
1.120542
1.120046
1.119551
1.119055
1.118561
1.118066
1.117572
1.117079
1.116586
1.116093
1.1156
1.115108
1.114617
1.114126
1.113635
1.113144
1.112654
1.112165
1.111675
1.111186
1.110698
1.11021
1.109722
1.109235
1.108748
1.108261
1.107775
1.107289
1.106803
1.106318
1.155808
1.156344
1.156961
1.156891
1.156824
1.156829
1.156832
1.156828
1.156823
1.156818
1.156813
1.156807
1.156801
1.156795
1.156788
1.156781
1.156773
1.156765
1.156756
1.156747
1.156738
1.156728
1.156717
1.156707
1.156695
1.156684
1.156671
1.156659
1.156646
1.156633
1.156619
1.156605
1.15659
1.156575
1.156559
1.156543
1.156527
1.15651
1.156493
1.156475
1.156457
1.156439
1.15642
1.156401
1.156381
1.156361
1.156341
1.15632
1.156298
1.156277
1.156255
1.156232
1.156209
1.156186
1.156162
1.156138
1.156114
1.156089
1.156063
1.156038
1.156012
1.155985
1.155958
1.155931
1.155904
1.155876
1.155847
1.155818
1.155789
1.15576
1.15573
1.1557
1.155669
1.155638
1.155607
1.155575
1.155543
1.155511
1.155478
1.155445
1.155411
1.155378
1.155344
1.155309
1.155274
1.155239
1.155204
1.155169
1.155133
1.155097
1.155061
1.155025
1.154988
1.154952
1.154916
1.154881
1.154846
1.154814
1.154786
1.154767
1.155809
1.156345
1.156963
1.156895
1.15683
1.156838
1.156844
1.156843
1.156842
1.156841
1.156841
1.156841
1.15684
1.15684
1.15684
1.156839
1.156839
1.156839
1.156838
1.156838
1.156838
1.156837
1.156837
1.156837
1.156836
1.156836
1.156835
1.156835
1.156835
1.156834
1.156834
1.156833
1.156833
1.156832
1.156832
1.156831
1.156831
1.15683
1.15683
1.156829
1.156828
1.156828
1.156827
1.156827
1.156826
1.156825
1.156825
1.156824
1.156823
1.156823
1.156822
1.156821
1.15682
1.156819
1.156819
1.156818
1.156817
1.156816
1.156815
1.156814
1.156813
1.156812
1.156811
1.15681
1.156809
1.156808
1.156807
1.156806
1.156805
1.156804
1.156803
1.156802
1.1568
1.156799
1.156798
1.156797
1.156795
1.156794
1.156792
1.156791
1.15679
1.156788
1.156787
1.156785
1.156784
1.156782
1.156781
1.156779
1.156778
1.156776
1.156774
1.156773
1.156771
1.156769
1.156768
1.156766
1.156765
1.156763
1.156762
1.156761
1.155808
1.156345
1.156963
1.156894
1.15683
1.156838
1.156844
1.156843
1.156842
1.156841
1.156841
1.156841
1.156841
1.15684
1.15684
1.15684
1.156839
1.156839
1.156839
1.156839
1.156838
1.156838
1.156838
1.156837
1.156837
1.156837
1.156837
1.156836
1.156836
1.156836
1.156836
1.156835
1.156835
1.156835
1.156835
1.156834
1.156834
1.156834
1.156833
1.156833
1.156833
1.156833
1.156832
1.156832
1.156832
1.156832
1.156831
1.156831
1.156831
1.15683
1.15683
1.15683
1.15683
1.156829
1.156829
1.156829
1.156829
1.156828
1.156828
1.156828
1.156827
1.156827
1.156827
1.156827
1.156826
1.156826
1.156826
1.156825
1.156825
1.156825
1.156825
1.156824
1.156824
1.156824
1.156823
1.156823
1.156823
1.156823
1.156822
1.156822
1.156822
1.156821
1.156821
1.156821
1.15682
1.15682
1.15682
1.156819
1.156819
1.156819
1.156819
1.156818
1.156818
1.156817
1.156817
1.156817
1.156816
1.156816
1.156816
1.156815
1.155808
1.156344
1.156963
1.156894
1.15683
1.156837
1.156844
1.156843
1.156842
1.156841
1.156841
1.156841
1.156841
1.15684
1.15684
1.15684
1.156839
1.156839
1.156839
1.156839
1.156838
1.156838
1.156838
1.156837
1.156837
1.156837
1.156837
1.156836
1.156836
1.156836
1.156836
1.156835
1.156835
1.156835
1.156834
1.156834
1.156834
1.156834
1.156833
1.156833
1.156833
1.156833
1.156832
1.156832
1.156832
1.156832
1.156831
1.156831
1.156831
1.15683
1.15683
1.15683
1.15683
1.156829
1.156829
1.156829
1.156829
1.156828
1.156828
1.156828
1.156828
1.156827
1.156827
1.156827
1.156827
1.156826
1.156826
1.156826
1.156825
1.156825
1.156825
1.156825
1.156824
1.156824
1.156824
1.156824
1.156823
1.156823
1.156823
1.156822
1.156822
1.156822
1.156822
1.156821
1.156821
1.156821
1.15682
1.15682
1.15682
1.15682
1.156819
1.156819
1.156819
1.156818
1.156818
1.156818
1.156818
1.156817
1.156817
1.156817
1.155808
1.156344
1.156963
1.156894
1.15683
1.156837
1.156844
1.156842
1.156841
1.156841
1.156841
1.156841
1.15684
1.15684
1.15684
1.15684
1.156839
1.156839
1.156839
1.156839
1.156838
1.156838
1.156838
1.156837
1.156837
1.156837
1.156837
1.156836
1.156836
1.156836
1.156836
1.156835
1.156835
1.156835
1.156834
1.156834
1.156834
1.156834
1.156833
1.156833
1.156833
1.156833
1.156832
1.156832
1.156832
1.156832
1.156831
1.156831
1.156831
1.15683
1.15683
1.15683
1.15683
1.156829
1.156829
1.156829
1.156829
1.156828
1.156828
1.156828
1.156828
1.156827
1.156827
1.156827
1.156826
1.156826
1.156826
1.156826
1.156825
1.156825
1.156825
1.156825
1.156824
1.156824
1.156824
1.156824
1.156823
1.156823
1.156823
1.156822
1.156822
1.156822
1.156822
1.156821
1.156821
1.156821
1.15682
1.15682
1.15682
1.15682
1.156819
1.156819
1.156819
1.156818
1.156818
1.156818
1.156818
1.156817
1.156817
1.156817
1.155808
1.156344
1.156962
1.156894
1.15683
1.156837
1.156844
1.156842
1.156841
1.156841
1.156841
1.156841
1.15684
1.15684
1.15684
1.15684
1.156839
1.156839
1.156839
1.156839
1.156838
1.156838
1.156838
1.156837
1.156837
1.156837
1.156837
1.156836
1.156836
1.156836
1.156836
1.156835
1.156835
1.156835
1.156834
1.156834
1.156834
1.156834
1.156833
1.156833
1.156833
1.156833
1.156832
1.156832
1.156832
1.156832
1.156831
1.156831
1.156831
1.15683
1.15683
1.15683
1.15683
1.156829
1.156829
1.156829
1.156829
1.156828
1.156828
1.156828
1.156828
1.156827
1.156827
1.156827
1.156826
1.156826
1.156826
1.156826
1.156825
1.156825
1.156825
1.156825
1.156824
1.156824
1.156824
1.156824
1.156823
1.156823
1.156823
1.156822
1.156822
1.156822
1.156822
1.156821
1.156821
1.156821
1.15682
1.15682
1.15682
1.15682
1.156819
1.156819
1.156819
1.156818
1.156818
1.156818
1.156818
1.156817
1.156817
1.156817
1.155808
1.156344
1.156962
1.156894
1.15683
1.156837
1.156843
1.156842
1.156841
1.156841
1.156841
1.156841
1.15684
1.15684
1.15684
1.15684
1.156839
1.156839
1.156839
1.156838
1.156838
1.156838
1.156838
1.156837
1.156837
1.156837
1.156837
1.156836
1.156836
1.156836
1.156835
1.156835
1.156835
1.156835
1.156834
1.156834
1.156834
1.156834
1.156833
1.156833
1.156833
1.156833
1.156832
1.156832
1.156832
1.156831
1.156831
1.156831
1.156831
1.15683
1.15683
1.15683
1.15683
1.156829
1.156829
1.156829
1.156829
1.156828
1.156828
1.156828
1.156828
1.156827
1.156827
1.156827
1.156826
1.156826
1.156826
1.156826
1.156825
1.156825
1.156825
1.156825
1.156824
1.156824
1.156824
1.156823
1.156823
1.156823
1.156823
1.156822
1.156822
1.156822
1.156822
1.156821
1.156821
1.156821
1.15682
1.15682
1.15682
1.15682
1.156819
1.156819
1.156819
1.156819
1.156818
1.156818
1.156818
1.156817
1.156817
1.156817
1.155808
1.156344
1.156962
1.156894
1.15683
1.156837
1.156843
1.156842
1.156841
1.156841
1.156841
1.156841
1.15684
1.15684
1.15684
1.15684
1.156839
1.156839
1.156839
1.156838
1.156838
1.156838
1.156838
1.156837
1.156837
1.156837
1.156837
1.156836
1.156836
1.156836
1.156835
1.156835
1.156835
1.156835
1.156834
1.156834
1.156834
1.156834
1.156833
1.156833
1.156833
1.156833
1.156832
1.156832
1.156832
1.156831
1.156831
1.156831
1.156831
1.15683
1.15683
1.15683
1.15683
1.156829
1.156829
1.156829
1.156829
1.156828
1.156828
1.156828
1.156827
1.156827
1.156827
1.156827
1.156826
1.156826
1.156826
1.156826
1.156825
1.156825
1.156825
1.156825
1.156824
1.156824
1.156824
1.156823
1.156823
1.156823
1.156823
1.156822
1.156822
1.156822
1.156822
1.156821
1.156821
1.156821
1.15682
1.15682
1.15682
1.15682
1.156819
1.156819
1.156819
1.156819
1.156818
1.156818
1.156818
1.156817
1.156817
1.156817
1.155808
1.156344
1.156962
1.156894
1.15683
1.156837
1.156843
1.156842
1.156841
1.156841
1.156841
1.156841
1.15684
1.15684
1.15684
1.15684
1.156839
1.156839
1.156839
1.156838
1.156838
1.156838
1.156838
1.156837
1.156837
1.156837
1.156837
1.156836
1.156836
1.156836
1.156835
1.156835
1.156835
1.156835
1.156834
1.156834
1.156834
1.156834
1.156833
1.156833
1.156833
1.156833
1.156832
1.156832
1.156832
1.156831
1.156831
1.156831
1.156831
1.15683
1.15683
1.15683
1.15683
1.156829
1.156829
1.156829
1.156829
1.156828
1.156828
1.156828
1.156827
1.156827
1.156827
1.156827
1.156826
1.156826
1.156826
1.156826
1.156825
1.156825
1.156825
1.156825
1.156824
1.156824
1.156824
1.156823
1.156823
1.156823
1.156823
1.156822
1.156822
1.156822
1.156822
1.156821
1.156821
1.156821
1.15682
1.15682
1.15682
1.15682
1.156819
1.156819
1.156819
1.156819
1.156818
1.156818
1.156818
1.156817
1.156817
1.156817
1.155807
1.156344
1.156962
1.156894
1.15683
1.156837
1.156843
1.156842
1.156841
1.156841
1.156841
1.156841
1.15684
1.15684
1.15684
1.156839
1.156839
1.156839
1.156839
1.156838
1.156838
1.156838
1.156838
1.156837
1.156837
1.156837
1.156837
1.156836
1.156836
1.156836
1.156835
1.156835
1.156835
1.156835
1.156834
1.156834
1.156834
1.156834
1.156833
1.156833
1.156833
1.156833
1.156832
1.156832
1.156832
1.156831
1.156831
1.156831
1.156831
1.15683
1.15683
1.15683
1.15683
1.156829
1.156829
1.156829
1.156829
1.156828
1.156828
1.156828
1.156827
1.156827
1.156827
1.156827
1.156826
1.156826
1.156826
1.156826
1.156825
1.156825
1.156825
1.156825
1.156824
1.156824
1.156824
1.156823
1.156823
1.156823
1.156823
1.156822
1.156822
1.156822
1.156822
1.156821
1.156821
1.156821
1.15682
1.15682
1.15682
1.15682
1.156819
1.156819
1.156819
1.156819
1.156818
1.156818
1.156818
1.156818
1.156817
1.156817
1.155807
1.156343
1.156962
1.156894
1.15683
1.156837
1.156843
1.156842
1.156841
1.156841
1.156841
1.156841
1.15684
1.15684
1.15684
1.156839
1.156839
1.156839
1.156839
1.156838
1.156838
1.156838
1.156838
1.156837
1.156837
1.156837
1.156836
1.156836
1.156836
1.156836
1.156835
1.156835
1.156835
1.156835
1.156834
1.156834
1.156834
1.156834
1.156833
1.156833
1.156833
1.156833
1.156832
1.156832
1.156832
1.156831
1.156831
1.156831
1.156831
1.15683
1.15683
1.15683
1.15683
1.156829
1.156829
1.156829
1.156829
1.156828
1.156828
1.156828
1.156827
1.156827
1.156827
1.156827
1.156826
1.156826
1.156826
1.156826
1.156825
1.156825
1.156825
1.156825
1.156824
1.156824
1.156824
1.156823
1.156823
1.156823
1.156823
1.156822
1.156822
1.156822
1.156822
1.156821
1.156821
1.156821
1.15682
1.15682
1.15682
1.15682
1.156819
1.156819
1.156819
1.156819
1.156818
1.156818
1.156818
1.156818
1.156817
1.156817
1.155807
1.156343
1.156962
1.156894
1.15683
1.156837
1.156843
1.156842
1.156841
1.156841
1.156841
1.156841
1.15684
1.15684
1.15684
1.156839
1.156839
1.156839
1.156839
1.156838
1.156838
1.156838
1.156838
1.156837
1.156837
1.156837
1.156836
1.156836
1.156836
1.156836
1.156835
1.156835
1.156835
1.156835
1.156834
1.156834
1.156834
1.156834
1.156833
1.156833
1.156833
1.156832
1.156832
1.156832
1.156832
1.156831
1.156831
1.156831
1.156831
1.15683
1.15683
1.15683
1.15683
1.156829
1.156829
1.156829
1.156829
1.156828
1.156828
1.156828
1.156827
1.156827
1.156827
1.156827
1.156826
1.156826
1.156826
1.156826
1.156825
1.156825
1.156825
1.156825
1.156824
1.156824
1.156824
1.156823
1.156823
1.156823
1.156823
1.156822
1.156822
1.156822
1.156822
1.156821
1.156821
1.156821
1.156821
1.15682
1.15682
1.15682
1.156819
1.156819
1.156819
1.156819
1.156818
1.156818
1.156818
1.156818
1.156817
1.156817
1.155807
1.156343
1.156962
1.156894
1.15683
1.156837
1.156843
1.156842
1.156841
1.156841
1.156841
1.15684
1.15684
1.15684
1.15684
1.156839
1.156839
1.156839
1.156839
1.156838
1.156838
1.156838
1.156838
1.156837
1.156837
1.156837
1.156836
1.156836
1.156836
1.156836
1.156835
1.156835
1.156835
1.156835
1.156834
1.156834
1.156834
1.156834
1.156833
1.156833
1.156833
1.156832
1.156832
1.156832
1.156832
1.156831
1.156831
1.156831
1.156831
1.15683
1.15683
1.15683
1.15683
1.156829
1.156829
1.156829
1.156829
1.156828
1.156828
1.156828
1.156827
1.156827
1.156827
1.156827
1.156826
1.156826
1.156826
1.156826
1.156825
1.156825
1.156825
1.156825
1.156824
1.156824
1.156824
1.156823
1.156823
1.156823
1.156823
1.156822
1.156822
1.156822
1.156822
1.156821
1.156821
1.156821
1.156821
1.15682
1.15682
1.15682
1.156819
1.156819
1.156819
1.156819
1.156818
1.156818
1.156818
1.156818
1.156817
1.156817
1.155807
1.156343
1.156962
1.156894
1.15683
1.156837
1.156843
1.156842
1.156841
1.156841
1.156841
1.15684
1.15684
1.15684
1.15684
1.156839
1.156839
1.156839
1.156839
1.156838
1.156838
1.156838
1.156838
1.156837
1.156837
1.156837
1.156836
1.156836
1.156836
1.156836
1.156835
1.156835
1.156835
1.156835
1.156834
1.156834
1.156834
1.156834
1.156833
1.156833
1.156833
1.156832
1.156832
1.156832
1.156832
1.156831
1.156831
1.156831
1.156831
1.15683
1.15683
1.15683
1.15683
1.156829
1.156829
1.156829
1.156829
1.156828
1.156828
1.156828
1.156827
1.156827
1.156827
1.156827
1.156826
1.156826
1.156826
1.156826
1.156825
1.156825
1.156825
1.156825
1.156824
1.156824
1.156824
1.156823
1.156823
1.156823
1.156823
1.156822
1.156822
1.156822
1.156822
1.156821
1.156821
1.156821
1.156821
1.15682
1.15682
1.15682
1.156819
1.156819
1.156819
1.156819
1.156818
1.156818
1.156818
1.156818
1.156817
1.156817
1.155807
1.156343
1.156962
1.156894
1.15683
1.156837
1.156843
1.156842
1.156841
1.156841
1.156841
1.15684
1.15684
1.15684
1.15684
1.156839
1.156839
1.156839
1.156839
1.156838
1.156838
1.156838
1.156838
1.156837
1.156837
1.156837
1.156836
1.156836
1.156836
1.156836
1.156835
1.156835
1.156835
1.156835
1.156834
1.156834
1.156834
1.156834
1.156833
1.156833
1.156833
1.156832
1.156832
1.156832
1.156832
1.156831
1.156831
1.156831
1.156831
1.15683
1.15683
1.15683
1.15683
1.156829
1.156829
1.156829
1.156828
1.156828
1.156828
1.156828
1.156827
1.156827
1.156827
1.156827
1.156826
1.156826
1.156826
1.156826
1.156825
1.156825
1.156825
1.156825
1.156824
1.156824
1.156824
1.156823
1.156823
1.156823
1.156823
1.156822
1.156822
1.156822
1.156822
1.156821
1.156821
1.156821
1.156821
1.15682
1.15682
1.15682
1.156819
1.156819
1.156819
1.156819
1.156818
1.156818
1.156818
1.156818
1.156817
1.156817
1.155807
1.156343
1.156962
1.156894
1.156829
1.156837
1.156843
1.156842
1.156841
1.156841
1.156841
1.15684
1.15684
1.15684
1.15684
1.156839
1.156839
1.156839
1.156839
1.156838
1.156838
1.156838
1.156837
1.156837
1.156837
1.156837
1.156836
1.156836
1.156836
1.156836
1.156835
1.156835
1.156835
1.156835
1.156834
1.156834
1.156834
1.156834
1.156833
1.156833
1.156833
1.156832
1.156832
1.156832
1.156832
1.156831
1.156831
1.156831
1.156831
1.15683
1.15683
1.15683
1.15683
1.156829
1.156829
1.156829
1.156828
1.156828
1.156828
1.156828
1.156827
1.156827
1.156827
1.156827
1.156826
1.156826
1.156826
1.156826
1.156825
1.156825
1.156825
1.156825
1.156824
1.156824
1.156824
1.156823
1.156823
1.156823
1.156823
1.156822
1.156822
1.156822
1.156822
1.156821
1.156821
1.156821
1.156821
1.15682
1.15682
1.15682
1.15682
1.156819
1.156819
1.156819
1.156818
1.156818
1.156818
1.156818
1.156817
1.156817
1.155807
1.156343
1.156962
1.156894
1.156829
1.156837
1.156843
1.156842
1.156841
1.156841
1.156841
1.15684
1.15684
1.15684
1.15684
1.156839
1.156839
1.156839
1.156839
1.156838
1.156838
1.156838
1.156837
1.156837
1.156837
1.156837
1.156836
1.156836
1.156836
1.156836
1.156835
1.156835
1.156835
1.156835
1.156834
1.156834
1.156834
1.156834
1.156833
1.156833
1.156833
1.156832
1.156832
1.156832
1.156832
1.156831
1.156831
1.156831
1.156831
1.15683
1.15683
1.15683
1.15683
1.156829
1.156829
1.156829
1.156828
1.156828
1.156828
1.156828
1.156827
1.156827
1.156827
1.156827
1.156826
1.156826
1.156826
1.156826
1.156825
1.156825
1.156825
1.156825
1.156824
1.156824
1.156824
1.156823
1.156823
1.156823
1.156823
1.156822
1.156822
1.156822
1.156822
1.156821
1.156821
1.156821
1.156821
1.15682
1.15682
1.15682
1.15682
1.156819
1.156819
1.156819
1.156818
1.156818
1.156818
1.156818
1.156817
1.156817
1.155807
1.156343
1.156962
1.156894
1.156829
1.156837
1.156843
1.156842
1.156841
1.156841
1.156841
1.15684
1.15684
1.15684
1.15684
1.156839
1.156839
1.156839
1.156839
1.156838
1.156838
1.156838
1.156837
1.156837
1.156837
1.156837
1.156836
1.156836
1.156836
1.156836
1.156835
1.156835
1.156835
1.156835
1.156834
1.156834
1.156834
1.156833
1.156833
1.156833
1.156833
1.156832
1.156832
1.156832
1.156832
1.156831
1.156831
1.156831
1.156831
1.15683
1.15683
1.15683
1.15683
1.156829
1.156829
1.156829
1.156828
1.156828
1.156828
1.156828
1.156827
1.156827
1.156827
1.156827
1.156826
1.156826
1.156826
1.156826
1.156825
1.156825
1.156825
1.156825
1.156824
1.156824
1.156824
1.156823
1.156823
1.156823
1.156823
1.156822
1.156822
1.156822
1.156822
1.156821
1.156821
1.156821
1.156821
1.15682
1.15682
1.15682
1.15682
1.156819
1.156819
1.156819
1.156819
1.156818
1.156818
1.156818
1.156818
1.156817
1.155807
1.156343
1.156962
1.156893
1.156829
1.156837
1.156843
1.156842
1.156841
1.156841
1.156841
1.15684
1.15684
1.15684
1.15684
1.156839
1.156839
1.156839
1.156838
1.156838
1.156838
1.156838
1.156837
1.156837
1.156837
1.156837
1.156836
1.156836
1.156836
1.156836
1.156835
1.156835
1.156835
1.156835
1.156834
1.156834
1.156834
1.156833
1.156833
1.156833
1.156833
1.156832
1.156832
1.156832
1.156832
1.156831
1.156831
1.156831
1.156831
1.15683
1.15683
1.15683
1.15683
1.156829
1.156829
1.156829
1.156828
1.156828
1.156828
1.156828
1.156827
1.156827
1.156827
1.156827
1.156826
1.156826
1.156826
1.156826
1.156825
1.156825
1.156825
1.156825
1.156824
1.156824
1.156824
1.156823
1.156823
1.156823
1.156823
1.156822
1.156822
1.156822
1.156822
1.156821
1.156821
1.156821
1.156821
1.15682
1.15682
1.15682
1.15682
1.156819
1.156819
1.156819
1.156819
1.156818
1.156818
1.156818
1.156818
1.156817
1.155807
1.156343
1.156962
1.156893
1.156829
1.156837
1.156843
1.156842
1.156841
1.156841
1.156841
1.15684
1.15684
1.15684
1.15684
1.156839
1.156839
1.156839
1.156838
1.156838
1.156838
1.156838
1.156837
1.156837
1.156837
1.156837
1.156836
1.156836
1.156836
1.156836
1.156835
1.156835
1.156835
1.156835
1.156834
1.156834
1.156834
1.156833
1.156833
1.156833
1.156833
1.156832
1.156832
1.156832
1.156832
1.156831
1.156831
1.156831
1.156831
1.15683
1.15683
1.15683
1.15683
1.156829
1.156829
1.156829
1.156828
1.156828
1.156828
1.156828
1.156827
1.156827
1.156827
1.156827
1.156826
1.156826
1.156826
1.156826
1.156825
1.156825
1.156825
1.156825
1.156824
1.156824
1.156824
1.156823
1.156823
1.156823
1.156823
1.156822
1.156822
1.156822
1.156822
1.156821
1.156821
1.156821
1.156821
1.15682
1.15682
1.15682
1.15682
1.156819
1.156819
1.156819
1.156819
1.156818
1.156818
1.156818
1.156818
1.156817
1.155807
1.156343
1.156962
1.156893
1.156829
1.156837
1.156843
1.156842
1.156841
1.156841
1.156841
1.15684
1.15684
1.15684
1.156839
1.156839
1.156839
1.156839
1.156838
1.156838
1.156838
1.156838
1.156837
1.156837
1.156837
1.156837
1.156836
1.156836
1.156836
1.156836
1.156835
1.156835
1.156835
1.156835
1.156834
1.156834
1.156834
1.156833
1.156833
1.156833
1.156833
1.156832
1.156832
1.156832
1.156832
1.156831
1.156831
1.156831
1.156831
1.15683
1.15683
1.15683
1.15683
1.156829
1.156829
1.156829
1.156828
1.156828
1.156828
1.156828
1.156827
1.156827
1.156827
1.156827
1.156826
1.156826
1.156826
1.156826
1.156825
1.156825
1.156825
1.156825
1.156824
1.156824
1.156824
1.156823
1.156823
1.156823
1.156823
1.156822
1.156822
1.156822
1.156822
1.156821
1.156821
1.156821
1.156821
1.15682
1.15682
1.15682
1.15682
1.156819
1.156819
1.156819
1.156819
1.156818
1.156818
1.156818
1.156818
1.156817
1.155807
1.156343
1.156962
1.156893
1.156829
1.156837
1.156843
1.156842
1.156841
1.156841
1.156841
1.15684
1.15684
1.15684
1.156839
1.156839
1.156839
1.156839
1.156838
1.156838
1.156838
1.156838
1.156837
1.156837
1.156837
1.156837
1.156836
1.156836
1.156836
1.156836
1.156835
1.156835
1.156835
1.156835
1.156834
1.156834
1.156834
1.156833
1.156833
1.156833
1.156833
1.156832
1.156832
1.156832
1.156832
1.156831
1.156831
1.156831
1.156831
1.15683
1.15683
1.15683
1.15683
1.156829
1.156829
1.156829
1.156828
1.156828
1.156828
1.156828
1.156827
1.156827
1.156827
1.156827
1.156826
1.156826
1.156826
1.156826
1.156825
1.156825
1.156825
1.156825
1.156824
1.156824
1.156824
1.156823
1.156823
1.156823
1.156823
1.156822
1.156822
1.156822
1.156822
1.156821
1.156821
1.156821
1.156821
1.15682
1.15682
1.15682
1.15682
1.156819
1.156819
1.156819
1.156819
1.156818
1.156818
1.156818
1.156818
1.156817
1.155807
1.156343
1.156962
1.156893
1.156829
1.156837
1.156843
1.156842
1.156841
1.156841
1.15684
1.15684
1.15684
1.15684
1.156839
1.156839
1.156839
1.156839
1.156838
1.156838
1.156838
1.156838
1.156837
1.156837
1.156837
1.156837
1.156836
1.156836
1.156836
1.156836
1.156835
1.156835
1.156835
1.156835
1.156834
1.156834
1.156834
1.156833
1.156833
1.156833
1.156833
1.156832
1.156832
1.156832
1.156832
1.156831
1.156831
1.156831
1.156831
1.15683
1.15683
1.15683
1.15683
1.156829
1.156829
1.156829
1.156828
1.156828
1.156828
1.156828
1.156827
1.156827
1.156827
1.156827
1.156826
1.156826
1.156826
1.156826
1.156825
1.156825
1.156825
1.156825
1.156824
1.156824
1.156824
1.156823
1.156823
1.156823
1.156823
1.156822
1.156822
1.156822
1.156822
1.156821
1.156821
1.156821
1.156821
1.15682
1.15682
1.15682
1.15682
1.156819
1.156819
1.156819
1.156819
1.156818
1.156818
1.156818
1.156818
1.156817
1.155807
1.156343
1.156962
1.156893
1.156829
1.156837
1.156843
1.156842
1.156841
1.156841
1.15684
1.15684
1.15684
1.15684
1.156839
1.156839
1.156839
1.156839
1.156838
1.156838
1.156838
1.156838
1.156837
1.156837
1.156837
1.156837
1.156836
1.156836
1.156836
1.156836
1.156835
1.156835
1.156835
1.156835
1.156834
1.156834
1.156834
1.156833
1.156833
1.156833
1.156833
1.156832
1.156832
1.156832
1.156832
1.156831
1.156831
1.156831
1.156831
1.15683
1.15683
1.15683
1.15683
1.156829
1.156829
1.156829
1.156828
1.156828
1.156828
1.156828
1.156827
1.156827
1.156827
1.156827
1.156826
1.156826
1.156826
1.156826
1.156825
1.156825
1.156825
1.156825
1.156824
1.156824
1.156824
1.156823
1.156823
1.156823
1.156823
1.156822
1.156822
1.156822
1.156822
1.156821
1.156821
1.156821
1.156821
1.15682
1.15682
1.15682
1.15682
1.156819
1.156819
1.156819
1.156819
1.156818
1.156818
1.156818
1.156818
1.156817
1.155807
1.156343
1.156962
1.156893
1.156829
1.156836
1.156843
1.156842
1.156841
1.156841
1.15684
1.15684
1.15684
1.15684
1.156839
1.156839
1.156839
1.156839
1.156838
1.156838
1.156838
1.156838
1.156837
1.156837
1.156837
1.156837
1.156836
1.156836
1.156836
1.156836
1.156835
1.156835
1.156835
1.156835
1.156834
1.156834
1.156834
1.156833
1.156833
1.156833
1.156833
1.156832
1.156832
1.156832
1.156832
1.156831
1.156831
1.156831
1.156831
1.15683
1.15683
1.15683
1.15683
1.156829
1.156829
1.156829
1.156828
1.156828
1.156828
1.156828
1.156827
1.156827
1.156827
1.156827
1.156826
1.156826
1.156826
1.156826
1.156825
1.156825
1.156825
1.156825
1.156824
1.156824
1.156824
1.156823
1.156823
1.156823
1.156823
1.156822
1.156822
1.156822
1.156822
1.156821
1.156821
1.156821
1.156821
1.15682
1.15682
1.15682
1.15682
1.156819
1.156819
1.156819
1.156819
1.156818
1.156818
1.156818
1.156818
1.156817
1.155807
1.156343
1.156962
1.156893
1.156829
1.156836
1.156843
1.156842
1.156841
1.156841
1.15684
1.15684
1.15684
1.15684
1.156839
1.156839
1.156839
1.156839
1.156838
1.156838
1.156838
1.156838
1.156837
1.156837
1.156837
1.156837
1.156836
1.156836
1.156836
1.156836
1.156835
1.156835
1.156835
1.156834
1.156834
1.156834
1.156834
1.156833
1.156833
1.156833
1.156833
1.156832
1.156832
1.156832
1.156832
1.156831
1.156831
1.156831
1.156831
1.15683
1.15683
1.15683
1.15683
1.156829
1.156829
1.156829
1.156828
1.156828
1.156828
1.156828
1.156827
1.156827
1.156827
1.156827
1.156826
1.156826
1.156826
1.156826
1.156825
1.156825
1.156825
1.156825
1.156824
1.156824
1.156824
1.156823
1.156823
1.156823
1.156823
1.156822
1.156822
1.156822
1.156822
1.156821
1.156821
1.156821
1.156821
1.15682
1.15682
1.15682
1.15682
1.156819
1.156819
1.156819
1.156819
1.156818
1.156818
1.156818
1.156818
1.156817
1.155807
1.156343
1.156961
1.156893
1.156829
1.156836
1.156843
1.156842
1.156841
1.156841
1.15684
1.15684
1.15684
1.15684
1.156839
1.156839
1.156839
1.156839
1.156838
1.156838
1.156838
1.156838
1.156837
1.156837
1.156837
1.156837
1.156836
1.156836
1.156836
1.156836
1.156835
1.156835
1.156835
1.156834
1.156834
1.156834
1.156834
1.156833
1.156833
1.156833
1.156833
1.156832
1.156832
1.156832
1.156832
1.156831
1.156831
1.156831
1.156831
1.15683
1.15683
1.15683
1.15683
1.156829
1.156829
1.156829
1.156828
1.156828
1.156828
1.156828
1.156827
1.156827
1.156827
1.156827
1.156826
1.156826
1.156826
1.156826
1.156825
1.156825
1.156825
1.156825
1.156824
1.156824
1.156824
1.156823
1.156823
1.156823
1.156823
1.156822
1.156822
1.156822
1.156822
1.156821
1.156821
1.156821
1.156821
1.15682
1.15682
1.15682
1.15682
1.156819
1.156819
1.156819
1.156819
1.156818
1.156818
1.156818
1.156818
1.156817
1.155807
1.156343
1.156961
1.156893
1.156829
1.156836
1.156843
1.156842
1.156841
1.156841
1.15684
1.15684
1.15684
1.15684
1.156839
1.156839
1.156839
1.156839
1.156838
1.156838
1.156838
1.156838
1.156837
1.156837
1.156837
1.156837
1.156836
1.156836
1.156836
1.156836
1.156835
1.156835
1.156835
1.156834
1.156834
1.156834
1.156834
1.156833
1.156833
1.156833
1.156833
1.156832
1.156832
1.156832
1.156832
1.156831
1.156831
1.156831
1.156831
1.15683
1.15683
1.15683
1.156829
1.156829
1.156829
1.156829
1.156828
1.156828
1.156828
1.156828
1.156827
1.156827
1.156827
1.156827
1.156826
1.156826
1.156826
1.156826
1.156825
1.156825
1.156825
1.156825
1.156824
1.156824
1.156824
1.156823
1.156823
1.156823
1.156823
1.156822
1.156822
1.156822
1.156822
1.156821
1.156821
1.156821
1.156821
1.15682
1.15682
1.15682
1.15682
1.156819
1.156819
1.156819
1.156819
1.156818
1.156818
1.156818
1.156818
1.156817
1.155807
1.156343
1.156961
1.156893
1.156829
1.156836
1.156843
1.156842
1.156841
1.156841
1.15684
1.15684
1.15684
1.15684
1.156839
1.156839
1.156839
1.156839
1.156838
1.156838
1.156838
1.156838
1.156837
1.156837
1.156837
1.156837
1.156836
1.156836
1.156836
1.156836
1.156835
1.156835
1.156835
1.156834
1.156834
1.156834
1.156834
1.156833
1.156833
1.156833
1.156833
1.156832
1.156832
1.156832
1.156832
1.156831
1.156831
1.156831
1.156831
1.15683
1.15683
1.15683
1.156829
1.156829
1.156829
1.156829
1.156828
1.156828
1.156828
1.156828
1.156827
1.156827
1.156827
1.156827
1.156826
1.156826
1.156826
1.156826
1.156825
1.156825
1.156825
1.156825
1.156824
1.156824
1.156824
1.156823
1.156823
1.156823
1.156823
1.156822
1.156822
1.156822
1.156822
1.156821
1.156821
1.156821
1.156821
1.15682
1.15682
1.15682
1.15682
1.156819
1.156819
1.156819
1.156819
1.156818
1.156818
1.156818
1.156818
1.156817
1.155807
1.156343
1.156961
1.156893
1.156829
1.156836
1.156843
1.156842
1.156841
1.156841
1.15684
1.15684
1.15684
1.15684
1.156839
1.156839
1.156839
1.156839
1.156838
1.156838
1.156838
1.156838
1.156837
1.156837
1.156837
1.156837
1.156836
1.156836
1.156836
1.156836
1.156835
1.156835
1.156835
1.156834
1.156834
1.156834
1.156834
1.156833
1.156833
1.156833
1.156833
1.156832
1.156832
1.156832
1.156832
1.156831
1.156831
1.156831
1.156831
1.15683
1.15683
1.15683
1.156829
1.156829
1.156829
1.156829
1.156828
1.156828
1.156828
1.156828
1.156827
1.156827
1.156827
1.156827
1.156826
1.156826
1.156826
1.156826
1.156825
1.156825
1.156825
1.156825
1.156824
1.156824
1.156824
1.156823
1.156823
1.156823
1.156823
1.156822
1.156822
1.156822
1.156822
1.156821
1.156821
1.156821
1.156821
1.15682
1.15682
1.15682
1.15682
1.156819
1.156819
1.156819
1.156819
1.156818
1.156818
1.156818
1.156818
1.156817
1.155807
1.156343
1.156961
1.156893
1.156829
1.156836
1.156843
1.156842
1.156841
1.156841
1.15684
1.15684
1.15684
1.15684
1.156839
1.156839
1.156839
1.156839
1.156838
1.156838
1.156838
1.156838
1.156837
1.156837
1.156837
1.156837
1.156836
1.156836
1.156836
1.156836
1.156835
1.156835
1.156835
1.156834
1.156834
1.156834
1.156834
1.156833
1.156833
1.156833
1.156833
1.156832
1.156832
1.156832
1.156832
1.156831
1.156831
1.156831
1.156831
1.15683
1.15683
1.15683
1.156829
1.156829
1.156829
1.156829
1.156828
1.156828
1.156828
1.156828
1.156827
1.156827
1.156827
1.156827
1.156826
1.156826
1.156826
1.156826
1.156825
1.156825
1.156825
1.156825
1.156824
1.156824
1.156824
1.156823
1.156823
1.156823
1.156823
1.156822
1.156822
1.156822
1.156822
1.156821
1.156821
1.156821
1.156821
1.15682
1.15682
1.15682
1.15682
1.156819
1.156819
1.156819
1.156819
1.156818
1.156818
1.156818
1.156818
1.156817
1.155807
1.156343
1.156961
1.156893
1.156829
1.156836
1.156843
1.156842
1.156841
1.156841
1.15684
1.15684
1.15684
1.15684
1.156839
1.156839
1.156839
1.156839
1.156838
1.156838
1.156838
1.156838
1.156837
1.156837
1.156837
1.156837
1.156836
1.156836
1.156836
1.156836
1.156835
1.156835
1.156835
1.156834
1.156834
1.156834
1.156834
1.156833
1.156833
1.156833
1.156833
1.156832
1.156832
1.156832
1.156832
1.156831
1.156831
1.156831
1.156831
1.15683
1.15683
1.15683
1.156829
1.156829
1.156829
1.156829
1.156828
1.156828
1.156828
1.156828
1.156827
1.156827
1.156827
1.156827
1.156826
1.156826
1.156826
1.156826
1.156825
1.156825
1.156825
1.156825
1.156824
1.156824
1.156824
1.156823
1.156823
1.156823
1.156823
1.156822
1.156822
1.156822
1.156822
1.156821
1.156821
1.156821
1.156821
1.15682
1.15682
1.15682
1.15682
1.156819
1.156819
1.156819
1.156819
1.156818
1.156818
1.156818
1.156818
1.156817
1.155807
1.156343
1.156961
1.156893
1.156829
1.156836
1.156843
1.156842
1.156841
1.156841
1.15684
1.15684
1.15684
1.15684
1.156839
1.156839
1.156839
1.156839
1.156838
1.156838
1.156838
1.156838
1.156837
1.156837
1.156837
1.156837
1.156836
1.156836
1.156836
1.156836
1.156835
1.156835
1.156835
1.156834
1.156834
1.156834
1.156834
1.156833
1.156833
1.156833
1.156833
1.156832
1.156832
1.156832
1.156832
1.156831
1.156831
1.156831
1.156831
1.15683
1.15683
1.15683
1.156829
1.156829
1.156829
1.156829
1.156828
1.156828
1.156828
1.156828
1.156827
1.156827
1.156827
1.156827
1.156826
1.156826
1.156826
1.156826
1.156825
1.156825
1.156825
1.156825
1.156824
1.156824
1.156824
1.156823
1.156823
1.156823
1.156823
1.156822
1.156822
1.156822
1.156822
1.156821
1.156821
1.156821
1.156821
1.15682
1.15682
1.15682
1.15682
1.156819
1.156819
1.156819
1.156819
1.156818
1.156818
1.156818
1.156818
1.156817
1.155807
1.156343
1.156961
1.156893
1.156829
1.156836
1.156843
1.156842
1.156841
1.156841
1.15684
1.15684
1.15684
1.15684
1.156839
1.156839
1.156839
1.156839
1.156838
1.156838
1.156838
1.156838
1.156837
1.156837
1.156837
1.156837
1.156836
1.156836
1.156836
1.156835
1.156835
1.156835
1.156835
1.156834
1.156834
1.156834
1.156834
1.156833
1.156833
1.156833
1.156833
1.156832
1.156832
1.156832
1.156832
1.156831
1.156831
1.156831
1.156831
1.15683
1.15683
1.15683
1.156829
1.156829
1.156829
1.156829
1.156828
1.156828
1.156828
1.156828
1.156827
1.156827
1.156827
1.156827
1.156826
1.156826
1.156826
1.156826
1.156825
1.156825
1.156825
1.156825
1.156824
1.156824
1.156824
1.156823
1.156823
1.156823
1.156823
1.156822
1.156822
1.156822
1.156822
1.156821
1.156821
1.156821
1.156821
1.15682
1.15682
1.15682
1.15682
1.156819
1.156819
1.156819
1.156819
1.156818
1.156818
1.156818
1.156818
1.156817
1.155806
1.156343
1.156961
1.156893
1.156829
1.156836
1.156843
1.156842
1.156841
1.156841
1.15684
1.15684
1.15684
1.15684
1.156839
1.156839
1.156839
1.156839
1.156838
1.156838
1.156838
1.156838
1.156837
1.156837
1.156837
1.156837
1.156836
1.156836
1.156836
1.156835
1.156835
1.156835
1.156835
1.156834
1.156834
1.156834
1.156834
1.156833
1.156833
1.156833
1.156833
1.156832
1.156832
1.156832
1.156832
1.156831
1.156831
1.156831
1.156831
1.15683
1.15683
1.15683
1.156829
1.156829
1.156829
1.156829
1.156828
1.156828
1.156828
1.156828
1.156827
1.156827
1.156827
1.156827
1.156826
1.156826
1.156826
1.156826
1.156825
1.156825
1.156825
1.156825
1.156824
1.156824
1.156824
1.156823
1.156823
1.156823
1.156823
1.156822
1.156822
1.156822
1.156822
1.156821
1.156821
1.156821
1.156821
1.15682
1.15682
1.15682
1.15682
1.156819
1.156819
1.156819
1.156819
1.156818
1.156818
1.156818
1.156818
1.156817
1.155806
1.156343
1.156961
1.156893
1.156829
1.156836
1.156843
1.156842
1.156841
1.156841
1.15684
1.15684
1.15684
1.15684
1.156839
1.156839
1.156839
1.156839
1.156838
1.156838
1.156838
1.156838
1.156837
1.156837
1.156837
1.156837
1.156836
1.156836
1.156836
1.156835
1.156835
1.156835
1.156835
1.156834
1.156834
1.156834
1.156834
1.156833
1.156833
1.156833
1.156833
1.156832
1.156832
1.156832
1.156832
1.156831
1.156831
1.156831
1.156831
1.15683
1.15683
1.15683
1.156829
1.156829
1.156829
1.156829
1.156828
1.156828
1.156828
1.156828
1.156827
1.156827
1.156827
1.156827
1.156826
1.156826
1.156826
1.156826
1.156825
1.156825
1.156825
1.156825
1.156824
1.156824
1.156824
1.156823
1.156823
1.156823
1.156823
1.156822
1.156822
1.156822
1.156822
1.156821
1.156821
1.156821
1.156821
1.15682
1.15682
1.15682
1.15682
1.156819
1.156819
1.156819
1.156819
1.156818
1.156818
1.156818
1.156818
1.156817
1.155806
1.156343
1.156961
1.156893
1.156829
1.156836
1.156843
1.156842
1.156841
1.156841
1.15684
1.15684
1.15684
1.15684
1.156839
1.156839
1.156839
1.156839
1.156838
1.156838
1.156838
1.156838
1.156837
1.156837
1.156837
1.156837
1.156836
1.156836
1.156836
1.156835
1.156835
1.156835
1.156835
1.156834
1.156834
1.156834
1.156834
1.156833
1.156833
1.156833
1.156833
1.156832
1.156832
1.156832
1.156832
1.156831
1.156831
1.156831
1.156831
1.15683
1.15683
1.15683
1.156829
1.156829
1.156829
1.156829
1.156828
1.156828
1.156828
1.156828
1.156827
1.156827
1.156827
1.156827
1.156826
1.156826
1.156826
1.156826
1.156825
1.156825
1.156825
1.156825
1.156824
1.156824
1.156824
1.156823
1.156823
1.156823
1.156823
1.156822
1.156822
1.156822
1.156822
1.156821
1.156821
1.156821
1.156821
1.15682
1.15682
1.15682
1.15682
1.156819
1.156819
1.156819
1.156819
1.156818
1.156818
1.156818
1.156818
1.156817
1.155806
1.156343
1.156961
1.156893
1.156829
1.156836
1.156843
1.156842
1.156841
1.156841
1.15684
1.15684
1.15684
1.15684
1.156839
1.156839
1.156839
1.156839
1.156838
1.156838
1.156838
1.156838
1.156837
1.156837
1.156837
1.156837
1.156836
1.156836
1.156836
1.156835
1.156835
1.156835
1.156835
1.156834
1.156834
1.156834
1.156834
1.156833
1.156833
1.156833
1.156833
1.156832
1.156832
1.156832
1.156832
1.156831
1.156831
1.156831
1.156831
1.15683
1.15683
1.15683
1.156829
1.156829
1.156829
1.156829
1.156828
1.156828
1.156828
1.156828
1.156827
1.156827
1.156827
1.156827
1.156826
1.156826
1.156826
1.156826
1.156825
1.156825
1.156825
1.156825
1.156824
1.156824
1.156824
1.156823
1.156823
1.156823
1.156823
1.156822
1.156822
1.156822
1.156822
1.156821
1.156821
1.156821
1.156821
1.15682
1.15682
1.15682
1.15682
1.156819
1.156819
1.156819
1.156819
1.156818
1.156818
1.156818
1.156818
1.156817
1.155806
1.156343
1.156962
1.156893
1.156829
1.156836
1.156843
1.156842
1.156841
1.156841
1.15684
1.15684
1.15684
1.15684
1.156839
1.156839
1.156839
1.156839
1.156838
1.156838
1.156838
1.156838
1.156837
1.156837
1.156837
1.156837
1.156836
1.156836
1.156836
1.156836
1.156835
1.156835
1.156835
1.156835
1.156834
1.156834
1.156834
1.156833
1.156833
1.156833
1.156833
1.156832
1.156832
1.156832
1.156832
1.156831
1.156831
1.156831
1.156831
1.15683
1.15683
1.15683
1.15683
1.156829
1.156829
1.156829
1.156828
1.156828
1.156828
1.156828
1.156827
1.156827
1.156827
1.156827
1.156826
1.156826
1.156826
1.156826
1.156825
1.156825
1.156825
1.156825
1.156824
1.156824
1.156824
1.156824
1.156823
1.156823
1.156823
1.156823
1.156822
1.156822
1.156822
1.156822
1.156821
1.156821
1.156821
1.15682
1.15682
1.15682
1.15682
1.156819
1.156819
1.156819
1.156819
1.156819
1.156818
1.156818
1.156818
1.156818
)
;

boundaryField
{
    topAir_top
    {
        type            symmetryPlane;
    }
    leftLet
    {
        type            calculated;
        value           uniform 1.158623;
    }
    rightLet
    {
        type            calculated;
        value           nonuniform List<scalar> 
40
(
1.106318
1.154767
1.156761
1.156815
1.156816
1.156817
1.156817
1.156817
1.156817
1.156817
1.156817
1.156817
1.156817
1.156817
1.156817
1.156817
1.156817
1.156817
1.156817
1.156817
1.156817
1.156817
1.156817
1.156817
1.156817
1.156817
1.156817
1.156817
1.156817
1.156817
1.156817
1.156817
1.156817
1.156817
1.156817
1.156817
1.156817
1.156817
1.156817
1.156817
)
;
    }
    frontAndBack
    {
        type            empty;
    }
    topAir_to_wall
    {
        type            calculated;
        value           nonuniform List<scalar> 
100
(
0.5084097
0.5087659
0.5090748
0.5090327
0.5089991
0.5090026
0.509006
0.5090068
0.5090088
0.5090124
0.5090172
0.5090232
0.5090305
0.5090391
0.5090488
0.5090598
0.509072
0.5090854
0.5090999
0.5091155
0.5091321
0.5091498
0.5091685
0.5091881
0.5092086
0.50923
0.5092523
0.5092753
0.509299
0.5093235
0.5093486
0.5093743
0.5094007
0.5094275
0.5094549
0.5094828
0.5095111
0.5095398
0.5095689
0.5095984
0.5096281
0.5096581
0.5096883
0.5097188
0.5097494
0.5097802
0.509811
0.509842
0.509873
0.509904
0.509935
0.5099659
0.5099968
0.5100276
0.5100582
0.5100887
0.5101189
0.510149
0.5101788
0.5102082
0.5102374
0.5102662
0.5102946
0.5103226
0.5103502
0.5103772
0.5104038
0.5104298
0.5104551
0.5104799
0.510504
0.5105274
0.5105501
0.510572
0.5105931
0.5106134
0.5106328
0.5106512
0.5106687
0.5106853
0.5107007
0.5107152
0.5107285
0.5107408
0.5107519
0.5107618
0.5107705
0.510778
0.5107844
0.5107895
0.5107934
0.5107962
0.5107978
0.5107983
0.5107979
0.5107966
0.5107946
0.5107921
0.5107894
0.5107869
)
;
    }
}


// ************************************************************************* //
