/*--------------------------------*- C++ -*----------------------------------*\
| =========                 |                                                 |
| \\      /  F ield         | OpenFOAM: The Open Source CFD Toolbox           |
|  \\    /   O peration     | Version:  2.3.0                                 |
|   \\  /    A nd           | Web:      www.OpenFOAM.org                      |
|    \\/     M anipulation  |                                                 |
\*---------------------------------------------------------------------------*/
FoamFile
{
    version     2.0;
    format      ascii;
    class       volScalarField;
    location    "9700/bottomAir";
    object      p;
}
// * * * * * * * * * * * * * * * * * * * * * * * * * * * * * * * * * * * * * //

dimensions      [1 -1 -2 0 0 0 0];

internalField   nonuniform List<scalar> 
4000
(
99758.55
99815.84
99865.33
99858.94
99853.85
99854.54
99855.04
99854.95
99854.89
99854.88
99854.87
99854.86
99854.84
99854.83
99854.81
99854.8
99854.78
99854.77
99854.75
99854.74
99854.73
99854.71
99854.7
99854.68
99854.67
99854.65
99854.64
99854.62
99854.61
99854.59
99854.58
99854.56
99854.55
99854.53
99854.52
99854.5
99854.49
99854.47
99854.46
99854.44
99854.43
99854.41
99854.4
99854.38
99854.37
99854.35
99854.34
99854.32
99854.31
99854.29
99854.28
99854.26
99854.25
99854.23
99854.22
99854.2
99854.19
99854.17
99854.16
99854.14
99854.12
99854.11
99854.09
99854.08
99854.06
99854.05
99854.03
99854.02
99854
99853.99
99853.97
99853.96
99853.94
99853.93
99853.92
99853.9
99853.89
99853.87
99853.86
99853.84
99853.83
99853.81
99853.8
99853.78
99853.77
99853.75
99853.74
99853.73
99853.71
99853.7
99853.68
99853.67
99853.66
99853.64
99853.63
99853.61
99853.6
99853.59
99853.57
99853.56
99758.59
99815.82
99865.32
99858.94
99853.85
99854.54
99855.04
99854.95
99854.89
99854.88
99854.87
99854.86
99854.84
99854.83
99854.81
99854.8
99854.78
99854.77
99854.75
99854.74
99854.73
99854.71
99854.7
99854.68
99854.67
99854.65
99854.64
99854.62
99854.61
99854.59
99854.58
99854.56
99854.55
99854.53
99854.52
99854.5
99854.49
99854.47
99854.46
99854.44
99854.43
99854.41
99854.4
99854.38
99854.37
99854.35
99854.34
99854.32
99854.31
99854.29
99854.28
99854.26
99854.25
99854.23
99854.22
99854.2
99854.19
99854.17
99854.16
99854.14
99854.12
99854.11
99854.09
99854.08
99854.06
99854.05
99854.03
99854.02
99854
99853.99
99853.97
99853.96
99853.94
99853.93
99853.92
99853.9
99853.89
99853.87
99853.86
99853.84
99853.83
99853.81
99853.8
99853.78
99853.77
99853.75
99853.74
99853.73
99853.71
99853.7
99853.68
99853.67
99853.66
99853.64
99853.63
99853.61
99853.6
99853.59
99853.57
99853.56
99758.6
99815.81
99865.31
99858.94
99853.85
99854.54
99855.04
99854.95
99854.89
99854.88
99854.87
99854.86
99854.84
99854.83
99854.81
99854.8
99854.78
99854.77
99854.75
99854.74
99854.73
99854.71
99854.7
99854.68
99854.67
99854.65
99854.64
99854.62
99854.61
99854.59
99854.58
99854.56
99854.55
99854.53
99854.52
99854.5
99854.49
99854.47
99854.46
99854.44
99854.43
99854.41
99854.4
99854.38
99854.37
99854.35
99854.34
99854.32
99854.31
99854.29
99854.28
99854.26
99854.25
99854.23
99854.22
99854.2
99854.19
99854.17
99854.16
99854.14
99854.12
99854.11
99854.09
99854.08
99854.06
99854.05
99854.03
99854.02
99854
99853.99
99853.97
99853.96
99853.94
99853.93
99853.91
99853.9
99853.89
99853.87
99853.86
99853.84
99853.83
99853.81
99853.8
99853.78
99853.77
99853.75
99853.74
99853.73
99853.71
99853.7
99853.68
99853.67
99853.66
99853.64
99853.63
99853.61
99853.6
99853.59
99853.57
99853.56
99758.61
99815.81
99865.31
99858.94
99853.85
99854.54
99855.04
99854.95
99854.89
99854.88
99854.87
99854.86
99854.84
99854.83
99854.81
99854.8
99854.78
99854.77
99854.75
99854.74
99854.73
99854.71
99854.7
99854.68
99854.67
99854.65
99854.64
99854.62
99854.61
99854.59
99854.58
99854.56
99854.55
99854.53
99854.52
99854.5
99854.49
99854.47
99854.46
99854.44
99854.43
99854.41
99854.4
99854.38
99854.37
99854.35
99854.34
99854.32
99854.31
99854.29
99854.28
99854.26
99854.25
99854.23
99854.22
99854.2
99854.19
99854.17
99854.16
99854.14
99854.12
99854.11
99854.09
99854.08
99854.06
99854.05
99854.03
99854.02
99854
99853.99
99853.97
99853.96
99853.94
99853.93
99853.91
99853.9
99853.89
99853.87
99853.86
99853.84
99853.83
99853.81
99853.8
99853.78
99853.77
99853.75
99853.74
99853.73
99853.71
99853.7
99853.68
99853.67
99853.65
99853.64
99853.63
99853.61
99853.6
99853.59
99853.57
99853.56
99758.61
99815.81
99865.31
99858.94
99853.85
99854.54
99855.04
99854.95
99854.89
99854.88
99854.87
99854.86
99854.84
99854.83
99854.81
99854.8
99854.78
99854.77
99854.76
99854.74
99854.73
99854.71
99854.7
99854.68
99854.67
99854.65
99854.64
99854.62
99854.61
99854.59
99854.58
99854.56
99854.55
99854.53
99854.52
99854.5
99854.49
99854.47
99854.46
99854.44
99854.43
99854.41
99854.4
99854.38
99854.37
99854.35
99854.34
99854.32
99854.31
99854.29
99854.28
99854.26
99854.25
99854.23
99854.22
99854.2
99854.19
99854.17
99854.16
99854.14
99854.12
99854.11
99854.09
99854.08
99854.06
99854.05
99854.03
99854.02
99854
99853.99
99853.97
99853.96
99853.94
99853.93
99853.91
99853.9
99853.89
99853.87
99853.86
99853.84
99853.83
99853.81
99853.8
99853.78
99853.77
99853.75
99853.74
99853.73
99853.71
99853.7
99853.68
99853.67
99853.65
99853.64
99853.63
99853.61
99853.6
99853.59
99853.57
99853.56
99758.61
99815.81
99865.31
99858.94
99853.85
99854.54
99855.04
99854.95
99854.89
99854.88
99854.87
99854.86
99854.84
99854.83
99854.81
99854.8
99854.78
99854.77
99854.76
99854.74
99854.73
99854.71
99854.7
99854.68
99854.67
99854.65
99854.64
99854.62
99854.61
99854.59
99854.58
99854.56
99854.55
99854.53
99854.52
99854.5
99854.49
99854.47
99854.46
99854.44
99854.43
99854.41
99854.4
99854.38
99854.37
99854.35
99854.34
99854.32
99854.31
99854.29
99854.28
99854.26
99854.25
99854.23
99854.22
99854.2
99854.19
99854.17
99854.16
99854.14
99854.12
99854.11
99854.09
99854.08
99854.06
99854.05
99854.03
99854.02
99854
99853.99
99853.97
99853.96
99853.94
99853.93
99853.91
99853.9
99853.88
99853.87
99853.86
99853.84
99853.83
99853.81
99853.8
99853.78
99853.77
99853.75
99853.74
99853.72
99853.71
99853.7
99853.68
99853.67
99853.65
99853.64
99853.63
99853.61
99853.6
99853.59
99853.57
99853.56
99758.62
99815.81
99865.31
99858.94
99853.85
99854.54
99855.04
99854.95
99854.89
99854.88
99854.87
99854.86
99854.84
99854.83
99854.81
99854.8
99854.78
99854.77
99854.76
99854.74
99854.73
99854.71
99854.7
99854.68
99854.67
99854.65
99854.64
99854.62
99854.61
99854.59
99854.58
99854.56
99854.55
99854.53
99854.52
99854.5
99854.49
99854.47
99854.46
99854.44
99854.43
99854.41
99854.4
99854.38
99854.37
99854.35
99854.34
99854.32
99854.31
99854.29
99854.28
99854.26
99854.25
99854.23
99854.22
99854.2
99854.19
99854.17
99854.15
99854.14
99854.12
99854.11
99854.09
99854.08
99854.06
99854.05
99854.03
99854.02
99854
99853.99
99853.97
99853.96
99853.94
99853.93
99853.91
99853.9
99853.88
99853.87
99853.86
99853.84
99853.83
99853.81
99853.8
99853.78
99853.77
99853.75
99853.74
99853.72
99853.71
99853.7
99853.68
99853.67
99853.65
99853.64
99853.63
99853.61
99853.6
99853.59
99853.57
99853.56
99758.62
99815.81
99865.31
99858.94
99853.85
99854.54
99855.04
99854.95
99854.89
99854.88
99854.87
99854.86
99854.84
99854.83
99854.81
99854.8
99854.79
99854.77
99854.76
99854.74
99854.73
99854.71
99854.7
99854.68
99854.67
99854.65
99854.64
99854.62
99854.61
99854.59
99854.58
99854.56
99854.55
99854.53
99854.52
99854.5
99854.49
99854.47
99854.46
99854.44
99854.43
99854.41
99854.4
99854.38
99854.37
99854.35
99854.34
99854.32
99854.31
99854.29
99854.28
99854.26
99854.25
99854.23
99854.22
99854.2
99854.19
99854.17
99854.15
99854.14
99854.12
99854.11
99854.09
99854.08
99854.06
99854.05
99854.03
99854.02
99854
99853.99
99853.97
99853.96
99853.94
99853.93
99853.91
99853.9
99853.88
99853.87
99853.85
99853.84
99853.83
99853.81
99853.8
99853.78
99853.77
99853.75
99853.74
99853.72
99853.71
99853.7
99853.68
99853.67
99853.65
99853.64
99853.63
99853.61
99853.6
99853.58
99853.57
99853.56
99758.62
99815.81
99865.31
99858.94
99853.85
99854.54
99855.05
99854.95
99854.89
99854.88
99854.87
99854.86
99854.84
99854.83
99854.81
99854.8
99854.79
99854.77
99854.76
99854.74
99854.73
99854.71
99854.7
99854.68
99854.67
99854.65
99854.64
99854.62
99854.61
99854.59
99854.58
99854.56
99854.55
99854.53
99854.52
99854.5
99854.49
99854.47
99854.46
99854.44
99854.43
99854.41
99854.4
99854.38
99854.37
99854.35
99854.34
99854.32
99854.31
99854.29
99854.28
99854.26
99854.25
99854.23
99854.22
99854.2
99854.19
99854.17
99854.15
99854.14
99854.12
99854.11
99854.09
99854.08
99854.06
99854.05
99854.03
99854.02
99854
99853.99
99853.97
99853.96
99853.94
99853.93
99853.91
99853.9
99853.88
99853.87
99853.85
99853.84
99853.83
99853.81
99853.8
99853.78
99853.77
99853.75
99853.74
99853.72
99853.71
99853.69
99853.68
99853.67
99853.65
99853.64
99853.62
99853.61
99853.6
99853.58
99853.57
99853.56
99758.62
99815.82
99865.31
99858.94
99853.85
99854.54
99855.05
99854.95
99854.89
99854.88
99854.87
99854.86
99854.84
99854.83
99854.81
99854.8
99854.79
99854.77
99854.76
99854.74
99854.73
99854.71
99854.7
99854.68
99854.67
99854.65
99854.64
99854.62
99854.61
99854.59
99854.58
99854.56
99854.55
99854.53
99854.52
99854.5
99854.49
99854.47
99854.46
99854.44
99854.43
99854.41
99854.4
99854.38
99854.37
99854.35
99854.34
99854.32
99854.31
99854.29
99854.28
99854.26
99854.25
99854.23
99854.22
99854.2
99854.19
99854.17
99854.15
99854.14
99854.12
99854.11
99854.09
99854.08
99854.06
99854.05
99854.03
99854.02
99854
99853.99
99853.97
99853.96
99853.94
99853.93
99853.91
99853.9
99853.88
99853.87
99853.85
99853.84
99853.82
99853.81
99853.8
99853.78
99853.77
99853.75
99853.74
99853.72
99853.71
99853.69
99853.68
99853.67
99853.65
99853.64
99853.62
99853.61
99853.6
99853.58
99853.57
99853.56
99758.62
99815.82
99865.31
99858.94
99853.85
99854.54
99855.05
99854.96
99854.89
99854.88
99854.87
99854.86
99854.84
99854.83
99854.82
99854.8
99854.79
99854.77
99854.76
99854.74
99854.73
99854.71
99854.7
99854.68
99854.67
99854.65
99854.64
99854.62
99854.61
99854.59
99854.58
99854.56
99854.55
99854.53
99854.52
99854.5
99854.49
99854.47
99854.46
99854.44
99854.43
99854.41
99854.4
99854.38
99854.37
99854.35
99854.34
99854.32
99854.31
99854.29
99854.28
99854.26
99854.25
99854.23
99854.22
99854.2
99854.19
99854.17
99854.15
99854.14
99854.12
99854.11
99854.09
99854.08
99854.06
99854.05
99854.03
99854.02
99854
99853.99
99853.97
99853.96
99853.94
99853.93
99853.91
99853.9
99853.88
99853.87
99853.85
99853.84
99853.82
99853.81
99853.79
99853.78
99853.77
99853.75
99853.74
99853.72
99853.71
99853.69
99853.68
99853.67
99853.65
99853.64
99853.62
99853.61
99853.6
99853.58
99853.57
99853.56
99758.62
99815.82
99865.31
99858.94
99853.85
99854.54
99855.05
99854.96
99854.89
99854.88
99854.87
99854.86
99854.84
99854.83
99854.82
99854.8
99854.79
99854.77
99854.76
99854.74
99854.73
99854.71
99854.7
99854.68
99854.67
99854.65
99854.64
99854.62
99854.61
99854.59
99854.58
99854.56
99854.55
99854.53
99854.52
99854.5
99854.49
99854.47
99854.46
99854.44
99854.43
99854.41
99854.4
99854.38
99854.37
99854.35
99854.34
99854.32
99854.31
99854.29
99854.28
99854.26
99854.25
99854.23
99854.22
99854.2
99854.19
99854.17
99854.15
99854.14
99854.12
99854.11
99854.09
99854.08
99854.06
99854.05
99854.03
99854.02
99854
99853.99
99853.97
99853.96
99853.94
99853.93
99853.91
99853.9
99853.88
99853.87
99853.85
99853.84
99853.82
99853.81
99853.79
99853.78
99853.77
99853.75
99853.74
99853.72
99853.71
99853.69
99853.68
99853.66
99853.65
99853.64
99853.62
99853.61
99853.6
99853.58
99853.57
99853.55
99758.63
99815.82
99865.31
99858.94
99853.85
99854.54
99855.05
99854.96
99854.89
99854.88
99854.88
99854.86
99854.85
99854.83
99854.82
99854.8
99854.79
99854.77
99854.76
99854.74
99854.73
99854.71
99854.7
99854.68
99854.67
99854.65
99854.64
99854.62
99854.61
99854.59
99854.58
99854.56
99854.55
99854.53
99854.52
99854.5
99854.49
99854.47
99854.46
99854.44
99854.43
99854.41
99854.4
99854.38
99854.37
99854.35
99854.34
99854.32
99854.31
99854.29
99854.28
99854.26
99854.25
99854.23
99854.22
99854.2
99854.18
99854.17
99854.15
99854.14
99854.12
99854.11
99854.09
99854.08
99854.06
99854.05
99854.03
99854.02
99854
99853.99
99853.97
99853.96
99853.94
99853.93
99853.91
99853.9
99853.88
99853.87
99853.85
99853.84
99853.82
99853.81
99853.79
99853.78
99853.76
99853.75
99853.74
99853.72
99853.71
99853.69
99853.68
99853.66
99853.65
99853.64
99853.62
99853.61
99853.59
99853.58
99853.57
99853.55
99758.63
99815.82
99865.32
99858.94
99853.85
99854.54
99855.05
99854.96
99854.89
99854.89
99854.88
99854.86
99854.85
99854.83
99854.82
99854.8
99854.79
99854.77
99854.76
99854.74
99854.73
99854.71
99854.7
99854.68
99854.67
99854.65
99854.64
99854.62
99854.61
99854.59
99854.58
99854.56
99854.55
99854.53
99854.52
99854.5
99854.49
99854.47
99854.46
99854.44
99854.43
99854.41
99854.4
99854.38
99854.37
99854.35
99854.34
99854.32
99854.31
99854.29
99854.28
99854.26
99854.25
99854.23
99854.22
99854.2
99854.18
99854.17
99854.15
99854.14
99854.12
99854.11
99854.09
99854.08
99854.06
99854.05
99854.03
99854.02
99854
99853.99
99853.97
99853.96
99853.94
99853.93
99853.91
99853.9
99853.88
99853.87
99853.85
99853.84
99853.82
99853.81
99853.79
99853.78
99853.76
99853.75
99853.73
99853.72
99853.71
99853.69
99853.68
99853.66
99853.65
99853.63
99853.62
99853.61
99853.59
99853.58
99853.57
99853.55
99758.63
99815.82
99865.32
99858.94
99853.85
99854.54
99855.05
99854.96
99854.89
99854.89
99854.88
99854.86
99854.85
99854.83
99854.82
99854.8
99854.79
99854.77
99854.76
99854.74
99854.73
99854.71
99854.7
99854.68
99854.67
99854.66
99854.64
99854.62
99854.61
99854.59
99854.58
99854.56
99854.55
99854.53
99854.52
99854.5
99854.49
99854.47
99854.46
99854.44
99854.43
99854.41
99854.4
99854.38
99854.37
99854.35
99854.34
99854.32
99854.31
99854.29
99854.28
99854.26
99854.25
99854.23
99854.22
99854.2
99854.18
99854.17
99854.15
99854.14
99854.12
99854.11
99854.09
99854.08
99854.06
99854.05
99854.03
99854.02
99854
99853.99
99853.97
99853.96
99853.94
99853.93
99853.91
99853.9
99853.88
99853.87
99853.85
99853.84
99853.82
99853.81
99853.79
99853.78
99853.76
99853.75
99853.73
99853.72
99853.7
99853.69
99853.68
99853.66
99853.65
99853.63
99853.62
99853.61
99853.59
99853.58
99853.56
99853.55
99758.63
99815.82
99865.32
99858.95
99853.86
99854.55
99855.05
99854.96
99854.89
99854.89
99854.88
99854.86
99854.85
99854.83
99854.82
99854.8
99854.79
99854.77
99854.76
99854.75
99854.73
99854.72
99854.7
99854.69
99854.67
99854.66
99854.64
99854.63
99854.61
99854.6
99854.58
99854.56
99854.55
99854.53
99854.52
99854.5
99854.49
99854.47
99854.46
99854.44
99854.43
99854.41
99854.4
99854.38
99854.37
99854.35
99854.34
99854.32
99854.31
99854.29
99854.28
99854.26
99854.25
99854.23
99854.22
99854.2
99854.18
99854.17
99854.15
99854.14
99854.12
99854.11
99854.09
99854.08
99854.06
99854.05
99854.03
99854.02
99854
99853.99
99853.97
99853.96
99853.94
99853.93
99853.91
99853.9
99853.88
99853.87
99853.85
99853.84
99853.82
99853.81
99853.79
99853.78
99853.76
99853.75
99853.73
99853.72
99853.7
99853.69
99853.67
99853.66
99853.65
99853.63
99853.62
99853.6
99853.59
99853.58
99853.56
99853.55
99758.63
99815.83
99865.32
99858.95
99853.86
99854.55
99855.05
99854.96
99854.89
99854.89
99854.88
99854.86
99854.85
99854.83
99854.82
99854.81
99854.79
99854.78
99854.76
99854.75
99854.73
99854.72
99854.7
99854.69
99854.67
99854.66
99854.64
99854.63
99854.61
99854.6
99854.58
99854.57
99854.55
99854.53
99854.52
99854.5
99854.49
99854.47
99854.46
99854.44
99854.43
99854.41
99854.4
99854.38
99854.37
99854.35
99854.34
99854.32
99854.31
99854.29
99854.28
99854.26
99854.25
99854.23
99854.22
99854.2
99854.18
99854.17
99854.15
99854.14
99854.12
99854.11
99854.09
99854.08
99854.06
99854.05
99854.03
99854.02
99854
99853.99
99853.97
99853.96
99853.94
99853.93
99853.91
99853.9
99853.88
99853.87
99853.85
99853.84
99853.82
99853.81
99853.79
99853.78
99853.76
99853.75
99853.73
99853.72
99853.7
99853.69
99853.67
99853.66
99853.64
99853.63
99853.62
99853.6
99853.59
99853.58
99853.56
99853.55
99758.64
99815.83
99865.32
99858.95
99853.86
99854.55
99855.05
99854.96
99854.9
99854.89
99854.88
99854.87
99854.85
99854.84
99854.82
99854.81
99854.79
99854.78
99854.76
99854.75
99854.73
99854.72
99854.7
99854.69
99854.67
99854.66
99854.64
99854.63
99854.61
99854.6
99854.58
99854.57
99854.55
99854.54
99854.52
99854.5
99854.49
99854.47
99854.46
99854.44
99854.43
99854.41
99854.4
99854.38
99854.37
99854.35
99854.34
99854.32
99854.31
99854.29
99854.28
99854.26
99854.25
99854.23
99854.22
99854.2
99854.18
99854.17
99854.15
99854.14
99854.12
99854.11
99854.09
99854.08
99854.06
99854.05
99854.03
99854.02
99854
99853.99
99853.97
99853.96
99853.94
99853.93
99853.91
99853.9
99853.88
99853.87
99853.85
99853.84
99853.82
99853.81
99853.79
99853.78
99853.76
99853.75
99853.73
99853.72
99853.7
99853.69
99853.67
99853.66
99853.64
99853.63
99853.62
99853.6
99853.59
99853.57
99853.56
99853.55
99758.64
99815.83
99865.32
99858.95
99853.86
99854.55
99855.06
99854.96
99854.9
99854.89
99854.88
99854.87
99854.85
99854.84
99854.82
99854.81
99854.79
99854.78
99854.76
99854.75
99854.73
99854.72
99854.7
99854.69
99854.67
99854.66
99854.64
99854.63
99854.61
99854.6
99854.58
99854.57
99854.55
99854.54
99854.52
99854.5
99854.49
99854.47
99854.46
99854.44
99854.43
99854.41
99854.4
99854.38
99854.37
99854.35
99854.34
99854.32
99854.31
99854.29
99854.28
99854.26
99854.25
99854.23
99854.22
99854.2
99854.18
99854.17
99854.15
99854.14
99854.12
99854.11
99854.09
99854.08
99854.06
99854.05
99854.03
99854.02
99854
99853.99
99853.97
99853.96
99853.94
99853.93
99853.91
99853.89
99853.88
99853.86
99853.85
99853.83
99853.82
99853.8
99853.79
99853.77
99853.76
99853.74
99853.73
99853.71
99853.7
99853.69
99853.67
99853.66
99853.64
99853.63
99853.61
99853.6
99853.59
99853.57
99853.56
99853.54
99758.64
99815.83
99865.32
99858.95
99853.86
99854.55
99855.06
99854.97
99854.9
99854.89
99854.88
99854.87
99854.85
99854.84
99854.82
99854.81
99854.79
99854.78
99854.76
99854.75
99854.73
99854.72
99854.7
99854.69
99854.67
99854.66
99854.64
99854.63
99854.61
99854.6
99854.58
99854.57
99854.55
99854.54
99854.52
99854.51
99854.49
99854.47
99854.46
99854.44
99854.43
99854.41
99854.4
99854.38
99854.37
99854.35
99854.34
99854.32
99854.31
99854.29
99854.28
99854.26
99854.25
99854.23
99854.22
99854.2
99854.18
99854.17
99854.15
99854.14
99854.12
99854.11
99854.09
99854.08
99854.06
99854.05
99854.03
99854.02
99854
99853.99
99853.97
99853.96
99853.94
99853.93
99853.91
99853.89
99853.88
99853.86
99853.85
99853.83
99853.82
99853.8
99853.79
99853.77
99853.76
99853.74
99853.73
99853.71
99853.7
99853.68
99853.67
99853.66
99853.64
99853.63
99853.61
99853.6
99853.58
99853.57
99853.56
99853.54
99758.65
99815.84
99865.33
99858.95
99853.86
99854.55
99855.06
99854.97
99854.9
99854.89
99854.88
99854.87
99854.85
99854.84
99854.82
99854.81
99854.79
99854.78
99854.76
99854.75
99854.73
99854.72
99854.7
99854.69
99854.67
99854.66
99854.64
99854.63
99854.61
99854.6
99854.58
99854.57
99854.55
99854.54
99854.52
99854.51
99854.49
99854.47
99854.46
99854.44
99854.43
99854.41
99854.4
99854.38
99854.37
99854.35
99854.34
99854.32
99854.31
99854.29
99854.28
99854.26
99854.25
99854.23
99854.21
99854.2
99854.18
99854.17
99854.15
99854.14
99854.12
99854.11
99854.09
99854.08
99854.06
99854.05
99854.03
99854.02
99854
99853.99
99853.97
99853.95
99853.94
99853.92
99853.91
99853.89
99853.88
99853.86
99853.85
99853.83
99853.82
99853.8
99853.79
99853.77
99853.76
99853.74
99853.73
99853.71
99853.7
99853.68
99853.67
99853.65
99853.64
99853.62
99853.61
99853.6
99853.58
99853.57
99853.55
99853.54
99758.65
99815.84
99865.33
99858.96
99853.87
99854.56
99855.06
99854.97
99854.9
99854.9
99854.89
99854.87
99854.86
99854.84
99854.83
99854.81
99854.8
99854.78
99854.76
99854.75
99854.73
99854.72
99854.7
99854.69
99854.67
99854.66
99854.64
99854.63
99854.61
99854.6
99854.58
99854.57
99854.55
99854.54
99854.52
99854.51
99854.49
99854.48
99854.46
99854.44
99854.43
99854.41
99854.4
99854.38
99854.37
99854.35
99854.34
99854.32
99854.31
99854.29
99854.28
99854.26
99854.25
99854.23
99854.22
99854.2
99854.18
99854.17
99854.15
99854.14
99854.12
99854.11
99854.09
99854.08
99854.06
99854.05
99854.03
99854.02
99854
99853.99
99853.97
99853.95
99853.94
99853.92
99853.91
99853.89
99853.88
99853.86
99853.85
99853.83
99853.82
99853.8
99853.79
99853.77
99853.76
99853.74
99853.73
99853.71
99853.7
99853.68
99853.67
99853.65
99853.64
99853.62
99853.61
99853.59
99853.58
99853.57
99853.55
99853.54
99758.65
99815.84
99865.33
99858.96
99853.87
99854.56
99855.06
99854.97
99854.9
99854.9
99854.89
99854.87
99854.86
99854.84
99854.83
99854.81
99854.8
99854.78
99854.77
99854.75
99854.74
99854.72
99854.7
99854.69
99854.67
99854.66
99854.64
99854.63
99854.61
99854.6
99854.58
99854.57
99854.55
99854.54
99854.52
99854.51
99854.49
99854.48
99854.46
99854.44
99854.43
99854.41
99854.4
99854.38
99854.37
99854.35
99854.34
99854.32
99854.31
99854.29
99854.28
99854.26
99854.25
99854.23
99854.21
99854.2
99854.18
99854.17
99854.15
99854.14
99854.12
99854.11
99854.09
99854.08
99854.06
99854.05
99854.03
99854.02
99854
99853.98
99853.97
99853.95
99853.94
99853.92
99853.91
99853.89
99853.88
99853.86
99853.85
99853.83
99853.82
99853.8
99853.79
99853.77
99853.76
99853.74
99853.72
99853.71
99853.69
99853.68
99853.66
99853.65
99853.64
99853.62
99853.61
99853.59
99853.58
99853.56
99853.55
99853.54
99758.66
99815.84
99865.33
99858.96
99853.87
99854.56
99855.07
99854.97
99854.91
99854.9
99854.89
99854.87
99854.86
99854.84
99854.83
99854.81
99854.8
99854.78
99854.77
99854.75
99854.74
99854.72
99854.71
99854.69
99854.67
99854.66
99854.64
99854.63
99854.61
99854.6
99854.58
99854.57
99854.55
99854.54
99854.52
99854.51
99854.49
99854.48
99854.46
99854.44
99854.43
99854.41
99854.4
99854.38
99854.37
99854.35
99854.34
99854.32
99854.31
99854.29
99854.28
99854.26
99854.25
99854.23
99854.22
99854.2
99854.18
99854.17
99854.15
99854.14
99854.12
99854.11
99854.09
99854.08
99854.06
99854.05
99854.03
99854.02
99854
99853.98
99853.97
99853.95
99853.94
99853.92
99853.91
99853.89
99853.88
99853.86
99853.85
99853.83
99853.82
99853.8
99853.78
99853.77
99853.75
99853.74
99853.72
99853.71
99853.69
99853.68
99853.66
99853.65
99853.63
99853.62
99853.6
99853.59
99853.58
99853.56
99853.55
99853.53
99758.66
99815.85
99865.34
99858.96
99853.87
99854.56
99855.07
99854.98
99854.91
99854.9
99854.89
99854.88
99854.86
99854.84
99854.83
99854.81
99854.8
99854.78
99854.77
99854.75
99854.74
99854.72
99854.71
99854.69
99854.68
99854.66
99854.64
99854.63
99854.61
99854.6
99854.58
99854.57
99854.55
99854.54
99854.52
99854.51
99854.49
99854.48
99854.46
99854.44
99854.43
99854.41
99854.4
99854.38
99854.37
99854.35
99854.34
99854.32
99854.31
99854.29
99854.28
99854.26
99854.25
99854.23
99854.21
99854.2
99854.18
99854.17
99854.15
99854.14
99854.12
99854.11
99854.09
99854.08
99854.06
99854.05
99854.03
99854.01
99854
99853.98
99853.97
99853.95
99853.94
99853.92
99853.91
99853.89
99853.88
99853.86
99853.85
99853.83
99853.81
99853.8
99853.78
99853.77
99853.75
99853.74
99853.72
99853.71
99853.69
99853.68
99853.66
99853.65
99853.63
99853.62
99853.6
99853.59
99853.57
99853.56
99853.54
99853.53
99758.66
99815.85
99865.34
99858.97
99853.88
99854.56
99855.07
99854.98
99854.91
99854.9
99854.89
99854.88
99854.86
99854.85
99854.83
99854.81
99854.8
99854.78
99854.77
99854.75
99854.74
99854.72
99854.71
99854.69
99854.68
99854.66
99854.65
99854.63
99854.61
99854.6
99854.58
99854.57
99854.55
99854.54
99854.52
99854.51
99854.49
99854.48
99854.46
99854.45
99854.43
99854.41
99854.4
99854.38
99854.37
99854.35
99854.34
99854.32
99854.31
99854.29
99854.28
99854.26
99854.25
99854.23
99854.21
99854.2
99854.18
99854.17
99854.15
99854.14
99854.12
99854.11
99854.09
99854.08
99854.06
99854.05
99854.03
99854.01
99854
99853.98
99853.97
99853.95
99853.94
99853.92
99853.91
99853.89
99853.88
99853.86
99853.84
99853.83
99853.81
99853.8
99853.78
99853.77
99853.75
99853.74
99853.72
99853.71
99853.69
99853.67
99853.66
99853.64
99853.63
99853.61
99853.6
99853.58
99853.57
99853.56
99853.54
99853.53
99758.67
99815.86
99865.34
99858.97
99853.88
99854.57
99855.07
99854.98
99854.91
99854.9
99854.89
99854.88
99854.86
99854.85
99854.83
99854.82
99854.8
99854.78
99854.77
99854.75
99854.74
99854.72
99854.71
99854.69
99854.68
99854.66
99854.65
99854.63
99854.61
99854.6
99854.58
99854.57
99854.55
99854.54
99854.52
99854.51
99854.49
99854.48
99854.46
99854.44
99854.43
99854.41
99854.4
99854.38
99854.37
99854.35
99854.34
99854.32
99854.31
99854.29
99854.28
99854.26
99854.25
99854.23
99854.21
99854.2
99854.18
99854.17
99854.15
99854.14
99854.12
99854.11
99854.09
99854.08
99854.06
99854.05
99854.03
99854.01
99854
99853.98
99853.97
99853.95
99853.94
99853.92
99853.91
99853.89
99853.87
99853.86
99853.84
99853.83
99853.81
99853.8
99853.78
99853.77
99853.75
99853.73
99853.72
99853.7
99853.69
99853.67
99853.66
99853.64
99853.63
99853.61
99853.6
99853.58
99853.57
99853.55
99853.54
99853.52
99758.67
99815.86
99865.34
99858.97
99853.88
99854.57
99855.08
99854.98
99854.91
99854.91
99854.9
99854.88
99854.86
99854.85
99854.83
99854.82
99854.8
99854.79
99854.77
99854.76
99854.74
99854.72
99854.71
99854.69
99854.68
99854.66
99854.65
99854.63
99854.62
99854.6
99854.58
99854.57
99854.55
99854.54
99854.52
99854.51
99854.49
99854.48
99854.46
99854.45
99854.43
99854.41
99854.4
99854.38
99854.37
99854.35
99854.34
99854.32
99854.31
99854.29
99854.28
99854.26
99854.25
99854.23
99854.21
99854.2
99854.18
99854.17
99854.15
99854.14
99854.12
99854.11
99854.09
99854.08
99854.06
99854.05
99854.03
99854.01
99854
99853.98
99853.97
99853.95
99853.94
99853.92
99853.91
99853.89
99853.87
99853.86
99853.84
99853.83
99853.81
99853.8
99853.78
99853.77
99853.75
99853.73
99853.72
99853.7
99853.69
99853.67
99853.66
99853.64
99853.62
99853.61
99853.59
99853.58
99853.56
99853.55
99853.53
99853.52
99758.68
99815.87
99865.35
99858.97
99853.88
99854.57
99855.08
99854.98
99854.92
99854.91
99854.9
99854.88
99854.87
99854.85
99854.83
99854.82
99854.8
99854.79
99854.77
99854.76
99854.74
99854.72
99854.71
99854.69
99854.68
99854.66
99854.65
99854.63
99854.62
99854.6
99854.58
99854.57
99854.55
99854.54
99854.52
99854.51
99854.49
99854.48
99854.46
99854.45
99854.43
99854.41
99854.4
99854.38
99854.37
99854.35
99854.34
99854.32
99854.31
99854.29
99854.28
99854.26
99854.25
99854.23
99854.21
99854.2
99854.18
99854.17
99854.15
99854.14
99854.12
99854.11
99854.09
99854.08
99854.06
99854.04
99854.03
99854.01
99854
99853.98
99853.97
99853.95
99853.94
99853.92
99853.91
99853.89
99853.87
99853.86
99853.84
99853.83
99853.81
99853.8
99853.78
99853.76
99853.75
99853.73
99853.72
99853.7
99853.68
99853.67
99853.65
99853.64
99853.62
99853.61
99853.59
99853.58
99853.56
99853.55
99853.53
99853.52
99758.69
99815.87
99865.35
99858.98
99853.89
99854.58
99855.08
99854.99
99854.92
99854.91
99854.9
99854.88
99854.87
99854.85
99854.84
99854.82
99854.8
99854.79
99854.77
99854.76
99854.74
99854.73
99854.71
99854.69
99854.68
99854.66
99854.65
99854.63
99854.62
99854.6
99854.59
99854.57
99854.55
99854.54
99854.52
99854.51
99854.49
99854.48
99854.46
99854.45
99854.43
99854.42
99854.4
99854.38
99854.37
99854.35
99854.34
99854.32
99854.31
99854.29
99854.28
99854.26
99854.25
99854.23
99854.21
99854.2
99854.18
99854.17
99854.15
99854.14
99854.12
99854.11
99854.09
99854.08
99854.06
99854.05
99854.03
99854.01
99854
99853.98
99853.97
99853.95
99853.94
99853.92
99853.9
99853.89
99853.87
99853.86
99853.84
99853.83
99853.81
99853.79
99853.78
99853.76
99853.75
99853.73
99853.71
99853.7
99853.68
99853.67
99853.65
99853.63
99853.62
99853.6
99853.59
99853.57
99853.56
99853.54
99853.53
99853.51
99758.69
99815.88
99865.36
99858.98
99853.89
99854.58
99855.08
99854.99
99854.92
99854.91
99854.9
99854.89
99854.87
99854.85
99854.84
99854.82
99854.8
99854.79
99854.77
99854.76
99854.74
99854.73
99854.71
99854.69
99854.68
99854.66
99854.65
99854.63
99854.62
99854.6
99854.58
99854.57
99854.55
99854.54
99854.52
99854.51
99854.49
99854.48
99854.46
99854.45
99854.43
99854.41
99854.4
99854.38
99854.37
99854.35
99854.34
99854.32
99854.31
99854.29
99854.28
99854.26
99854.25
99854.23
99854.21
99854.2
99854.18
99854.17
99854.15
99854.14
99854.12
99854.11
99854.09
99854.08
99854.06
99854.04
99854.03
99854.01
99854
99853.98
99853.97
99853.95
99853.94
99853.92
99853.9
99853.89
99853.87
99853.86
99853.84
99853.83
99853.81
99853.79
99853.78
99853.76
99853.75
99853.73
99853.71
99853.7
99853.68
99853.66
99853.65
99853.63
99853.62
99853.6
99853.58
99853.57
99853.55
99853.54
99853.52
99853.51
99758.7
99815.88
99865.36
99858.99
99853.9
99854.58
99855.09
99854.99
99854.92
99854.92
99854.91
99854.89
99854.87
99854.86
99854.84
99854.82
99854.81
99854.79
99854.77
99854.76
99854.74
99854.73
99854.71
99854.7
99854.68
99854.66
99854.65
99854.63
99854.62
99854.6
99854.59
99854.57
99854.55
99854.54
99854.52
99854.51
99854.49
99854.48
99854.46
99854.45
99854.43
99854.42
99854.4
99854.38
99854.37
99854.35
99854.34
99854.32
99854.31
99854.29
99854.28
99854.26
99854.25
99854.23
99854.21
99854.2
99854.18
99854.17
99854.15
99854.14
99854.12
99854.11
99854.09
99854.08
99854.06
99854.04
99854.03
99854.01
99854
99853.98
99853.97
99853.95
99853.94
99853.92
99853.9
99853.89
99853.87
99853.86
99853.84
99853.82
99853.81
99853.79
99853.78
99853.76
99853.74
99853.73
99853.71
99853.7
99853.68
99853.66
99853.65
99853.63
99853.61
99853.6
99853.58
99853.56
99853.55
99853.53
99853.52
99853.5
99758.71
99815.89
99865.37
99858.99
99853.9
99854.59
99855.09
99855
99854.93
99854.92
99854.91
99854.89
99854.87
99854.86
99854.84
99854.82
99854.81
99854.79
99854.77
99854.76
99854.74
99854.73
99854.71
99854.69
99854.68
99854.66
99854.65
99854.63
99854.62
99854.6
99854.59
99854.57
99854.55
99854.54
99854.52
99854.51
99854.49
99854.48
99854.46
99854.45
99854.43
99854.41
99854.4
99854.38
99854.37
99854.35
99854.34
99854.32
99854.31
99854.29
99854.28
99854.26
99854.25
99854.23
99854.21
99854.2
99854.18
99854.17
99854.15
99854.14
99854.12
99854.11
99854.09
99854.08
99854.06
99854.04
99854.03
99854.01
99854
99853.98
99853.97
99853.95
99853.93
99853.92
99853.9
99853.89
99853.87
99853.86
99853.84
99853.82
99853.81
99853.79
99853.78
99853.76
99853.74
99853.73
99853.71
99853.69
99853.68
99853.66
99853.64
99853.63
99853.61
99853.59
99853.58
99853.56
99853.54
99853.53
99853.51
99853.5
99758.72
99815.9
99865.37
99859
99853.91
99854.59
99855.1
99855
99854.93
99854.92
99854.91
99854.89
99854.87
99854.86
99854.84
99854.82
99854.81
99854.79
99854.78
99854.76
99854.74
99854.73
99854.71
99854.7
99854.68
99854.66
99854.65
99854.63
99854.62
99854.6
99854.59
99854.57
99854.55
99854.54
99854.52
99854.51
99854.49
99854.48
99854.46
99854.45
99854.43
99854.42
99854.4
99854.38
99854.37
99854.35
99854.34
99854.32
99854.31
99854.29
99854.28
99854.26
99854.25
99854.23
99854.21
99854.2
99854.18
99854.17
99854.15
99854.14
99854.12
99854.11
99854.09
99854.08
99854.06
99854.04
99854.03
99854.01
99854
99853.98
99853.97
99853.95
99853.93
99853.92
99853.9
99853.89
99853.87
99853.86
99853.84
99853.82
99853.81
99853.79
99853.78
99853.76
99853.74
99853.73
99853.71
99853.69
99853.68
99853.66
99853.64
99853.62
99853.61
99853.59
99853.57
99853.56
99853.54
99853.52
99853.5
99853.49
99758.73
99815.91
99865.38
99859
99853.91
99854.59
99855.1
99855
99854.93
99854.92
99854.91
99854.89
99854.87
99854.86
99854.84
99854.82
99854.81
99854.79
99854.78
99854.76
99854.74
99854.73
99854.71
99854.7
99854.68
99854.66
99854.65
99854.63
99854.62
99854.6
99854.59
99854.57
99854.55
99854.54
99854.52
99854.51
99854.49
99854.48
99854.46
99854.45
99854.43
99854.41
99854.4
99854.38
99854.37
99854.35
99854.34
99854.32
99854.31
99854.29
99854.28
99854.26
99854.25
99854.23
99854.21
99854.2
99854.18
99854.17
99854.15
99854.14
99854.12
99854.11
99854.09
99854.08
99854.06
99854.04
99854.03
99854.01
99854
99853.98
99853.97
99853.95
99853.93
99853.92
99853.9
99853.89
99853.87
99853.86
99853.84
99853.82
99853.81
99853.79
99853.77
99853.76
99853.74
99853.72
99853.71
99853.69
99853.67
99853.66
99853.64
99853.62
99853.6
99853.59
99853.57
99853.55
99853.53
99853.51
99853.5
99853.48
99758.74
99815.92
99865.39
99859.01
99853.92
99854.6
99855.1
99855.01
99854.93
99854.93
99854.91
99854.89
99854.88
99854.86
99854.84
99854.83
99854.81
99854.79
99854.78
99854.76
99854.74
99854.73
99854.71
99854.7
99854.68
99854.67
99854.65
99854.63
99854.62
99854.6
99854.59
99854.57
99854.56
99854.54
99854.52
99854.51
99854.49
99854.48
99854.46
99854.45
99854.43
99854.42
99854.4
99854.38
99854.37
99854.35
99854.34
99854.32
99854.31
99854.29
99854.28
99854.26
99854.25
99854.23
99854.21
99854.2
99854.18
99854.17
99854.15
99854.14
99854.12
99854.11
99854.09
99854.08
99854.06
99854.04
99854.03
99854.01
99854
99853.98
99853.97
99853.95
99853.93
99853.92
99853.9
99853.89
99853.87
99853.86
99853.84
99853.82
99853.81
99853.79
99853.77
99853.76
99853.74
99853.72
99853.71
99853.69
99853.67
99853.66
99853.64
99853.62
99853.6
99853.58
99853.56
99853.55
99853.53
99853.51
99853.49
99853.47
99758.75
99815.93
99865.39
99859.01
99853.92
99854.6
99855.1
99855.01
99854.93
99854.93
99854.91
99854.89
99854.88
99854.86
99854.84
99854.83
99854.81
99854.79
99854.78
99854.76
99854.74
99854.73
99854.71
99854.7
99854.68
99854.66
99854.65
99854.63
99854.62
99854.6
99854.59
99854.57
99854.55
99854.54
99854.52
99854.51
99854.49
99854.48
99854.46
99854.45
99854.43
99854.42
99854.4
99854.38
99854.37
99854.35
99854.34
99854.32
99854.31
99854.29
99854.28
99854.26
99854.25
99854.23
99854.21
99854.2
99854.18
99854.17
99854.15
99854.14
99854.12
99854.11
99854.09
99854.08
99854.06
99854.04
99854.03
99854.01
99854
99853.98
99853.97
99853.95
99853.93
99853.92
99853.9
99853.89
99853.87
99853.85
99853.84
99853.82
99853.81
99853.79
99853.77
99853.76
99853.74
99853.72
99853.71
99853.69
99853.67
99853.65
99853.64
99853.62
99853.6
99853.58
99853.56
99853.54
99853.52
99853.5
99853.48
99853.46
99758.78
99815.97
99865.41
99859.02
99853.93
99854.61
99855.11
99855.01
99854.94
99854.93
99854.92
99854.9
99854.88
99854.86
99854.84
99854.83
99854.81
99854.79
99854.78
99854.76
99854.75
99854.73
99854.71
99854.7
99854.68
99854.67
99854.65
99854.63
99854.62
99854.6
99854.59
99854.57
99854.56
99854.54
99854.52
99854.51
99854.49
99854.48
99854.46
99854.45
99854.43
99854.42
99854.4
99854.38
99854.37
99854.35
99854.34
99854.32
99854.31
99854.29
99854.28
99854.26
99854.25
99854.23
99854.21
99854.2
99854.18
99854.17
99854.15
99854.14
99854.12
99854.11
99854.09
99854.08
99854.06
99854.04
99854.03
99854.01
99854
99853.98
99853.97
99853.95
99853.93
99853.92
99853.9
99853.89
99853.87
99853.85
99853.84
99853.82
99853.81
99853.79
99853.77
99853.76
99853.74
99853.72
99853.71
99853.69
99853.67
99853.65
99853.63
99853.62
99853.6
99853.58
99853.56
99853.54
99853.51
99853.49
99853.47
99853.45
99758.76
99815.98
99865.41
99859.02
99853.93
99854.61
99855.11
99855.01
99854.94
99854.93
99854.92
99854.9
99854.88
99854.86
99854.84
99854.83
99854.81
99854.79
99854.78
99854.76
99854.75
99854.73
99854.71
99854.7
99854.68
99854.67
99854.65
99854.63
99854.62
99854.6
99854.59
99854.57
99854.56
99854.54
99854.52
99854.51
99854.49
99854.48
99854.46
99854.45
99854.43
99854.42
99854.4
99854.38
99854.37
99854.35
99854.34
99854.32
99854.31
99854.29
99854.28
99854.26
99854.25
99854.23
99854.21
99854.2
99854.18
99854.17
99854.15
99854.14
99854.12
99854.11
99854.09
99854.08
99854.06
99854.04
99854.03
99854.01
99854
99853.98
99853.97
99853.95
99853.93
99853.92
99853.9
99853.89
99853.87
99853.85
99853.84
99853.82
99853.81
99853.79
99853.77
99853.76
99853.74
99853.72
99853.7
99853.69
99853.67
99853.65
99853.63
99853.61
99853.6
99853.58
99853.55
99853.53
99853.51
99853.48
99853.46
99853.43
99758.91
99816.01
99865.39
99859.02
99853.93
99854.61
99855.11
99855.01
99854.94
99854.93
99854.92
99854.9
99854.88
99854.86
99854.84
99854.83
99854.81
99854.79
99854.78
99854.76
99854.75
99854.73
99854.71
99854.7
99854.68
99854.67
99854.65
99854.63
99854.62
99854.6
99854.59
99854.57
99854.56
99854.54
99854.52
99854.51
99854.49
99854.48
99854.46
99854.45
99854.43
99854.42
99854.4
99854.38
99854.37
99854.35
99854.34
99854.32
99854.31
99854.29
99854.28
99854.26
99854.25
99854.23
99854.21
99854.2
99854.18
99854.17
99854.15
99854.14
99854.12
99854.11
99854.09
99854.08
99854.06
99854.04
99854.03
99854.01
99854
99853.98
99853.97
99853.95
99853.93
99853.92
99853.9
99853.89
99853.87
99853.85
99853.84
99853.82
99853.81
99853.79
99853.77
99853.76
99853.74
99853.72
99853.7
99853.69
99853.67
99853.65
99853.63
99853.61
99853.59
99853.57
99853.55
99853.53
99853.51
99853.48
99853.45
99853.4
)
;

boundaryField
{
    bottomAir_bottom
    {
        type            symmetryPlane;
    }
    leftLet
    {
        type            calculated;
        value           uniform 100000;
    }
    rightLet
    {
        type            calculated;
        value           nonuniform List<scalar> 
40
(
99853.55
99853.55
99853.55
99853.55
99853.55
99853.55
99853.55
99853.55
99853.55
99853.55
99853.55
99853.55
99853.55
99853.55
99853.54
99853.54
99853.54
99853.54
99853.54
99853.54
99853.53
99853.53
99853.53
99853.53
99853.52
99853.52
99853.52
99853.51
99853.51
99853.51
99853.5
99853.5
99853.49
99853.48
99853.47
99853.46
99853.45
99853.44
99853.42
99853.38
)
;
    }
    frontAndBack
    {
        type            empty;
    }
    bottomAir_to_wall
    {
        type            calculated;
        value           nonuniform List<scalar> 
100
(
99758.91
99816.01
99865.39
99859.02
99853.93
99854.61
99855.11
99855.01
99854.94
99854.93
99854.92
99854.9
99854.88
99854.86
99854.84
99854.83
99854.81
99854.79
99854.78
99854.76
99854.75
99854.73
99854.71
99854.7
99854.68
99854.67
99854.65
99854.63
99854.62
99854.6
99854.59
99854.57
99854.56
99854.54
99854.52
99854.51
99854.49
99854.48
99854.46
99854.45
99854.43
99854.42
99854.4
99854.38
99854.37
99854.35
99854.34
99854.32
99854.31
99854.29
99854.28
99854.26
99854.25
99854.23
99854.21
99854.2
99854.18
99854.17
99854.15
99854.14
99854.12
99854.11
99854.09
99854.08
99854.06
99854.04
99854.03
99854.01
99854
99853.98
99853.97
99853.95
99853.93
99853.92
99853.9
99853.89
99853.87
99853.85
99853.84
99853.82
99853.81
99853.79
99853.77
99853.76
99853.74
99853.72
99853.7
99853.69
99853.67
99853.65
99853.63
99853.61
99853.59
99853.57
99853.55
99853.53
99853.51
99853.48
99853.45
99853.4
)
;
    }
}


// ************************************************************************* //
