/*--------------------------------*- C++ -*----------------------------------*\
| =========                 |                                                 |
| \\      /  F ield         | OpenFOAM: The Open Source CFD Toolbox           |
|  \\    /   O peration     | Version:  2.3.0                                 |
|   \\  /    A nd           | Web:      www.OpenFOAM.org                      |
|    \\/     M anipulation  |                                                 |
\*---------------------------------------------------------------------------*/
FoamFile
{
    version     2.0;
    format      ascii;
    class       volScalarField;
    location    "9900/topAir";
    object      rho;
}
// * * * * * * * * * * * * * * * * * * * * * * * * * * * * * * * * * * * * * //

dimensions      [1 -3 0 0 0 0 0];

internalField   nonuniform List<scalar> 
4000
(
1.157345
1.157527
1.157744
1.157662
1.157582
1.157534
1.157484
1.157432
1.15738
1.157328
1.157276
1.157224
1.157172
1.15712
1.157068
1.157016
1.156964
1.156911
1.156859
1.156807
1.156755
1.156703
1.156651
1.156599
1.156547
1.156495
1.156443
1.156391
1.156339
1.156287
1.156235
1.156183
1.156131
1.156079
1.156026
1.155974
1.155922
1.15587
1.155818
1.155766
1.155714
1.155662
1.15561
1.155558
1.155506
1.155454
1.155401
1.155349
1.155297
1.155245
1.155193
1.155141
1.155089
1.155037
1.154984
1.154932
1.15488
1.154828
1.154776
1.154724
1.154672
1.15462
1.154567
1.154515
1.154463
1.154411
1.154359
1.154307
1.154255
1.154202
1.15415
1.154098
1.154046
1.153994
1.153942
1.153889
1.153837
1.153785
1.153733
1.153681
1.153628
1.153576
1.153524
1.153472
1.15342
1.153367
1.153315
1.153263
1.153211
1.153159
1.153106
1.153054
1.153002
1.15295
1.152898
1.152845
1.152793
1.152741
1.152689
1.152636
1.157396
1.157631
1.1579
1.157869
1.157841
1.157844
1.157847
1.157846
1.157845
1.157845
1.157844
1.157844
1.157843
1.157842
1.157842
1.157841
1.15784
1.15784
1.157839
1.157838
1.157837
1.157836
1.157835
1.157834
1.157833
1.157832
1.157831
1.15783
1.157829
1.157828
1.157826
1.157825
1.157824
1.157822
1.157821
1.15782
1.157818
1.157817
1.157815
1.157814
1.157812
1.157811
1.157809
1.157807
1.157806
1.157804
1.157802
1.1578
1.157799
1.157797
1.157795
1.157793
1.157791
1.157789
1.157787
1.157785
1.157783
1.157781
1.157778
1.157776
1.157774
1.157772
1.157769
1.157767
1.157765
1.157762
1.15776
1.157758
1.157755
1.157753
1.15775
1.157747
1.157745
1.157742
1.15774
1.157737
1.157734
1.157731
1.157729
1.157726
1.157723
1.15772
1.157717
1.157714
1.157711
1.157708
1.157705
1.157702
1.157699
1.157696
1.157693
1.15769
1.157687
1.157683
1.15768
1.157677
1.157674
1.157671
1.157668
1.157666
1.157396
1.157631
1.1579
1.15787
1.157842
1.157845
1.157848
1.157847
1.157847
1.157847
1.157846
1.157846
1.157846
1.157846
1.157846
1.157846
1.157845
1.157845
1.157845
1.157845
1.157845
1.157845
1.157845
1.157844
1.157844
1.157844
1.157844
1.157844
1.157844
1.157843
1.157843
1.157843
1.157843
1.157843
1.157843
1.157842
1.157842
1.157842
1.157842
1.157842
1.157842
1.157841
1.157841
1.157841
1.157841
1.157841
1.157841
1.15784
1.15784
1.15784
1.15784
1.15784
1.15784
1.157839
1.157839
1.157839
1.157839
1.157839
1.157838
1.157838
1.157838
1.157838
1.157838
1.157837
1.157837
1.157837
1.157837
1.157837
1.157836
1.157836
1.157836
1.157836
1.157836
1.157835
1.157835
1.157835
1.157835
1.157835
1.157834
1.157834
1.157834
1.157834
1.157833
1.157833
1.157833
1.157833
1.157833
1.157832
1.157832
1.157832
1.157832
1.157831
1.157831
1.157831
1.157831
1.15783
1.15783
1.15783
1.15783
1.157829
1.157396
1.157631
1.1579
1.15787
1.157842
1.157845
1.157848
1.157847
1.157847
1.157847
1.157846
1.157846
1.157846
1.157846
1.157846
1.157846
1.157845
1.157845
1.157845
1.157845
1.157845
1.157845
1.157845
1.157844
1.157844
1.157844
1.157844
1.157844
1.157844
1.157844
1.157843
1.157843
1.157843
1.157843
1.157843
1.157843
1.157842
1.157842
1.157842
1.157842
1.157842
1.157842
1.157842
1.157841
1.157841
1.157841
1.157841
1.157841
1.157841
1.157841
1.15784
1.15784
1.15784
1.15784
1.15784
1.15784
1.15784
1.157839
1.157839
1.157839
1.157839
1.157839
1.157839
1.157839
1.157838
1.157838
1.157838
1.157838
1.157838
1.157838
1.157837
1.157837
1.157837
1.157837
1.157837
1.157837
1.157837
1.157836
1.157836
1.157836
1.157836
1.157836
1.157836
1.157836
1.157835
1.157835
1.157835
1.157835
1.157835
1.157835
1.157834
1.157834
1.157834
1.157834
1.157834
1.157834
1.157833
1.157833
1.157833
1.157833
1.157396
1.157631
1.1579
1.15787
1.157842
1.157845
1.157848
1.157847
1.157847
1.157847
1.157846
1.157846
1.157846
1.157846
1.157846
1.157846
1.157845
1.157845
1.157845
1.157845
1.157845
1.157845
1.157845
1.157844
1.157844
1.157844
1.157844
1.157844
1.157844
1.157844
1.157843
1.157843
1.157843
1.157843
1.157843
1.157843
1.157842
1.157842
1.157842
1.157842
1.157842
1.157842
1.157842
1.157841
1.157841
1.157841
1.157841
1.157841
1.157841
1.157841
1.15784
1.15784
1.15784
1.15784
1.15784
1.15784
1.15784
1.157839
1.157839
1.157839
1.157839
1.157839
1.157839
1.157839
1.157838
1.157838
1.157838
1.157838
1.157838
1.157838
1.157837
1.157837
1.157837
1.157837
1.157837
1.157837
1.157837
1.157836
1.157836
1.157836
1.157836
1.157836
1.157836
1.157836
1.157835
1.157835
1.157835
1.157835
1.157835
1.157835
1.157834
1.157834
1.157834
1.157834
1.157834
1.157834
1.157834
1.157833
1.157833
1.157833
1.157396
1.15763
1.1579
1.15787
1.157842
1.157845
1.157848
1.157847
1.157847
1.157846
1.157846
1.157846
1.157846
1.157846
1.157846
1.157846
1.157845
1.157845
1.157845
1.157845
1.157845
1.157845
1.157845
1.157844
1.157844
1.157844
1.157844
1.157844
1.157844
1.157844
1.157843
1.157843
1.157843
1.157843
1.157843
1.157843
1.157842
1.157842
1.157842
1.157842
1.157842
1.157842
1.157842
1.157841
1.157841
1.157841
1.157841
1.157841
1.157841
1.157841
1.15784
1.15784
1.15784
1.15784
1.15784
1.15784
1.15784
1.157839
1.157839
1.157839
1.157839
1.157839
1.157839
1.157839
1.157838
1.157838
1.157838
1.157838
1.157838
1.157838
1.157837
1.157837
1.157837
1.157837
1.157837
1.157837
1.157837
1.157836
1.157836
1.157836
1.157836
1.157836
1.157836
1.157836
1.157835
1.157835
1.157835
1.157835
1.157835
1.157835
1.157834
1.157834
1.157834
1.157834
1.157834
1.157834
1.157834
1.157833
1.157833
1.157833
1.157396
1.15763
1.1579
1.15787
1.157842
1.157845
1.157848
1.157847
1.157847
1.157846
1.157846
1.157846
1.157846
1.157846
1.157846
1.157846
1.157845
1.157845
1.157845
1.157845
1.157845
1.157845
1.157845
1.157844
1.157844
1.157844
1.157844
1.157844
1.157844
1.157844
1.157843
1.157843
1.157843
1.157843
1.157843
1.157843
1.157842
1.157842
1.157842
1.157842
1.157842
1.157842
1.157842
1.157841
1.157841
1.157841
1.157841
1.157841
1.157841
1.157841
1.15784
1.15784
1.15784
1.15784
1.15784
1.15784
1.15784
1.157839
1.157839
1.157839
1.157839
1.157839
1.157839
1.157838
1.157838
1.157838
1.157838
1.157838
1.157838
1.157838
1.157837
1.157837
1.157837
1.157837
1.157837
1.157837
1.157837
1.157836
1.157836
1.157836
1.157836
1.157836
1.157836
1.157836
1.157835
1.157835
1.157835
1.157835
1.157835
1.157835
1.157834
1.157834
1.157834
1.157834
1.157834
1.157834
1.157834
1.157833
1.157833
1.157833
1.157396
1.15763
1.1579
1.15787
1.157842
1.157845
1.157848
1.157847
1.157847
1.157846
1.157846
1.157846
1.157846
1.157846
1.157846
1.157846
1.157845
1.157845
1.157845
1.157845
1.157845
1.157845
1.157845
1.157844
1.157844
1.157844
1.157844
1.157844
1.157844
1.157844
1.157843
1.157843
1.157843
1.157843
1.157843
1.157843
1.157842
1.157842
1.157842
1.157842
1.157842
1.157842
1.157842
1.157841
1.157841
1.157841
1.157841
1.157841
1.157841
1.157841
1.15784
1.15784
1.15784
1.15784
1.15784
1.15784
1.15784
1.157839
1.157839
1.157839
1.157839
1.157839
1.157839
1.157838
1.157838
1.157838
1.157838
1.157838
1.157838
1.157838
1.157837
1.157837
1.157837
1.157837
1.157837
1.157837
1.157837
1.157836
1.157836
1.157836
1.157836
1.157836
1.157836
1.157836
1.157835
1.157835
1.157835
1.157835
1.157835
1.157835
1.157834
1.157834
1.157834
1.157834
1.157834
1.157834
1.157834
1.157833
1.157833
1.157833
1.157396
1.15763
1.1579
1.15787
1.157842
1.157845
1.157848
1.157847
1.157847
1.157846
1.157846
1.157846
1.157846
1.157846
1.157846
1.157846
1.157845
1.157845
1.157845
1.157845
1.157845
1.157845
1.157845
1.157844
1.157844
1.157844
1.157844
1.157844
1.157844
1.157844
1.157843
1.157843
1.157843
1.157843
1.157843
1.157843
1.157842
1.157842
1.157842
1.157842
1.157842
1.157842
1.157842
1.157841
1.157841
1.157841
1.157841
1.157841
1.157841
1.157841
1.15784
1.15784
1.15784
1.15784
1.15784
1.15784
1.15784
1.157839
1.157839
1.157839
1.157839
1.157839
1.157839
1.157838
1.157838
1.157838
1.157838
1.157838
1.157838
1.157838
1.157837
1.157837
1.157837
1.157837
1.157837
1.157837
1.157837
1.157836
1.157836
1.157836
1.157836
1.157836
1.157836
1.157836
1.157835
1.157835
1.157835
1.157835
1.157835
1.157835
1.157834
1.157834
1.157834
1.157834
1.157834
1.157834
1.157834
1.157833
1.157833
1.157833
1.157396
1.15763
1.1579
1.15787
1.157842
1.157845
1.157848
1.157847
1.157847
1.157846
1.157846
1.157846
1.157846
1.157846
1.157846
1.157846
1.157845
1.157845
1.157845
1.157845
1.157845
1.157845
1.157845
1.157844
1.157844
1.157844
1.157844
1.157844
1.157844
1.157843
1.157843
1.157843
1.157843
1.157843
1.157843
1.157843
1.157842
1.157842
1.157842
1.157842
1.157842
1.157842
1.157842
1.157841
1.157841
1.157841
1.157841
1.157841
1.157841
1.157841
1.15784
1.15784
1.15784
1.15784
1.15784
1.15784
1.15784
1.157839
1.157839
1.157839
1.157839
1.157839
1.157839
1.157838
1.157838
1.157838
1.157838
1.157838
1.157838
1.157838
1.157837
1.157837
1.157837
1.157837
1.157837
1.157837
1.157837
1.157836
1.157836
1.157836
1.157836
1.157836
1.157836
1.157836
1.157835
1.157835
1.157835
1.157835
1.157835
1.157835
1.157834
1.157834
1.157834
1.157834
1.157834
1.157834
1.157834
1.157833
1.157833
1.157833
1.157396
1.15763
1.1579
1.15787
1.157842
1.157845
1.157848
1.157847
1.157847
1.157846
1.157846
1.157846
1.157846
1.157846
1.157846
1.157846
1.157845
1.157845
1.157845
1.157845
1.157845
1.157845
1.157845
1.157844
1.157844
1.157844
1.157844
1.157844
1.157844
1.157843
1.157843
1.157843
1.157843
1.157843
1.157843
1.157843
1.157842
1.157842
1.157842
1.157842
1.157842
1.157842
1.157842
1.157841
1.157841
1.157841
1.157841
1.157841
1.157841
1.157841
1.15784
1.15784
1.15784
1.15784
1.15784
1.15784
1.15784
1.157839
1.157839
1.157839
1.157839
1.157839
1.157839
1.157838
1.157838
1.157838
1.157838
1.157838
1.157838
1.157838
1.157837
1.157837
1.157837
1.157837
1.157837
1.157837
1.157837
1.157836
1.157836
1.157836
1.157836
1.157836
1.157836
1.157836
1.157835
1.157835
1.157835
1.157835
1.157835
1.157835
1.157834
1.157834
1.157834
1.157834
1.157834
1.157834
1.157834
1.157833
1.157833
1.157833
1.157396
1.15763
1.1579
1.15787
1.157842
1.157845
1.157847
1.157847
1.157847
1.157846
1.157846
1.157846
1.157846
1.157846
1.157846
1.157846
1.157845
1.157845
1.157845
1.157845
1.157845
1.157845
1.157845
1.157844
1.157844
1.157844
1.157844
1.157844
1.157844
1.157843
1.157843
1.157843
1.157843
1.157843
1.157843
1.157843
1.157842
1.157842
1.157842
1.157842
1.157842
1.157842
1.157842
1.157841
1.157841
1.157841
1.157841
1.157841
1.157841
1.157841
1.15784
1.15784
1.15784
1.15784
1.15784
1.15784
1.15784
1.157839
1.157839
1.157839
1.157839
1.157839
1.157839
1.157838
1.157838
1.157838
1.157838
1.157838
1.157838
1.157838
1.157837
1.157837
1.157837
1.157837
1.157837
1.157837
1.157837
1.157836
1.157836
1.157836
1.157836
1.157836
1.157836
1.157836
1.157835
1.157835
1.157835
1.157835
1.157835
1.157835
1.157834
1.157834
1.157834
1.157834
1.157834
1.157834
1.157834
1.157833
1.157833
1.157833
1.157396
1.15763
1.1579
1.15787
1.157842
1.157845
1.157847
1.157847
1.157847
1.157846
1.157846
1.157846
1.157846
1.157846
1.157846
1.157846
1.157845
1.157845
1.157845
1.157845
1.157845
1.157845
1.157845
1.157844
1.157844
1.157844
1.157844
1.157844
1.157844
1.157843
1.157843
1.157843
1.157843
1.157843
1.157843
1.157843
1.157842
1.157842
1.157842
1.157842
1.157842
1.157842
1.157842
1.157841
1.157841
1.157841
1.157841
1.157841
1.157841
1.157841
1.15784
1.15784
1.15784
1.15784
1.15784
1.15784
1.15784
1.157839
1.157839
1.157839
1.157839
1.157839
1.157839
1.157838
1.157838
1.157838
1.157838
1.157838
1.157838
1.157838
1.157837
1.157837
1.157837
1.157837
1.157837
1.157837
1.157837
1.157836
1.157836
1.157836
1.157836
1.157836
1.157836
1.157836
1.157835
1.157835
1.157835
1.157835
1.157835
1.157835
1.157834
1.157834
1.157834
1.157834
1.157834
1.157834
1.157834
1.157833
1.157833
1.157833
1.157396
1.15763
1.1579
1.15787
1.157842
1.157845
1.157847
1.157847
1.157847
1.157846
1.157846
1.157846
1.157846
1.157846
1.157846
1.157846
1.157845
1.157845
1.157845
1.157845
1.157845
1.157845
1.157845
1.157844
1.157844
1.157844
1.157844
1.157844
1.157844
1.157843
1.157843
1.157843
1.157843
1.157843
1.157843
1.157843
1.157842
1.157842
1.157842
1.157842
1.157842
1.157842
1.157842
1.157841
1.157841
1.157841
1.157841
1.157841
1.157841
1.157841
1.15784
1.15784
1.15784
1.15784
1.15784
1.15784
1.15784
1.157839
1.157839
1.157839
1.157839
1.157839
1.157839
1.157838
1.157838
1.157838
1.157838
1.157838
1.157838
1.157838
1.157837
1.157837
1.157837
1.157837
1.157837
1.157837
1.157837
1.157836
1.157836
1.157836
1.157836
1.157836
1.157836
1.157836
1.157835
1.157835
1.157835
1.157835
1.157835
1.157835
1.157834
1.157834
1.157834
1.157834
1.157834
1.157834
1.157834
1.157833
1.157833
1.157833
1.157396
1.15763
1.1579
1.157869
1.157842
1.157845
1.157847
1.157847
1.157847
1.157846
1.157846
1.157846
1.157846
1.157846
1.157846
1.157846
1.157845
1.157845
1.157845
1.157845
1.157845
1.157845
1.157845
1.157844
1.157844
1.157844
1.157844
1.157844
1.157844
1.157843
1.157843
1.157843
1.157843
1.157843
1.157843
1.157843
1.157842
1.157842
1.157842
1.157842
1.157842
1.157842
1.157842
1.157841
1.157841
1.157841
1.157841
1.157841
1.157841
1.157841
1.15784
1.15784
1.15784
1.15784
1.15784
1.15784
1.15784
1.157839
1.157839
1.157839
1.157839
1.157839
1.157839
1.157838
1.157838
1.157838
1.157838
1.157838
1.157838
1.157838
1.157837
1.157837
1.157837
1.157837
1.157837
1.157837
1.157837
1.157836
1.157836
1.157836
1.157836
1.157836
1.157836
1.157836
1.157835
1.157835
1.157835
1.157835
1.157835
1.157835
1.157834
1.157834
1.157834
1.157834
1.157834
1.157834
1.157834
1.157833
1.157833
1.157833
1.157396
1.15763
1.1579
1.157869
1.157842
1.157845
1.157847
1.157847
1.157846
1.157846
1.157846
1.157846
1.157846
1.157846
1.157846
1.157846
1.157845
1.157845
1.157845
1.157845
1.157845
1.157845
1.157845
1.157844
1.157844
1.157844
1.157844
1.157844
1.157844
1.157843
1.157843
1.157843
1.157843
1.157843
1.157843
1.157843
1.157842
1.157842
1.157842
1.157842
1.157842
1.157842
1.157842
1.157841
1.157841
1.157841
1.157841
1.157841
1.157841
1.157841
1.15784
1.15784
1.15784
1.15784
1.15784
1.15784
1.15784
1.157839
1.157839
1.157839
1.157839
1.157839
1.157839
1.157838
1.157838
1.157838
1.157838
1.157838
1.157838
1.157838
1.157837
1.157837
1.157837
1.157837
1.157837
1.157837
1.157837
1.157836
1.157836
1.157836
1.157836
1.157836
1.157836
1.157836
1.157835
1.157835
1.157835
1.157835
1.157835
1.157835
1.157834
1.157834
1.157834
1.157834
1.157834
1.157834
1.157834
1.157833
1.157833
1.157833
1.157396
1.15763
1.1579
1.157869
1.157842
1.157845
1.157847
1.157847
1.157846
1.157846
1.157846
1.157846
1.157846
1.157846
1.157846
1.157846
1.157845
1.157845
1.157845
1.157845
1.157845
1.157845
1.157844
1.157844
1.157844
1.157844
1.157844
1.157844
1.157844
1.157843
1.157843
1.157843
1.157843
1.157843
1.157843
1.157843
1.157842
1.157842
1.157842
1.157842
1.157842
1.157842
1.157842
1.157841
1.157841
1.157841
1.157841
1.157841
1.157841
1.157841
1.15784
1.15784
1.15784
1.15784
1.15784
1.15784
1.15784
1.157839
1.157839
1.157839
1.157839
1.157839
1.157839
1.157838
1.157838
1.157838
1.157838
1.157838
1.157838
1.157838
1.157837
1.157837
1.157837
1.157837
1.157837
1.157837
1.157837
1.157836
1.157836
1.157836
1.157836
1.157836
1.157836
1.157836
1.157835
1.157835
1.157835
1.157835
1.157835
1.157835
1.157835
1.157834
1.157834
1.157834
1.157834
1.157834
1.157834
1.157833
1.157833
1.157833
1.157396
1.15763
1.1579
1.157869
1.157842
1.157845
1.157847
1.157847
1.157846
1.157846
1.157846
1.157846
1.157846
1.157846
1.157846
1.157846
1.157845
1.157845
1.157845
1.157845
1.157845
1.157845
1.157844
1.157844
1.157844
1.157844
1.157844
1.157844
1.157844
1.157843
1.157843
1.157843
1.157843
1.157843
1.157843
1.157843
1.157842
1.157842
1.157842
1.157842
1.157842
1.157842
1.157842
1.157841
1.157841
1.157841
1.157841
1.157841
1.157841
1.157841
1.15784
1.15784
1.15784
1.15784
1.15784
1.15784
1.157839
1.157839
1.157839
1.157839
1.157839
1.157839
1.157839
1.157838
1.157838
1.157838
1.157838
1.157838
1.157838
1.157838
1.157837
1.157837
1.157837
1.157837
1.157837
1.157837
1.157837
1.157836
1.157836
1.157836
1.157836
1.157836
1.157836
1.157836
1.157835
1.157835
1.157835
1.157835
1.157835
1.157835
1.157835
1.157834
1.157834
1.157834
1.157834
1.157834
1.157834
1.157833
1.157833
1.157833
1.157395
1.15763
1.1579
1.157869
1.157842
1.157845
1.157847
1.157847
1.157846
1.157846
1.157846
1.157846
1.157846
1.157846
1.157846
1.157846
1.157845
1.157845
1.157845
1.157845
1.157845
1.157845
1.157844
1.157844
1.157844
1.157844
1.157844
1.157844
1.157844
1.157843
1.157843
1.157843
1.157843
1.157843
1.157843
1.157843
1.157842
1.157842
1.157842
1.157842
1.157842
1.157842
1.157842
1.157841
1.157841
1.157841
1.157841
1.157841
1.157841
1.157841
1.15784
1.15784
1.15784
1.15784
1.15784
1.15784
1.157839
1.157839
1.157839
1.157839
1.157839
1.157839
1.157839
1.157838
1.157838
1.157838
1.157838
1.157838
1.157838
1.157838
1.157837
1.157837
1.157837
1.157837
1.157837
1.157837
1.157837
1.157836
1.157836
1.157836
1.157836
1.157836
1.157836
1.157836
1.157835
1.157835
1.157835
1.157835
1.157835
1.157835
1.157835
1.157834
1.157834
1.157834
1.157834
1.157834
1.157834
1.157834
1.157833
1.157833
1.157395
1.15763
1.157899
1.157869
1.157842
1.157845
1.157847
1.157847
1.157846
1.157846
1.157846
1.157846
1.157846
1.157846
1.157846
1.157846
1.157845
1.157845
1.157845
1.157845
1.157845
1.157845
1.157844
1.157844
1.157844
1.157844
1.157844
1.157844
1.157844
1.157843
1.157843
1.157843
1.157843
1.157843
1.157843
1.157843
1.157842
1.157842
1.157842
1.157842
1.157842
1.157842
1.157842
1.157841
1.157841
1.157841
1.157841
1.157841
1.157841
1.157841
1.15784
1.15784
1.15784
1.15784
1.15784
1.15784
1.157839
1.157839
1.157839
1.157839
1.157839
1.157839
1.157839
1.157838
1.157838
1.157838
1.157838
1.157838
1.157838
1.157838
1.157837
1.157837
1.157837
1.157837
1.157837
1.157837
1.157837
1.157836
1.157836
1.157836
1.157836
1.157836
1.157836
1.157836
1.157835
1.157835
1.157835
1.157835
1.157835
1.157835
1.157835
1.157834
1.157834
1.157834
1.157834
1.157834
1.157834
1.157834
1.157833
1.157833
1.157395
1.15763
1.157899
1.157869
1.157842
1.157845
1.157847
1.157847
1.157846
1.157846
1.157846
1.157846
1.157846
1.157846
1.157846
1.157846
1.157845
1.157845
1.157845
1.157845
1.157845
1.157845
1.157844
1.157844
1.157844
1.157844
1.157844
1.157844
1.157844
1.157843
1.157843
1.157843
1.157843
1.157843
1.157843
1.157843
1.157842
1.157842
1.157842
1.157842
1.157842
1.157842
1.157842
1.157841
1.157841
1.157841
1.157841
1.157841
1.157841
1.157841
1.15784
1.15784
1.15784
1.15784
1.15784
1.15784
1.157839
1.157839
1.157839
1.157839
1.157839
1.157839
1.157839
1.157838
1.157838
1.157838
1.157838
1.157838
1.157838
1.157838
1.157837
1.157837
1.157837
1.157837
1.157837
1.157837
1.157837
1.157836
1.157836
1.157836
1.157836
1.157836
1.157836
1.157836
1.157835
1.157835
1.157835
1.157835
1.157835
1.157835
1.157835
1.157834
1.157834
1.157834
1.157834
1.157834
1.157834
1.157834
1.157833
1.157833
1.157395
1.15763
1.157899
1.157869
1.157842
1.157845
1.157847
1.157847
1.157846
1.157846
1.157846
1.157846
1.157846
1.157846
1.157846
1.157846
1.157845
1.157845
1.157845
1.157845
1.157845
1.157845
1.157844
1.157844
1.157844
1.157844
1.157844
1.157844
1.157844
1.157843
1.157843
1.157843
1.157843
1.157843
1.157843
1.157843
1.157842
1.157842
1.157842
1.157842
1.157842
1.157842
1.157842
1.157841
1.157841
1.157841
1.157841
1.157841
1.157841
1.157841
1.15784
1.15784
1.15784
1.15784
1.15784
1.15784
1.157839
1.157839
1.157839
1.157839
1.157839
1.157839
1.157839
1.157838
1.157838
1.157838
1.157838
1.157838
1.157838
1.157838
1.157837
1.157837
1.157837
1.157837
1.157837
1.157837
1.157837
1.157836
1.157836
1.157836
1.157836
1.157836
1.157836
1.157836
1.157835
1.157835
1.157835
1.157835
1.157835
1.157835
1.157835
1.157834
1.157834
1.157834
1.157834
1.157834
1.157834
1.157834
1.157833
1.157833
1.157395
1.15763
1.157899
1.157869
1.157842
1.157845
1.157847
1.157847
1.157846
1.157846
1.157846
1.157846
1.157846
1.157846
1.157846
1.157845
1.157845
1.157845
1.157845
1.157845
1.157845
1.157845
1.157844
1.157844
1.157844
1.157844
1.157844
1.157844
1.157844
1.157843
1.157843
1.157843
1.157843
1.157843
1.157843
1.157843
1.157842
1.157842
1.157842
1.157842
1.157842
1.157842
1.157842
1.157841
1.157841
1.157841
1.157841
1.157841
1.157841
1.157841
1.15784
1.15784
1.15784
1.15784
1.15784
1.15784
1.157839
1.157839
1.157839
1.157839
1.157839
1.157839
1.157839
1.157838
1.157838
1.157838
1.157838
1.157838
1.157838
1.157838
1.157837
1.157837
1.157837
1.157837
1.157837
1.157837
1.157837
1.157836
1.157836
1.157836
1.157836
1.157836
1.157836
1.157836
1.157835
1.157835
1.157835
1.157835
1.157835
1.157835
1.157835
1.157834
1.157834
1.157834
1.157834
1.157834
1.157834
1.157834
1.157833
1.157833
1.157395
1.15763
1.157899
1.157869
1.157842
1.157845
1.157847
1.157847
1.157846
1.157846
1.157846
1.157846
1.157846
1.157846
1.157846
1.157845
1.157845
1.157845
1.157845
1.157845
1.157845
1.157845
1.157844
1.157844
1.157844
1.157844
1.157844
1.157844
1.157844
1.157843
1.157843
1.157843
1.157843
1.157843
1.157843
1.157843
1.157842
1.157842
1.157842
1.157842
1.157842
1.157842
1.157842
1.157841
1.157841
1.157841
1.157841
1.157841
1.157841
1.157841
1.15784
1.15784
1.15784
1.15784
1.15784
1.15784
1.157839
1.157839
1.157839
1.157839
1.157839
1.157839
1.157839
1.157838
1.157838
1.157838
1.157838
1.157838
1.157838
1.157838
1.157837
1.157837
1.157837
1.157837
1.157837
1.157837
1.157837
1.157836
1.157836
1.157836
1.157836
1.157836
1.157836
1.157836
1.157835
1.157835
1.157835
1.157835
1.157835
1.157835
1.157835
1.157834
1.157834
1.157834
1.157834
1.157834
1.157834
1.157834
1.157833
1.157833
1.157395
1.15763
1.157899
1.157869
1.157841
1.157845
1.157847
1.157847
1.157846
1.157846
1.157846
1.157846
1.157846
1.157846
1.157846
1.157845
1.157845
1.157845
1.157845
1.157845
1.157845
1.157845
1.157844
1.157844
1.157844
1.157844
1.157844
1.157844
1.157844
1.157843
1.157843
1.157843
1.157843
1.157843
1.157843
1.157843
1.157842
1.157842
1.157842
1.157842
1.157842
1.157842
1.157842
1.157841
1.157841
1.157841
1.157841
1.157841
1.157841
1.157841
1.15784
1.15784
1.15784
1.15784
1.15784
1.15784
1.157839
1.157839
1.157839
1.157839
1.157839
1.157839
1.157839
1.157838
1.157838
1.157838
1.157838
1.157838
1.157838
1.157838
1.157837
1.157837
1.157837
1.157837
1.157837
1.157837
1.157837
1.157836
1.157836
1.157836
1.157836
1.157836
1.157836
1.157836
1.157835
1.157835
1.157835
1.157835
1.157835
1.157835
1.157835
1.157834
1.157834
1.157834
1.157834
1.157834
1.157834
1.157834
1.157833
1.157833
1.157395
1.15763
1.157899
1.157869
1.157841
1.157845
1.157847
1.157847
1.157846
1.157846
1.157846
1.157846
1.157846
1.157846
1.157846
1.157845
1.157845
1.157845
1.157845
1.157845
1.157845
1.157845
1.157844
1.157844
1.157844
1.157844
1.157844
1.157844
1.157844
1.157843
1.157843
1.157843
1.157843
1.157843
1.157843
1.157843
1.157842
1.157842
1.157842
1.157842
1.157842
1.157842
1.157842
1.157841
1.157841
1.157841
1.157841
1.157841
1.157841
1.157841
1.15784
1.15784
1.15784
1.15784
1.15784
1.15784
1.157839
1.157839
1.157839
1.157839
1.157839
1.157839
1.157839
1.157838
1.157838
1.157838
1.157838
1.157838
1.157838
1.157838
1.157837
1.157837
1.157837
1.157837
1.157837
1.157837
1.157837
1.157836
1.157836
1.157836
1.157836
1.157836
1.157836
1.157836
1.157835
1.157835
1.157835
1.157835
1.157835
1.157835
1.157835
1.157834
1.157834
1.157834
1.157834
1.157834
1.157834
1.157834
1.157833
1.157833
1.157395
1.15763
1.157899
1.157869
1.157841
1.157845
1.157847
1.157847
1.157846
1.157846
1.157846
1.157846
1.157846
1.157846
1.157846
1.157845
1.157845
1.157845
1.157845
1.157845
1.157845
1.157845
1.157844
1.157844
1.157844
1.157844
1.157844
1.157844
1.157844
1.157843
1.157843
1.157843
1.157843
1.157843
1.157843
1.157843
1.157842
1.157842
1.157842
1.157842
1.157842
1.157842
1.157842
1.157841
1.157841
1.157841
1.157841
1.157841
1.157841
1.157841
1.15784
1.15784
1.15784
1.15784
1.15784
1.15784
1.157839
1.157839
1.157839
1.157839
1.157839
1.157839
1.157839
1.157838
1.157838
1.157838
1.157838
1.157838
1.157838
1.157838
1.157837
1.157837
1.157837
1.157837
1.157837
1.157837
1.157837
1.157836
1.157836
1.157836
1.157836
1.157836
1.157836
1.157836
1.157835
1.157835
1.157835
1.157835
1.157835
1.157835
1.157835
1.157834
1.157834
1.157834
1.157834
1.157834
1.157834
1.157834
1.157833
1.157833
1.157395
1.15763
1.157899
1.157869
1.157841
1.157845
1.157847
1.157847
1.157846
1.157846
1.157846
1.157846
1.157846
1.157846
1.157846
1.157845
1.157845
1.157845
1.157845
1.157845
1.157845
1.157845
1.157844
1.157844
1.157844
1.157844
1.157844
1.157844
1.157844
1.157843
1.157843
1.157843
1.157843
1.157843
1.157843
1.157843
1.157842
1.157842
1.157842
1.157842
1.157842
1.157842
1.157842
1.157841
1.157841
1.157841
1.157841
1.157841
1.157841
1.157841
1.15784
1.15784
1.15784
1.15784
1.15784
1.15784
1.157839
1.157839
1.157839
1.157839
1.157839
1.157839
1.157839
1.157838
1.157838
1.157838
1.157838
1.157838
1.157838
1.157838
1.157837
1.157837
1.157837
1.157837
1.157837
1.157837
1.157837
1.157836
1.157836
1.157836
1.157836
1.157836
1.157836
1.157836
1.157835
1.157835
1.157835
1.157835
1.157835
1.157835
1.157835
1.157834
1.157834
1.157834
1.157834
1.157834
1.157834
1.157834
1.157833
1.157833
1.157395
1.15763
1.157899
1.157869
1.157841
1.157845
1.157847
1.157847
1.157846
1.157846
1.157846
1.157846
1.157846
1.157846
1.157846
1.157845
1.157845
1.157845
1.157845
1.157845
1.157845
1.157845
1.157844
1.157844
1.157844
1.157844
1.157844
1.157844
1.157844
1.157843
1.157843
1.157843
1.157843
1.157843
1.157843
1.157843
1.157842
1.157842
1.157842
1.157842
1.157842
1.157842
1.157842
1.157841
1.157841
1.157841
1.157841
1.157841
1.157841
1.157841
1.15784
1.15784
1.15784
1.15784
1.15784
1.15784
1.157839
1.157839
1.157839
1.157839
1.157839
1.157839
1.157839
1.157838
1.157838
1.157838
1.157838
1.157838
1.157838
1.157838
1.157837
1.157837
1.157837
1.157837
1.157837
1.157837
1.157837
1.157836
1.157836
1.157836
1.157836
1.157836
1.157836
1.157836
1.157835
1.157835
1.157835
1.157835
1.157835
1.157835
1.157835
1.157834
1.157834
1.157834
1.157834
1.157834
1.157834
1.157834
1.157833
1.157833
1.157395
1.15763
1.157899
1.157869
1.157841
1.157845
1.157847
1.157847
1.157846
1.157846
1.157846
1.157846
1.157846
1.157846
1.157846
1.157845
1.157845
1.157845
1.157845
1.157845
1.157845
1.157845
1.157844
1.157844
1.157844
1.157844
1.157844
1.157844
1.157844
1.157843
1.157843
1.157843
1.157843
1.157843
1.157843
1.157843
1.157842
1.157842
1.157842
1.157842
1.157842
1.157842
1.157842
1.157841
1.157841
1.157841
1.157841
1.157841
1.157841
1.157841
1.15784
1.15784
1.15784
1.15784
1.15784
1.15784
1.157839
1.157839
1.157839
1.157839
1.157839
1.157839
1.157839
1.157838
1.157838
1.157838
1.157838
1.157838
1.157838
1.157838
1.157837
1.157837
1.157837
1.157837
1.157837
1.157837
1.157837
1.157836
1.157836
1.157836
1.157836
1.157836
1.157836
1.157836
1.157835
1.157835
1.157835
1.157835
1.157835
1.157835
1.157835
1.157834
1.157834
1.157834
1.157834
1.157834
1.157834
1.157834
1.157833
1.157833
1.157395
1.15763
1.157899
1.157869
1.157841
1.157845
1.157847
1.157847
1.157846
1.157846
1.157846
1.157846
1.157846
1.157846
1.157846
1.157845
1.157845
1.157845
1.157845
1.157845
1.157845
1.157845
1.157844
1.157844
1.157844
1.157844
1.157844
1.157844
1.157844
1.157843
1.157843
1.157843
1.157843
1.157843
1.157843
1.157843
1.157842
1.157842
1.157842
1.157842
1.157842
1.157842
1.157842
1.157841
1.157841
1.157841
1.157841
1.157841
1.157841
1.157841
1.15784
1.15784
1.15784
1.15784
1.15784
1.15784
1.157839
1.157839
1.157839
1.157839
1.157839
1.157839
1.157839
1.157838
1.157838
1.157838
1.157838
1.157838
1.157838
1.157838
1.157837
1.157837
1.157837
1.157837
1.157837
1.157837
1.157837
1.157836
1.157836
1.157836
1.157836
1.157836
1.157836
1.157836
1.157835
1.157835
1.157835
1.157835
1.157835
1.157835
1.157835
1.157834
1.157834
1.157834
1.157834
1.157834
1.157834
1.157834
1.157833
1.157833
1.157395
1.15763
1.157899
1.157869
1.157841
1.157845
1.157847
1.157847
1.157846
1.157846
1.157846
1.157846
1.157846
1.157846
1.157846
1.157845
1.157845
1.157845
1.157845
1.157845
1.157845
1.157845
1.157844
1.157844
1.157844
1.157844
1.157844
1.157844
1.157844
1.157843
1.157843
1.157843
1.157843
1.157843
1.157843
1.157843
1.157842
1.157842
1.157842
1.157842
1.157842
1.157842
1.157842
1.157841
1.157841
1.157841
1.157841
1.157841
1.157841
1.157841
1.15784
1.15784
1.15784
1.15784
1.15784
1.15784
1.157839
1.157839
1.157839
1.157839
1.157839
1.157839
1.157839
1.157838
1.157838
1.157838
1.157838
1.157838
1.157838
1.157838
1.157837
1.157837
1.157837
1.157837
1.157837
1.157837
1.157837
1.157836
1.157836
1.157836
1.157836
1.157836
1.157836
1.157836
1.157835
1.157835
1.157835
1.157835
1.157835
1.157835
1.157835
1.157834
1.157834
1.157834
1.157834
1.157834
1.157834
1.157834
1.157833
1.157833
1.157395
1.15763
1.157899
1.157869
1.157841
1.157845
1.157847
1.157847
1.157846
1.157846
1.157846
1.157846
1.157846
1.157846
1.157846
1.157845
1.157845
1.157845
1.157845
1.157845
1.157845
1.157845
1.157844
1.157844
1.157844
1.157844
1.157844
1.157844
1.157844
1.157843
1.157843
1.157843
1.157843
1.157843
1.157843
1.157843
1.157842
1.157842
1.157842
1.157842
1.157842
1.157842
1.157842
1.157841
1.157841
1.157841
1.157841
1.157841
1.157841
1.157841
1.15784
1.15784
1.15784
1.15784
1.15784
1.15784
1.157839
1.157839
1.157839
1.157839
1.157839
1.157839
1.157839
1.157838
1.157838
1.157838
1.157838
1.157838
1.157838
1.157838
1.157837
1.157837
1.157837
1.157837
1.157837
1.157837
1.157837
1.157836
1.157836
1.157836
1.157836
1.157836
1.157836
1.157836
1.157835
1.157835
1.157835
1.157835
1.157835
1.157835
1.157835
1.157834
1.157834
1.157834
1.157834
1.157834
1.157834
1.157834
1.157833
1.157833
1.157395
1.15763
1.157899
1.157869
1.157841
1.157845
1.157847
1.157847
1.157846
1.157846
1.157846
1.157846
1.157846
1.157846
1.157846
1.157845
1.157845
1.157845
1.157845
1.157845
1.157845
1.157845
1.157844
1.157844
1.157844
1.157844
1.157844
1.157844
1.157844
1.157843
1.157843
1.157843
1.157843
1.157843
1.157843
1.157843
1.157842
1.157842
1.157842
1.157842
1.157842
1.157842
1.157842
1.157841
1.157841
1.157841
1.157841
1.157841
1.157841
1.157841
1.15784
1.15784
1.15784
1.15784
1.15784
1.15784
1.157839
1.157839
1.157839
1.157839
1.157839
1.157839
1.157839
1.157838
1.157838
1.157838
1.157838
1.157838
1.157838
1.157838
1.157837
1.157837
1.157837
1.157837
1.157837
1.157837
1.157837
1.157836
1.157836
1.157836
1.157836
1.157836
1.157836
1.157836
1.157835
1.157835
1.157835
1.157835
1.157835
1.157835
1.157835
1.157834
1.157834
1.157834
1.157834
1.157834
1.157834
1.157834
1.157833
1.157833
1.157395
1.15763
1.157899
1.157869
1.157841
1.157845
1.157847
1.157847
1.157846
1.157846
1.157846
1.157846
1.157846
1.157846
1.157846
1.157845
1.157845
1.157845
1.157845
1.157845
1.157845
1.157845
1.157844
1.157844
1.157844
1.157844
1.157844
1.157844
1.157844
1.157843
1.157843
1.157843
1.157843
1.157843
1.157843
1.157843
1.157842
1.157842
1.157842
1.157842
1.157842
1.157842
1.157842
1.157841
1.157841
1.157841
1.157841
1.157841
1.157841
1.157841
1.15784
1.15784
1.15784
1.15784
1.15784
1.15784
1.157839
1.157839
1.157839
1.157839
1.157839
1.157839
1.157839
1.157838
1.157838
1.157838
1.157838
1.157838
1.157838
1.157838
1.157837
1.157837
1.157837
1.157837
1.157837
1.157837
1.157837
1.157836
1.157836
1.157836
1.157836
1.157836
1.157836
1.157836
1.157835
1.157835
1.157835
1.157835
1.157835
1.157835
1.157835
1.157834
1.157834
1.157834
1.157834
1.157834
1.157834
1.157834
1.157833
1.157833
1.157395
1.15763
1.157899
1.157869
1.157841
1.157845
1.157847
1.157847
1.157846
1.157846
1.157846
1.157846
1.157846
1.157846
1.157846
1.157845
1.157845
1.157845
1.157845
1.157845
1.157845
1.157845
1.157844
1.157844
1.157844
1.157844
1.157844
1.157844
1.157844
1.157843
1.157843
1.157843
1.157843
1.157843
1.157843
1.157843
1.157842
1.157842
1.157842
1.157842
1.157842
1.157842
1.157842
1.157841
1.157841
1.157841
1.157841
1.157841
1.157841
1.157841
1.15784
1.15784
1.15784
1.15784
1.15784
1.15784
1.157839
1.157839
1.157839
1.157839
1.157839
1.157839
1.157839
1.157838
1.157838
1.157838
1.157838
1.157838
1.157838
1.157838
1.157837
1.157837
1.157837
1.157837
1.157837
1.157837
1.157837
1.157836
1.157836
1.157836
1.157836
1.157836
1.157836
1.157836
1.157835
1.157835
1.157835
1.157835
1.157835
1.157835
1.157835
1.157834
1.157834
1.157834
1.157834
1.157834
1.157834
1.157834
1.157833
1.157833
1.157395
1.15763
1.157899
1.157869
1.157841
1.157845
1.157847
1.157847
1.157846
1.157846
1.157846
1.157846
1.157846
1.157846
1.157846
1.157845
1.157845
1.157845
1.157845
1.157845
1.157845
1.157845
1.157844
1.157844
1.157844
1.157844
1.157844
1.157844
1.157844
1.157843
1.157843
1.157843
1.157843
1.157843
1.157843
1.157843
1.157842
1.157842
1.157842
1.157842
1.157842
1.157842
1.157842
1.157841
1.157841
1.157841
1.157841
1.157841
1.157841
1.157841
1.15784
1.15784
1.15784
1.15784
1.15784
1.15784
1.157839
1.157839
1.157839
1.157839
1.157839
1.157839
1.157839
1.157838
1.157838
1.157838
1.157838
1.157838
1.157838
1.157838
1.157837
1.157837
1.157837
1.157837
1.157837
1.157837
1.157837
1.157836
1.157836
1.157836
1.157836
1.157836
1.157836
1.157836
1.157835
1.157835
1.157835
1.157835
1.157835
1.157835
1.157835
1.157834
1.157834
1.157834
1.157834
1.157834
1.157834
1.157834
1.157833
1.157833
1.157395
1.15763
1.157899
1.157869
1.157841
1.157845
1.157847
1.157847
1.157846
1.157846
1.157846
1.157846
1.157846
1.157846
1.157846
1.157845
1.157845
1.157845
1.157845
1.157845
1.157845
1.157845
1.157844
1.157844
1.157844
1.157844
1.157844
1.157844
1.157844
1.157843
1.157843
1.157843
1.157843
1.157843
1.157843
1.157843
1.157842
1.157842
1.157842
1.157842
1.157842
1.157842
1.157842
1.157841
1.157841
1.157841
1.157841
1.157841
1.157841
1.157841
1.15784
1.15784
1.15784
1.15784
1.15784
1.15784
1.157839
1.157839
1.157839
1.157839
1.157839
1.157839
1.157839
1.157838
1.157838
1.157838
1.157838
1.157838
1.157838
1.157838
1.157837
1.157837
1.157837
1.157837
1.157837
1.157837
1.157837
1.157836
1.157836
1.157836
1.157836
1.157836
1.157836
1.157836
1.157835
1.157835
1.157835
1.157835
1.157835
1.157835
1.157835
1.157834
1.157834
1.157834
1.157834
1.157834
1.157834
1.157834
1.157833
1.157833
1.157395
1.15763
1.157899
1.157869
1.157841
1.157845
1.157847
1.157847
1.157846
1.157846
1.157846
1.157846
1.157846
1.157846
1.157846
1.157845
1.157845
1.157845
1.157845
1.157845
1.157845
1.157845
1.157844
1.157844
1.157844
1.157844
1.157844
1.157844
1.157844
1.157843
1.157843
1.157843
1.157843
1.157843
1.157843
1.157843
1.157842
1.157842
1.157842
1.157842
1.157842
1.157842
1.157842
1.157841
1.157841
1.157841
1.157841
1.157841
1.157841
1.157841
1.15784
1.15784
1.15784
1.15784
1.15784
1.15784
1.157839
1.157839
1.157839
1.157839
1.157839
1.157839
1.157839
1.157838
1.157838
1.157838
1.157838
1.157838
1.157838
1.157838
1.157837
1.157837
1.157837
1.157837
1.157837
1.157837
1.157837
1.157836
1.157836
1.157836
1.157836
1.157836
1.157836
1.157836
1.157835
1.157835
1.157835
1.157835
1.157835
1.157835
1.157835
1.157834
1.157834
1.157834
1.157834
1.157834
1.157834
1.157834
1.157833
1.157833
1.157395
1.15763
1.1579
1.157869
1.157842
1.157845
1.157847
1.157847
1.157846
1.157846
1.157846
1.157846
1.157846
1.157846
1.157846
1.157845
1.157845
1.157845
1.157845
1.157845
1.157845
1.157845
1.157844
1.157844
1.157844
1.157844
1.157844
1.157844
1.157844
1.157843
1.157843
1.157843
1.157843
1.157843
1.157843
1.157843
1.157842
1.157842
1.157842
1.157842
1.157842
1.157842
1.157842
1.157841
1.157841
1.157841
1.157841
1.157841
1.157841
1.157841
1.15784
1.15784
1.15784
1.15784
1.15784
1.15784
1.15784
1.157839
1.157839
1.157839
1.157839
1.157839
1.157839
1.157838
1.157838
1.157838
1.157838
1.157838
1.157838
1.157838
1.157837
1.157837
1.157837
1.157837
1.157837
1.157837
1.157837
1.157836
1.157836
1.157836
1.157836
1.157836
1.157836
1.157836
1.157835
1.157835
1.157835
1.157835
1.157835
1.157835
1.157835
1.157834
1.157834
1.157834
1.157834
1.157834
1.157834
1.157834
1.157833
1.157833
)
;

boundaryField
{
    topAir_top
    {
        type            symmetryPlane;
    }
    leftLet
    {
        type            calculated;
        value           uniform 1.158623;
    }
    rightLet
    {
        type            calculated;
        value           nonuniform List<scalar> 
40
(
1.152636
1.157666
1.157829
1.157833
1.157833
1.157833
1.157833
1.157833
1.157833
1.157833
1.157833
1.157833
1.157833
1.157833
1.157833
1.157833
1.157833
1.157833
1.157833
1.157833
1.157833
1.157833
1.157833
1.157833
1.157833
1.157833
1.157833
1.157833
1.157833
1.157833
1.157833
1.157833
1.157833
1.157833
1.157833
1.157833
1.157833
1.157833
1.157833
1.157833
)
;
    }
    frontAndBack
    {
        type            empty;
    }
    topAir_to_wall
    {
        type            calculated;
        value           nonuniform List<scalar> 
100
(
1.068913
1.069145
1.069366
1.069292
1.069223
1.069186
1.069147
1.069105
1.069063
1.069021
1.068979
1.068938
1.068896
1.068854
1.068812
1.06877
1.068728
1.068687
1.068645
1.068603
1.068561
1.068519
1.068477
1.068436
1.068394
1.068352
1.06831
1.068269
1.068227
1.068185
1.068143
1.068102
1.06806
1.068018
1.067976
1.067935
1.067893
1.067851
1.067809
1.067767
1.067726
1.067684
1.067642
1.0676
1.067559
1.067517
1.067475
1.067433
1.067391
1.06735
1.067308
1.067266
1.067224
1.067183
1.067141
1.067099
1.067057
1.067015
1.066973
1.066932
1.06689
1.066848
1.066806
1.066764
1.066723
1.066681
1.066639
1.066597
1.066555
1.066513
1.066472
1.06643
1.066388
1.066346
1.066304
1.066262
1.06622
1.066178
1.066137
1.066095
1.066053
1.066011
1.065969
1.065927
1.065885
1.065843
1.065801
1.06576
1.065718
1.065676
1.065634
1.065592
1.065551
1.06551
1.065469
1.065428
1.065388
1.065349
1.065313
1.065282
)
;
    }
}


// ************************************************************************* //
