/*--------------------------------*- C++ -*----------------------------------*\
| =========                 |                                                 |
| \\      /  F ield         | OpenFOAM: The Open Source CFD Toolbox           |
|  \\    /   O peration     | Version:  2.3.0                                 |
|   \\  /    A nd           | Web:      www.OpenFOAM.org                      |
|    \\/     M anipulation  |                                                 |
\*---------------------------------------------------------------------------*/
FoamFile
{
    version     2.0;
    format      ascii;
    class       volScalarField;
    location    "9900/topAir";
    object      rho;
}
// * * * * * * * * * * * * * * * * * * * * * * * * * * * * * * * * * * * * * //

dimensions      [1 -3 0 0 0 0 0];

internalField   nonuniform List<scalar> 
4000
(
1.157534
1.157742
1.15798
1.157953
1.157929
1.157931
1.157933
1.157933
1.157932
1.157932
1.157932
1.157931
1.157931
1.157931
1.15793
1.15793
1.15793
1.15793
1.157929
1.157929
1.157929
1.157928
1.157928
1.157928
1.157928
1.157927
1.157927
1.157927
1.157926
1.157926
1.157926
1.157926
1.157925
1.157925
1.157925
1.157924
1.157924
1.157924
1.157924
1.157923
1.157923
1.157923
1.157922
1.157922
1.157922
1.157922
1.157921
1.157921
1.157921
1.15792
1.15792
1.15792
1.15792
1.157919
1.157919
1.157919
1.157918
1.157918
1.157918
1.157918
1.157917
1.157917
1.157917
1.157916
1.157916
1.157916
1.157916
1.157915
1.157915
1.157915
1.157914
1.157914
1.157914
1.157914
1.157913
1.157913
1.157913
1.157912
1.157912
1.157912
1.157912
1.157911
1.157911
1.157911
1.15791
1.15791
1.15791
1.15791
1.157909
1.157909
1.157909
1.157908
1.157908
1.157908
1.157908
1.157907
1.157907
1.157907
1.157906
1.157906
1.157533
1.157742
1.157981
1.157954
1.157929
1.157932
1.157935
1.157934
1.157934
1.157934
1.157933
1.157933
1.157933
1.157933
1.157933
1.157933
1.157933
1.157932
1.157932
1.157932
1.157932
1.157932
1.157932
1.157932
1.157931
1.157931
1.157931
1.157931
1.157931
1.157931
1.157931
1.15793
1.15793
1.15793
1.15793
1.15793
1.15793
1.15793
1.157929
1.157929
1.157929
1.157929
1.157929
1.157929
1.157929
1.157928
1.157928
1.157928
1.157928
1.157928
1.157928
1.157928
1.157927
1.157927
1.157927
1.157927
1.157927
1.157927
1.157927
1.157926
1.157926
1.157926
1.157926
1.157926
1.157926
1.157926
1.157925
1.157925
1.157925
1.157925
1.157925
1.157925
1.157924
1.157924
1.157924
1.157924
1.157924
1.157924
1.157924
1.157923
1.157923
1.157923
1.157923
1.157923
1.157923
1.157923
1.157922
1.157922
1.157922
1.157922
1.157922
1.157922
1.157921
1.157921
1.157921
1.157921
1.157921
1.157921
1.15792
1.15792
1.157533
1.157742
1.157981
1.157954
1.157929
1.157932
1.157934
1.157934
1.157934
1.157933
1.157933
1.157933
1.157933
1.157933
1.157933
1.157933
1.157933
1.157932
1.157932
1.157932
1.157932
1.157932
1.157932
1.157932
1.157931
1.157931
1.157931
1.157931
1.157931
1.157931
1.157931
1.15793
1.15793
1.15793
1.15793
1.15793
1.15793
1.15793
1.157929
1.157929
1.157929
1.157929
1.157929
1.157929
1.157929
1.157928
1.157928
1.157928
1.157928
1.157928
1.157928
1.157928
1.157927
1.157927
1.157927
1.157927
1.157927
1.157927
1.157927
1.157927
1.157926
1.157926
1.157926
1.157926
1.157926
1.157926
1.157926
1.157925
1.157925
1.157925
1.157925
1.157925
1.157925
1.157925
1.157924
1.157924
1.157924
1.157924
1.157924
1.157924
1.157924
1.157923
1.157923
1.157923
1.157923
1.157923
1.157923
1.157923
1.157922
1.157922
1.157922
1.157922
1.157922
1.157922
1.157922
1.157921
1.157921
1.157921
1.157921
1.157921
1.157533
1.157742
1.157981
1.157954
1.157929
1.157932
1.157934
1.157934
1.157934
1.157933
1.157933
1.157933
1.157933
1.157933
1.157933
1.157933
1.157933
1.157932
1.157932
1.157932
1.157932
1.157932
1.157932
1.157932
1.157931
1.157931
1.157931
1.157931
1.157931
1.157931
1.157931
1.15793
1.15793
1.15793
1.15793
1.15793
1.15793
1.15793
1.157929
1.157929
1.157929
1.157929
1.157929
1.157929
1.157929
1.157928
1.157928
1.157928
1.157928
1.157928
1.157928
1.157928
1.157927
1.157927
1.157927
1.157927
1.157927
1.157927
1.157927
1.157927
1.157926
1.157926
1.157926
1.157926
1.157926
1.157926
1.157926
1.157925
1.157925
1.157925
1.157925
1.157925
1.157925
1.157925
1.157924
1.157924
1.157924
1.157924
1.157924
1.157924
1.157924
1.157923
1.157923
1.157923
1.157923
1.157923
1.157923
1.157923
1.157922
1.157922
1.157922
1.157922
1.157922
1.157922
1.157922
1.157921
1.157921
1.157921
1.157921
1.157921
1.157533
1.157742
1.157981
1.157954
1.157929
1.157932
1.157934
1.157934
1.157934
1.157933
1.157933
1.157933
1.157933
1.157933
1.157933
1.157933
1.157932
1.157932
1.157932
1.157932
1.157932
1.157932
1.157932
1.157932
1.157931
1.157931
1.157931
1.157931
1.157931
1.157931
1.157931
1.15793
1.15793
1.15793
1.15793
1.15793
1.15793
1.15793
1.157929
1.157929
1.157929
1.157929
1.157929
1.157929
1.157929
1.157928
1.157928
1.157928
1.157928
1.157928
1.157928
1.157928
1.157927
1.157927
1.157927
1.157927
1.157927
1.157927
1.157927
1.157927
1.157926
1.157926
1.157926
1.157926
1.157926
1.157926
1.157926
1.157925
1.157925
1.157925
1.157925
1.157925
1.157925
1.157925
1.157924
1.157924
1.157924
1.157924
1.157924
1.157924
1.157924
1.157923
1.157923
1.157923
1.157923
1.157923
1.157923
1.157923
1.157922
1.157922
1.157922
1.157922
1.157922
1.157922
1.157922
1.157921
1.157921
1.157921
1.157921
1.157921
1.157533
1.157742
1.157981
1.157954
1.157929
1.157932
1.157934
1.157934
1.157934
1.157933
1.157933
1.157933
1.157933
1.157933
1.157933
1.157933
1.157932
1.157932
1.157932
1.157932
1.157932
1.157932
1.157932
1.157932
1.157931
1.157931
1.157931
1.157931
1.157931
1.157931
1.157931
1.15793
1.15793
1.15793
1.15793
1.15793
1.15793
1.15793
1.157929
1.157929
1.157929
1.157929
1.157929
1.157929
1.157929
1.157928
1.157928
1.157928
1.157928
1.157928
1.157928
1.157928
1.157927
1.157927
1.157927
1.157927
1.157927
1.157927
1.157927
1.157927
1.157926
1.157926
1.157926
1.157926
1.157926
1.157926
1.157926
1.157925
1.157925
1.157925
1.157925
1.157925
1.157925
1.157925
1.157924
1.157924
1.157924
1.157924
1.157924
1.157924
1.157924
1.157923
1.157923
1.157923
1.157923
1.157923
1.157923
1.157923
1.157922
1.157922
1.157922
1.157922
1.157922
1.157922
1.157922
1.157921
1.157921
1.157921
1.157921
1.157921
1.157533
1.157742
1.157981
1.157954
1.157929
1.157932
1.157934
1.157934
1.157934
1.157933
1.157933
1.157933
1.157933
1.157933
1.157933
1.157933
1.157932
1.157932
1.157932
1.157932
1.157932
1.157932
1.157932
1.157931
1.157931
1.157931
1.157931
1.157931
1.157931
1.157931
1.157931
1.15793
1.15793
1.15793
1.15793
1.15793
1.15793
1.15793
1.157929
1.157929
1.157929
1.157929
1.157929
1.157929
1.157929
1.157928
1.157928
1.157928
1.157928
1.157928
1.157928
1.157928
1.157927
1.157927
1.157927
1.157927
1.157927
1.157927
1.157927
1.157926
1.157926
1.157926
1.157926
1.157926
1.157926
1.157926
1.157926
1.157925
1.157925
1.157925
1.157925
1.157925
1.157925
1.157925
1.157924
1.157924
1.157924
1.157924
1.157924
1.157924
1.157924
1.157923
1.157923
1.157923
1.157923
1.157923
1.157923
1.157923
1.157922
1.157922
1.157922
1.157922
1.157922
1.157922
1.157922
1.157921
1.157921
1.157921
1.157921
1.157921
1.157533
1.157742
1.157981
1.157954
1.157929
1.157932
1.157934
1.157934
1.157934
1.157933
1.157933
1.157933
1.157933
1.157933
1.157933
1.157933
1.157932
1.157932
1.157932
1.157932
1.157932
1.157932
1.157932
1.157931
1.157931
1.157931
1.157931
1.157931
1.157931
1.157931
1.157931
1.15793
1.15793
1.15793
1.15793
1.15793
1.15793
1.15793
1.157929
1.157929
1.157929
1.157929
1.157929
1.157929
1.157929
1.157928
1.157928
1.157928
1.157928
1.157928
1.157928
1.157928
1.157927
1.157927
1.157927
1.157927
1.157927
1.157927
1.157927
1.157926
1.157926
1.157926
1.157926
1.157926
1.157926
1.157926
1.157926
1.157925
1.157925
1.157925
1.157925
1.157925
1.157925
1.157925
1.157924
1.157924
1.157924
1.157924
1.157924
1.157924
1.157924
1.157923
1.157923
1.157923
1.157923
1.157923
1.157923
1.157923
1.157922
1.157922
1.157922
1.157922
1.157922
1.157922
1.157922
1.157921
1.157921
1.157921
1.157921
1.157921
1.157533
1.157742
1.157981
1.157954
1.157929
1.157932
1.157934
1.157934
1.157934
1.157933
1.157933
1.157933
1.157933
1.157933
1.157933
1.157933
1.157932
1.157932
1.157932
1.157932
1.157932
1.157932
1.157932
1.157931
1.157931
1.157931
1.157931
1.157931
1.157931
1.157931
1.157931
1.15793
1.15793
1.15793
1.15793
1.15793
1.15793
1.15793
1.157929
1.157929
1.157929
1.157929
1.157929
1.157929
1.157929
1.157928
1.157928
1.157928
1.157928
1.157928
1.157928
1.157928
1.157927
1.157927
1.157927
1.157927
1.157927
1.157927
1.157927
1.157926
1.157926
1.157926
1.157926
1.157926
1.157926
1.157926
1.157926
1.157925
1.157925
1.157925
1.157925
1.157925
1.157925
1.157925
1.157924
1.157924
1.157924
1.157924
1.157924
1.157924
1.157924
1.157923
1.157923
1.157923
1.157923
1.157923
1.157923
1.157923
1.157922
1.157922
1.157922
1.157922
1.157922
1.157922
1.157922
1.157921
1.157921
1.157921
1.157921
1.157921
1.157533
1.157742
1.157981
1.157954
1.157929
1.157932
1.157934
1.157934
1.157934
1.157933
1.157933
1.157933
1.157933
1.157933
1.157933
1.157933
1.157932
1.157932
1.157932
1.157932
1.157932
1.157932
1.157932
1.157931
1.157931
1.157931
1.157931
1.157931
1.157931
1.157931
1.157931
1.15793
1.15793
1.15793
1.15793
1.15793
1.15793
1.15793
1.157929
1.157929
1.157929
1.157929
1.157929
1.157929
1.157929
1.157928
1.157928
1.157928
1.157928
1.157928
1.157928
1.157928
1.157927
1.157927
1.157927
1.157927
1.157927
1.157927
1.157927
1.157926
1.157926
1.157926
1.157926
1.157926
1.157926
1.157926
1.157926
1.157925
1.157925
1.157925
1.157925
1.157925
1.157925
1.157925
1.157924
1.157924
1.157924
1.157924
1.157924
1.157924
1.157924
1.157923
1.157923
1.157923
1.157923
1.157923
1.157923
1.157923
1.157922
1.157922
1.157922
1.157922
1.157922
1.157922
1.157922
1.157921
1.157921
1.157921
1.157921
1.157921
1.157533
1.157742
1.157981
1.157954
1.157929
1.157932
1.157934
1.157934
1.157934
1.157933
1.157933
1.157933
1.157933
1.157933
1.157933
1.157933
1.157932
1.157932
1.157932
1.157932
1.157932
1.157932
1.157932
1.157931
1.157931
1.157931
1.157931
1.157931
1.157931
1.157931
1.157931
1.15793
1.15793
1.15793
1.15793
1.15793
1.15793
1.15793
1.157929
1.157929
1.157929
1.157929
1.157929
1.157929
1.157929
1.157928
1.157928
1.157928
1.157928
1.157928
1.157928
1.157928
1.157927
1.157927
1.157927
1.157927
1.157927
1.157927
1.157927
1.157926
1.157926
1.157926
1.157926
1.157926
1.157926
1.157926
1.157926
1.157925
1.157925
1.157925
1.157925
1.157925
1.157925
1.157925
1.157924
1.157924
1.157924
1.157924
1.157924
1.157924
1.157924
1.157923
1.157923
1.157923
1.157923
1.157923
1.157923
1.157923
1.157922
1.157922
1.157922
1.157922
1.157922
1.157922
1.157922
1.157921
1.157921
1.157921
1.157921
1.157921
1.157533
1.157742
1.157981
1.157954
1.157929
1.157932
1.157934
1.157934
1.157934
1.157933
1.157933
1.157933
1.157933
1.157933
1.157933
1.157933
1.157932
1.157932
1.157932
1.157932
1.157932
1.157932
1.157932
1.157931
1.157931
1.157931
1.157931
1.157931
1.157931
1.157931
1.15793
1.15793
1.15793
1.15793
1.15793
1.15793
1.15793
1.15793
1.157929
1.157929
1.157929
1.157929
1.157929
1.157929
1.157929
1.157928
1.157928
1.157928
1.157928
1.157928
1.157928
1.157928
1.157927
1.157927
1.157927
1.157927
1.157927
1.157927
1.157927
1.157926
1.157926
1.157926
1.157926
1.157926
1.157926
1.157926
1.157926
1.157925
1.157925
1.157925
1.157925
1.157925
1.157925
1.157925
1.157924
1.157924
1.157924
1.157924
1.157924
1.157924
1.157924
1.157923
1.157923
1.157923
1.157923
1.157923
1.157923
1.157923
1.157922
1.157922
1.157922
1.157922
1.157922
1.157922
1.157922
1.157921
1.157921
1.157921
1.157921
1.157921
1.157533
1.157742
1.157981
1.157954
1.157929
1.157932
1.157934
1.157934
1.157933
1.157933
1.157933
1.157933
1.157933
1.157933
1.157933
1.157933
1.157932
1.157932
1.157932
1.157932
1.157932
1.157932
1.157932
1.157931
1.157931
1.157931
1.157931
1.157931
1.157931
1.157931
1.15793
1.15793
1.15793
1.15793
1.15793
1.15793
1.15793
1.15793
1.157929
1.157929
1.157929
1.157929
1.157929
1.157929
1.157929
1.157928
1.157928
1.157928
1.157928
1.157928
1.157928
1.157928
1.157927
1.157927
1.157927
1.157927
1.157927
1.157927
1.157927
1.157926
1.157926
1.157926
1.157926
1.157926
1.157926
1.157926
1.157926
1.157925
1.157925
1.157925
1.157925
1.157925
1.157925
1.157925
1.157924
1.157924
1.157924
1.157924
1.157924
1.157924
1.157924
1.157923
1.157923
1.157923
1.157923
1.157923
1.157923
1.157923
1.157922
1.157922
1.157922
1.157922
1.157922
1.157922
1.157922
1.157921
1.157921
1.157921
1.157921
1.157921
1.157533
1.157742
1.157981
1.157954
1.157929
1.157932
1.157934
1.157934
1.157933
1.157933
1.157933
1.157933
1.157933
1.157933
1.157933
1.157933
1.157932
1.157932
1.157932
1.157932
1.157932
1.157932
1.157932
1.157931
1.157931
1.157931
1.157931
1.157931
1.157931
1.157931
1.15793
1.15793
1.15793
1.15793
1.15793
1.15793
1.15793
1.15793
1.157929
1.157929
1.157929
1.157929
1.157929
1.157929
1.157929
1.157928
1.157928
1.157928
1.157928
1.157928
1.157928
1.157928
1.157927
1.157927
1.157927
1.157927
1.157927
1.157927
1.157927
1.157926
1.157926
1.157926
1.157926
1.157926
1.157926
1.157926
1.157926
1.157925
1.157925
1.157925
1.157925
1.157925
1.157925
1.157925
1.157924
1.157924
1.157924
1.157924
1.157924
1.157924
1.157924
1.157923
1.157923
1.157923
1.157923
1.157923
1.157923
1.157923
1.157922
1.157922
1.157922
1.157922
1.157922
1.157922
1.157922
1.157921
1.157921
1.157921
1.157921
1.157921
1.157533
1.157742
1.157981
1.157954
1.157929
1.157932
1.157934
1.157934
1.157933
1.157933
1.157933
1.157933
1.157933
1.157933
1.157933
1.157933
1.157932
1.157932
1.157932
1.157932
1.157932
1.157932
1.157932
1.157931
1.157931
1.157931
1.157931
1.157931
1.157931
1.157931
1.15793
1.15793
1.15793
1.15793
1.15793
1.15793
1.15793
1.15793
1.157929
1.157929
1.157929
1.157929
1.157929
1.157929
1.157929
1.157928
1.157928
1.157928
1.157928
1.157928
1.157928
1.157928
1.157927
1.157927
1.157927
1.157927
1.157927
1.157927
1.157927
1.157926
1.157926
1.157926
1.157926
1.157926
1.157926
1.157926
1.157926
1.157925
1.157925
1.157925
1.157925
1.157925
1.157925
1.157925
1.157924
1.157924
1.157924
1.157924
1.157924
1.157924
1.157924
1.157923
1.157923
1.157923
1.157923
1.157923
1.157923
1.157923
1.157922
1.157922
1.157922
1.157922
1.157922
1.157922
1.157922
1.157921
1.157921
1.157921
1.157921
1.157921
1.157533
1.157742
1.157981
1.157954
1.157929
1.157932
1.157934
1.157934
1.157933
1.157933
1.157933
1.157933
1.157933
1.157933
1.157933
1.157933
1.157932
1.157932
1.157932
1.157932
1.157932
1.157932
1.157932
1.157931
1.157931
1.157931
1.157931
1.157931
1.157931
1.157931
1.15793
1.15793
1.15793
1.15793
1.15793
1.15793
1.15793
1.15793
1.157929
1.157929
1.157929
1.157929
1.157929
1.157929
1.157929
1.157928
1.157928
1.157928
1.157928
1.157928
1.157928
1.157928
1.157927
1.157927
1.157927
1.157927
1.157927
1.157927
1.157927
1.157926
1.157926
1.157926
1.157926
1.157926
1.157926
1.157926
1.157926
1.157925
1.157925
1.157925
1.157925
1.157925
1.157925
1.157925
1.157924
1.157924
1.157924
1.157924
1.157924
1.157924
1.157924
1.157923
1.157923
1.157923
1.157923
1.157923
1.157923
1.157923
1.157922
1.157922
1.157922
1.157922
1.157922
1.157922
1.157922
1.157921
1.157921
1.157921
1.157921
1.157921
1.157533
1.157742
1.157981
1.157954
1.157929
1.157932
1.157934
1.157934
1.157933
1.157933
1.157933
1.157933
1.157933
1.157933
1.157933
1.157933
1.157932
1.157932
1.157932
1.157932
1.157932
1.157932
1.157932
1.157931
1.157931
1.157931
1.157931
1.157931
1.157931
1.157931
1.15793
1.15793
1.15793
1.15793
1.15793
1.15793
1.15793
1.15793
1.157929
1.157929
1.157929
1.157929
1.157929
1.157929
1.157929
1.157928
1.157928
1.157928
1.157928
1.157928
1.157928
1.157928
1.157927
1.157927
1.157927
1.157927
1.157927
1.157927
1.157927
1.157926
1.157926
1.157926
1.157926
1.157926
1.157926
1.157926
1.157926
1.157925
1.157925
1.157925
1.157925
1.157925
1.157925
1.157925
1.157924
1.157924
1.157924
1.157924
1.157924
1.157924
1.157924
1.157923
1.157923
1.157923
1.157923
1.157923
1.157923
1.157923
1.157922
1.157922
1.157922
1.157922
1.157922
1.157922
1.157922
1.157922
1.157921
1.157921
1.157921
1.157921
1.157533
1.157742
1.157981
1.157954
1.157929
1.157932
1.157934
1.157934
1.157933
1.157933
1.157933
1.157933
1.157933
1.157933
1.157933
1.157933
1.157932
1.157932
1.157932
1.157932
1.157932
1.157932
1.157932
1.157931
1.157931
1.157931
1.157931
1.157931
1.157931
1.157931
1.15793
1.15793
1.15793
1.15793
1.15793
1.15793
1.15793
1.15793
1.157929
1.157929
1.157929
1.157929
1.157929
1.157929
1.157929
1.157928
1.157928
1.157928
1.157928
1.157928
1.157928
1.157928
1.157927
1.157927
1.157927
1.157927
1.157927
1.157927
1.157927
1.157926
1.157926
1.157926
1.157926
1.157926
1.157926
1.157926
1.157926
1.157925
1.157925
1.157925
1.157925
1.157925
1.157925
1.157925
1.157924
1.157924
1.157924
1.157924
1.157924
1.157924
1.157924
1.157923
1.157923
1.157923
1.157923
1.157923
1.157923
1.157923
1.157922
1.157922
1.157922
1.157922
1.157922
1.157922
1.157922
1.157922
1.157921
1.157921
1.157921
1.157921
1.157533
1.157742
1.157981
1.157954
1.157929
1.157932
1.157934
1.157934
1.157933
1.157933
1.157933
1.157933
1.157933
1.157933
1.157933
1.157933
1.157932
1.157932
1.157932
1.157932
1.157932
1.157932
1.157932
1.157931
1.157931
1.157931
1.157931
1.157931
1.157931
1.157931
1.15793
1.15793
1.15793
1.15793
1.15793
1.15793
1.15793
1.15793
1.157929
1.157929
1.157929
1.157929
1.157929
1.157929
1.157929
1.157928
1.157928
1.157928
1.157928
1.157928
1.157928
1.157928
1.157927
1.157927
1.157927
1.157927
1.157927
1.157927
1.157927
1.157926
1.157926
1.157926
1.157926
1.157926
1.157926
1.157926
1.157926
1.157925
1.157925
1.157925
1.157925
1.157925
1.157925
1.157925
1.157924
1.157924
1.157924
1.157924
1.157924
1.157924
1.157924
1.157923
1.157923
1.157923
1.157923
1.157923
1.157923
1.157923
1.157922
1.157922
1.157922
1.157922
1.157922
1.157922
1.157922
1.157922
1.157921
1.157921
1.157921
1.157921
1.157533
1.157742
1.157981
1.157954
1.157929
1.157932
1.157934
1.157934
1.157933
1.157933
1.157933
1.157933
1.157933
1.157933
1.157933
1.157933
1.157932
1.157932
1.157932
1.157932
1.157932
1.157932
1.157932
1.157931
1.157931
1.157931
1.157931
1.157931
1.157931
1.157931
1.15793
1.15793
1.15793
1.15793
1.15793
1.15793
1.15793
1.15793
1.157929
1.157929
1.157929
1.157929
1.157929
1.157929
1.157929
1.157928
1.157928
1.157928
1.157928
1.157928
1.157928
1.157928
1.157927
1.157927
1.157927
1.157927
1.157927
1.157927
1.157927
1.157926
1.157926
1.157926
1.157926
1.157926
1.157926
1.157926
1.157926
1.157925
1.157925
1.157925
1.157925
1.157925
1.157925
1.157925
1.157924
1.157924
1.157924
1.157924
1.157924
1.157924
1.157924
1.157923
1.157923
1.157923
1.157923
1.157923
1.157923
1.157923
1.157922
1.157922
1.157922
1.157922
1.157922
1.157922
1.157922
1.157922
1.157921
1.157921
1.157921
1.157921
1.157533
1.157742
1.157981
1.157954
1.157929
1.157932
1.157934
1.157934
1.157933
1.157933
1.157933
1.157933
1.157933
1.157933
1.157933
1.157933
1.157932
1.157932
1.157932
1.157932
1.157932
1.157932
1.157932
1.157931
1.157931
1.157931
1.157931
1.157931
1.157931
1.157931
1.15793
1.15793
1.15793
1.15793
1.15793
1.15793
1.15793
1.15793
1.157929
1.157929
1.157929
1.157929
1.157929
1.157929
1.157929
1.157928
1.157928
1.157928
1.157928
1.157928
1.157928
1.157928
1.157927
1.157927
1.157927
1.157927
1.157927
1.157927
1.157927
1.157926
1.157926
1.157926
1.157926
1.157926
1.157926
1.157926
1.157926
1.157925
1.157925
1.157925
1.157925
1.157925
1.157925
1.157925
1.157924
1.157924
1.157924
1.157924
1.157924
1.157924
1.157924
1.157923
1.157923
1.157923
1.157923
1.157923
1.157923
1.157923
1.157922
1.157922
1.157922
1.157922
1.157922
1.157922
1.157922
1.157922
1.157921
1.157921
1.157921
1.157921
1.157533
1.157741
1.157981
1.157954
1.157929
1.157932
1.157934
1.157934
1.157933
1.157933
1.157933
1.157933
1.157933
1.157933
1.157933
1.157933
1.157932
1.157932
1.157932
1.157932
1.157932
1.157932
1.157932
1.157931
1.157931
1.157931
1.157931
1.157931
1.157931
1.157931
1.15793
1.15793
1.15793
1.15793
1.15793
1.15793
1.15793
1.15793
1.157929
1.157929
1.157929
1.157929
1.157929
1.157929
1.157929
1.157928
1.157928
1.157928
1.157928
1.157928
1.157928
1.157928
1.157927
1.157927
1.157927
1.157927
1.157927
1.157927
1.157927
1.157926
1.157926
1.157926
1.157926
1.157926
1.157926
1.157926
1.157926
1.157925
1.157925
1.157925
1.157925
1.157925
1.157925
1.157925
1.157924
1.157924
1.157924
1.157924
1.157924
1.157924
1.157924
1.157923
1.157923
1.157923
1.157923
1.157923
1.157923
1.157923
1.157922
1.157922
1.157922
1.157922
1.157922
1.157922
1.157922
1.157922
1.157921
1.157921
1.157921
1.157921
1.157533
1.157741
1.157981
1.157954
1.157929
1.157932
1.157934
1.157934
1.157933
1.157933
1.157933
1.157933
1.157933
1.157933
1.157933
1.157933
1.157932
1.157932
1.157932
1.157932
1.157932
1.157932
1.157932
1.157931
1.157931
1.157931
1.157931
1.157931
1.157931
1.157931
1.15793
1.15793
1.15793
1.15793
1.15793
1.15793
1.15793
1.15793
1.157929
1.157929
1.157929
1.157929
1.157929
1.157929
1.157929
1.157928
1.157928
1.157928
1.157928
1.157928
1.157928
1.157928
1.157927
1.157927
1.157927
1.157927
1.157927
1.157927
1.157927
1.157926
1.157926
1.157926
1.157926
1.157926
1.157926
1.157926
1.157926
1.157925
1.157925
1.157925
1.157925
1.157925
1.157925
1.157925
1.157924
1.157924
1.157924
1.157924
1.157924
1.157924
1.157924
1.157923
1.157923
1.157923
1.157923
1.157923
1.157923
1.157923
1.157922
1.157922
1.157922
1.157922
1.157922
1.157922
1.157922
1.157922
1.157921
1.157921
1.157921
1.157921
1.157533
1.157741
1.157981
1.157954
1.157929
1.157932
1.157934
1.157934
1.157933
1.157933
1.157933
1.157933
1.157933
1.157933
1.157933
1.157933
1.157932
1.157932
1.157932
1.157932
1.157932
1.157932
1.157932
1.157931
1.157931
1.157931
1.157931
1.157931
1.157931
1.157931
1.15793
1.15793
1.15793
1.15793
1.15793
1.15793
1.15793
1.15793
1.157929
1.157929
1.157929
1.157929
1.157929
1.157929
1.157929
1.157928
1.157928
1.157928
1.157928
1.157928
1.157928
1.157928
1.157927
1.157927
1.157927
1.157927
1.157927
1.157927
1.157927
1.157926
1.157926
1.157926
1.157926
1.157926
1.157926
1.157926
1.157926
1.157925
1.157925
1.157925
1.157925
1.157925
1.157925
1.157925
1.157924
1.157924
1.157924
1.157924
1.157924
1.157924
1.157924
1.157923
1.157923
1.157923
1.157923
1.157923
1.157923
1.157923
1.157922
1.157922
1.157922
1.157922
1.157922
1.157922
1.157922
1.157922
1.157921
1.157921
1.157921
1.157921
1.157533
1.157741
1.157981
1.157954
1.157929
1.157932
1.157934
1.157934
1.157933
1.157933
1.157933
1.157933
1.157933
1.157933
1.157933
1.157933
1.157932
1.157932
1.157932
1.157932
1.157932
1.157932
1.157932
1.157931
1.157931
1.157931
1.157931
1.157931
1.157931
1.157931
1.15793
1.15793
1.15793
1.15793
1.15793
1.15793
1.15793
1.15793
1.157929
1.157929
1.157929
1.157929
1.157929
1.157929
1.157929
1.157928
1.157928
1.157928
1.157928
1.157928
1.157928
1.157928
1.157927
1.157927
1.157927
1.157927
1.157927
1.157927
1.157927
1.157926
1.157926
1.157926
1.157926
1.157926
1.157926
1.157926
1.157926
1.157925
1.157925
1.157925
1.157925
1.157925
1.157925
1.157925
1.157924
1.157924
1.157924
1.157924
1.157924
1.157924
1.157924
1.157923
1.157923
1.157923
1.157923
1.157923
1.157923
1.157923
1.157922
1.157922
1.157922
1.157922
1.157922
1.157922
1.157922
1.157922
1.157921
1.157921
1.157921
1.157921
1.157533
1.157741
1.157981
1.157954
1.157929
1.157932
1.157934
1.157934
1.157933
1.157933
1.157933
1.157933
1.157933
1.157933
1.157933
1.157933
1.157932
1.157932
1.157932
1.157932
1.157932
1.157932
1.157932
1.157931
1.157931
1.157931
1.157931
1.157931
1.157931
1.157931
1.15793
1.15793
1.15793
1.15793
1.15793
1.15793
1.15793
1.15793
1.157929
1.157929
1.157929
1.157929
1.157929
1.157929
1.157929
1.157928
1.157928
1.157928
1.157928
1.157928
1.157928
1.157928
1.157927
1.157927
1.157927
1.157927
1.157927
1.157927
1.157927
1.157926
1.157926
1.157926
1.157926
1.157926
1.157926
1.157926
1.157926
1.157925
1.157925
1.157925
1.157925
1.157925
1.157925
1.157925
1.157924
1.157924
1.157924
1.157924
1.157924
1.157924
1.157924
1.157923
1.157923
1.157923
1.157923
1.157923
1.157923
1.157923
1.157922
1.157922
1.157922
1.157922
1.157922
1.157922
1.157922
1.157922
1.157921
1.157921
1.157921
1.157921
1.157533
1.157741
1.157981
1.157954
1.157929
1.157932
1.157934
1.157934
1.157933
1.157933
1.157933
1.157933
1.157933
1.157933
1.157933
1.157933
1.157932
1.157932
1.157932
1.157932
1.157932
1.157932
1.157932
1.157931
1.157931
1.157931
1.157931
1.157931
1.157931
1.157931
1.15793
1.15793
1.15793
1.15793
1.15793
1.15793
1.15793
1.15793
1.157929
1.157929
1.157929
1.157929
1.157929
1.157929
1.157929
1.157928
1.157928
1.157928
1.157928
1.157928
1.157928
1.157928
1.157927
1.157927
1.157927
1.157927
1.157927
1.157927
1.157927
1.157926
1.157926
1.157926
1.157926
1.157926
1.157926
1.157926
1.157926
1.157925
1.157925
1.157925
1.157925
1.157925
1.157925
1.157925
1.157924
1.157924
1.157924
1.157924
1.157924
1.157924
1.157924
1.157923
1.157923
1.157923
1.157923
1.157923
1.157923
1.157923
1.157922
1.157922
1.157922
1.157922
1.157922
1.157922
1.157922
1.157922
1.157921
1.157921
1.157921
1.157921
1.157533
1.157741
1.157981
1.157954
1.157929
1.157932
1.157934
1.157934
1.157933
1.157933
1.157933
1.157933
1.157933
1.157933
1.157933
1.157933
1.157932
1.157932
1.157932
1.157932
1.157932
1.157932
1.157932
1.157931
1.157931
1.157931
1.157931
1.157931
1.157931
1.157931
1.15793
1.15793
1.15793
1.15793
1.15793
1.15793
1.15793
1.15793
1.157929
1.157929
1.157929
1.157929
1.157929
1.157929
1.157929
1.157928
1.157928
1.157928
1.157928
1.157928
1.157928
1.157928
1.157927
1.157927
1.157927
1.157927
1.157927
1.157927
1.157927
1.157926
1.157926
1.157926
1.157926
1.157926
1.157926
1.157926
1.157926
1.157925
1.157925
1.157925
1.157925
1.157925
1.157925
1.157925
1.157924
1.157924
1.157924
1.157924
1.157924
1.157924
1.157924
1.157923
1.157923
1.157923
1.157923
1.157923
1.157923
1.157923
1.157922
1.157922
1.157922
1.157922
1.157922
1.157922
1.157922
1.157922
1.157921
1.157921
1.157921
1.157921
1.157533
1.157741
1.157981
1.157954
1.157929
1.157932
1.157934
1.157934
1.157933
1.157933
1.157933
1.157933
1.157933
1.157933
1.157933
1.157933
1.157932
1.157932
1.157932
1.157932
1.157932
1.157932
1.157932
1.157931
1.157931
1.157931
1.157931
1.157931
1.157931
1.157931
1.15793
1.15793
1.15793
1.15793
1.15793
1.15793
1.15793
1.15793
1.157929
1.157929
1.157929
1.157929
1.157929
1.157929
1.157929
1.157928
1.157928
1.157928
1.157928
1.157928
1.157928
1.157928
1.157927
1.157927
1.157927
1.157927
1.157927
1.157927
1.157927
1.157926
1.157926
1.157926
1.157926
1.157926
1.157926
1.157926
1.157926
1.157925
1.157925
1.157925
1.157925
1.157925
1.157925
1.157925
1.157924
1.157924
1.157924
1.157924
1.157924
1.157924
1.157924
1.157923
1.157923
1.157923
1.157923
1.157923
1.157923
1.157923
1.157922
1.157922
1.157922
1.157922
1.157922
1.157922
1.157922
1.157922
1.157921
1.157921
1.157921
1.157921
1.157533
1.157741
1.157981
1.157954
1.157929
1.157932
1.157934
1.157934
1.157933
1.157933
1.157933
1.157933
1.157933
1.157933
1.157933
1.157933
1.157932
1.157932
1.157932
1.157932
1.157932
1.157932
1.157932
1.157931
1.157931
1.157931
1.157931
1.157931
1.157931
1.157931
1.15793
1.15793
1.15793
1.15793
1.15793
1.15793
1.15793
1.157929
1.157929
1.157929
1.157929
1.157929
1.157929
1.157929
1.157929
1.157928
1.157928
1.157928
1.157928
1.157928
1.157928
1.157928
1.157927
1.157927
1.157927
1.157927
1.157927
1.157927
1.157927
1.157926
1.157926
1.157926
1.157926
1.157926
1.157926
1.157926
1.157926
1.157925
1.157925
1.157925
1.157925
1.157925
1.157925
1.157925
1.157924
1.157924
1.157924
1.157924
1.157924
1.157924
1.157924
1.157923
1.157923
1.157923
1.157923
1.157923
1.157923
1.157923
1.157922
1.157922
1.157922
1.157922
1.157922
1.157922
1.157922
1.157922
1.157921
1.157921
1.157921
1.157921
1.157533
1.157741
1.157981
1.157954
1.157929
1.157932
1.157934
1.157934
1.157933
1.157933
1.157933
1.157933
1.157933
1.157933
1.157933
1.157933
1.157932
1.157932
1.157932
1.157932
1.157932
1.157932
1.157932
1.157931
1.157931
1.157931
1.157931
1.157931
1.157931
1.157931
1.15793
1.15793
1.15793
1.15793
1.15793
1.15793
1.15793
1.157929
1.157929
1.157929
1.157929
1.157929
1.157929
1.157929
1.157929
1.157928
1.157928
1.157928
1.157928
1.157928
1.157928
1.157928
1.157927
1.157927
1.157927
1.157927
1.157927
1.157927
1.157927
1.157926
1.157926
1.157926
1.157926
1.157926
1.157926
1.157926
1.157926
1.157925
1.157925
1.157925
1.157925
1.157925
1.157925
1.157925
1.157924
1.157924
1.157924
1.157924
1.157924
1.157924
1.157924
1.157923
1.157923
1.157923
1.157923
1.157923
1.157923
1.157923
1.157922
1.157922
1.157922
1.157922
1.157922
1.157922
1.157922
1.157922
1.157921
1.157921
1.157921
1.157921
1.157533
1.157741
1.157981
1.157954
1.157929
1.157932
1.157934
1.157934
1.157933
1.157933
1.157933
1.157933
1.157933
1.157933
1.157933
1.157933
1.157932
1.157932
1.157932
1.157932
1.157932
1.157932
1.157932
1.157931
1.157931
1.157931
1.157931
1.157931
1.157931
1.157931
1.15793
1.15793
1.15793
1.15793
1.15793
1.15793
1.15793
1.157929
1.157929
1.157929
1.157929
1.157929
1.157929
1.157929
1.157929
1.157928
1.157928
1.157928
1.157928
1.157928
1.157928
1.157928
1.157927
1.157927
1.157927
1.157927
1.157927
1.157927
1.157927
1.157926
1.157926
1.157926
1.157926
1.157926
1.157926
1.157926
1.157926
1.157925
1.157925
1.157925
1.157925
1.157925
1.157925
1.157925
1.157924
1.157924
1.157924
1.157924
1.157924
1.157924
1.157924
1.157923
1.157923
1.157923
1.157923
1.157923
1.157923
1.157923
1.157922
1.157922
1.157922
1.157922
1.157922
1.157922
1.157922
1.157922
1.157921
1.157921
1.157921
1.157921
1.157533
1.157741
1.157981
1.157954
1.157929
1.157932
1.157934
1.157934
1.157933
1.157933
1.157933
1.157933
1.157933
1.157933
1.157933
1.157933
1.157932
1.157932
1.157932
1.157932
1.157932
1.157932
1.157932
1.157931
1.157931
1.157931
1.157931
1.157931
1.157931
1.157931
1.15793
1.15793
1.15793
1.15793
1.15793
1.15793
1.15793
1.157929
1.157929
1.157929
1.157929
1.157929
1.157929
1.157929
1.157929
1.157928
1.157928
1.157928
1.157928
1.157928
1.157928
1.157928
1.157927
1.157927
1.157927
1.157927
1.157927
1.157927
1.157927
1.157926
1.157926
1.157926
1.157926
1.157926
1.157926
1.157926
1.157926
1.157925
1.157925
1.157925
1.157925
1.157925
1.157925
1.157925
1.157924
1.157924
1.157924
1.157924
1.157924
1.157924
1.157924
1.157923
1.157923
1.157923
1.157923
1.157923
1.157923
1.157923
1.157922
1.157922
1.157922
1.157922
1.157922
1.157922
1.157922
1.157922
1.157921
1.157921
1.157921
1.157921
1.157533
1.157741
1.157981
1.157954
1.157929
1.157932
1.157934
1.157934
1.157933
1.157933
1.157933
1.157933
1.157933
1.157933
1.157933
1.157933
1.157932
1.157932
1.157932
1.157932
1.157932
1.157932
1.157932
1.157931
1.157931
1.157931
1.157931
1.157931
1.157931
1.157931
1.15793
1.15793
1.15793
1.15793
1.15793
1.15793
1.15793
1.157929
1.157929
1.157929
1.157929
1.157929
1.157929
1.157929
1.157929
1.157928
1.157928
1.157928
1.157928
1.157928
1.157928
1.157928
1.157927
1.157927
1.157927
1.157927
1.157927
1.157927
1.157927
1.157926
1.157926
1.157926
1.157926
1.157926
1.157926
1.157926
1.157926
1.157925
1.157925
1.157925
1.157925
1.157925
1.157925
1.157925
1.157924
1.157924
1.157924
1.157924
1.157924
1.157924
1.157924
1.157923
1.157923
1.157923
1.157923
1.157923
1.157923
1.157923
1.157922
1.157922
1.157922
1.157922
1.157922
1.157922
1.157922
1.157922
1.157921
1.157921
1.157921
1.157921
1.157533
1.157741
1.157981
1.157954
1.157929
1.157932
1.157934
1.157934
1.157933
1.157933
1.157933
1.157933
1.157933
1.157933
1.157933
1.157933
1.157932
1.157932
1.157932
1.157932
1.157932
1.157932
1.157932
1.157931
1.157931
1.157931
1.157931
1.157931
1.157931
1.157931
1.15793
1.15793
1.15793
1.15793
1.15793
1.15793
1.15793
1.157929
1.157929
1.157929
1.157929
1.157929
1.157929
1.157929
1.157929
1.157928
1.157928
1.157928
1.157928
1.157928
1.157928
1.157928
1.157927
1.157927
1.157927
1.157927
1.157927
1.157927
1.157927
1.157926
1.157926
1.157926
1.157926
1.157926
1.157926
1.157926
1.157926
1.157925
1.157925
1.157925
1.157925
1.157925
1.157925
1.157925
1.157924
1.157924
1.157924
1.157924
1.157924
1.157924
1.157924
1.157923
1.157923
1.157923
1.157923
1.157923
1.157923
1.157923
1.157922
1.157922
1.157922
1.157922
1.157922
1.157922
1.157922
1.157922
1.157921
1.157921
1.157921
1.157921
1.157533
1.157741
1.157981
1.157954
1.157929
1.157932
1.157934
1.157934
1.157933
1.157933
1.157933
1.157933
1.157933
1.157933
1.157933
1.157933
1.157932
1.157932
1.157932
1.157932
1.157932
1.157932
1.157932
1.157931
1.157931
1.157931
1.157931
1.157931
1.157931
1.157931
1.15793
1.15793
1.15793
1.15793
1.15793
1.15793
1.15793
1.157929
1.157929
1.157929
1.157929
1.157929
1.157929
1.157929
1.157929
1.157928
1.157928
1.157928
1.157928
1.157928
1.157928
1.157928
1.157927
1.157927
1.157927
1.157927
1.157927
1.157927
1.157927
1.157926
1.157926
1.157926
1.157926
1.157926
1.157926
1.157926
1.157926
1.157925
1.157925
1.157925
1.157925
1.157925
1.157925
1.157925
1.157924
1.157924
1.157924
1.157924
1.157924
1.157924
1.157924
1.157923
1.157923
1.157923
1.157923
1.157923
1.157923
1.157923
1.157922
1.157922
1.157922
1.157922
1.157922
1.157922
1.157922
1.157922
1.157921
1.157921
1.157921
1.157921
1.157533
1.157741
1.157981
1.157954
1.157929
1.157932
1.157934
1.157934
1.157933
1.157933
1.157933
1.157933
1.157933
1.157933
1.157933
1.157933
1.157932
1.157932
1.157932
1.157932
1.157932
1.157932
1.157932
1.157931
1.157931
1.157931
1.157931
1.157931
1.157931
1.157931
1.15793
1.15793
1.15793
1.15793
1.15793
1.15793
1.15793
1.157929
1.157929
1.157929
1.157929
1.157929
1.157929
1.157929
1.157929
1.157928
1.157928
1.157928
1.157928
1.157928
1.157928
1.157928
1.157927
1.157927
1.157927
1.157927
1.157927
1.157927
1.157927
1.157926
1.157926
1.157926
1.157926
1.157926
1.157926
1.157926
1.157925
1.157925
1.157925
1.157925
1.157925
1.157925
1.157925
1.157925
1.157924
1.157924
1.157924
1.157924
1.157924
1.157924
1.157924
1.157923
1.157923
1.157923
1.157923
1.157923
1.157923
1.157923
1.157922
1.157922
1.157922
1.157922
1.157922
1.157922
1.157922
1.157922
1.157921
1.157921
1.157921
1.157921
1.157533
1.157741
1.157981
1.157954
1.157929
1.157932
1.157934
1.157934
1.157933
1.157933
1.157933
1.157933
1.157933
1.157933
1.157933
1.157932
1.157932
1.157932
1.157932
1.157932
1.157932
1.157932
1.157932
1.157931
1.157931
1.157931
1.157931
1.157931
1.157931
1.157931
1.15793
1.15793
1.15793
1.15793
1.15793
1.15793
1.15793
1.157929
1.157929
1.157929
1.157929
1.157929
1.157929
1.157929
1.157929
1.157928
1.157928
1.157928
1.157928
1.157928
1.157928
1.157928
1.157927
1.157927
1.157927
1.157927
1.157927
1.157927
1.157927
1.157926
1.157926
1.157926
1.157926
1.157926
1.157926
1.157926
1.157925
1.157925
1.157925
1.157925
1.157925
1.157925
1.157925
1.157925
1.157924
1.157924
1.157924
1.157924
1.157924
1.157924
1.157924
1.157923
1.157923
1.157923
1.157923
1.157923
1.157923
1.157923
1.157922
1.157922
1.157922
1.157922
1.157922
1.157922
1.157922
1.157922
1.157921
1.157921
1.157921
1.157921
1.157533
1.157741
1.157981
1.157954
1.157929
1.157932
1.157934
1.157934
1.157933
1.157933
1.157933
1.157933
1.157933
1.157933
1.157933
1.157932
1.157932
1.157932
1.157932
1.157932
1.157932
1.157932
1.157932
1.157931
1.157931
1.157931
1.157931
1.157931
1.157931
1.157931
1.15793
1.15793
1.15793
1.15793
1.15793
1.15793
1.15793
1.157929
1.157929
1.157929
1.157929
1.157929
1.157929
1.157929
1.157929
1.157928
1.157928
1.157928
1.157928
1.157928
1.157928
1.157928
1.157927
1.157927
1.157927
1.157927
1.157927
1.157927
1.157927
1.157926
1.157926
1.157926
1.157926
1.157926
1.157926
1.157926
1.157925
1.157925
1.157925
1.157925
1.157925
1.157925
1.157925
1.157925
1.157924
1.157924
1.157924
1.157924
1.157924
1.157924
1.157924
1.157923
1.157923
1.157923
1.157923
1.157923
1.157923
1.157923
1.157922
1.157922
1.157922
1.157922
1.157922
1.157922
1.157922
1.157922
1.157921
1.157921
1.157921
1.157921
1.157533
1.157742
1.157981
1.157954
1.157929
1.157932
1.157934
1.157934
1.157933
1.157933
1.157933
1.157933
1.157933
1.157933
1.157933
1.157933
1.157932
1.157932
1.157932
1.157932
1.157932
1.157932
1.157932
1.157931
1.157931
1.157931
1.157931
1.157931
1.157931
1.157931
1.15793
1.15793
1.15793
1.15793
1.15793
1.15793
1.15793
1.15793
1.157929
1.157929
1.157929
1.157929
1.157929
1.157929
1.157929
1.157928
1.157928
1.157928
1.157928
1.157928
1.157928
1.157928
1.157927
1.157927
1.157927
1.157927
1.157927
1.157927
1.157927
1.157926
1.157926
1.157926
1.157926
1.157926
1.157926
1.157926
1.157926
1.157925
1.157925
1.157925
1.157925
1.157925
1.157925
1.157925
1.157924
1.157924
1.157924
1.157924
1.157924
1.157924
1.157924
1.157923
1.157923
1.157923
1.157923
1.157923
1.157923
1.157923
1.157923
1.157922
1.157922
1.157922
1.157922
1.157922
1.157922
1.157922
1.157921
1.157921
1.157921
1.157921
)
;

boundaryField
{
    topAir_top
    {
        type            symmetryPlane;
    }
    leftLet
    {
        type            calculated;
        value           uniform 1.158623;
    }
    rightLet
    {
        type            calculated;
        value           nonuniform List<scalar> 
40
(
1.157906
1.15792
1.157921
1.157921
1.157921
1.157921
1.157921
1.157921
1.157921
1.157921
1.157921
1.157921
1.157921
1.157921
1.157921
1.157921
1.157921
1.157921
1.157921
1.157921
1.157921
1.157921
1.157921
1.157921
1.157921
1.157921
1.157921
1.157921
1.157921
1.157921
1.157921
1.157921
1.157921
1.157921
1.157921
1.157921
1.157921
1.157921
1.157921
1.157921
)
;
    }
    frontAndBack
    {
        type            empty;
    }
    topAir_to_wall
    {
        type            calculated;
        value           nonuniform List<scalar> 
100
(
1.157432
1.15764
1.157879
1.157852
1.157827
1.15783
1.157832
1.157831
1.157831
1.157831
1.15783
1.15783
1.15783
1.157829
1.157829
1.157829
1.157829
1.157828
1.157828
1.157828
1.157827
1.157827
1.157827
1.157827
1.157826
1.157826
1.157826
1.157825
1.157825
1.157825
1.157825
1.157824
1.157824
1.157824
1.157823
1.157823
1.157823
1.157823
1.157822
1.157822
1.157822
1.157821
1.157821
1.157821
1.157821
1.15782
1.15782
1.15782
1.157819
1.157819
1.157819
1.157819
1.157818
1.157818
1.157818
1.157817
1.157817
1.157817
1.157817
1.157816
1.157816
1.157816
1.157815
1.157815
1.157815
1.157815
1.157814
1.157814
1.157814
1.157813
1.157813
1.157813
1.157813
1.157812
1.157812
1.157812
1.157811
1.157811
1.157811
1.157811
1.15781
1.15781
1.15781
1.157809
1.157809
1.157809
1.157809
1.157808
1.157808
1.157808
1.157807
1.157807
1.157807
1.157807
1.157806
1.157806
1.157806
1.157805
1.157805
1.157805
)
;
    }
}


// ************************************************************************* //
