/*--------------------------------*- C++ -*----------------------------------*\
| =========                 |                                                 |
| \\      /  F ield         | OpenFOAM: The Open Source CFD Toolbox           |
|  \\    /   O peration     | Version:  2.3.0                                 |
|   \\  /    A nd           | Web:      www.OpenFOAM.org                      |
|    \\/     M anipulation  |                                                 |
\*---------------------------------------------------------------------------*/
FoamFile
{
    version     2.0;
    format      ascii;
    class       volScalarField;
    location    "9900/topAir";
    object      T;
}
// * * * * * * * * * * * * * * * * * * * * * * * * * * * * * * * * * * * * * //

dimensions      [0 0 0 1 0 0 0];

internalField   nonuniform List<scalar> 
4000
(
299.9356
299.964
299.9731
299.9708
299.97
299.9703
299.9704
299.9704
299.9704
299.9705
299.9705
299.9706
299.9706
299.9706
299.9707
299.9707
299.9708
299.9708
299.9708
299.9709
299.9709
299.971
299.971
299.971
299.9711
299.9711
299.9712
299.9712
299.9712
299.9713
299.9713
299.9714
299.9714
299.9714
299.9715
299.9715
299.9716
299.9716
299.9716
299.9717
299.9717
299.9717
299.9718
299.9718
299.9719
299.9719
299.9719
299.972
299.972
299.9721
299.9721
299.9721
299.9722
299.9722
299.9723
299.9723
299.9723
299.9724
299.9724
299.9724
299.9725
299.9725
299.9726
299.9726
299.9726
299.9727
299.9727
299.9728
299.9728
299.9728
299.9729
299.9729
299.973
299.973
299.973
299.9731
299.9731
299.9731
299.9732
299.9732
299.9733
299.9733
299.9733
299.9734
299.9734
299.9734
299.9735
299.9735
299.9736
299.9736
299.9736
299.9737
299.9737
299.9737
299.9738
299.9738
299.9738
299.9739
299.9739
299.9739
299.9355
299.9638
299.973
299.9707
299.9698
299.97
299.9701
299.9701
299.9701
299.9701
299.9701
299.9701
299.9701
299.9701
299.9701
299.9701
299.9701
299.9701
299.9701
299.9701
299.9701
299.9701
299.9701
299.9701
299.9701
299.9701
299.9701
299.9701
299.9701
299.9701
299.9701
299.9701
299.9701
299.9701
299.9701
299.9701
299.9701
299.9701
299.9701
299.9701
299.9701
299.9701
299.9701
299.9701
299.9701
299.9701
299.9701
299.9701
299.9701
299.9701
299.9701
299.9701
299.9701
299.9702
299.9702
299.9702
299.9702
299.9702
299.9702
299.9702
299.9702
299.9702
299.9702
299.9702
299.9702
299.9702
299.9702
299.9702
299.9702
299.9702
299.9702
299.9702
299.9702
299.9702
299.9702
299.9702
299.9702
299.9702
299.9702
299.9702
299.9702
299.9702
299.9702
299.9702
299.9702
299.9702
299.9703
299.9703
299.9703
299.9703
299.9703
299.9703
299.9703
299.9703
299.9703
299.9703
299.9703
299.9703
299.9703
299.9703
299.9355
299.9639
299.973
299.9707
299.9698
299.97
299.9701
299.9701
299.9701
299.9701
299.9701
299.9701
299.9701
299.9701
299.9701
299.9701
299.9701
299.9701
299.9701
299.9701
299.9701
299.9701
299.9701
299.9701
299.9701
299.9701
299.9701
299.9701
299.9701
299.9701
299.9701
299.9701
299.9701
299.9701
299.9701
299.9701
299.9701
299.9701
299.9701
299.9701
299.9701
299.9701
299.9701
299.9701
299.9701
299.9701
299.9701
299.9701
299.9701
299.9701
299.9701
299.9701
299.9701
299.9701
299.9701
299.9701
299.9701
299.9701
299.9701
299.9701
299.9701
299.9701
299.9701
299.9701
299.9701
299.9701
299.9701
299.9701
299.9701
299.9701
299.9701
299.9701
299.9701
299.9701
299.9701
299.9702
299.9702
299.9702
299.9702
299.9702
299.9702
299.9702
299.9702
299.9702
299.9702
299.9702
299.9702
299.9702
299.9702
299.9702
299.9702
299.9702
299.9702
299.9702
299.9702
299.9702
299.9702
299.9702
299.9702
299.9702
299.9355
299.9639
299.973
299.9707
299.9698
299.97
299.9701
299.9701
299.9701
299.9701
299.9701
299.9701
299.9701
299.9701
299.9701
299.9701
299.9701
299.9701
299.9701
299.9701
299.9701
299.9701
299.9701
299.9701
299.9701
299.9701
299.9701
299.9701
299.9701
299.9701
299.9701
299.9701
299.9701
299.9701
299.9701
299.9701
299.9701
299.9701
299.9701
299.9701
299.9701
299.9701
299.9701
299.9701
299.9701
299.9701
299.9701
299.9701
299.9701
299.9701
299.9701
299.9701
299.9701
299.9701
299.9701
299.9701
299.9701
299.9701
299.9701
299.9701
299.9701
299.9701
299.9701
299.9701
299.9701
299.9701
299.9701
299.9701
299.9701
299.9701
299.9701
299.9701
299.9701
299.9701
299.9701
299.9702
299.9702
299.9702
299.9702
299.9702
299.9702
299.9702
299.9702
299.9702
299.9702
299.9702
299.9702
299.9702
299.9702
299.9702
299.9702
299.9702
299.9702
299.9702
299.9702
299.9702
299.9702
299.9702
299.9702
299.9702
299.9355
299.9639
299.973
299.9707
299.9698
299.97
299.9701
299.9701
299.9701
299.9701
299.9701
299.9701
299.9701
299.9701
299.9701
299.9701
299.9701
299.9701
299.9701
299.9701
299.9701
299.9701
299.9701
299.9701
299.9701
299.9701
299.9701
299.9701
299.9701
299.9701
299.9701
299.9701
299.9701
299.9701
299.9701
299.9701
299.9701
299.9701
299.9701
299.9701
299.9701
299.9701
299.9701
299.9701
299.9701
299.9701
299.9701
299.9701
299.9701
299.9701
299.9701
299.9701
299.9701
299.9701
299.9701
299.9701
299.9701
299.9701
299.9701
299.9701
299.9701
299.9701
299.9701
299.9701
299.9701
299.9701
299.9701
299.9701
299.9701
299.9701
299.9701
299.9701
299.9702
299.9702
299.9702
299.9702
299.9702
299.9702
299.9702
299.9702
299.9702
299.9702
299.9702
299.9702
299.9702
299.9702
299.9702
299.9702
299.9702
299.9702
299.9702
299.9702
299.9702
299.9702
299.9702
299.9702
299.9702
299.9702
299.9702
299.9702
299.9355
299.9639
299.973
299.9707
299.9698
299.97
299.9701
299.9701
299.9701
299.9701
299.9701
299.9701
299.9701
299.9701
299.9701
299.9701
299.9701
299.9701
299.9701
299.9701
299.9701
299.9701
299.9701
299.9701
299.9701
299.9701
299.9701
299.9701
299.9701
299.9701
299.9701
299.9701
299.9701
299.9701
299.9701
299.9701
299.9701
299.9701
299.9701
299.9701
299.9701
299.9701
299.9701
299.9701
299.9701
299.9701
299.9701
299.9701
299.9701
299.9701
299.9701
299.9701
299.9701
299.9701
299.9701
299.9701
299.9701
299.9701
299.9701
299.9701
299.9701
299.9701
299.9701
299.9701
299.9701
299.9701
299.9701
299.9701
299.9701
299.9701
299.9701
299.9702
299.9702
299.9702
299.9702
299.9702
299.9702
299.9702
299.9702
299.9702
299.9702
299.9702
299.9702
299.9702
299.9702
299.9702
299.9702
299.9702
299.9702
299.9702
299.9702
299.9702
299.9702
299.9702
299.9702
299.9702
299.9702
299.9702
299.9702
299.9702
299.9355
299.9639
299.973
299.9707
299.9698
299.97
299.9701
299.9701
299.9701
299.9701
299.9701
299.9701
299.9701
299.9701
299.9701
299.9701
299.9701
299.9701
299.9701
299.9701
299.9701
299.9701
299.9701
299.9701
299.9701
299.9701
299.9701
299.9701
299.9701
299.9701
299.9701
299.9701
299.9701
299.9701
299.9701
299.9701
299.9701
299.9701
299.9701
299.9701
299.9701
299.9701
299.9701
299.9701
299.9701
299.9701
299.9701
299.9701
299.9701
299.9701
299.9701
299.9701
299.9701
299.9701
299.9701
299.9701
299.9701
299.9701
299.9701
299.9701
299.9701
299.9701
299.9701
299.9701
299.9701
299.9701
299.9701
299.9701
299.9701
299.9702
299.9702
299.9702
299.9702
299.9702
299.9702
299.9702
299.9702
299.9702
299.9702
299.9702
299.9702
299.9702
299.9702
299.9702
299.9702
299.9702
299.9702
299.9702
299.9702
299.9702
299.9702
299.9702
299.9702
299.9702
299.9702
299.9702
299.9702
299.9702
299.9702
299.9702
299.9355
299.9638
299.973
299.9707
299.9698
299.97
299.9701
299.9701
299.9701
299.9701
299.9701
299.9701
299.9701
299.9701
299.9701
299.9701
299.9701
299.9701
299.9701
299.9701
299.9701
299.9701
299.9701
299.9701
299.9701
299.9701
299.9701
299.9701
299.9701
299.9701
299.9701
299.9701
299.9701
299.9701
299.9701
299.9701
299.9701
299.9701
299.9701
299.9701
299.9701
299.9701
299.9701
299.9701
299.9701
299.9701
299.9701
299.9701
299.9701
299.9701
299.9701
299.9701
299.9701
299.9701
299.9701
299.9701
299.9701
299.9701
299.9701
299.9701
299.9701
299.9701
299.9701
299.9701
299.9701
299.9701
299.9701
299.9701
299.9701
299.9702
299.9702
299.9702
299.9702
299.9702
299.9702
299.9702
299.9702
299.9702
299.9702
299.9702
299.9702
299.9702
299.9702
299.9702
299.9702
299.9702
299.9702
299.9702
299.9702
299.9702
299.9702
299.9702
299.9702
299.9702
299.9702
299.9702
299.9702
299.9702
299.9702
299.9702
299.9355
299.9638
299.973
299.9707
299.9698
299.97
299.9701
299.9701
299.9701
299.9701
299.9701
299.9701
299.9701
299.9701
299.9701
299.9701
299.9701
299.9701
299.9701
299.9701
299.9701
299.9701
299.9701
299.9701
299.9701
299.9701
299.9701
299.9701
299.9701
299.9701
299.9701
299.9701
299.9701
299.9701
299.9701
299.9701
299.9701
299.9701
299.9701
299.9701
299.9701
299.9701
299.9701
299.9701
299.9701
299.9701
299.9701
299.9701
299.9701
299.9701
299.9701
299.9701
299.9701
299.9701
299.9701
299.9701
299.9701
299.9701
299.9701
299.9701
299.9701
299.9701
299.9701
299.9701
299.9701
299.9701
299.9701
299.9702
299.9702
299.9702
299.9702
299.9702
299.9702
299.9702
299.9702
299.9702
299.9702
299.9702
299.9702
299.9702
299.9702
299.9702
299.9702
299.9702
299.9702
299.9702
299.9702
299.9702
299.9702
299.9702
299.9702
299.9702
299.9702
299.9702
299.9702
299.9702
299.9702
299.9702
299.9702
299.9702
299.9355
299.9638
299.973
299.9707
299.9698
299.97
299.9701
299.9701
299.9701
299.9701
299.9701
299.9701
299.9701
299.9701
299.9701
299.9701
299.9701
299.9701
299.9701
299.9701
299.9701
299.9701
299.9701
299.9701
299.9701
299.9701
299.9701
299.9701
299.9701
299.9701
299.9701
299.9701
299.9701
299.9701
299.9701
299.9701
299.9701
299.9701
299.9701
299.9701
299.9701
299.9701
299.9701
299.9701
299.9701
299.9701
299.9701
299.9701
299.9701
299.9701
299.9701
299.9701
299.9701
299.9701
299.9701
299.9701
299.9701
299.9701
299.9701
299.9701
299.9701
299.9701
299.9701
299.9701
299.9701
299.9701
299.9701
299.9702
299.9702
299.9702
299.9702
299.9702
299.9702
299.9702
299.9702
299.9702
299.9702
299.9702
299.9702
299.9702
299.9702
299.9702
299.9702
299.9702
299.9702
299.9702
299.9702
299.9702
299.9702
299.9702
299.9702
299.9702
299.9702
299.9702
299.9702
299.9702
299.9702
299.9702
299.9702
299.9702
299.9355
299.9638
299.973
299.9707
299.9698
299.97
299.9701
299.9701
299.9701
299.9701
299.9701
299.9701
299.9701
299.9701
299.9701
299.9701
299.9701
299.9701
299.9701
299.9701
299.9701
299.9701
299.9701
299.9701
299.9701
299.9701
299.9701
299.9701
299.9701
299.9701
299.9701
299.9701
299.9701
299.9701
299.9701
299.9701
299.9701
299.9701
299.9701
299.9701
299.9701
299.9701
299.9701
299.9701
299.9701
299.9701
299.9701
299.9701
299.9701
299.9701
299.9701
299.9701
299.9701
299.9701
299.9701
299.9701
299.9701
299.9701
299.9701
299.9701
299.9701
299.9701
299.9701
299.9701
299.9701
299.9701
299.9702
299.9702
299.9702
299.9702
299.9702
299.9702
299.9702
299.9702
299.9702
299.9702
299.9702
299.9702
299.9702
299.9702
299.9702
299.9702
299.9702
299.9702
299.9702
299.9702
299.9702
299.9702
299.9702
299.9702
299.9702
299.9702
299.9702
299.9702
299.9702
299.9702
299.9702
299.9702
299.9702
299.9702
299.9355
299.9638
299.973
299.9707
299.9698
299.97
299.9701
299.9701
299.9701
299.9701
299.9701
299.9701
299.9701
299.9701
299.9701
299.9701
299.9701
299.9701
299.9701
299.9701
299.9701
299.9701
299.9701
299.9701
299.9701
299.9701
299.9701
299.9701
299.9701
299.9701
299.9701
299.9701
299.9701
299.9701
299.9701
299.9701
299.9701
299.9701
299.9701
299.9701
299.9701
299.9701
299.9701
299.9701
299.9701
299.9701
299.9701
299.9701
299.9701
299.9701
299.9701
299.9701
299.9701
299.9701
299.9701
299.9701
299.9701
299.9701
299.9701
299.9701
299.9701
299.9701
299.9701
299.9701
299.9701
299.9702
299.9702
299.9702
299.9702
299.9702
299.9702
299.9702
299.9702
299.9702
299.9702
299.9702
299.9702
299.9702
299.9702
299.9702
299.9702
299.9702
299.9702
299.9702
299.9702
299.9702
299.9702
299.9702
299.9702
299.9702
299.9702
299.9702
299.9702
299.9702
299.9702
299.9702
299.9702
299.9702
299.9702
299.9702
299.9355
299.9638
299.973
299.9707
299.9698
299.97
299.9701
299.9701
299.9701
299.9701
299.9701
299.9701
299.9701
299.9701
299.9701
299.9701
299.9701
299.9701
299.9701
299.9701
299.9701
299.9701
299.9701
299.9701
299.9701
299.9701
299.9701
299.9701
299.9701
299.9701
299.9701
299.9701
299.9701
299.9701
299.9701
299.9701
299.9701
299.9701
299.9701
299.9701
299.9701
299.9701
299.9701
299.9701
299.9701
299.9701
299.9701
299.9701
299.9701
299.9701
299.9701
299.9701
299.9701
299.9701
299.9701
299.9701
299.9701
299.9701
299.9701
299.9701
299.9701
299.9701
299.9701
299.9701
299.9701
299.9702
299.9702
299.9702
299.9702
299.9702
299.9702
299.9702
299.9702
299.9702
299.9702
299.9702
299.9702
299.9702
299.9702
299.9702
299.9702
299.9702
299.9702
299.9702
299.9702
299.9702
299.9702
299.9702
299.9702
299.9702
299.9702
299.9702
299.9702
299.9702
299.9702
299.9702
299.9702
299.9702
299.9702
299.9702
299.9355
299.9638
299.973
299.9707
299.9698
299.97
299.9701
299.9701
299.9701
299.9701
299.9701
299.9701
299.9701
299.9701
299.9701
299.9701
299.9701
299.9701
299.9701
299.9701
299.9701
299.9701
299.9701
299.9701
299.9701
299.9701
299.9701
299.9701
299.9701
299.9701
299.9701
299.9701
299.9701
299.9701
299.9701
299.9701
299.9701
299.9701
299.9701
299.9701
299.9701
299.9701
299.9701
299.9701
299.9701
299.9701
299.9701
299.9701
299.9701
299.9701
299.9701
299.9701
299.9701
299.9701
299.9701
299.9701
299.9701
299.9701
299.9701
299.9701
299.9701
299.9701
299.9701
299.9701
299.9702
299.9702
299.9702
299.9702
299.9702
299.9702
299.9702
299.9702
299.9702
299.9702
299.9702
299.9702
299.9702
299.9702
299.9702
299.9702
299.9702
299.9702
299.9702
299.9702
299.9702
299.9702
299.9702
299.9702
299.9702
299.9702
299.9702
299.9702
299.9702
299.9702
299.9702
299.9702
299.9702
299.9702
299.9702
299.9702
299.9355
299.9638
299.973
299.9707
299.9698
299.97
299.9701
299.9701
299.9701
299.9701
299.9701
299.9701
299.9701
299.9701
299.9701
299.9701
299.9701
299.9701
299.9701
299.9701
299.9701
299.9701
299.9701
299.9701
299.9701
299.9701
299.9701
299.9701
299.9701
299.9701
299.9701
299.9701
299.9701
299.9701
299.9701
299.9701
299.9701
299.9701
299.9701
299.9701
299.9701
299.9701
299.9701
299.9701
299.9701
299.9701
299.9701
299.9701
299.9701
299.9701
299.9701
299.9701
299.9701
299.9701
299.9701
299.9701
299.9701
299.9701
299.9701
299.9701
299.9701
299.9701
299.9701
299.9701
299.9702
299.9702
299.9702
299.9702
299.9702
299.9702
299.9702
299.9702
299.9702
299.9702
299.9702
299.9702
299.9702
299.9702
299.9702
299.9702
299.9702
299.9702
299.9702
299.9702
299.9702
299.9702
299.9702
299.9702
299.9702
299.9702
299.9702
299.9702
299.9702
299.9702
299.9702
299.9702
299.9702
299.9702
299.9702
299.9702
299.9355
299.9638
299.973
299.9707
299.9698
299.97
299.9701
299.9701
299.9701
299.9701
299.9701
299.9701
299.9701
299.9701
299.9701
299.9701
299.9701
299.9701
299.9701
299.9701
299.9701
299.9701
299.9701
299.9701
299.9701
299.9701
299.9701
299.9701
299.9701
299.9701
299.9701
299.9701
299.9701
299.9701
299.9701
299.9701
299.9701
299.9701
299.9701
299.9701
299.9701
299.9701
299.9701
299.9701
299.9701
299.9701
299.9701
299.9701
299.9701
299.9701
299.9701
299.9701
299.9701
299.9701
299.9701
299.9701
299.9701
299.9701
299.9701
299.9701
299.9701
299.9701
299.9701
299.9702
299.9702
299.9702
299.9702
299.9702
299.9702
299.9702
299.9702
299.9702
299.9702
299.9702
299.9702
299.9702
299.9702
299.9702
299.9702
299.9702
299.9702
299.9702
299.9702
299.9702
299.9702
299.9702
299.9702
299.9702
299.9702
299.9702
299.9702
299.9702
299.9702
299.9702
299.9702
299.9702
299.9702
299.9702
299.9702
299.9702
299.9355
299.9638
299.973
299.9707
299.9698
299.97
299.9701
299.9701
299.9701
299.9701
299.9701
299.9701
299.9701
299.9701
299.9701
299.9701
299.9701
299.9701
299.9701
299.9701
299.9701
299.9701
299.9701
299.9701
299.9701
299.9701
299.9701
299.9701
299.9701
299.9701
299.9701
299.9701
299.9701
299.9701
299.9701
299.9701
299.9701
299.9701
299.9701
299.9701
299.9701
299.9701
299.9701
299.9701
299.9701
299.9701
299.9701
299.9701
299.9701
299.9701
299.9701
299.9701
299.9701
299.9701
299.9701
299.9701
299.9701
299.9701
299.9701
299.9701
299.9701
299.9701
299.9701
299.9702
299.9702
299.9702
299.9702
299.9702
299.9702
299.9702
299.9702
299.9702
299.9702
299.9702
299.9702
299.9702
299.9702
299.9702
299.9702
299.9702
299.9702
299.9702
299.9702
299.9702
299.9702
299.9702
299.9702
299.9702
299.9702
299.9702
299.9702
299.9702
299.9702
299.9702
299.9702
299.9702
299.9702
299.9702
299.9702
299.9702
299.9355
299.9638
299.973
299.9707
299.9698
299.97
299.9701
299.9701
299.9701
299.9701
299.9701
299.9701
299.9701
299.9701
299.9701
299.9701
299.9701
299.9701
299.9701
299.9701
299.9701
299.9701
299.9701
299.9701
299.9701
299.9701
299.9701
299.9701
299.9701
299.9701
299.9701
299.9701
299.9701
299.9701
299.9701
299.9701
299.9701
299.9701
299.9701
299.9701
299.9701
299.9701
299.9701
299.9701
299.9701
299.9701
299.9701
299.9701
299.9701
299.9701
299.9701
299.9701
299.9701
299.9701
299.9701
299.9701
299.9701
299.9701
299.9701
299.9701
299.9701
299.9701
299.9702
299.9702
299.9702
299.9702
299.9702
299.9702
299.9702
299.9702
299.9702
299.9702
299.9702
299.9702
299.9702
299.9702
299.9702
299.9702
299.9702
299.9702
299.9702
299.9702
299.9702
299.9702
299.9702
299.9702
299.9702
299.9702
299.9702
299.9702
299.9702
299.9702
299.9702
299.9702
299.9702
299.9702
299.9702
299.9702
299.9702
299.9702
299.9355
299.9638
299.973
299.9707
299.9698
299.97
299.9701
299.9701
299.9701
299.9701
299.9701
299.9701
299.9701
299.9701
299.9701
299.9701
299.9701
299.9701
299.9701
299.9701
299.9701
299.9701
299.9701
299.9701
299.9701
299.9701
299.9701
299.9701
299.9701
299.9701
299.9701
299.9701
299.9701
299.9701
299.9701
299.9701
299.9701
299.9701
299.9701
299.9701
299.9701
299.9701
299.9701
299.9701
299.9701
299.9701
299.9701
299.9701
299.9701
299.9701
299.9701
299.9701
299.9701
299.9701
299.9701
299.9701
299.9701
299.9701
299.9701
299.9701
299.9701
299.9701
299.9702
299.9702
299.9702
299.9702
299.9702
299.9702
299.9702
299.9702
299.9702
299.9702
299.9702
299.9702
299.9702
299.9702
299.9702
299.9702
299.9702
299.9702
299.9702
299.9702
299.9702
299.9702
299.9702
299.9702
299.9702
299.9702
299.9702
299.9702
299.9702
299.9702
299.9702
299.9702
299.9702
299.9702
299.9702
299.9702
299.9702
299.9702
299.9355
299.9638
299.973
299.9707
299.9698
299.97
299.9701
299.9701
299.9701
299.9701
299.9701
299.9701
299.9701
299.9701
299.9701
299.9701
299.9701
299.9701
299.9701
299.9701
299.9701
299.9701
299.9701
299.9701
299.9701
299.9701
299.9701
299.9701
299.9701
299.9701
299.9701
299.9701
299.9701
299.9701
299.9701
299.9701
299.9701
299.9701
299.9701
299.9701
299.9701
299.9701
299.9701
299.9701
299.9701
299.9701
299.9701
299.9701
299.9701
299.9701
299.9701
299.9701
299.9701
299.9701
299.9701
299.9701
299.9701
299.9701
299.9701
299.9701
299.9701
299.9701
299.9702
299.9702
299.9702
299.9702
299.9702
299.9702
299.9702
299.9702
299.9702
299.9702
299.9702
299.9702
299.9702
299.9702
299.9702
299.9702
299.9702
299.9702
299.9702
299.9702
299.9702
299.9702
299.9702
299.9702
299.9702
299.9702
299.9702
299.9702
299.9702
299.9702
299.9702
299.9702
299.9702
299.9702
299.9702
299.9702
299.9702
299.9702
299.9355
299.9638
299.973
299.9707
299.9698
299.97
299.9701
299.9701
299.9701
299.9701
299.9701
299.9701
299.9701
299.9701
299.9701
299.9701
299.9701
299.9701
299.9701
299.9701
299.9701
299.9701
299.9701
299.9701
299.9701
299.9701
299.9701
299.9701
299.9701
299.9701
299.9701
299.9701
299.9701
299.9701
299.9701
299.9701
299.9701
299.9701
299.9701
299.9701
299.9701
299.9701
299.9701
299.9701
299.9701
299.9701
299.9701
299.9701
299.9701
299.9701
299.9701
299.9701
299.9701
299.9701
299.9701
299.9701
299.9701
299.9701
299.9701
299.9701
299.9701
299.9702
299.9702
299.9702
299.9702
299.9702
299.9702
299.9702
299.9702
299.9702
299.9702
299.9702
299.9702
299.9702
299.9702
299.9702
299.9702
299.9702
299.9702
299.9702
299.9702
299.9702
299.9702
299.9702
299.9702
299.9702
299.9702
299.9702
299.9702
299.9702
299.9702
299.9702
299.9702
299.9702
299.9702
299.9702
299.9702
299.9702
299.9702
299.9702
299.9355
299.9638
299.973
299.9707
299.9698
299.97
299.9701
299.9701
299.9701
299.9701
299.9701
299.9701
299.9701
299.9701
299.9701
299.9701
299.9701
299.9701
299.9701
299.9701
299.9701
299.9701
299.9701
299.9701
299.9701
299.9701
299.9701
299.9701
299.9701
299.9701
299.9701
299.9701
299.9701
299.9701
299.9701
299.9701
299.9701
299.9701
299.9701
299.9701
299.9701
299.9701
299.9701
299.9701
299.9701
299.9701
299.9701
299.9701
299.9701
299.9701
299.9701
299.9701
299.9701
299.9701
299.9701
299.9701
299.9701
299.9701
299.9701
299.9701
299.9701
299.9702
299.9702
299.9702
299.9702
299.9702
299.9702
299.9702
299.9702
299.9702
299.9702
299.9702
299.9702
299.9702
299.9702
299.9702
299.9702
299.9702
299.9702
299.9702
299.9702
299.9702
299.9702
299.9702
299.9702
299.9702
299.9702
299.9702
299.9702
299.9702
299.9702
299.9702
299.9702
299.9702
299.9702
299.9702
299.9702
299.9702
299.9702
299.9702
299.9355
299.9638
299.973
299.9707
299.9698
299.97
299.9701
299.9701
299.9701
299.9701
299.9701
299.9701
299.9701
299.9701
299.9701
299.9701
299.9701
299.9701
299.9701
299.9701
299.9701
299.9701
299.9701
299.9701
299.9701
299.9701
299.9701
299.9701
299.9701
299.9701
299.9701
299.9701
299.9701
299.9701
299.9701
299.9701
299.9701
299.9701
299.9701
299.9701
299.9701
299.9701
299.9701
299.9701
299.9701
299.9701
299.9701
299.9701
299.9701
299.9701
299.9701
299.9701
299.9701
299.9701
299.9701
299.9701
299.9701
299.9701
299.9701
299.9701
299.9701
299.9702
299.9702
299.9702
299.9702
299.9702
299.9702
299.9702
299.9702
299.9702
299.9702
299.9702
299.9702
299.9702
299.9702
299.9702
299.9702
299.9702
299.9702
299.9702
299.9702
299.9702
299.9702
299.9702
299.9702
299.9702
299.9702
299.9702
299.9702
299.9702
299.9702
299.9702
299.9702
299.9702
299.9702
299.9702
299.9702
299.9702
299.9702
299.9702
299.9355
299.9638
299.973
299.9707
299.9698
299.97
299.9701
299.9701
299.9701
299.9701
299.9701
299.9701
299.9701
299.9701
299.9701
299.9701
299.9701
299.9701
299.9701
299.9701
299.9701
299.9701
299.9701
299.9701
299.9701
299.9701
299.9701
299.9701
299.9701
299.9701
299.9701
299.9701
299.9701
299.9701
299.9701
299.9701
299.9701
299.9701
299.9701
299.9701
299.9701
299.9701
299.9701
299.9701
299.9701
299.9701
299.9701
299.9701
299.9701
299.9701
299.9701
299.9701
299.9701
299.9701
299.9701
299.9701
299.9701
299.9701
299.9701
299.9701
299.9701
299.9702
299.9702
299.9702
299.9702
299.9702
299.9702
299.9702
299.9702
299.9702
299.9702
299.9702
299.9702
299.9702
299.9702
299.9702
299.9702
299.9702
299.9702
299.9702
299.9702
299.9702
299.9702
299.9702
299.9702
299.9702
299.9702
299.9702
299.9702
299.9702
299.9702
299.9702
299.9702
299.9702
299.9702
299.9702
299.9702
299.9702
299.9702
299.9702
299.9355
299.9638
299.973
299.9707
299.9698
299.97
299.9701
299.9701
299.9701
299.9701
299.9701
299.9701
299.9701
299.9701
299.9701
299.9701
299.9701
299.9701
299.9701
299.9701
299.9701
299.9701
299.9701
299.9701
299.9701
299.9701
299.9701
299.9701
299.9701
299.9701
299.9701
299.9701
299.9701
299.9701
299.9701
299.9701
299.9701
299.9701
299.9701
299.9701
299.9701
299.9701
299.9701
299.9701
299.9701
299.9701
299.9701
299.9701
299.9701
299.9701
299.9701
299.9701
299.9701
299.9701
299.9701
299.9701
299.9701
299.9701
299.9701
299.9701
299.9702
299.9702
299.9702
299.9702
299.9702
299.9702
299.9702
299.9702
299.9702
299.9702
299.9702
299.9702
299.9702
299.9702
299.9702
299.9702
299.9702
299.9702
299.9702
299.9702
299.9702
299.9702
299.9702
299.9702
299.9702
299.9702
299.9702
299.9702
299.9702
299.9702
299.9702
299.9702
299.9702
299.9702
299.9702
299.9702
299.9702
299.9702
299.9702
299.9702
299.9355
299.9638
299.973
299.9707
299.9698
299.97
299.9701
299.9701
299.9701
299.9701
299.9701
299.9701
299.9701
299.9701
299.9701
299.9701
299.9701
299.9701
299.9701
299.9701
299.9701
299.9701
299.9701
299.9701
299.9701
299.9701
299.9701
299.9701
299.9701
299.9701
299.9701
299.9701
299.9701
299.9701
299.9701
299.9701
299.9701
299.9701
299.9701
299.9701
299.9701
299.9701
299.9701
299.9701
299.9701
299.9701
299.9701
299.9701
299.9701
299.9701
299.9701
299.9701
299.9701
299.9701
299.9701
299.9701
299.9701
299.9701
299.9701
299.9701
299.9702
299.9702
299.9702
299.9702
299.9702
299.9702
299.9702
299.9702
299.9702
299.9702
299.9702
299.9702
299.9702
299.9702
299.9702
299.9702
299.9702
299.9702
299.9702
299.9702
299.9702
299.9702
299.9702
299.9702
299.9702
299.9702
299.9702
299.9702
299.9702
299.9702
299.9702
299.9702
299.9702
299.9702
299.9702
299.9702
299.9702
299.9702
299.9702
299.9702
299.9355
299.9638
299.973
299.9707
299.9698
299.97
299.9701
299.9701
299.9701
299.9701
299.9701
299.9701
299.9701
299.9701
299.9701
299.9701
299.9701
299.9701
299.9701
299.9701
299.9701
299.9701
299.9701
299.9701
299.9701
299.9701
299.9701
299.9701
299.9701
299.9701
299.9701
299.9701
299.9701
299.9701
299.9701
299.9701
299.9701
299.9701
299.9701
299.9701
299.9701
299.9701
299.9701
299.9701
299.9701
299.9701
299.9701
299.9701
299.9701
299.9701
299.9701
299.9701
299.9701
299.9701
299.9701
299.9701
299.9701
299.9701
299.9701
299.9701
299.9702
299.9702
299.9702
299.9702
299.9702
299.9702
299.9702
299.9702
299.9702
299.9702
299.9702
299.9702
299.9702
299.9702
299.9702
299.9702
299.9702
299.9702
299.9702
299.9702
299.9702
299.9702
299.9702
299.9702
299.9702
299.9702
299.9702
299.9702
299.9702
299.9702
299.9702
299.9702
299.9702
299.9702
299.9702
299.9702
299.9702
299.9702
299.9702
299.9702
299.9355
299.9638
299.973
299.9707
299.9698
299.97
299.9701
299.9701
299.9701
299.9701
299.9701
299.9701
299.9701
299.9701
299.9701
299.9701
299.9701
299.9701
299.9701
299.9701
299.9701
299.9701
299.9701
299.9701
299.9701
299.9701
299.9701
299.9701
299.9701
299.9701
299.9701
299.9701
299.9701
299.9701
299.9701
299.9701
299.9701
299.9701
299.9701
299.9701
299.9701
299.9701
299.9701
299.9701
299.9701
299.9701
299.9701
299.9701
299.9701
299.9701
299.9701
299.9701
299.9701
299.9701
299.9701
299.9701
299.9701
299.9701
299.9701
299.9701
299.9702
299.9702
299.9702
299.9702
299.9702
299.9702
299.9702
299.9702
299.9702
299.9702
299.9702
299.9702
299.9702
299.9702
299.9702
299.9702
299.9702
299.9702
299.9702
299.9702
299.9702
299.9702
299.9702
299.9702
299.9702
299.9702
299.9702
299.9702
299.9702
299.9702
299.9702
299.9702
299.9702
299.9702
299.9702
299.9702
299.9702
299.9702
299.9702
299.9702
299.9355
299.9638
299.973
299.9707
299.9698
299.97
299.9701
299.9701
299.9701
299.9701
299.9701
299.9701
299.9701
299.9701
299.9701
299.9701
299.9701
299.9701
299.9701
299.9701
299.9701
299.9701
299.9701
299.9701
299.9701
299.9701
299.9701
299.9701
299.9701
299.9701
299.9701
299.9701
299.9701
299.9701
299.9701
299.9701
299.9701
299.9701
299.9701
299.9701
299.9701
299.9701
299.9701
299.9701
299.9701
299.9701
299.9701
299.9701
299.9701
299.9701
299.9701
299.9701
299.9701
299.9701
299.9701
299.9701
299.9701
299.9701
299.9701
299.9701
299.9702
299.9702
299.9702
299.9702
299.9702
299.9702
299.9702
299.9702
299.9702
299.9702
299.9702
299.9702
299.9702
299.9702
299.9702
299.9702
299.9702
299.9702
299.9702
299.9702
299.9702
299.9702
299.9702
299.9702
299.9702
299.9702
299.9702
299.9702
299.9702
299.9702
299.9702
299.9702
299.9702
299.9702
299.9702
299.9702
299.9702
299.9702
299.9702
299.9702
299.9355
299.9638
299.973
299.9707
299.9698
299.97
299.9701
299.9701
299.9701
299.9701
299.9701
299.9701
299.9701
299.9701
299.9701
299.9701
299.9701
299.9701
299.9701
299.9701
299.9701
299.9701
299.9701
299.9701
299.9701
299.9701
299.9701
299.9701
299.9701
299.9701
299.9701
299.9701
299.9701
299.9701
299.9701
299.9701
299.9701
299.9701
299.9701
299.9701
299.9701
299.9701
299.9701
299.9701
299.9701
299.9701
299.9701
299.9701
299.9701
299.9701
299.9701
299.9701
299.9701
299.9701
299.9701
299.9701
299.9701
299.9701
299.9701
299.9702
299.9702
299.9702
299.9702
299.9702
299.9702
299.9702
299.9702
299.9702
299.9702
299.9702
299.9702
299.9702
299.9702
299.9702
299.9702
299.9702
299.9702
299.9702
299.9702
299.9702
299.9702
299.9702
299.9702
299.9702
299.9702
299.9702
299.9702
299.9702
299.9702
299.9702
299.9702
299.9702
299.9702
299.9702
299.9702
299.9702
299.9702
299.9702
299.9702
299.9702
299.9355
299.9638
299.973
299.9707
299.9698
299.97
299.9701
299.9701
299.9701
299.9701
299.9701
299.9701
299.9701
299.9701
299.9701
299.9701
299.9701
299.9701
299.9701
299.9701
299.9701
299.9701
299.9701
299.9701
299.9701
299.9701
299.9701
299.9701
299.9701
299.9701
299.9701
299.9701
299.9701
299.9701
299.9701
299.9701
299.9701
299.9701
299.9701
299.9701
299.9701
299.9701
299.9701
299.9701
299.9701
299.9701
299.9701
299.9701
299.9701
299.9701
299.9701
299.9701
299.9701
299.9701
299.9701
299.9701
299.9701
299.9701
299.9701
299.9702
299.9702
299.9702
299.9702
299.9702
299.9702
299.9702
299.9702
299.9702
299.9702
299.9702
299.9702
299.9702
299.9702
299.9702
299.9702
299.9702
299.9702
299.9702
299.9702
299.9702
299.9702
299.9702
299.9702
299.9702
299.9702
299.9702
299.9702
299.9702
299.9702
299.9702
299.9702
299.9702
299.9702
299.9702
299.9702
299.9702
299.9702
299.9702
299.9702
299.9702
299.9355
299.9638
299.973
299.9707
299.9698
299.97
299.9701
299.9701
299.9701
299.9701
299.9701
299.9701
299.9701
299.9701
299.9701
299.9701
299.9701
299.9701
299.9701
299.9701
299.9701
299.9701
299.9701
299.9701
299.9701
299.9701
299.9701
299.9701
299.9701
299.9701
299.9701
299.9701
299.9701
299.9701
299.9701
299.9701
299.9701
299.9701
299.9701
299.9701
299.9701
299.9701
299.9701
299.9701
299.9701
299.9701
299.9701
299.9701
299.9701
299.9701
299.9701
299.9701
299.9701
299.9701
299.9701
299.9701
299.9701
299.9701
299.9701
299.9702
299.9702
299.9702
299.9702
299.9702
299.9702
299.9702
299.9702
299.9702
299.9702
299.9702
299.9702
299.9702
299.9702
299.9702
299.9702
299.9702
299.9702
299.9702
299.9702
299.9702
299.9702
299.9702
299.9702
299.9702
299.9702
299.9702
299.9702
299.9702
299.9702
299.9702
299.9702
299.9702
299.9702
299.9702
299.9702
299.9702
299.9702
299.9702
299.9702
299.9702
299.9355
299.9638
299.973
299.9707
299.9698
299.97
299.9701
299.9701
299.9701
299.9701
299.9701
299.9701
299.9701
299.9701
299.9701
299.9701
299.9701
299.9701
299.9701
299.9701
299.9701
299.9701
299.9701
299.9701
299.9701
299.9701
299.9701
299.9701
299.9701
299.9701
299.9701
299.9701
299.9701
299.9701
299.9701
299.9701
299.9701
299.9701
299.9701
299.9701
299.9701
299.9701
299.9701
299.9701
299.9701
299.9701
299.9701
299.9701
299.9701
299.9701
299.9701
299.9701
299.9701
299.9701
299.9701
299.9701
299.9701
299.9701
299.9701
299.9702
299.9702
299.9702
299.9702
299.9702
299.9702
299.9702
299.9702
299.9702
299.9702
299.9702
299.9702
299.9702
299.9702
299.9702
299.9702
299.9702
299.9702
299.9702
299.9702
299.9702
299.9702
299.9702
299.9702
299.9702
299.9702
299.9702
299.9702
299.9702
299.9702
299.9702
299.9702
299.9702
299.9702
299.9702
299.9702
299.9702
299.9702
299.9702
299.9702
299.9702
299.9355
299.9638
299.973
299.9707
299.9698
299.97
299.9701
299.9701
299.9701
299.9701
299.9701
299.9701
299.9701
299.9701
299.9701
299.9701
299.9701
299.9701
299.9701
299.9701
299.9701
299.9701
299.9701
299.9701
299.9701
299.9701
299.9701
299.9701
299.9701
299.9701
299.9701
299.9701
299.9701
299.9701
299.9701
299.9701
299.9701
299.9701
299.9701
299.9701
299.9701
299.9701
299.9701
299.9701
299.9701
299.9701
299.9701
299.9701
299.9701
299.9701
299.9701
299.9701
299.9701
299.9701
299.9701
299.9701
299.9701
299.9701
299.9701
299.9702
299.9702
299.9702
299.9702
299.9702
299.9702
299.9702
299.9702
299.9702
299.9702
299.9702
299.9702
299.9702
299.9702
299.9702
299.9702
299.9702
299.9702
299.9702
299.9702
299.9702
299.9702
299.9702
299.9702
299.9702
299.9702
299.9702
299.9702
299.9702
299.9702
299.9702
299.9702
299.9702
299.9702
299.9702
299.9702
299.9702
299.9702
299.9702
299.9702
299.9702
299.9355
299.9638
299.973
299.9707
299.9698
299.97
299.9701
299.9701
299.9701
299.9701
299.9701
299.9701
299.9701
299.9701
299.9701
299.9701
299.9701
299.9701
299.9701
299.9701
299.9701
299.9701
299.9701
299.9701
299.9701
299.9701
299.9701
299.9701
299.9701
299.9701
299.9701
299.9701
299.9701
299.9701
299.9701
299.9701
299.9701
299.9701
299.9701
299.9701
299.9701
299.9701
299.9701
299.9701
299.9701
299.9701
299.9701
299.9701
299.9701
299.9701
299.9701
299.9701
299.9701
299.9701
299.9701
299.9701
299.9701
299.9701
299.9701
299.9702
299.9702
299.9702
299.9702
299.9702
299.9702
299.9702
299.9702
299.9702
299.9702
299.9702
299.9702
299.9702
299.9702
299.9702
299.9702
299.9702
299.9702
299.9702
299.9702
299.9702
299.9702
299.9702
299.9702
299.9702
299.9702
299.9702
299.9702
299.9702
299.9702
299.9702
299.9702
299.9702
299.9702
299.9702
299.9702
299.9702
299.9702
299.9702
299.9702
299.9702
299.9355
299.9638
299.973
299.9707
299.9698
299.97
299.9701
299.9701
299.9701
299.9701
299.9701
299.9701
299.9701
299.9701
299.9701
299.9701
299.9701
299.9701
299.9701
299.9701
299.9701
299.9701
299.9701
299.9701
299.9701
299.9701
299.9701
299.9701
299.9701
299.9701
299.9701
299.9701
299.9701
299.9701
299.9701
299.9701
299.9701
299.9701
299.9701
299.9701
299.9701
299.9701
299.9701
299.9701
299.9701
299.9701
299.9701
299.9701
299.9701
299.9701
299.9701
299.9701
299.9701
299.9701
299.9701
299.9701
299.9701
299.9701
299.9702
299.9702
299.9702
299.9702
299.9702
299.9702
299.9702
299.9702
299.9702
299.9702
299.9702
299.9702
299.9702
299.9702
299.9702
299.9702
299.9702
299.9702
299.9702
299.9702
299.9702
299.9702
299.9702
299.9702
299.9702
299.9702
299.9702
299.9702
299.9702
299.9702
299.9702
299.9702
299.9702
299.9702
299.9702
299.9702
299.9702
299.9702
299.9702
299.9702
299.9702
299.9702
299.9355
299.9638
299.973
299.9707
299.9698
299.97
299.9701
299.9701
299.9701
299.9701
299.9701
299.9701
299.9701
299.9701
299.9701
299.9701
299.9701
299.9701
299.9701
299.9701
299.9701
299.9701
299.9701
299.9701
299.9701
299.9701
299.9701
299.9701
299.9701
299.9701
299.9701
299.9701
299.9701
299.9701
299.9701
299.9701
299.9701
299.9701
299.9701
299.9701
299.9701
299.9701
299.9701
299.9701
299.9701
299.9701
299.9701
299.9701
299.9701
299.9701
299.9701
299.9701
299.9701
299.9701
299.9701
299.9701
299.9701
299.9701
299.9702
299.9702
299.9702
299.9702
299.9702
299.9702
299.9702
299.9702
299.9702
299.9702
299.9702
299.9702
299.9702
299.9702
299.9702
299.9702
299.9702
299.9702
299.9702
299.9702
299.9702
299.9702
299.9702
299.9702
299.9702
299.9702
299.9702
299.9702
299.9702
299.9702
299.9702
299.9702
299.9702
299.9702
299.9702
299.9702
299.9702
299.9702
299.9702
299.9702
299.9702
299.9702
299.9355
299.9638
299.973
299.9707
299.9698
299.97
299.9701
299.9701
299.9701
299.9701
299.9701
299.9701
299.9701
299.9701
299.9701
299.9701
299.9701
299.9701
299.9701
299.9701
299.9701
299.9701
299.9701
299.9701
299.9701
299.9701
299.9701
299.9701
299.9701
299.9701
299.9701
299.9701
299.9701
299.9701
299.9701
299.9701
299.9701
299.9701
299.9701
299.9701
299.9701
299.9701
299.9701
299.9701
299.9701
299.9701
299.9701
299.9701
299.9701
299.9701
299.9701
299.9701
299.9701
299.9701
299.9701
299.9701
299.9701
299.9702
299.9702
299.9702
299.9702
299.9702
299.9702
299.9702
299.9702
299.9702
299.9702
299.9702
299.9702
299.9702
299.9702
299.9702
299.9702
299.9702
299.9702
299.9702
299.9702
299.9702
299.9702
299.9702
299.9702
299.9702
299.9702
299.9702
299.9702
299.9702
299.9702
299.9702
299.9702
299.9702
299.9702
299.9702
299.9702
299.9702
299.9702
299.9702
299.9702
299.9702
299.9702
299.9702
299.9355
299.9638
299.973
299.9707
299.9698
299.97
299.9701
299.9701
299.9701
299.9701
299.9701
299.9701
299.9701
299.9701
299.9701
299.9701
299.9701
299.9701
299.9701
299.9701
299.9701
299.9701
299.9701
299.9701
299.9701
299.9701
299.9701
299.9701
299.9701
299.9701
299.9701
299.9701
299.9701
299.9701
299.9701
299.9701
299.9701
299.9701
299.9701
299.9701
299.9701
299.9701
299.9701
299.9701
299.9701
299.9701
299.9701
299.9701
299.9701
299.9701
299.9701
299.9701
299.9701
299.9701
299.9701
299.9701
299.9701
299.9702
299.9702
299.9702
299.9702
299.9702
299.9702
299.9702
299.9702
299.9702
299.9702
299.9702
299.9702
299.9702
299.9702
299.9702
299.9702
299.9702
299.9702
299.9702
299.9702
299.9702
299.9702
299.9702
299.9702
299.9702
299.9702
299.9702
299.9702
299.9702
299.9702
299.9702
299.9702
299.9702
299.9702
299.9702
299.9702
299.9702
299.9702
299.9702
299.9702
299.9702
299.9702
299.9702
299.9355
299.9638
299.973
299.9707
299.9698
299.97
299.9701
299.9701
299.9701
299.9701
299.9701
299.9701
299.9701
299.9701
299.9701
299.9701
299.9701
299.9701
299.9701
299.9701
299.9701
299.9701
299.9701
299.9701
299.9701
299.9701
299.9701
299.9701
299.9701
299.9701
299.9701
299.9701
299.9701
299.9701
299.9701
299.9701
299.9701
299.9701
299.9701
299.9701
299.9701
299.9701
299.9701
299.9701
299.9701
299.9701
299.9701
299.9701
299.9701
299.9701
299.9701
299.9701
299.9701
299.9701
299.9701
299.9701
299.9701
299.9701
299.9701
299.9701
299.9701
299.9701
299.9701
299.9701
299.9701
299.9701
299.9702
299.9702
299.9702
299.9702
299.9702
299.9702
299.9702
299.9702
299.9702
299.9702
299.9702
299.9702
299.9702
299.9702
299.9702
299.9702
299.9702
299.9702
299.9702
299.9702
299.9702
299.9702
299.9702
299.9702
299.9702
299.9702
299.9702
299.9702
299.9702
299.9702
299.9702
299.9702
299.9702
299.9702
)
;

boundaryField
{
    topAir_top
    {
        type            symmetryPlane;
    }
    leftLet
    {
        type            fixedValue;
        value           uniform 300;
    }
    rightLet
    {
        type            zeroGradient;
    }
    frontAndBack
    {
        type            empty;
    }
    topAir_to_wall
    {
        type            compressible::turbulentTemperatureCoupledBaffleMixed;
        refValue        nonuniform List<scalar> 
100
(
322.4697
322.4835
322.4909
322.4919
322.492
322.4923
322.4925
322.4926
322.4928
322.4929
322.493
322.493
322.4931
322.4932
322.4932
322.4933
322.4934
322.4934
322.4935
322.4935
322.4936
322.4936
322.4937
322.4937
322.4938
322.4938
322.4939
322.4939
322.494
322.494
322.4941
322.4941
322.4941
322.4942
322.4942
322.4943
322.4943
322.4944
322.4944
322.4944
322.4945
322.4945
322.4946
322.4946
322.4947
322.4947
322.4947
322.4948
322.4948
322.4949
322.4949
322.495
322.495
322.495
322.4951
322.4951
322.4952
322.4952
322.4952
322.4953
322.4953
322.4954
322.4954
322.4955
322.4955
322.4955
322.4956
322.4956
322.4957
322.4957
322.4957
322.4958
322.4958
322.4959
322.4959
322.4959
322.496
322.496
322.4961
322.4961
322.4962
322.4962
322.4962
322.4963
322.4963
322.4963
322.4964
322.4964
322.4965
322.4965
322.4965
322.4966
322.4966
322.4966
322.4966
322.4967
322.4967
322.4967
322.4967
322.4967
)
;
        refGradient     uniform 0;
        valueFraction   nonuniform List<scalar> 
100
(
0.001165307
0.001165307
0.001165307
0.001165307
0.001165307
0.001165307
0.001165307
0.001165307
0.001165307
0.001165307
0.001165307
0.001165307
0.001165307
0.001165307
0.001165307
0.001165307
0.001165307
0.001165307
0.001165307
0.001165307
0.001165307
0.001165307
0.001165307
0.001165307
0.001165307
0.001165307
0.001165307
0.001165307
0.001165307
0.001165307
0.001165307
0.001165307
0.001165307
0.001165307
0.001165307
0.001165307
0.001165307
0.001165307
0.001165307
0.001165307
0.001165307
0.001165307
0.001165307
0.001165307
0.001165307
0.001165307
0.001165307
0.001165307
0.001165307
0.001165307
0.001165307
0.001165307
0.001165307
0.001165307
0.001165307
0.001165307
0.001165307
0.001165307
0.001165307
0.001165307
0.001165307
0.001165307
0.001165307
0.001165307
0.001165307
0.001165307
0.001165307
0.001165307
0.001165307
0.001165307
0.001165307
0.001165307
0.001165307
0.001165307
0.001165307
0.001165307
0.001165307
0.001165307
0.001165307
0.001165307
0.001165307
0.001165307
0.001165307
0.001165307
0.001165307
0.001165307
0.001165307
0.001165307
0.001165307
0.001165307
0.001165307
0.001165307
0.001165307
0.001165307
0.001165307
0.001165307
0.001165307
0.001165307
0.001165307
0.001165307
)
;
        value           nonuniform List<scalar> 
100
(
299.9619
299.9902
299.9993
299.9971
299.9962
299.9965
299.9967
299.9967
299.9967
299.9967
299.9968
299.9968
299.9969
299.9969
299.9969
299.997
299.997
299.9971
299.9971
299.9971
299.9972
299.9972
299.9972
299.9973
299.9973
299.9974
299.9974
299.9974
299.9975
299.9975
299.9976
299.9976
299.9976
299.9977
299.9977
299.9978
299.9978
299.9978
299.9979
299.9979
299.998
299.998
299.998
299.9981
299.9981
299.9982
299.9982
299.9982
299.9983
299.9983
299.9983
299.9984
299.9984
299.9985
299.9985
299.9985
299.9986
299.9986
299.9987
299.9987
299.9987
299.9988
299.9988
299.9989
299.9989
299.9989
299.999
299.999
299.999
299.9991
299.9991
299.9992
299.9992
299.9992
299.9993
299.9993
299.9994
299.9994
299.9994
299.9995
299.9995
299.9995
299.9996
299.9996
299.9997
299.9997
299.9997
299.9998
299.9998
299.9998
299.9999
299.9999
300
300
300
300.0001
300.0001
300.0001
300.0002
300.0002
)
;
        Tnbr            T;
        thicknessLayers 0();
        kappaLayers     0();
        kappa           fluidThermo;
        kappaName       none;
    }
}


// ************************************************************************* //
