/*--------------------------------*- C++ -*----------------------------------*\
| =========                 |                                                 |
| \\      /  F ield         | OpenFOAM: The Open Source CFD Toolbox           |
|  \\    /   O peration     | Version:  2.3.0                                 |
|   \\  /    A nd           | Web:      www.OpenFOAM.org                      |
|    \\/     M anipulation  |                                                 |
\*---------------------------------------------------------------------------*/
FoamFile
{
    version     2.0;
    format      ascii;
    class       volScalarField;
    location    "9700/topAir";
    object      rho;
}
// * * * * * * * * * * * * * * * * * * * * * * * * * * * * * * * * * * * * * //

dimensions      [1 -3 0 0 0 0 0];

internalField   nonuniform List<scalar> 
4000
(
1.157375
1.157551
1.15776
1.157679
1.157599
1.157549
1.157499
1.157446
1.157393
1.157341
1.157288
1.157235
1.157183
1.15713
1.157077
1.157024
1.156972
1.156919
1.156866
1.156814
1.156761
1.156708
1.156655
1.156603
1.15655
1.156497
1.156444
1.156392
1.156339
1.156286
1.156234
1.156181
1.156128
1.156075
1.156023
1.15597
1.155917
1.155864
1.155811
1.155759
1.155706
1.155653
1.1556
1.155548
1.155495
1.155442
1.155389
1.155336
1.155284
1.155231
1.155178
1.155125
1.155072
1.15502
1.154967
1.154914
1.154861
1.154808
1.154756
1.154703
1.15465
1.154597
1.154544
1.154492
1.154439
1.154386
1.154333
1.15428
1.154227
1.154174
1.154122
1.154069
1.154016
1.153963
1.15391
1.153857
1.153805
1.153752
1.153699
1.153646
1.153593
1.15354
1.153487
1.153434
1.153382
1.153329
1.153276
1.153223
1.15317
1.153117
1.153064
1.153011
1.152958
1.152905
1.152853
1.1528
1.152747
1.152694
1.152641
1.152588
1.157427
1.157656
1.157918
1.157889
1.157861
1.157864
1.157866
1.157866
1.157865
1.157864
1.157864
1.157863
1.157863
1.157862
1.157861
1.157861
1.15786
1.157859
1.157858
1.157857
1.157856
1.157856
1.157855
1.157854
1.157852
1.157851
1.15785
1.157849
1.157848
1.157847
1.157846
1.157844
1.157843
1.157842
1.15784
1.157839
1.157837
1.157836
1.157834
1.157833
1.157831
1.157829
1.157828
1.157826
1.157824
1.157823
1.157821
1.157819
1.157817
1.157815
1.157813
1.157811
1.157809
1.157807
1.157805
1.157803
1.157801
1.157799
1.157796
1.157794
1.157792
1.15779
1.157787
1.157785
1.157782
1.15778
1.157777
1.157775
1.157772
1.15777
1.157767
1.157765
1.157762
1.157759
1.157756
1.157754
1.157751
1.157748
1.157745
1.157742
1.157739
1.157736
1.157733
1.15773
1.157727
1.157724
1.157721
1.157718
1.157715
1.157712
1.157709
1.157705
1.157702
1.157699
1.157696
1.157692
1.157689
1.157686
1.157684
1.157681
1.157427
1.157656
1.157918
1.157889
1.157862
1.157865
1.157867
1.157867
1.157866
1.157866
1.157866
1.157866
1.157866
1.157866
1.157865
1.157865
1.157865
1.157865
1.157865
1.157865
1.157864
1.157864
1.157864
1.157864
1.157864
1.157864
1.157864
1.157863
1.157863
1.157863
1.157863
1.157863
1.157863
1.157862
1.157862
1.157862
1.157862
1.157862
1.157862
1.157861
1.157861
1.157861
1.157861
1.157861
1.15786
1.15786
1.15786
1.15786
1.15786
1.15786
1.157859
1.157859
1.157859
1.157859
1.157859
1.157858
1.157858
1.157858
1.157858
1.157858
1.157858
1.157857
1.157857
1.157857
1.157857
1.157857
1.157856
1.157856
1.157856
1.157856
1.157855
1.157855
1.157855
1.157855
1.157855
1.157854
1.157854
1.157854
1.157854
1.157853
1.157853
1.157853
1.157853
1.157853
1.157852
1.157852
1.157852
1.157852
1.157851
1.157851
1.157851
1.157851
1.15785
1.15785
1.15785
1.15785
1.157849
1.157849
1.157849
1.157849
1.157427
1.157656
1.157918
1.157889
1.157862
1.157865
1.157867
1.157867
1.157866
1.157866
1.157866
1.157866
1.157866
1.157866
1.157865
1.157865
1.157865
1.157865
1.157865
1.157865
1.157865
1.157864
1.157864
1.157864
1.157864
1.157864
1.157864
1.157863
1.157863
1.157863
1.157863
1.157863
1.157863
1.157863
1.157862
1.157862
1.157862
1.157862
1.157862
1.157862
1.157861
1.157861
1.157861
1.157861
1.157861
1.157861
1.157861
1.15786
1.15786
1.15786
1.15786
1.15786
1.15786
1.15786
1.157859
1.157859
1.157859
1.157859
1.157859
1.157859
1.157858
1.157858
1.157858
1.157858
1.157858
1.157858
1.157858
1.157857
1.157857
1.157857
1.157857
1.157857
1.157857
1.157856
1.157856
1.157856
1.157856
1.157856
1.157856
1.157856
1.157855
1.157855
1.157855
1.157855
1.157855
1.157855
1.157854
1.157854
1.157854
1.157854
1.157854
1.157854
1.157853
1.157853
1.157853
1.157853
1.157853
1.157853
1.157852
1.157852
1.157427
1.157656
1.157918
1.157889
1.157862
1.157865
1.157867
1.157867
1.157866
1.157866
1.157866
1.157866
1.157866
1.157866
1.157865
1.157865
1.157865
1.157865
1.157865
1.157865
1.157865
1.157864
1.157864
1.157864
1.157864
1.157864
1.157864
1.157863
1.157863
1.157863
1.157863
1.157863
1.157863
1.157863
1.157862
1.157862
1.157862
1.157862
1.157862
1.157862
1.157861
1.157861
1.157861
1.157861
1.157861
1.157861
1.157861
1.15786
1.15786
1.15786
1.15786
1.15786
1.15786
1.15786
1.157859
1.157859
1.157859
1.157859
1.157859
1.157859
1.157858
1.157858
1.157858
1.157858
1.157858
1.157858
1.157858
1.157857
1.157857
1.157857
1.157857
1.157857
1.157857
1.157856
1.157856
1.157856
1.157856
1.157856
1.157856
1.157856
1.157855
1.157855
1.157855
1.157855
1.157855
1.157855
1.157854
1.157854
1.157854
1.157854
1.157854
1.157854
1.157854
1.157853
1.157853
1.157853
1.157853
1.157853
1.157853
1.157852
1.157427
1.157656
1.157918
1.157889
1.157862
1.157865
1.157867
1.157867
1.157866
1.157866
1.157866
1.157866
1.157866
1.157866
1.157865
1.157865
1.157865
1.157865
1.157865
1.157865
1.157865
1.157864
1.157864
1.157864
1.157864
1.157864
1.157864
1.157863
1.157863
1.157863
1.157863
1.157863
1.157863
1.157863
1.157862
1.157862
1.157862
1.157862
1.157862
1.157862
1.157861
1.157861
1.157861
1.157861
1.157861
1.157861
1.157861
1.15786
1.15786
1.15786
1.15786
1.15786
1.15786
1.157859
1.157859
1.157859
1.157859
1.157859
1.157859
1.157859
1.157858
1.157858
1.157858
1.157858
1.157858
1.157858
1.157858
1.157857
1.157857
1.157857
1.157857
1.157857
1.157857
1.157856
1.157856
1.157856
1.157856
1.157856
1.157856
1.157856
1.157855
1.157855
1.157855
1.157855
1.157855
1.157855
1.157854
1.157854
1.157854
1.157854
1.157854
1.157854
1.157854
1.157853
1.157853
1.157853
1.157853
1.157853
1.157853
1.157852
1.157427
1.157656
1.157918
1.157889
1.157862
1.157865
1.157867
1.157867
1.157866
1.157866
1.157866
1.157866
1.157866
1.157866
1.157865
1.157865
1.157865
1.157865
1.157865
1.157865
1.157865
1.157864
1.157864
1.157864
1.157864
1.157864
1.157864
1.157863
1.157863
1.157863
1.157863
1.157863
1.157863
1.157863
1.157862
1.157862
1.157862
1.157862
1.157862
1.157862
1.157861
1.157861
1.157861
1.157861
1.157861
1.157861
1.157861
1.15786
1.15786
1.15786
1.15786
1.15786
1.15786
1.157859
1.157859
1.157859
1.157859
1.157859
1.157859
1.157859
1.157858
1.157858
1.157858
1.157858
1.157858
1.157858
1.157858
1.157857
1.157857
1.157857
1.157857
1.157857
1.157857
1.157856
1.157856
1.157856
1.157856
1.157856
1.157856
1.157856
1.157855
1.157855
1.157855
1.157855
1.157855
1.157855
1.157854
1.157854
1.157854
1.157854
1.157854
1.157854
1.157854
1.157853
1.157853
1.157853
1.157853
1.157853
1.157853
1.157852
1.157427
1.157656
1.157918
1.157889
1.157862
1.157865
1.157867
1.157867
1.157866
1.157866
1.157866
1.157866
1.157866
1.157866
1.157865
1.157865
1.157865
1.157865
1.157865
1.157865
1.157864
1.157864
1.157864
1.157864
1.157864
1.157864
1.157864
1.157863
1.157863
1.157863
1.157863
1.157863
1.157863
1.157863
1.157862
1.157862
1.157862
1.157862
1.157862
1.157862
1.157861
1.157861
1.157861
1.157861
1.157861
1.157861
1.157861
1.15786
1.15786
1.15786
1.15786
1.15786
1.15786
1.157859
1.157859
1.157859
1.157859
1.157859
1.157859
1.157859
1.157858
1.157858
1.157858
1.157858
1.157858
1.157858
1.157858
1.157857
1.157857
1.157857
1.157857
1.157857
1.157857
1.157856
1.157856
1.157856
1.157856
1.157856
1.157856
1.157856
1.157855
1.157855
1.157855
1.157855
1.157855
1.157855
1.157854
1.157854
1.157854
1.157854
1.157854
1.157854
1.157854
1.157853
1.157853
1.157853
1.157853
1.157853
1.157853
1.157852
1.157427
1.157656
1.157918
1.157889
1.157862
1.157865
1.157867
1.157867
1.157866
1.157866
1.157866
1.157866
1.157866
1.157866
1.157865
1.157865
1.157865
1.157865
1.157865
1.157865
1.157864
1.157864
1.157864
1.157864
1.157864
1.157864
1.157864
1.157863
1.157863
1.157863
1.157863
1.157863
1.157863
1.157863
1.157862
1.157862
1.157862
1.157862
1.157862
1.157862
1.157861
1.157861
1.157861
1.157861
1.157861
1.157861
1.157861
1.15786
1.15786
1.15786
1.15786
1.15786
1.15786
1.157859
1.157859
1.157859
1.157859
1.157859
1.157859
1.157859
1.157858
1.157858
1.157858
1.157858
1.157858
1.157858
1.157858
1.157857
1.157857
1.157857
1.157857
1.157857
1.157857
1.157856
1.157856
1.157856
1.157856
1.157856
1.157856
1.157856
1.157855
1.157855
1.157855
1.157855
1.157855
1.157855
1.157854
1.157854
1.157854
1.157854
1.157854
1.157854
1.157854
1.157853
1.157853
1.157853
1.157853
1.157853
1.157853
1.157852
1.157427
1.157656
1.157918
1.157889
1.157862
1.157865
1.157867
1.157867
1.157866
1.157866
1.157866
1.157866
1.157866
1.157866
1.157865
1.157865
1.157865
1.157865
1.157865
1.157865
1.157864
1.157864
1.157864
1.157864
1.157864
1.157864
1.157864
1.157863
1.157863
1.157863
1.157863
1.157863
1.157863
1.157863
1.157862
1.157862
1.157862
1.157862
1.157862
1.157862
1.157861
1.157861
1.157861
1.157861
1.157861
1.157861
1.157861
1.15786
1.15786
1.15786
1.15786
1.15786
1.15786
1.157859
1.157859
1.157859
1.157859
1.157859
1.157859
1.157859
1.157858
1.157858
1.157858
1.157858
1.157858
1.157858
1.157858
1.157857
1.157857
1.157857
1.157857
1.157857
1.157857
1.157856
1.157856
1.157856
1.157856
1.157856
1.157856
1.157856
1.157855
1.157855
1.157855
1.157855
1.157855
1.157855
1.157854
1.157854
1.157854
1.157854
1.157854
1.157854
1.157854
1.157853
1.157853
1.157853
1.157853
1.157853
1.157853
1.157852
1.157427
1.157656
1.157918
1.157889
1.157862
1.157865
1.157867
1.157867
1.157866
1.157866
1.157866
1.157866
1.157866
1.157866
1.157865
1.157865
1.157865
1.157865
1.157865
1.157865
1.157864
1.157864
1.157864
1.157864
1.157864
1.157864
1.157864
1.157863
1.157863
1.157863
1.157863
1.157863
1.157863
1.157863
1.157862
1.157862
1.157862
1.157862
1.157862
1.157862
1.157861
1.157861
1.157861
1.157861
1.157861
1.157861
1.157861
1.15786
1.15786
1.15786
1.15786
1.15786
1.15786
1.157859
1.157859
1.157859
1.157859
1.157859
1.157859
1.157859
1.157858
1.157858
1.157858
1.157858
1.157858
1.157858
1.157858
1.157857
1.157857
1.157857
1.157857
1.157857
1.157857
1.157856
1.157856
1.157856
1.157856
1.157856
1.157856
1.157856
1.157855
1.157855
1.157855
1.157855
1.157855
1.157855
1.157854
1.157854
1.157854
1.157854
1.157854
1.157854
1.157854
1.157853
1.157853
1.157853
1.157853
1.157853
1.157853
1.157852
1.157427
1.157656
1.157918
1.157889
1.157861
1.157865
1.157867
1.157867
1.157866
1.157866
1.157866
1.157866
1.157866
1.157866
1.157865
1.157865
1.157865
1.157865
1.157865
1.157865
1.157864
1.157864
1.157864
1.157864
1.157864
1.157864
1.157864
1.157863
1.157863
1.157863
1.157863
1.157863
1.157863
1.157863
1.157862
1.157862
1.157862
1.157862
1.157862
1.157862
1.157861
1.157861
1.157861
1.157861
1.157861
1.157861
1.157861
1.15786
1.15786
1.15786
1.15786
1.15786
1.15786
1.157859
1.157859
1.157859
1.157859
1.157859
1.157859
1.157859
1.157858
1.157858
1.157858
1.157858
1.157858
1.157858
1.157858
1.157857
1.157857
1.157857
1.157857
1.157857
1.157857
1.157856
1.157856
1.157856
1.157856
1.157856
1.157856
1.157856
1.157855
1.157855
1.157855
1.157855
1.157855
1.157855
1.157854
1.157854
1.157854
1.157854
1.157854
1.157854
1.157854
1.157853
1.157853
1.157853
1.157853
1.157853
1.157853
1.157852
1.157427
1.157656
1.157918
1.157889
1.157861
1.157865
1.157867
1.157867
1.157866
1.157866
1.157866
1.157866
1.157866
1.157866
1.157865
1.157865
1.157865
1.157865
1.157865
1.157865
1.157864
1.157864
1.157864
1.157864
1.157864
1.157864
1.157864
1.157863
1.157863
1.157863
1.157863
1.157863
1.157863
1.157862
1.157862
1.157862
1.157862
1.157862
1.157862
1.157862
1.157861
1.157861
1.157861
1.157861
1.157861
1.157861
1.157861
1.15786
1.15786
1.15786
1.15786
1.15786
1.15786
1.157859
1.157859
1.157859
1.157859
1.157859
1.157859
1.157859
1.157858
1.157858
1.157858
1.157858
1.157858
1.157858
1.157858
1.157857
1.157857
1.157857
1.157857
1.157857
1.157857
1.157856
1.157856
1.157856
1.157856
1.157856
1.157856
1.157856
1.157855
1.157855
1.157855
1.157855
1.157855
1.157855
1.157854
1.157854
1.157854
1.157854
1.157854
1.157854
1.157854
1.157853
1.157853
1.157853
1.157853
1.157853
1.157853
1.157853
1.157427
1.157656
1.157918
1.157889
1.157861
1.157865
1.157867
1.157867
1.157866
1.157866
1.157866
1.157866
1.157866
1.157866
1.157865
1.157865
1.157865
1.157865
1.157865
1.157865
1.157864
1.157864
1.157864
1.157864
1.157864
1.157864
1.157864
1.157863
1.157863
1.157863
1.157863
1.157863
1.157863
1.157862
1.157862
1.157862
1.157862
1.157862
1.157862
1.157862
1.157861
1.157861
1.157861
1.157861
1.157861
1.157861
1.157861
1.15786
1.15786
1.15786
1.15786
1.15786
1.15786
1.157859
1.157859
1.157859
1.157859
1.157859
1.157859
1.157859
1.157858
1.157858
1.157858
1.157858
1.157858
1.157858
1.157857
1.157857
1.157857
1.157857
1.157857
1.157857
1.157857
1.157856
1.157856
1.157856
1.157856
1.157856
1.157856
1.157856
1.157855
1.157855
1.157855
1.157855
1.157855
1.157855
1.157854
1.157854
1.157854
1.157854
1.157854
1.157854
1.157854
1.157853
1.157853
1.157853
1.157853
1.157853
1.157853
1.157853
1.157427
1.157656
1.157918
1.157889
1.157861
1.157865
1.157867
1.157867
1.157866
1.157866
1.157866
1.157866
1.157866
1.157866
1.157865
1.157865
1.157865
1.157865
1.157865
1.157865
1.157864
1.157864
1.157864
1.157864
1.157864
1.157864
1.157864
1.157863
1.157863
1.157863
1.157863
1.157863
1.157863
1.157862
1.157862
1.157862
1.157862
1.157862
1.157862
1.157862
1.157861
1.157861
1.157861
1.157861
1.157861
1.157861
1.157861
1.15786
1.15786
1.15786
1.15786
1.15786
1.15786
1.157859
1.157859
1.157859
1.157859
1.157859
1.157859
1.157859
1.157858
1.157858
1.157858
1.157858
1.157858
1.157858
1.157857
1.157857
1.157857
1.157857
1.157857
1.157857
1.157857
1.157856
1.157856
1.157856
1.157856
1.157856
1.157856
1.157856
1.157855
1.157855
1.157855
1.157855
1.157855
1.157855
1.157854
1.157854
1.157854
1.157854
1.157854
1.157854
1.157854
1.157853
1.157853
1.157853
1.157853
1.157853
1.157853
1.157853
1.157427
1.157656
1.157918
1.157889
1.157861
1.157865
1.157867
1.157867
1.157866
1.157866
1.157866
1.157866
1.157866
1.157866
1.157865
1.157865
1.157865
1.157865
1.157865
1.157865
1.157864
1.157864
1.157864
1.157864
1.157864
1.157864
1.157864
1.157863
1.157863
1.157863
1.157863
1.157863
1.157863
1.157862
1.157862
1.157862
1.157862
1.157862
1.157862
1.157862
1.157861
1.157861
1.157861
1.157861
1.157861
1.157861
1.157861
1.15786
1.15786
1.15786
1.15786
1.15786
1.15786
1.157859
1.157859
1.157859
1.157859
1.157859
1.157859
1.157859
1.157858
1.157858
1.157858
1.157858
1.157858
1.157858
1.157857
1.157857
1.157857
1.157857
1.157857
1.157857
1.157857
1.157856
1.157856
1.157856
1.157856
1.157856
1.157856
1.157856
1.157855
1.157855
1.157855
1.157855
1.157855
1.157855
1.157854
1.157854
1.157854
1.157854
1.157854
1.157854
1.157854
1.157853
1.157853
1.157853
1.157853
1.157853
1.157853
1.157853
1.157427
1.157656
1.157918
1.157889
1.157861
1.157865
1.157867
1.157867
1.157866
1.157866
1.157866
1.157866
1.157866
1.157866
1.157865
1.157865
1.157865
1.157865
1.157865
1.157865
1.157864
1.157864
1.157864
1.157864
1.157864
1.157864
1.157864
1.157863
1.157863
1.157863
1.157863
1.157863
1.157863
1.157862
1.157862
1.157862
1.157862
1.157862
1.157862
1.157862
1.157861
1.157861
1.157861
1.157861
1.157861
1.157861
1.157861
1.15786
1.15786
1.15786
1.15786
1.15786
1.15786
1.157859
1.157859
1.157859
1.157859
1.157859
1.157859
1.157859
1.157858
1.157858
1.157858
1.157858
1.157858
1.157858
1.157857
1.157857
1.157857
1.157857
1.157857
1.157857
1.157857
1.157856
1.157856
1.157856
1.157856
1.157856
1.157856
1.157856
1.157855
1.157855
1.157855
1.157855
1.157855
1.157855
1.157854
1.157854
1.157854
1.157854
1.157854
1.157854
1.157854
1.157853
1.157853
1.157853
1.157853
1.157853
1.157853
1.157853
1.157427
1.157655
1.157918
1.157889
1.157861
1.157865
1.157867
1.157867
1.157866
1.157866
1.157866
1.157866
1.157866
1.157866
1.157865
1.157865
1.157865
1.157865
1.157865
1.157865
1.157864
1.157864
1.157864
1.157864
1.157864
1.157864
1.157864
1.157863
1.157863
1.157863
1.157863
1.157863
1.157863
1.157862
1.157862
1.157862
1.157862
1.157862
1.157862
1.157862
1.157861
1.157861
1.157861
1.157861
1.157861
1.157861
1.157861
1.15786
1.15786
1.15786
1.15786
1.15786
1.15786
1.157859
1.157859
1.157859
1.157859
1.157859
1.157859
1.157859
1.157858
1.157858
1.157858
1.157858
1.157858
1.157858
1.157857
1.157857
1.157857
1.157857
1.157857
1.157857
1.157857
1.157856
1.157856
1.157856
1.157856
1.157856
1.157856
1.157856
1.157855
1.157855
1.157855
1.157855
1.157855
1.157855
1.157854
1.157854
1.157854
1.157854
1.157854
1.157854
1.157854
1.157853
1.157853
1.157853
1.157853
1.157853
1.157853
1.157853
1.157427
1.157655
1.157918
1.157889
1.157861
1.157864
1.157867
1.157867
1.157866
1.157866
1.157866
1.157866
1.157866
1.157865
1.157865
1.157865
1.157865
1.157865
1.157865
1.157865
1.157864
1.157864
1.157864
1.157864
1.157864
1.157864
1.157864
1.157863
1.157863
1.157863
1.157863
1.157863
1.157863
1.157862
1.157862
1.157862
1.157862
1.157862
1.157862
1.157862
1.157861
1.157861
1.157861
1.157861
1.157861
1.157861
1.157861
1.15786
1.15786
1.15786
1.15786
1.15786
1.15786
1.157859
1.157859
1.157859
1.157859
1.157859
1.157859
1.157859
1.157858
1.157858
1.157858
1.157858
1.157858
1.157858
1.157857
1.157857
1.157857
1.157857
1.157857
1.157857
1.157857
1.157856
1.157856
1.157856
1.157856
1.157856
1.157856
1.157856
1.157855
1.157855
1.157855
1.157855
1.157855
1.157855
1.157854
1.157854
1.157854
1.157854
1.157854
1.157854
1.157854
1.157853
1.157853
1.157853
1.157853
1.157853
1.157853
1.157853
1.157427
1.157655
1.157918
1.157889
1.157861
1.157864
1.157867
1.157867
1.157866
1.157866
1.157866
1.157866
1.157866
1.157865
1.157865
1.157865
1.157865
1.157865
1.157865
1.157865
1.157864
1.157864
1.157864
1.157864
1.157864
1.157864
1.157864
1.157863
1.157863
1.157863
1.157863
1.157863
1.157863
1.157862
1.157862
1.157862
1.157862
1.157862
1.157862
1.157862
1.157861
1.157861
1.157861
1.157861
1.157861
1.157861
1.157861
1.15786
1.15786
1.15786
1.15786
1.15786
1.15786
1.157859
1.157859
1.157859
1.157859
1.157859
1.157859
1.157859
1.157858
1.157858
1.157858
1.157858
1.157858
1.157858
1.157857
1.157857
1.157857
1.157857
1.157857
1.157857
1.157857
1.157856
1.157856
1.157856
1.157856
1.157856
1.157856
1.157856
1.157855
1.157855
1.157855
1.157855
1.157855
1.157855
1.157854
1.157854
1.157854
1.157854
1.157854
1.157854
1.157854
1.157853
1.157853
1.157853
1.157853
1.157853
1.157853
1.157853
1.157427
1.157655
1.157918
1.157889
1.157861
1.157864
1.157867
1.157867
1.157866
1.157866
1.157866
1.157866
1.157866
1.157865
1.157865
1.157865
1.157865
1.157865
1.157865
1.157865
1.157864
1.157864
1.157864
1.157864
1.157864
1.157864
1.157864
1.157863
1.157863
1.157863
1.157863
1.157863
1.157863
1.157862
1.157862
1.157862
1.157862
1.157862
1.157862
1.157862
1.157861
1.157861
1.157861
1.157861
1.157861
1.157861
1.157861
1.15786
1.15786
1.15786
1.15786
1.15786
1.15786
1.157859
1.157859
1.157859
1.157859
1.157859
1.157859
1.157859
1.157858
1.157858
1.157858
1.157858
1.157858
1.157858
1.157857
1.157857
1.157857
1.157857
1.157857
1.157857
1.157857
1.157856
1.157856
1.157856
1.157856
1.157856
1.157856
1.157856
1.157855
1.157855
1.157855
1.157855
1.157855
1.157855
1.157854
1.157854
1.157854
1.157854
1.157854
1.157854
1.157854
1.157853
1.157853
1.157853
1.157853
1.157853
1.157853
1.157853
1.157427
1.157655
1.157918
1.157889
1.157861
1.157864
1.157867
1.157867
1.157866
1.157866
1.157866
1.157866
1.157866
1.157865
1.157865
1.157865
1.157865
1.157865
1.157865
1.157865
1.157864
1.157864
1.157864
1.157864
1.157864
1.157864
1.157864
1.157863
1.157863
1.157863
1.157863
1.157863
1.157863
1.157862
1.157862
1.157862
1.157862
1.157862
1.157862
1.157862
1.157861
1.157861
1.157861
1.157861
1.157861
1.157861
1.157861
1.15786
1.15786
1.15786
1.15786
1.15786
1.15786
1.157859
1.157859
1.157859
1.157859
1.157859
1.157859
1.157859
1.157858
1.157858
1.157858
1.157858
1.157858
1.157858
1.157857
1.157857
1.157857
1.157857
1.157857
1.157857
1.157857
1.157856
1.157856
1.157856
1.157856
1.157856
1.157856
1.157856
1.157855
1.157855
1.157855
1.157855
1.157855
1.157855
1.157854
1.157854
1.157854
1.157854
1.157854
1.157854
1.157854
1.157853
1.157853
1.157853
1.157853
1.157853
1.157853
1.157853
1.157427
1.157655
1.157918
1.157889
1.157861
1.157864
1.157867
1.157867
1.157866
1.157866
1.157866
1.157866
1.157866
1.157865
1.157865
1.157865
1.157865
1.157865
1.157865
1.157865
1.157864
1.157864
1.157864
1.157864
1.157864
1.157864
1.157864
1.157863
1.157863
1.157863
1.157863
1.157863
1.157863
1.157862
1.157862
1.157862
1.157862
1.157862
1.157862
1.157862
1.157861
1.157861
1.157861
1.157861
1.157861
1.157861
1.157861
1.15786
1.15786
1.15786
1.15786
1.15786
1.15786
1.157859
1.157859
1.157859
1.157859
1.157859
1.157859
1.157859
1.157858
1.157858
1.157858
1.157858
1.157858
1.157858
1.157857
1.157857
1.157857
1.157857
1.157857
1.157857
1.157857
1.157856
1.157856
1.157856
1.157856
1.157856
1.157856
1.157856
1.157855
1.157855
1.157855
1.157855
1.157855
1.157855
1.157854
1.157854
1.157854
1.157854
1.157854
1.157854
1.157854
1.157853
1.157853
1.157853
1.157853
1.157853
1.157853
1.157853
1.157427
1.157655
1.157918
1.157889
1.157861
1.157864
1.157867
1.157867
1.157866
1.157866
1.157866
1.157866
1.157866
1.157865
1.157865
1.157865
1.157865
1.157865
1.157865
1.157865
1.157864
1.157864
1.157864
1.157864
1.157864
1.157864
1.157864
1.157863
1.157863
1.157863
1.157863
1.157863
1.157863
1.157862
1.157862
1.157862
1.157862
1.157862
1.157862
1.157862
1.157861
1.157861
1.157861
1.157861
1.157861
1.157861
1.157861
1.15786
1.15786
1.15786
1.15786
1.15786
1.15786
1.157859
1.157859
1.157859
1.157859
1.157859
1.157859
1.157859
1.157858
1.157858
1.157858
1.157858
1.157858
1.157858
1.157857
1.157857
1.157857
1.157857
1.157857
1.157857
1.157857
1.157856
1.157856
1.157856
1.157856
1.157856
1.157856
1.157856
1.157855
1.157855
1.157855
1.157855
1.157855
1.157855
1.157854
1.157854
1.157854
1.157854
1.157854
1.157854
1.157854
1.157853
1.157853
1.157853
1.157853
1.157853
1.157853
1.157853
1.157427
1.157655
1.157918
1.157889
1.157861
1.157864
1.157867
1.157867
1.157866
1.157866
1.157866
1.157866
1.157866
1.157865
1.157865
1.157865
1.157865
1.157865
1.157865
1.157865
1.157864
1.157864
1.157864
1.157864
1.157864
1.157864
1.157864
1.157863
1.157863
1.157863
1.157863
1.157863
1.157863
1.157862
1.157862
1.157862
1.157862
1.157862
1.157862
1.157862
1.157861
1.157861
1.157861
1.157861
1.157861
1.157861
1.157861
1.15786
1.15786
1.15786
1.15786
1.15786
1.15786
1.157859
1.157859
1.157859
1.157859
1.157859
1.157859
1.157859
1.157858
1.157858
1.157858
1.157858
1.157858
1.157858
1.157857
1.157857
1.157857
1.157857
1.157857
1.157857
1.157857
1.157856
1.157856
1.157856
1.157856
1.157856
1.157856
1.157856
1.157855
1.157855
1.157855
1.157855
1.157855
1.157855
1.157854
1.157854
1.157854
1.157854
1.157854
1.157854
1.157854
1.157853
1.157853
1.157853
1.157853
1.157853
1.157853
1.157853
1.157427
1.157655
1.157918
1.157889
1.157861
1.157864
1.157867
1.157867
1.157866
1.157866
1.157866
1.157866
1.157866
1.157865
1.157865
1.157865
1.157865
1.157865
1.157865
1.157865
1.157864
1.157864
1.157864
1.157864
1.157864
1.157864
1.157864
1.157863
1.157863
1.157863
1.157863
1.157863
1.157863
1.157862
1.157862
1.157862
1.157862
1.157862
1.157862
1.157862
1.157861
1.157861
1.157861
1.157861
1.157861
1.157861
1.157861
1.15786
1.15786
1.15786
1.15786
1.15786
1.15786
1.157859
1.157859
1.157859
1.157859
1.157859
1.157859
1.157859
1.157858
1.157858
1.157858
1.157858
1.157858
1.157858
1.157857
1.157857
1.157857
1.157857
1.157857
1.157857
1.157857
1.157856
1.157856
1.157856
1.157856
1.157856
1.157856
1.157856
1.157855
1.157855
1.157855
1.157855
1.157855
1.157855
1.157854
1.157854
1.157854
1.157854
1.157854
1.157854
1.157854
1.157853
1.157853
1.157853
1.157853
1.157853
1.157853
1.157853
1.157427
1.157655
1.157918
1.157889
1.157861
1.157864
1.157867
1.157867
1.157866
1.157866
1.157866
1.157866
1.157866
1.157865
1.157865
1.157865
1.157865
1.157865
1.157865
1.157865
1.157864
1.157864
1.157864
1.157864
1.157864
1.157864
1.157864
1.157863
1.157863
1.157863
1.157863
1.157863
1.157863
1.157862
1.157862
1.157862
1.157862
1.157862
1.157862
1.157862
1.157861
1.157861
1.157861
1.157861
1.157861
1.157861
1.157861
1.15786
1.15786
1.15786
1.15786
1.15786
1.15786
1.157859
1.157859
1.157859
1.157859
1.157859
1.157859
1.157859
1.157858
1.157858
1.157858
1.157858
1.157858
1.157858
1.157857
1.157857
1.157857
1.157857
1.157857
1.157857
1.157857
1.157856
1.157856
1.157856
1.157856
1.157856
1.157856
1.157856
1.157855
1.157855
1.157855
1.157855
1.157855
1.157855
1.157854
1.157854
1.157854
1.157854
1.157854
1.157854
1.157854
1.157853
1.157853
1.157853
1.157853
1.157853
1.157853
1.157853
1.157427
1.157655
1.157918
1.157889
1.157861
1.157864
1.157867
1.157867
1.157866
1.157866
1.157866
1.157866
1.157866
1.157865
1.157865
1.157865
1.157865
1.157865
1.157865
1.157865
1.157864
1.157864
1.157864
1.157864
1.157864
1.157864
1.157864
1.157863
1.157863
1.157863
1.157863
1.157863
1.157863
1.157862
1.157862
1.157862
1.157862
1.157862
1.157862
1.157862
1.157861
1.157861
1.157861
1.157861
1.157861
1.157861
1.157861
1.15786
1.15786
1.15786
1.15786
1.15786
1.15786
1.157859
1.157859
1.157859
1.157859
1.157859
1.157859
1.157859
1.157858
1.157858
1.157858
1.157858
1.157858
1.157858
1.157857
1.157857
1.157857
1.157857
1.157857
1.157857
1.157857
1.157856
1.157856
1.157856
1.157856
1.157856
1.157856
1.157856
1.157855
1.157855
1.157855
1.157855
1.157855
1.157855
1.157854
1.157854
1.157854
1.157854
1.157854
1.157854
1.157854
1.157853
1.157853
1.157853
1.157853
1.157853
1.157853
1.157853
1.157427
1.157655
1.157918
1.157889
1.157861
1.157864
1.157867
1.157867
1.157866
1.157866
1.157866
1.157866
1.157866
1.157865
1.157865
1.157865
1.157865
1.157865
1.157865
1.157865
1.157864
1.157864
1.157864
1.157864
1.157864
1.157864
1.157864
1.157863
1.157863
1.157863
1.157863
1.157863
1.157863
1.157862
1.157862
1.157862
1.157862
1.157862
1.157862
1.157862
1.157861
1.157861
1.157861
1.157861
1.157861
1.157861
1.157861
1.15786
1.15786
1.15786
1.15786
1.15786
1.15786
1.157859
1.157859
1.157859
1.157859
1.157859
1.157859
1.157859
1.157858
1.157858
1.157858
1.157858
1.157858
1.157858
1.157857
1.157857
1.157857
1.157857
1.157857
1.157857
1.157857
1.157856
1.157856
1.157856
1.157856
1.157856
1.157856
1.157856
1.157855
1.157855
1.157855
1.157855
1.157855
1.157855
1.157854
1.157854
1.157854
1.157854
1.157854
1.157854
1.157854
1.157853
1.157853
1.157853
1.157853
1.157853
1.157853
1.157853
1.157427
1.157655
1.157918
1.157889
1.157861
1.157864
1.157867
1.157867
1.157866
1.157866
1.157866
1.157866
1.157866
1.157865
1.157865
1.157865
1.157865
1.157865
1.157865
1.157865
1.157864
1.157864
1.157864
1.157864
1.157864
1.157864
1.157864
1.157863
1.157863
1.157863
1.157863
1.157863
1.157863
1.157862
1.157862
1.157862
1.157862
1.157862
1.157862
1.157862
1.157861
1.157861
1.157861
1.157861
1.157861
1.157861
1.157861
1.15786
1.15786
1.15786
1.15786
1.15786
1.15786
1.157859
1.157859
1.157859
1.157859
1.157859
1.157859
1.157859
1.157858
1.157858
1.157858
1.157858
1.157858
1.157858
1.157857
1.157857
1.157857
1.157857
1.157857
1.157857
1.157857
1.157856
1.157856
1.157856
1.157856
1.157856
1.157856
1.157856
1.157855
1.157855
1.157855
1.157855
1.157855
1.157855
1.157854
1.157854
1.157854
1.157854
1.157854
1.157854
1.157854
1.157853
1.157853
1.157853
1.157853
1.157853
1.157853
1.157853
1.157427
1.157655
1.157918
1.157889
1.157861
1.157864
1.157867
1.157867
1.157866
1.157866
1.157866
1.157866
1.157866
1.157865
1.157865
1.157865
1.157865
1.157865
1.157865
1.157865
1.157864
1.157864
1.157864
1.157864
1.157864
1.157864
1.157864
1.157863
1.157863
1.157863
1.157863
1.157863
1.157863
1.157862
1.157862
1.157862
1.157862
1.157862
1.157862
1.157862
1.157861
1.157861
1.157861
1.157861
1.157861
1.157861
1.157861
1.15786
1.15786
1.15786
1.15786
1.15786
1.15786
1.157859
1.157859
1.157859
1.157859
1.157859
1.157859
1.157859
1.157858
1.157858
1.157858
1.157858
1.157858
1.157858
1.157857
1.157857
1.157857
1.157857
1.157857
1.157857
1.157857
1.157856
1.157856
1.157856
1.157856
1.157856
1.157856
1.157856
1.157855
1.157855
1.157855
1.157855
1.157855
1.157855
1.157855
1.157854
1.157854
1.157854
1.157854
1.157854
1.157854
1.157853
1.157853
1.157853
1.157853
1.157853
1.157853
1.157853
1.157427
1.157655
1.157918
1.157889
1.157861
1.157864
1.157867
1.157867
1.157866
1.157866
1.157866
1.157866
1.157866
1.157865
1.157865
1.157865
1.157865
1.157865
1.157865
1.157865
1.157864
1.157864
1.157864
1.157864
1.157864
1.157864
1.157864
1.157863
1.157863
1.157863
1.157863
1.157863
1.157863
1.157862
1.157862
1.157862
1.157862
1.157862
1.157862
1.157862
1.157861
1.157861
1.157861
1.157861
1.157861
1.157861
1.157861
1.15786
1.15786
1.15786
1.15786
1.15786
1.15786
1.157859
1.157859
1.157859
1.157859
1.157859
1.157859
1.157859
1.157858
1.157858
1.157858
1.157858
1.157858
1.157858
1.157857
1.157857
1.157857
1.157857
1.157857
1.157857
1.157857
1.157856
1.157856
1.157856
1.157856
1.157856
1.157856
1.157856
1.157855
1.157855
1.157855
1.157855
1.157855
1.157855
1.157855
1.157854
1.157854
1.157854
1.157854
1.157854
1.157854
1.157853
1.157853
1.157853
1.157853
1.157853
1.157853
1.157853
1.157427
1.157655
1.157918
1.157889
1.157861
1.157864
1.157867
1.157867
1.157866
1.157866
1.157866
1.157866
1.157866
1.157865
1.157865
1.157865
1.157865
1.157865
1.157865
1.157865
1.157864
1.157864
1.157864
1.157864
1.157864
1.157864
1.157864
1.157863
1.157863
1.157863
1.157863
1.157863
1.157863
1.157862
1.157862
1.157862
1.157862
1.157862
1.157862
1.157862
1.157861
1.157861
1.157861
1.157861
1.157861
1.157861
1.157861
1.15786
1.15786
1.15786
1.15786
1.15786
1.15786
1.157859
1.157859
1.157859
1.157859
1.157859
1.157859
1.157859
1.157858
1.157858
1.157858
1.157858
1.157858
1.157858
1.157857
1.157857
1.157857
1.157857
1.157857
1.157857
1.157857
1.157856
1.157856
1.157856
1.157856
1.157856
1.157856
1.157856
1.157855
1.157855
1.157855
1.157855
1.157855
1.157855
1.157855
1.157854
1.157854
1.157854
1.157854
1.157854
1.157854
1.157853
1.157853
1.157853
1.157853
1.157853
1.157853
1.157853
1.157427
1.157655
1.157918
1.157889
1.157861
1.157864
1.157867
1.157867
1.157866
1.157866
1.157866
1.157866
1.157866
1.157865
1.157865
1.157865
1.157865
1.157865
1.157865
1.157865
1.157864
1.157864
1.157864
1.157864
1.157864
1.157864
1.157864
1.157863
1.157863
1.157863
1.157863
1.157863
1.157863
1.157862
1.157862
1.157862
1.157862
1.157862
1.157862
1.157862
1.157861
1.157861
1.157861
1.157861
1.157861
1.157861
1.157861
1.15786
1.15786
1.15786
1.15786
1.15786
1.15786
1.157859
1.157859
1.157859
1.157859
1.157859
1.157859
1.157859
1.157858
1.157858
1.157858
1.157858
1.157858
1.157858
1.157857
1.157857
1.157857
1.157857
1.157857
1.157857
1.157857
1.157856
1.157856
1.157856
1.157856
1.157856
1.157856
1.157856
1.157855
1.157855
1.157855
1.157855
1.157855
1.157855
1.157855
1.157854
1.157854
1.157854
1.157854
1.157854
1.157854
1.157853
1.157853
1.157853
1.157853
1.157853
1.157853
1.157853
1.157427
1.157655
1.157918
1.157889
1.157861
1.157864
1.157867
1.157867
1.157866
1.157866
1.157866
1.157866
1.157866
1.157865
1.157865
1.157865
1.157865
1.157865
1.157865
1.157865
1.157864
1.157864
1.157864
1.157864
1.157864
1.157864
1.157864
1.157863
1.157863
1.157863
1.157863
1.157863
1.157863
1.157862
1.157862
1.157862
1.157862
1.157862
1.157862
1.157862
1.157861
1.157861
1.157861
1.157861
1.157861
1.157861
1.157861
1.15786
1.15786
1.15786
1.15786
1.15786
1.15786
1.157859
1.157859
1.157859
1.157859
1.157859
1.157859
1.157859
1.157858
1.157858
1.157858
1.157858
1.157858
1.157858
1.157857
1.157857
1.157857
1.157857
1.157857
1.157857
1.157857
1.157856
1.157856
1.157856
1.157856
1.157856
1.157856
1.157856
1.157855
1.157855
1.157855
1.157855
1.157855
1.157855
1.157855
1.157854
1.157854
1.157854
1.157854
1.157854
1.157854
1.157853
1.157853
1.157853
1.157853
1.157853
1.157853
1.157853
1.157427
1.157655
1.157918
1.157889
1.157861
1.157864
1.157867
1.157867
1.157866
1.157866
1.157866
1.157866
1.157866
1.157865
1.157865
1.157865
1.157865
1.157865
1.157865
1.157865
1.157864
1.157864
1.157864
1.157864
1.157864
1.157864
1.157864
1.157863
1.157863
1.157863
1.157863
1.157863
1.157863
1.157862
1.157862
1.157862
1.157862
1.157862
1.157862
1.157862
1.157861
1.157861
1.157861
1.157861
1.157861
1.157861
1.15786
1.15786
1.15786
1.15786
1.15786
1.15786
1.15786
1.157859
1.157859
1.157859
1.157859
1.157859
1.157859
1.157859
1.157858
1.157858
1.157858
1.157858
1.157858
1.157858
1.157857
1.157857
1.157857
1.157857
1.157857
1.157857
1.157857
1.157856
1.157856
1.157856
1.157856
1.157856
1.157856
1.157856
1.157855
1.157855
1.157855
1.157855
1.157855
1.157855
1.157855
1.157854
1.157854
1.157854
1.157854
1.157854
1.157854
1.157853
1.157853
1.157853
1.157853
1.157853
1.157853
1.157853
1.157427
1.157655
1.157918
1.157889
1.157861
1.157864
1.157867
1.157867
1.157866
1.157866
1.157866
1.157866
1.157866
1.157865
1.157865
1.157865
1.157865
1.157865
1.157865
1.157865
1.157864
1.157864
1.157864
1.157864
1.157864
1.157864
1.157864
1.157863
1.157863
1.157863
1.157863
1.157863
1.157863
1.157862
1.157862
1.157862
1.157862
1.157862
1.157862
1.157862
1.157861
1.157861
1.157861
1.157861
1.157861
1.157861
1.15786
1.15786
1.15786
1.15786
1.15786
1.15786
1.15786
1.157859
1.157859
1.157859
1.157859
1.157859
1.157859
1.157859
1.157858
1.157858
1.157858
1.157858
1.157858
1.157858
1.157857
1.157857
1.157857
1.157857
1.157857
1.157857
1.157857
1.157856
1.157856
1.157856
1.157856
1.157856
1.157856
1.157856
1.157855
1.157855
1.157855
1.157855
1.157855
1.157855
1.157855
1.157854
1.157854
1.157854
1.157854
1.157854
1.157854
1.157853
1.157853
1.157853
1.157853
1.157853
1.157853
1.157853
1.157427
1.157655
1.157918
1.157889
1.157861
1.157864
1.157867
1.157867
1.157866
1.157866
1.157866
1.157866
1.157866
1.157865
1.157865
1.157865
1.157865
1.157865
1.157865
1.157865
1.157864
1.157864
1.157864
1.157864
1.157864
1.157864
1.157863
1.157863
1.157863
1.157863
1.157863
1.157863
1.157863
1.157862
1.157862
1.157862
1.157862
1.157862
1.157862
1.157862
1.157861
1.157861
1.157861
1.157861
1.157861
1.157861
1.15786
1.15786
1.15786
1.15786
1.15786
1.15786
1.15786
1.157859
1.157859
1.157859
1.157859
1.157859
1.157859
1.157859
1.157858
1.157858
1.157858
1.157858
1.157858
1.157858
1.157857
1.157857
1.157857
1.157857
1.157857
1.157857
1.157857
1.157856
1.157856
1.157856
1.157856
1.157856
1.157856
1.157856
1.157855
1.157855
1.157855
1.157855
1.157855
1.157855
1.157855
1.157854
1.157854
1.157854
1.157854
1.157854
1.157854
1.157853
1.157853
1.157853
1.157853
1.157853
1.157853
1.157853
1.157427
1.157655
1.157918
1.157889
1.157861
1.157864
1.157867
1.157867
1.157866
1.157866
1.157866
1.157866
1.157866
1.157865
1.157865
1.157865
1.157865
1.157865
1.157865
1.157865
1.157864
1.157864
1.157864
1.157864
1.157864
1.157864
1.157863
1.157863
1.157863
1.157863
1.157863
1.157863
1.157863
1.157862
1.157862
1.157862
1.157862
1.157862
1.157862
1.157862
1.157861
1.157861
1.157861
1.157861
1.157861
1.157861
1.15786
1.15786
1.15786
1.15786
1.15786
1.15786
1.15786
1.157859
1.157859
1.157859
1.157859
1.157859
1.157859
1.157859
1.157858
1.157858
1.157858
1.157858
1.157858
1.157858
1.157857
1.157857
1.157857
1.157857
1.157857
1.157857
1.157857
1.157856
1.157856
1.157856
1.157856
1.157856
1.157856
1.157856
1.157855
1.157855
1.157855
1.157855
1.157855
1.157855
1.157854
1.157854
1.157854
1.157854
1.157854
1.157854
1.157854
1.157853
1.157853
1.157853
1.157853
1.157853
1.157853
1.157853
1.157426
1.157656
1.157918
1.157889
1.157861
1.157864
1.157867
1.157867
1.157866
1.157866
1.157866
1.157866
1.157866
1.157865
1.157865
1.157865
1.157865
1.157865
1.157865
1.157865
1.157864
1.157864
1.157864
1.157864
1.157864
1.157864
1.157864
1.157863
1.157863
1.157863
1.157863
1.157863
1.157863
1.157862
1.157862
1.157862
1.157862
1.157862
1.157862
1.157862
1.157861
1.157861
1.157861
1.157861
1.157861
1.157861
1.157861
1.15786
1.15786
1.15786
1.15786
1.15786
1.15786
1.157859
1.157859
1.157859
1.157859
1.157859
1.157859
1.157859
1.157858
1.157858
1.157858
1.157858
1.157858
1.157858
1.157858
1.157857
1.157857
1.157857
1.157857
1.157857
1.157857
1.157856
1.157856
1.157856
1.157856
1.157856
1.157856
1.157856
1.157855
1.157855
1.157855
1.157855
1.157855
1.157855
1.157855
1.157854
1.157854
1.157854
1.157854
1.157854
1.157854
1.157854
1.157853
1.157853
1.157853
1.157853
1.157853
1.157853
)
;

boundaryField
{
    topAir_top
    {
        type            symmetryPlane;
    }
    leftLet
    {
        type            calculated;
        value           uniform 1.158623;
    }
    rightLet
    {
        type            calculated;
        value           nonuniform List<scalar> 
40
(
1.152588
1.157681
1.157848
1.157852
1.157852
1.157852
1.157852
1.157852
1.157852
1.157852
1.157852
1.157852
1.157852
1.157852
1.157852
1.157852
1.157852
1.157852
1.157852
1.157852
1.157852
1.157852
1.157853
1.157853
1.157853
1.157853
1.157853
1.157853
1.157853
1.157853
1.157853
1.157853
1.157853
1.157853
1.157853
1.157853
1.157853
1.157853
1.157853
1.157853
)
;
    }
    frontAndBack
    {
        type            empty;
    }
    topAir_to_wall
    {
        type            calculated;
        value           nonuniform List<scalar> 
100
(
1.068942
1.069167
1.069381
1.069307
1.069239
1.0692
1.069161
1.069118
1.069076
1.069034
1.068991
1.068949
1.068907
1.068864
1.068822
1.068779
1.068737
1.068695
1.068652
1.06861
1.068567
1.068525
1.068483
1.06844
1.068398
1.068356
1.068313
1.068271
1.068229
1.068186
1.068144
1.068102
1.068059
1.068017
1.067975
1.067932
1.06789
1.067848
1.067805
1.067763
1.067721
1.067678
1.067636
1.067594
1.067551
1.067509
1.067467
1.067424
1.067382
1.06734
1.067297
1.067255
1.067213
1.06717
1.067128
1.067085
1.067043
1.067001
1.066958
1.066916
1.066874
1.066831
1.066789
1.066746
1.066704
1.066662
1.066619
1.066577
1.066534
1.066492
1.06645
1.066407
1.066365
1.066322
1.06628
1.066237
1.066195
1.066152
1.06611
1.066068
1.066025
1.065983
1.06594
1.065898
1.065855
1.065813
1.06577
1.065728
1.065685
1.065643
1.065601
1.065559
1.065516
1.065475
1.065433
1.065392
1.065351
1.065312
1.065275
1.065243
)
;
    }
}


// ************************************************************************* //
