/*--------------------------------*- C++ -*----------------------------------*\
| =========                 |                                                 |
| \\      /  F ield         | OpenFOAM: The Open Source CFD Toolbox           |
|  \\    /   O peration     | Version:  2.3.0                                 |
|   \\  /    A nd           | Web:      www.OpenFOAM.org                      |
|    \\/     M anipulation  |                                                 |
\*---------------------------------------------------------------------------*/
FoamFile
{
    version     2.0;
    format      ascii;
    class       volScalarField;
    location    "9600/topAir";
    object      p_rgh;
}
// * * * * * * * * * * * * * * * * * * * * * * * * * * * * * * * * * * * * * //

dimensions      [1 -1 -2 0 0 0 0];

internalField   nonuniform List<scalar> 
4000
(
99889.28
99915.56
99938.22
99935.28
99932.94
99933.25
99933.47
99933.42
99933.39
99933.38
99933.37
99933.35
99933.34
99933.33
99933.32
99933.3
99933.29
99933.28
99933.27
99933.25
99933.24
99933.23
99933.22
99933.2
99933.19
99933.18
99933.17
99933.16
99933.14
99933.13
99933.12
99933.11
99933.1
99933.08
99933.07
99933.06
99933.05
99933.04
99933.02
99933.01
99933
99932.99
99932.98
99932.96
99932.95
99932.94
99932.93
99932.92
99932.9
99932.89
99932.88
99932.87
99932.86
99932.84
99932.83
99932.82
99932.81
99932.79
99932.78
99932.77
99932.76
99932.75
99932.73
99932.72
99932.71
99932.7
99932.69
99932.67
99932.66
99932.65
99932.64
99932.63
99932.61
99932.6
99932.59
99932.58
99932.57
99932.55
99932.54
99932.53
99932.52
99932.5
99932.49
99932.48
99932.47
99932.45
99932.44
99932.43
99932.42
99932.4
99932.39
99932.38
99932.36
99932.35
99932.34
99932.32
99932.31
99932.29
99932.27
99932.25
99889.22
99915.55
99938.23
99935.28
99932.94
99933.25
99933.47
99933.42
99933.39
99933.38
99933.37
99933.35
99933.34
99933.33
99933.32
99933.3
99933.29
99933.28
99933.27
99933.25
99933.24
99933.23
99933.22
99933.2
99933.19
99933.18
99933.17
99933.16
99933.14
99933.13
99933.12
99933.11
99933.1
99933.08
99933.07
99933.06
99933.05
99933.04
99933.02
99933.01
99933
99932.99
99932.98
99932.96
99932.95
99932.94
99932.93
99932.92
99932.9
99932.89
99932.88
99932.87
99932.85
99932.84
99932.83
99932.82
99932.81
99932.79
99932.78
99932.77
99932.76
99932.75
99932.73
99932.72
99932.71
99932.7
99932.69
99932.67
99932.66
99932.65
99932.64
99932.63
99932.61
99932.6
99932.59
99932.58
99932.57
99932.55
99932.54
99932.53
99932.52
99932.5
99932.49
99932.48
99932.47
99932.45
99932.44
99932.43
99932.42
99932.4
99932.39
99932.38
99932.36
99932.35
99932.34
99932.32
99932.31
99932.29
99932.28
99932.26
99889.23
99915.54
99938.23
99935.28
99932.94
99933.25
99933.47
99933.42
99933.39
99933.38
99933.37
99933.35
99933.34
99933.33
99933.32
99933.3
99933.29
99933.28
99933.27
99933.25
99933.24
99933.23
99933.22
99933.2
99933.19
99933.18
99933.17
99933.16
99933.14
99933.13
99933.12
99933.11
99933.1
99933.08
99933.07
99933.06
99933.05
99933.04
99933.02
99933.01
99933
99932.99
99932.98
99932.96
99932.95
99932.94
99932.93
99932.92
99932.9
99932.89
99932.88
99932.87
99932.86
99932.84
99932.83
99932.82
99932.81
99932.79
99932.78
99932.77
99932.76
99932.75
99932.73
99932.72
99932.71
99932.7
99932.69
99932.67
99932.66
99932.65
99932.64
99932.63
99932.61
99932.6
99932.59
99932.58
99932.57
99932.55
99932.54
99932.53
99932.52
99932.5
99932.49
99932.48
99932.47
99932.45
99932.44
99932.43
99932.42
99932.4
99932.39
99932.38
99932.36
99932.35
99932.34
99932.32
99932.31
99932.29
99932.28
99932.27
99889.22
99915.53
99938.23
99935.27
99932.94
99933.25
99933.47
99933.42
99933.39
99933.38
99933.37
99933.35
99933.34
99933.33
99933.32
99933.3
99933.29
99933.28
99933.27
99933.25
99933.24
99933.23
99933.22
99933.2
99933.19
99933.18
99933.17
99933.16
99933.14
99933.13
99933.12
99933.11
99933.1
99933.08
99933.07
99933.06
99933.05
99933.04
99933.02
99933.01
99933
99932.99
99932.98
99932.96
99932.95
99932.94
99932.93
99932.92
99932.9
99932.89
99932.88
99932.87
99932.85
99932.84
99932.83
99932.82
99932.81
99932.79
99932.78
99932.77
99932.76
99932.75
99932.73
99932.72
99932.71
99932.7
99932.69
99932.67
99932.66
99932.65
99932.64
99932.63
99932.61
99932.6
99932.59
99932.58
99932.57
99932.55
99932.54
99932.53
99932.52
99932.5
99932.49
99932.48
99932.47
99932.45
99932.44
99932.43
99932.42
99932.4
99932.39
99932.38
99932.36
99932.35
99932.34
99932.32
99932.31
99932.3
99932.28
99932.27
99889.22
99915.53
99938.22
99935.27
99932.93
99933.25
99933.47
99933.42
99933.39
99933.38
99933.37
99933.35
99933.34
99933.33
99933.32
99933.3
99933.29
99933.28
99933.27
99933.25
99933.24
99933.23
99933.22
99933.2
99933.19
99933.18
99933.17
99933.16
99933.14
99933.13
99933.12
99933.11
99933.1
99933.08
99933.07
99933.06
99933.05
99933.04
99933.02
99933.01
99933
99932.99
99932.98
99932.96
99932.95
99932.94
99932.93
99932.92
99932.9
99932.89
99932.88
99932.87
99932.86
99932.84
99932.83
99932.82
99932.81
99932.79
99932.78
99932.77
99932.76
99932.75
99932.73
99932.72
99932.71
99932.7
99932.69
99932.67
99932.66
99932.65
99932.64
99932.63
99932.61
99932.6
99932.59
99932.58
99932.57
99932.55
99932.54
99932.53
99932.52
99932.5
99932.49
99932.48
99932.47
99932.45
99932.44
99932.43
99932.42
99932.4
99932.39
99932.38
99932.37
99932.35
99932.34
99932.33
99932.31
99932.3
99932.29
99932.27
99889.21
99915.52
99938.22
99935.27
99932.93
99933.24
99933.47
99933.42
99933.38
99933.38
99933.37
99933.35
99933.34
99933.33
99933.31
99933.3
99933.29
99933.28
99933.27
99933.25
99933.24
99933.23
99933.22
99933.2
99933.19
99933.18
99933.17
99933.16
99933.14
99933.13
99933.12
99933.11
99933.1
99933.08
99933.07
99933.06
99933.05
99933.04
99933.02
99933.01
99933
99932.99
99932.98
99932.96
99932.95
99932.94
99932.93
99932.91
99932.9
99932.89
99932.88
99932.87
99932.85
99932.84
99932.83
99932.82
99932.81
99932.79
99932.78
99932.77
99932.76
99932.75
99932.73
99932.72
99932.71
99932.7
99932.69
99932.67
99932.66
99932.65
99932.64
99932.63
99932.61
99932.6
99932.59
99932.58
99932.57
99932.55
99932.54
99932.53
99932.52
99932.5
99932.49
99932.48
99932.47
99932.45
99932.44
99932.43
99932.42
99932.4
99932.39
99932.38
99932.37
99932.35
99932.34
99932.33
99932.31
99932.3
99932.29
99932.28
99889.21
99915.52
99938.22
99935.27
99932.93
99933.24
99933.47
99933.42
99933.38
99933.38
99933.37
99933.35
99933.34
99933.33
99933.31
99933.3
99933.29
99933.28
99933.27
99933.25
99933.24
99933.23
99933.22
99933.2
99933.19
99933.18
99933.17
99933.16
99933.14
99933.13
99933.12
99933.11
99933.1
99933.08
99933.07
99933.06
99933.05
99933.04
99933.02
99933.01
99933
99932.99
99932.98
99932.96
99932.95
99932.94
99932.93
99932.92
99932.9
99932.89
99932.88
99932.87
99932.86
99932.84
99932.83
99932.82
99932.81
99932.79
99932.78
99932.77
99932.76
99932.75
99932.73
99932.72
99932.71
99932.7
99932.69
99932.67
99932.66
99932.65
99932.64
99932.63
99932.61
99932.6
99932.59
99932.58
99932.57
99932.55
99932.54
99932.53
99932.52
99932.5
99932.49
99932.48
99932.47
99932.46
99932.44
99932.43
99932.42
99932.41
99932.39
99932.38
99932.37
99932.35
99932.34
99932.33
99932.32
99932.3
99932.29
99932.28
99889.21
99915.52
99938.22
99935.27
99932.93
99933.24
99933.47
99933.42
99933.38
99933.37
99933.36
99933.35
99933.34
99933.33
99933.31
99933.3
99933.29
99933.28
99933.26
99933.25
99933.24
99933.23
99933.22
99933.2
99933.19
99933.18
99933.17
99933.16
99933.14
99933.13
99933.12
99933.11
99933.1
99933.08
99933.07
99933.06
99933.05
99933.04
99933.02
99933.01
99933
99932.99
99932.98
99932.96
99932.95
99932.94
99932.93
99932.91
99932.9
99932.89
99932.88
99932.87
99932.85
99932.84
99932.83
99932.82
99932.81
99932.79
99932.78
99932.77
99932.76
99932.75
99932.73
99932.72
99932.71
99932.7
99932.69
99932.67
99932.66
99932.65
99932.64
99932.63
99932.61
99932.6
99932.59
99932.58
99932.57
99932.55
99932.54
99932.53
99932.52
99932.5
99932.49
99932.48
99932.47
99932.46
99932.44
99932.43
99932.42
99932.41
99932.39
99932.38
99932.37
99932.36
99932.34
99932.33
99932.32
99932.31
99932.29
99932.28
99889.21
99915.51
99938.21
99935.27
99932.93
99933.24
99933.47
99933.42
99933.38
99933.37
99933.36
99933.35
99933.34
99933.33
99933.31
99933.3
99933.29
99933.28
99933.27
99933.25
99933.24
99933.23
99933.22
99933.2
99933.19
99933.18
99933.17
99933.16
99933.14
99933.13
99933.12
99933.11
99933.1
99933.08
99933.07
99933.06
99933.05
99933.04
99933.02
99933.01
99933
99932.99
99932.98
99932.96
99932.95
99932.94
99932.93
99932.92
99932.9
99932.89
99932.88
99932.87
99932.86
99932.84
99932.83
99932.82
99932.81
99932.8
99932.78
99932.77
99932.76
99932.75
99932.73
99932.72
99932.71
99932.7
99932.69
99932.67
99932.66
99932.65
99932.64
99932.63
99932.61
99932.6
99932.59
99932.58
99932.57
99932.55
99932.54
99932.53
99932.52
99932.5
99932.49
99932.48
99932.47
99932.46
99932.44
99932.43
99932.42
99932.41
99932.39
99932.38
99932.37
99932.36
99932.34
99932.33
99932.32
99932.31
99932.3
99932.28
99889.2
99915.51
99938.21
99935.27
99932.93
99933.24
99933.47
99933.42
99933.38
99933.37
99933.36
99933.35
99933.34
99933.33
99933.31
99933.3
99933.29
99933.28
99933.26
99933.25
99933.24
99933.23
99933.22
99933.2
99933.19
99933.18
99933.17
99933.16
99933.14
99933.13
99933.12
99933.11
99933.1
99933.08
99933.07
99933.06
99933.05
99933.04
99933.02
99933.01
99933
99932.99
99932.97
99932.96
99932.95
99932.94
99932.93
99932.91
99932.9
99932.89
99932.88
99932.87
99932.85
99932.84
99932.83
99932.82
99932.81
99932.79
99932.78
99932.77
99932.76
99932.75
99932.73
99932.72
99932.71
99932.7
99932.69
99932.67
99932.66
99932.65
99932.64
99932.63
99932.61
99932.6
99932.59
99932.58
99932.57
99932.55
99932.54
99932.53
99932.52
99932.51
99932.49
99932.48
99932.47
99932.46
99932.44
99932.43
99932.42
99932.41
99932.39
99932.38
99932.37
99932.36
99932.35
99932.33
99932.32
99932.31
99932.3
99932.29
99889.2
99915.51
99938.21
99935.26
99932.93
99933.24
99933.46
99933.42
99933.38
99933.37
99933.36
99933.35
99933.34
99933.33
99933.31
99933.3
99933.29
99933.28
99933.26
99933.25
99933.24
99933.23
99933.22
99933.2
99933.19
99933.18
99933.17
99933.16
99933.14
99933.13
99933.12
99933.11
99933.1
99933.08
99933.07
99933.06
99933.05
99933.04
99933.02
99933.01
99933
99932.99
99932.98
99932.96
99932.95
99932.94
99932.93
99932.92
99932.9
99932.89
99932.88
99932.87
99932.86
99932.84
99932.83
99932.82
99932.81
99932.8
99932.78
99932.77
99932.76
99932.75
99932.73
99932.72
99932.71
99932.7
99932.69
99932.67
99932.66
99932.65
99932.64
99932.63
99932.61
99932.6
99932.59
99932.58
99932.57
99932.55
99932.54
99932.53
99932.52
99932.51
99932.49
99932.48
99932.47
99932.46
99932.44
99932.43
99932.42
99932.41
99932.4
99932.38
99932.37
99932.36
99932.35
99932.33
99932.32
99932.31
99932.3
99932.29
99889.2
99915.51
99938.21
99935.26
99932.92
99933.24
99933.46
99933.42
99933.38
99933.37
99933.36
99933.35
99933.34
99933.32
99933.31
99933.3
99933.29
99933.28
99933.26
99933.25
99933.24
99933.23
99933.22
99933.2
99933.19
99933.18
99933.17
99933.16
99933.14
99933.13
99933.12
99933.11
99933.1
99933.08
99933.07
99933.06
99933.05
99933.03
99933.02
99933.01
99933
99932.99
99932.97
99932.96
99932.95
99932.94
99932.93
99932.91
99932.9
99932.89
99932.88
99932.87
99932.85
99932.84
99932.83
99932.82
99932.81
99932.79
99932.78
99932.77
99932.76
99932.75
99932.73
99932.72
99932.71
99932.7
99932.69
99932.67
99932.66
99932.65
99932.64
99932.63
99932.61
99932.6
99932.59
99932.58
99932.57
99932.55
99932.54
99932.53
99932.52
99932.51
99932.49
99932.48
99932.47
99932.46
99932.44
99932.43
99932.42
99932.41
99932.4
99932.38
99932.37
99932.36
99932.35
99932.34
99932.32
99932.31
99932.3
99932.29
99889.2
99915.51
99938.21
99935.26
99932.92
99933.24
99933.46
99933.41
99933.38
99933.37
99933.36
99933.35
99933.34
99933.32
99933.31
99933.3
99933.29
99933.28
99933.26
99933.25
99933.24
99933.23
99933.22
99933.2
99933.19
99933.18
99933.17
99933.16
99933.14
99933.13
99933.12
99933.11
99933.1
99933.08
99933.07
99933.06
99933.05
99933.04
99933.02
99933.01
99933
99932.99
99932.98
99932.96
99932.95
99932.94
99932.93
99932.92
99932.9
99932.89
99932.88
99932.87
99932.86
99932.84
99932.83
99932.82
99932.81
99932.8
99932.78
99932.77
99932.76
99932.75
99932.74
99932.72
99932.71
99932.7
99932.69
99932.67
99932.66
99932.65
99932.64
99932.63
99932.61
99932.6
99932.59
99932.58
99932.57
99932.55
99932.54
99932.53
99932.52
99932.51
99932.49
99932.48
99932.47
99932.46
99932.45
99932.43
99932.42
99932.41
99932.4
99932.39
99932.37
99932.36
99932.35
99932.34
99932.33
99932.31
99932.3
99932.29
99889.2
99915.5
99938.21
99935.26
99932.92
99933.24
99933.46
99933.41
99933.38
99933.37
99933.36
99933.35
99933.34
99933.32
99933.31
99933.3
99933.29
99933.28
99933.26
99933.25
99933.24
99933.23
99933.22
99933.2
99933.19
99933.18
99933.17
99933.15
99933.14
99933.13
99933.12
99933.11
99933.09
99933.08
99933.07
99933.06
99933.05
99933.03
99933.02
99933.01
99933
99932.99
99932.97
99932.96
99932.95
99932.94
99932.93
99932.91
99932.9
99932.89
99932.88
99932.87
99932.85
99932.84
99932.83
99932.82
99932.81
99932.79
99932.78
99932.77
99932.76
99932.75
99932.73
99932.72
99932.71
99932.7
99932.69
99932.67
99932.66
99932.65
99932.64
99932.63
99932.61
99932.6
99932.59
99932.58
99932.57
99932.55
99932.54
99932.53
99932.52
99932.51
99932.49
99932.48
99932.47
99932.46
99932.45
99932.43
99932.42
99932.41
99932.4
99932.39
99932.37
99932.36
99932.35
99932.34
99932.33
99932.31
99932.3
99932.29
99889.19
99915.5
99938.21
99935.26
99932.92
99933.23
99933.46
99933.41
99933.38
99933.37
99933.36
99933.35
99933.34
99933.32
99933.31
99933.3
99933.29
99933.28
99933.26
99933.25
99933.24
99933.23
99933.21
99933.2
99933.19
99933.18
99933.17
99933.15
99933.14
99933.13
99933.12
99933.11
99933.09
99933.08
99933.07
99933.06
99933.05
99933.03
99933.02
99933.01
99933
99932.99
99932.97
99932.96
99932.95
99932.94
99932.93
99932.92
99932.9
99932.89
99932.88
99932.87
99932.86
99932.84
99932.83
99932.82
99932.81
99932.8
99932.78
99932.77
99932.76
99932.75
99932.74
99932.72
99932.71
99932.7
99932.69
99932.68
99932.66
99932.65
99932.64
99932.63
99932.62
99932.6
99932.59
99932.58
99932.57
99932.55
99932.54
99932.53
99932.52
99932.51
99932.49
99932.48
99932.47
99932.46
99932.45
99932.43
99932.42
99932.41
99932.4
99932.39
99932.37
99932.36
99932.35
99932.34
99932.33
99932.32
99932.3
99932.29
99889.19
99915.5
99938.21
99935.26
99932.92
99933.23
99933.46
99933.41
99933.38
99933.37
99933.36
99933.35
99933.33
99933.32
99933.31
99933.3
99933.29
99933.27
99933.26
99933.25
99933.24
99933.23
99933.21
99933.2
99933.19
99933.18
99933.17
99933.15
99933.14
99933.13
99933.12
99933.11
99933.09
99933.08
99933.07
99933.06
99933.05
99933.03
99933.02
99933.01
99933
99932.99
99932.97
99932.96
99932.95
99932.94
99932.93
99932.91
99932.9
99932.89
99932.88
99932.87
99932.85
99932.84
99932.83
99932.82
99932.81
99932.8
99932.78
99932.77
99932.76
99932.75
99932.74
99932.72
99932.71
99932.7
99932.69
99932.68
99932.66
99932.65
99932.64
99932.63
99932.62
99932.6
99932.59
99932.58
99932.57
99932.56
99932.54
99932.53
99932.52
99932.51
99932.49
99932.48
99932.47
99932.46
99932.45
99932.43
99932.42
99932.41
99932.4
99932.39
99932.38
99932.36
99932.35
99932.34
99932.33
99932.32
99932.31
99932.29
99889.19
99915.5
99938.2
99935.26
99932.92
99933.23
99933.46
99933.41
99933.38
99933.37
99933.36
99933.35
99933.33
99933.32
99933.31
99933.3
99933.29
99933.27
99933.26
99933.25
99933.24
99933.23
99933.21
99933.2
99933.19
99933.18
99933.17
99933.15
99933.14
99933.13
99933.12
99933.11
99933.09
99933.08
99933.07
99933.06
99933.05
99933.03
99933.02
99933.01
99933
99932.99
99932.97
99932.96
99932.95
99932.94
99932.93
99932.91
99932.9
99932.89
99932.88
99932.87
99932.86
99932.84
99932.83
99932.82
99932.81
99932.8
99932.78
99932.77
99932.76
99932.75
99932.74
99932.72
99932.71
99932.7
99932.69
99932.68
99932.66
99932.65
99932.64
99932.63
99932.62
99932.6
99932.59
99932.58
99932.57
99932.56
99932.54
99932.53
99932.52
99932.51
99932.5
99932.48
99932.47
99932.46
99932.45
99932.44
99932.42
99932.41
99932.4
99932.39
99932.38
99932.36
99932.35
99932.34
99932.33
99932.32
99932.31
99932.29
99889.19
99915.5
99938.2
99935.26
99932.92
99933.23
99933.46
99933.41
99933.38
99933.37
99933.36
99933.35
99933.33
99933.32
99933.31
99933.3
99933.29
99933.27
99933.26
99933.25
99933.24
99933.23
99933.21
99933.2
99933.19
99933.18
99933.17
99933.15
99933.14
99933.13
99933.12
99933.11
99933.09
99933.08
99933.07
99933.06
99933.05
99933.03
99933.02
99933.01
99933
99932.99
99932.97
99932.96
99932.95
99932.94
99932.93
99932.91
99932.9
99932.89
99932.88
99932.87
99932.86
99932.84
99932.83
99932.82
99932.81
99932.8
99932.78
99932.77
99932.76
99932.75
99932.74
99932.72
99932.71
99932.7
99932.69
99932.68
99932.66
99932.65
99932.64
99932.63
99932.62
99932.6
99932.59
99932.58
99932.57
99932.56
99932.54
99932.53
99932.52
99932.51
99932.5
99932.48
99932.47
99932.46
99932.45
99932.44
99932.42
99932.41
99932.4
99932.39
99932.38
99932.37
99932.35
99932.34
99932.33
99932.32
99932.31
99932.3
99889.19
99915.5
99938.2
99935.26
99932.92
99933.23
99933.46
99933.41
99933.37
99933.37
99933.36
99933.35
99933.33
99933.32
99933.31
99933.3
99933.29
99933.27
99933.26
99933.25
99933.24
99933.23
99933.21
99933.2
99933.19
99933.18
99933.17
99933.15
99933.14
99933.13
99933.12
99933.11
99933.09
99933.08
99933.07
99933.06
99933.05
99933.03
99933.02
99933.01
99933
99932.99
99932.97
99932.96
99932.95
99932.94
99932.93
99932.91
99932.9
99932.89
99932.88
99932.87
99932.86
99932.84
99932.83
99932.82
99932.81
99932.8
99932.78
99932.77
99932.76
99932.75
99932.74
99932.72
99932.71
99932.7
99932.69
99932.68
99932.66
99932.65
99932.64
99932.63
99932.62
99932.6
99932.59
99932.58
99932.57
99932.56
99932.54
99932.53
99932.52
99932.51
99932.5
99932.48
99932.47
99932.46
99932.45
99932.44
99932.42
99932.41
99932.4
99932.39
99932.38
99932.37
99932.35
99932.34
99932.33
99932.32
99932.31
99932.3
99889.19
99915.5
99938.2
99935.26
99932.92
99933.23
99933.46
99933.41
99933.37
99933.37
99933.36
99933.34
99933.33
99933.32
99933.31
99933.3
99933.29
99933.27
99933.26
99933.25
99933.24
99933.23
99933.21
99933.2
99933.19
99933.18
99933.17
99933.15
99933.14
99933.13
99933.12
99933.11
99933.09
99933.08
99933.07
99933.06
99933.05
99933.03
99933.02
99933.01
99933
99932.99
99932.97
99932.96
99932.95
99932.94
99932.93
99932.91
99932.9
99932.89
99932.88
99932.87
99932.86
99932.84
99932.83
99932.82
99932.81
99932.8
99932.78
99932.77
99932.76
99932.75
99932.74
99932.72
99932.71
99932.7
99932.69
99932.68
99932.66
99932.65
99932.64
99932.63
99932.62
99932.6
99932.59
99932.58
99932.57
99932.56
99932.54
99932.53
99932.52
99932.51
99932.5
99932.48
99932.47
99932.46
99932.45
99932.44
99932.43
99932.41
99932.4
99932.39
99932.38
99932.37
99932.35
99932.34
99932.33
99932.32
99932.31
99932.3
99889.19
99915.5
99938.2
99935.26
99932.92
99933.23
99933.46
99933.41
99933.37
99933.37
99933.36
99933.34
99933.33
99933.32
99933.31
99933.3
99933.28
99933.27
99933.26
99933.25
99933.24
99933.23
99933.21
99933.2
99933.19
99933.18
99933.17
99933.15
99933.14
99933.13
99933.12
99933.11
99933.09
99933.08
99933.07
99933.06
99933.05
99933.03
99933.02
99933.01
99933
99932.99
99932.97
99932.96
99932.95
99932.94
99932.93
99932.91
99932.9
99932.89
99932.88
99932.87
99932.86
99932.84
99932.83
99932.82
99932.81
99932.8
99932.78
99932.77
99932.76
99932.75
99932.74
99932.72
99932.71
99932.7
99932.69
99932.68
99932.66
99932.65
99932.64
99932.63
99932.62
99932.6
99932.59
99932.58
99932.57
99932.56
99932.54
99932.53
99932.52
99932.51
99932.5
99932.48
99932.47
99932.46
99932.45
99932.44
99932.43
99932.41
99932.4
99932.39
99932.38
99932.37
99932.36
99932.34
99932.33
99932.32
99932.31
99932.3
99889.19
99915.5
99938.2
99935.25
99932.92
99933.23
99933.46
99933.41
99933.37
99933.37
99933.36
99933.34
99933.33
99933.32
99933.31
99933.3
99933.28
99933.27
99933.26
99933.25
99933.24
99933.23
99933.21
99933.2
99933.19
99933.18
99933.17
99933.15
99933.14
99933.13
99933.12
99933.11
99933.09
99933.08
99933.07
99933.06
99933.05
99933.03
99933.02
99933.01
99933
99932.99
99932.97
99932.96
99932.95
99932.94
99932.93
99932.91
99932.9
99932.89
99932.88
99932.87
99932.86
99932.84
99932.83
99932.82
99932.81
99932.8
99932.78
99932.77
99932.76
99932.75
99932.74
99932.72
99932.71
99932.7
99932.69
99932.68
99932.66
99932.65
99932.64
99932.63
99932.62
99932.6
99932.59
99932.58
99932.57
99932.56
99932.54
99932.53
99932.52
99932.51
99932.5
99932.49
99932.47
99932.46
99932.45
99932.44
99932.43
99932.41
99932.4
99932.39
99932.38
99932.37
99932.36
99932.34
99932.33
99932.32
99932.31
99932.3
99889.18
99915.5
99938.2
99935.25
99932.92
99933.23
99933.46
99933.41
99933.37
99933.36
99933.36
99933.34
99933.33
99933.32
99933.31
99933.3
99933.28
99933.27
99933.26
99933.25
99933.24
99933.23
99933.21
99933.2
99933.19
99933.18
99933.17
99933.15
99933.14
99933.13
99933.12
99933.11
99933.09
99933.08
99933.07
99933.06
99933.05
99933.03
99933.02
99933.01
99933
99932.99
99932.97
99932.96
99932.95
99932.94
99932.93
99932.91
99932.9
99932.89
99932.88
99932.87
99932.86
99932.84
99932.83
99932.82
99932.81
99932.8
99932.78
99932.77
99932.76
99932.75
99932.74
99932.72
99932.71
99932.7
99932.69
99932.68
99932.66
99932.65
99932.64
99932.63
99932.62
99932.6
99932.59
99932.58
99932.57
99932.56
99932.54
99932.53
99932.52
99932.51
99932.5
99932.49
99932.47
99932.46
99932.45
99932.44
99932.43
99932.41
99932.4
99932.39
99932.38
99932.37
99932.36
99932.34
99932.33
99932.32
99932.31
99932.3
99889.18
99915.49
99938.2
99935.25
99932.91
99933.23
99933.46
99933.41
99933.37
99933.36
99933.36
99933.34
99933.33
99933.32
99933.31
99933.3
99933.28
99933.27
99933.26
99933.25
99933.24
99933.22
99933.21
99933.2
99933.19
99933.18
99933.17
99933.15
99933.14
99933.13
99933.12
99933.11
99933.09
99933.08
99933.07
99933.06
99933.05
99933.03
99933.02
99933.01
99933
99932.99
99932.97
99932.96
99932.95
99932.94
99932.93
99932.91
99932.9
99932.89
99932.88
99932.87
99932.86
99932.84
99932.83
99932.82
99932.81
99932.8
99932.78
99932.77
99932.76
99932.75
99932.74
99932.72
99932.71
99932.7
99932.69
99932.68
99932.66
99932.65
99932.64
99932.63
99932.62
99932.6
99932.59
99932.58
99932.57
99932.56
99932.54
99932.53
99932.52
99932.51
99932.5
99932.49
99932.47
99932.46
99932.45
99932.44
99932.43
99932.42
99932.4
99932.39
99932.38
99932.37
99932.36
99932.35
99932.33
99932.32
99932.31
99932.3
99889.18
99915.49
99938.2
99935.25
99932.91
99933.23
99933.45
99933.41
99933.37
99933.36
99933.35
99933.34
99933.33
99933.32
99933.31
99933.3
99933.28
99933.27
99933.26
99933.25
99933.24
99933.22
99933.21
99933.2
99933.19
99933.18
99933.17
99933.15
99933.14
99933.13
99933.12
99933.11
99933.09
99933.08
99933.07
99933.06
99933.05
99933.03
99933.02
99933.01
99933
99932.99
99932.97
99932.96
99932.95
99932.94
99932.93
99932.91
99932.9
99932.89
99932.88
99932.87
99932.86
99932.84
99932.83
99932.82
99932.81
99932.8
99932.78
99932.77
99932.76
99932.75
99932.74
99932.72
99932.71
99932.7
99932.69
99932.68
99932.66
99932.65
99932.64
99932.63
99932.62
99932.6
99932.59
99932.58
99932.57
99932.56
99932.55
99932.53
99932.52
99932.51
99932.5
99932.49
99932.47
99932.46
99932.45
99932.44
99932.43
99932.42
99932.4
99932.39
99932.38
99932.37
99932.36
99932.35
99932.33
99932.32
99932.31
99932.3
99889.18
99915.49
99938.2
99935.25
99932.91
99933.23
99933.45
99933.41
99933.37
99933.36
99933.35
99933.34
99933.33
99933.32
99933.31
99933.3
99933.28
99933.27
99933.26
99933.25
99933.24
99933.22
99933.21
99933.2
99933.19
99933.18
99933.17
99933.15
99933.14
99933.13
99933.12
99933.11
99933.09
99933.08
99933.07
99933.06
99933.05
99933.03
99933.02
99933.01
99933
99932.99
99932.97
99932.96
99932.95
99932.94
99932.93
99932.91
99932.9
99932.89
99932.88
99932.87
99932.86
99932.84
99932.83
99932.82
99932.81
99932.8
99932.78
99932.77
99932.76
99932.75
99932.74
99932.72
99932.71
99932.7
99932.69
99932.68
99932.66
99932.65
99932.64
99932.63
99932.62
99932.6
99932.59
99932.58
99932.57
99932.56
99932.55
99932.53
99932.52
99932.51
99932.5
99932.49
99932.47
99932.46
99932.45
99932.44
99932.43
99932.42
99932.4
99932.39
99932.38
99932.37
99932.36
99932.35
99932.33
99932.32
99932.31
99932.3
99889.18
99915.49
99938.2
99935.25
99932.91
99933.23
99933.45
99933.41
99933.37
99933.36
99933.35
99933.34
99933.33
99933.32
99933.31
99933.29
99933.28
99933.27
99933.26
99933.25
99933.24
99933.22
99933.21
99933.2
99933.19
99933.18
99933.17
99933.15
99933.14
99933.13
99933.12
99933.11
99933.09
99933.08
99933.07
99933.06
99933.05
99933.03
99933.02
99933.01
99933
99932.99
99932.97
99932.96
99932.95
99932.94
99932.93
99932.91
99932.9
99932.89
99932.88
99932.87
99932.86
99932.84
99932.83
99932.82
99932.81
99932.8
99932.78
99932.77
99932.76
99932.75
99932.74
99932.72
99932.71
99932.7
99932.69
99932.68
99932.66
99932.65
99932.64
99932.63
99932.62
99932.6
99932.59
99932.58
99932.57
99932.56
99932.55
99932.53
99932.52
99932.51
99932.5
99932.49
99932.47
99932.46
99932.45
99932.44
99932.43
99932.42
99932.4
99932.39
99932.38
99932.37
99932.36
99932.35
99932.34
99932.32
99932.31
99932.3
99889.18
99915.49
99938.2
99935.25
99932.91
99933.23
99933.45
99933.41
99933.37
99933.36
99933.35
99933.34
99933.33
99933.32
99933.31
99933.29
99933.28
99933.27
99933.26
99933.25
99933.24
99933.22
99933.21
99933.2
99933.19
99933.18
99933.16
99933.15
99933.14
99933.13
99933.12
99933.11
99933.09
99933.08
99933.07
99933.06
99933.05
99933.03
99933.02
99933.01
99933
99932.99
99932.97
99932.96
99932.95
99932.94
99932.93
99932.91
99932.9
99932.89
99932.88
99932.87
99932.86
99932.84
99932.83
99932.82
99932.81
99932.8
99932.78
99932.77
99932.76
99932.75
99932.74
99932.72
99932.71
99932.7
99932.69
99932.68
99932.66
99932.65
99932.64
99932.63
99932.62
99932.6
99932.59
99932.58
99932.57
99932.56
99932.55
99932.53
99932.52
99932.51
99932.5
99932.49
99932.47
99932.46
99932.45
99932.44
99932.43
99932.42
99932.4
99932.39
99932.38
99932.37
99932.36
99932.35
99932.34
99932.32
99932.31
99932.3
99889.18
99915.49
99938.2
99935.25
99932.91
99933.23
99933.45
99933.41
99933.37
99933.36
99933.35
99933.34
99933.33
99933.32
99933.31
99933.29
99933.28
99933.27
99933.26
99933.25
99933.24
99933.22
99933.21
99933.2
99933.19
99933.18
99933.16
99933.15
99933.14
99933.13
99933.12
99933.11
99933.09
99933.08
99933.07
99933.06
99933.05
99933.03
99933.02
99933.01
99933
99932.99
99932.97
99932.96
99932.95
99932.94
99932.93
99932.91
99932.9
99932.89
99932.88
99932.87
99932.86
99932.84
99932.83
99932.82
99932.81
99932.8
99932.78
99932.77
99932.76
99932.75
99932.74
99932.72
99932.71
99932.7
99932.69
99932.68
99932.66
99932.65
99932.64
99932.63
99932.62
99932.6
99932.59
99932.58
99932.57
99932.56
99932.55
99932.53
99932.52
99932.51
99932.5
99932.49
99932.48
99932.46
99932.45
99932.44
99932.43
99932.42
99932.41
99932.39
99932.38
99932.37
99932.36
99932.35
99932.34
99932.32
99932.31
99932.3
99889.18
99915.49
99938.2
99935.25
99932.91
99933.23
99933.45
99933.41
99933.37
99933.36
99933.35
99933.34
99933.33
99933.32
99933.31
99933.29
99933.28
99933.27
99933.26
99933.25
99933.24
99933.22
99933.21
99933.2
99933.19
99933.18
99933.16
99933.15
99933.14
99933.13
99933.12
99933.11
99933.09
99933.08
99933.07
99933.06
99933.05
99933.03
99933.02
99933.01
99933
99932.99
99932.97
99932.96
99932.95
99932.94
99932.93
99932.91
99932.9
99932.89
99932.88
99932.87
99932.86
99932.84
99932.83
99932.82
99932.81
99932.8
99932.78
99932.77
99932.76
99932.75
99932.74
99932.72
99932.71
99932.7
99932.69
99932.68
99932.66
99932.65
99932.64
99932.63
99932.62
99932.61
99932.59
99932.58
99932.57
99932.56
99932.55
99932.53
99932.52
99932.51
99932.5
99932.49
99932.48
99932.46
99932.45
99932.44
99932.43
99932.42
99932.41
99932.39
99932.38
99932.37
99932.36
99932.35
99932.34
99932.32
99932.31
99932.3
99889.18
99915.49
99938.2
99935.25
99932.91
99933.23
99933.45
99933.41
99933.37
99933.36
99933.35
99933.34
99933.33
99933.32
99933.31
99933.29
99933.28
99933.27
99933.26
99933.25
99933.24
99933.22
99933.21
99933.2
99933.19
99933.18
99933.16
99933.15
99933.14
99933.13
99933.12
99933.11
99933.09
99933.08
99933.07
99933.06
99933.05
99933.03
99933.02
99933.01
99933
99932.99
99932.97
99932.96
99932.95
99932.94
99932.93
99932.91
99932.9
99932.89
99932.88
99932.87
99932.86
99932.84
99932.83
99932.82
99932.81
99932.8
99932.78
99932.77
99932.76
99932.75
99932.74
99932.72
99932.71
99932.7
99932.69
99932.68
99932.66
99932.65
99932.64
99932.63
99932.62
99932.61
99932.59
99932.58
99932.57
99932.56
99932.55
99932.53
99932.52
99932.51
99932.5
99932.49
99932.48
99932.46
99932.45
99932.44
99932.43
99932.42
99932.41
99932.39
99932.38
99932.37
99932.36
99932.35
99932.34
99932.33
99932.31
99932.3
99889.18
99915.49
99938.2
99935.25
99932.91
99933.23
99933.45
99933.41
99933.37
99933.36
99933.35
99933.34
99933.33
99933.32
99933.31
99933.29
99933.28
99933.27
99933.26
99933.25
99933.24
99933.22
99933.21
99933.2
99933.19
99933.18
99933.16
99933.15
99933.14
99933.13
99933.12
99933.11
99933.09
99933.08
99933.07
99933.06
99933.05
99933.03
99933.02
99933.01
99933
99932.99
99932.97
99932.96
99932.95
99932.94
99932.93
99932.91
99932.9
99932.89
99932.88
99932.87
99932.86
99932.84
99932.83
99932.82
99932.81
99932.8
99932.78
99932.77
99932.76
99932.75
99932.74
99932.72
99932.71
99932.7
99932.69
99932.68
99932.66
99932.65
99932.64
99932.63
99932.62
99932.61
99932.59
99932.58
99932.57
99932.56
99932.55
99932.53
99932.52
99932.51
99932.5
99932.49
99932.48
99932.46
99932.45
99932.44
99932.43
99932.42
99932.41
99932.39
99932.38
99932.37
99932.36
99932.35
99932.34
99932.33
99932.31
99932.3
99889.18
99915.49
99938.2
99935.25
99932.91
99933.23
99933.45
99933.41
99933.37
99933.36
99933.35
99933.34
99933.33
99933.32
99933.31
99933.29
99933.28
99933.27
99933.26
99933.25
99933.24
99933.22
99933.21
99933.2
99933.19
99933.18
99933.16
99933.15
99933.14
99933.13
99933.12
99933.11
99933.09
99933.08
99933.07
99933.06
99933.05
99933.03
99933.02
99933.01
99933
99932.99
99932.97
99932.96
99932.95
99932.94
99932.93
99932.91
99932.9
99932.89
99932.88
99932.87
99932.86
99932.84
99932.83
99932.82
99932.81
99932.8
99932.78
99932.77
99932.76
99932.75
99932.74
99932.72
99932.71
99932.7
99932.69
99932.68
99932.66
99932.65
99932.64
99932.63
99932.62
99932.61
99932.59
99932.58
99932.57
99932.56
99932.55
99932.53
99932.52
99932.51
99932.5
99932.49
99932.48
99932.46
99932.45
99932.44
99932.43
99932.42
99932.41
99932.39
99932.38
99932.37
99932.36
99932.35
99932.34
99932.33
99932.31
99932.3
99889.18
99915.49
99938.2
99935.25
99932.91
99933.23
99933.45
99933.4
99933.37
99933.36
99933.35
99933.34
99933.33
99933.32
99933.31
99933.29
99933.28
99933.27
99933.26
99933.25
99933.24
99933.22
99933.21
99933.2
99933.19
99933.18
99933.16
99933.15
99933.14
99933.13
99933.12
99933.11
99933.09
99933.08
99933.07
99933.06
99933.05
99933.03
99933.02
99933.01
99933
99932.99
99932.97
99932.96
99932.95
99932.94
99932.93
99932.91
99932.9
99932.89
99932.88
99932.87
99932.86
99932.84
99932.83
99932.82
99932.81
99932.8
99932.78
99932.77
99932.76
99932.75
99932.74
99932.72
99932.71
99932.7
99932.69
99932.68
99932.66
99932.65
99932.64
99932.63
99932.62
99932.61
99932.59
99932.58
99932.57
99932.56
99932.55
99932.53
99932.52
99932.51
99932.5
99932.49
99932.48
99932.46
99932.45
99932.44
99932.43
99932.42
99932.41
99932.39
99932.38
99932.37
99932.36
99932.35
99932.34
99932.33
99932.31
99932.3
99889.18
99915.49
99938.2
99935.25
99932.91
99933.23
99933.45
99933.4
99933.37
99933.36
99933.35
99933.34
99933.33
99933.32
99933.31
99933.29
99933.28
99933.27
99933.26
99933.25
99933.24
99933.22
99933.21
99933.2
99933.19
99933.18
99933.16
99933.15
99933.14
99933.13
99933.12
99933.11
99933.09
99933.08
99933.07
99933.06
99933.05
99933.03
99933.02
99933.01
99933
99932.99
99932.97
99932.96
99932.95
99932.94
99932.93
99932.91
99932.9
99932.89
99932.88
99932.87
99932.86
99932.84
99932.83
99932.82
99932.81
99932.8
99932.78
99932.77
99932.76
99932.75
99932.74
99932.72
99932.71
99932.7
99932.69
99932.68
99932.66
99932.65
99932.64
99932.63
99932.62
99932.61
99932.59
99932.58
99932.57
99932.56
99932.55
99932.53
99932.52
99932.51
99932.5
99932.49
99932.48
99932.46
99932.45
99932.44
99932.43
99932.42
99932.41
99932.39
99932.38
99932.37
99932.36
99932.35
99932.34
99932.33
99932.31
99932.3
99889.18
99915.49
99938.2
99935.25
99932.91
99933.23
99933.45
99933.4
99933.37
99933.36
99933.35
99933.34
99933.33
99933.32
99933.31
99933.29
99933.28
99933.27
99933.26
99933.25
99933.24
99933.22
99933.21
99933.2
99933.19
99933.18
99933.16
99933.15
99933.14
99933.13
99933.12
99933.11
99933.09
99933.08
99933.07
99933.06
99933.05
99933.03
99933.02
99933.01
99933
99932.99
99932.97
99932.96
99932.95
99932.94
99932.93
99932.91
99932.9
99932.89
99932.88
99932.87
99932.86
99932.84
99932.83
99932.82
99932.81
99932.8
99932.78
99932.77
99932.76
99932.75
99932.74
99932.72
99932.71
99932.7
99932.69
99932.68
99932.66
99932.65
99932.64
99932.63
99932.62
99932.61
99932.59
99932.58
99932.57
99932.56
99932.55
99932.53
99932.52
99932.51
99932.5
99932.49
99932.48
99932.46
99932.45
99932.44
99932.43
99932.42
99932.41
99932.39
99932.38
99932.37
99932.36
99932.35
99932.34
99932.33
99932.31
99932.3
99889.17
99915.49
99938.2
99935.25
99932.91
99933.23
99933.45
99933.4
99933.37
99933.36
99933.35
99933.34
99933.33
99933.32
99933.31
99933.29
99933.28
99933.27
99933.26
99933.25
99933.23
99933.22
99933.21
99933.2
99933.19
99933.18
99933.16
99933.15
99933.14
99933.13
99933.12
99933.11
99933.09
99933.08
99933.07
99933.06
99933.05
99933.03
99933.02
99933.01
99933
99932.99
99932.97
99932.96
99932.95
99932.94
99932.93
99932.91
99932.9
99932.89
99932.88
99932.87
99932.86
99932.84
99932.83
99932.82
99932.81
99932.8
99932.78
99932.77
99932.76
99932.75
99932.74
99932.72
99932.71
99932.7
99932.69
99932.68
99932.66
99932.65
99932.64
99932.63
99932.62
99932.61
99932.59
99932.58
99932.57
99932.56
99932.55
99932.53
99932.52
99932.51
99932.5
99932.49
99932.48
99932.46
99932.45
99932.44
99932.43
99932.42
99932.41
99932.39
99932.38
99932.37
99932.36
99932.35
99932.34
99932.33
99932.31
99932.3
99889.17
99915.49
99938.2
99935.25
99932.91
99933.23
99933.45
99933.4
99933.37
99933.36
99933.35
99933.34
99933.33
99933.32
99933.31
99933.29
99933.28
99933.27
99933.26
99933.25
99933.23
99933.22
99933.21
99933.2
99933.19
99933.18
99933.16
99933.15
99933.14
99933.13
99933.12
99933.11
99933.09
99933.08
99933.07
99933.06
99933.05
99933.03
99933.02
99933.01
99933
99932.99
99932.97
99932.96
99932.95
99932.94
99932.93
99932.91
99932.9
99932.89
99932.88
99932.87
99932.86
99932.84
99932.83
99932.82
99932.81
99932.8
99932.78
99932.77
99932.76
99932.75
99932.74
99932.72
99932.71
99932.7
99932.69
99932.68
99932.66
99932.65
99932.64
99932.63
99932.62
99932.61
99932.59
99932.58
99932.57
99932.56
99932.55
99932.53
99932.52
99932.51
99932.5
99932.49
99932.48
99932.46
99932.45
99932.44
99932.43
99932.42
99932.41
99932.4
99932.38
99932.37
99932.36
99932.35
99932.34
99932.33
99932.32
99932.3
99889.17
99915.49
99938.2
99935.25
99932.91
99933.23
99933.45
99933.4
99933.37
99933.36
99933.35
99933.34
99933.33
99933.32
99933.31
99933.29
99933.28
99933.27
99933.26
99933.25
99933.23
99933.22
99933.21
99933.2
99933.19
99933.18
99933.16
99933.15
99933.14
99933.13
99933.12
99933.11
99933.09
99933.08
99933.07
99933.06
99933.05
99933.03
99933.02
99933.01
99933
99932.99
99932.97
99932.96
99932.95
99932.94
99932.93
99932.91
99932.9
99932.89
99932.88
99932.87
99932.86
99932.84
99932.83
99932.82
99932.81
99932.8
99932.78
99932.77
99932.76
99932.75
99932.74
99932.72
99932.71
99932.7
99932.69
99932.68
99932.66
99932.65
99932.64
99932.63
99932.62
99932.61
99932.59
99932.58
99932.57
99932.56
99932.55
99932.53
99932.52
99932.51
99932.5
99932.49
99932.48
99932.46
99932.45
99932.44
99932.43
99932.42
99932.41
99932.4
99932.38
99932.37
99932.36
99932.35
99932.34
99932.33
99932.32
99932.3
99889.15
99915.5
99938.2
99935.25
99932.91
99933.23
99933.45
99933.4
99933.37
99933.36
99933.35
99933.34
99933.33
99933.32
99933.31
99933.29
99933.28
99933.27
99933.26
99933.25
99933.23
99933.22
99933.21
99933.2
99933.19
99933.18
99933.16
99933.15
99933.14
99933.13
99933.12
99933.11
99933.09
99933.08
99933.07
99933.06
99933.05
99933.03
99933.02
99933.01
99933
99932.99
99932.97
99932.96
99932.95
99932.94
99932.93
99932.91
99932.9
99932.89
99932.88
99932.87
99932.86
99932.84
99932.83
99932.82
99932.81
99932.8
99932.78
99932.77
99932.76
99932.75
99932.74
99932.72
99932.71
99932.7
99932.69
99932.68
99932.66
99932.65
99932.64
99932.63
99932.62
99932.61
99932.59
99932.58
99932.57
99932.56
99932.55
99932.53
99932.52
99932.51
99932.5
99932.49
99932.48
99932.46
99932.45
99932.44
99932.43
99932.42
99932.41
99932.4
99932.38
99932.37
99932.36
99932.35
99932.34
99932.33
99932.32
99932.3
)
;

boundaryField
{
    topAir_top
    {
        type            symmetryPlane;
    }
    leftLet
    {
        type            fixedValue;
        value           uniform 100000;
    }
    rightLet
    {
        type            fixedFluxPressure;
        gradient        nonuniform List<scalar> 
40
(
-2.212785
-1.57028
-1.425079
-1.302713
-1.252342
-1.215488
-1.194888
-1.17972
-1.169737
-1.162106
-1.156632
-1.152256
-1.148975
-1.146233
-1.144127
-1.142299
-1.140874
-1.139602
-1.138592
-1.13768
-1.136939
-1.136271
-1.135711
-1.135216
-1.134783
-1.134413
-1.134075
-1.133799
-1.133534
-1.133328
-1.133122
-1.132971
-1.132815
-1.13271
-1.132598
-1.132533
-1.13246
-1.132451
-1.132386
-1.13273
)
;
        value           nonuniform List<scalar> 
40
(
99932.24
99932.25
99932.26
99932.26
99932.27
99932.27
99932.27
99932.28
99932.28
99932.28
99932.28
99932.28
99932.28
99932.29
99932.29
99932.29
99932.29
99932.29
99932.29
99932.29
99932.29
99932.29
99932.29
99932.29
99932.29
99932.3
99932.3
99932.3
99932.3
99932.3
99932.3
99932.3
99932.3
99932.3
99932.3
99932.3
99932.3
99932.3
99932.3
99932.3
)
;
    }
    frontAndBack
    {
        type            empty;
    }
    topAir_to_wall
    {
        type            fixedFluxPressure;
        gradient        uniform 0;
        value           nonuniform List<scalar> 
100
(
99889.28
99915.56
99938.22
99935.28
99932.94
99933.25
99933.47
99933.42
99933.39
99933.38
99933.37
99933.35
99933.34
99933.33
99933.32
99933.3
99933.29
99933.28
99933.27
99933.25
99933.24
99933.23
99933.22
99933.2
99933.19
99933.18
99933.17
99933.16
99933.14
99933.13
99933.12
99933.11
99933.1
99933.08
99933.07
99933.06
99933.05
99933.04
99933.02
99933.01
99933
99932.99
99932.98
99932.96
99932.95
99932.94
99932.93
99932.92
99932.9
99932.89
99932.88
99932.87
99932.86
99932.84
99932.83
99932.82
99932.81
99932.79
99932.78
99932.77
99932.76
99932.75
99932.73
99932.72
99932.71
99932.7
99932.69
99932.67
99932.66
99932.65
99932.64
99932.63
99932.61
99932.6
99932.59
99932.58
99932.57
99932.55
99932.54
99932.53
99932.52
99932.5
99932.49
99932.48
99932.47
99932.45
99932.44
99932.43
99932.42
99932.4
99932.39
99932.38
99932.36
99932.35
99932.34
99932.32
99932.31
99932.29
99932.27
99932.25
)
;
    }
}


// ************************************************************************* //
