/*--------------------------------*- C++ -*----------------------------------*\
| =========                 |                                                 |
| \\      /  F ield         | OpenFOAM: The Open Source CFD Toolbox           |
|  \\    /   O peration     | Version:  2.3.0                                 |
|   \\  /    A nd           | Web:      www.OpenFOAM.org                      |
|    \\/     M anipulation  |                                                 |
\*---------------------------------------------------------------------------*/
FoamFile
{
    version     2.0;
    format      ascii;
    class       volScalarField;
    location    "9600/topAir";
    object      rho;
}
// * * * * * * * * * * * * * * * * * * * * * * * * * * * * * * * * * * * * * //

dimensions      [1 -3 0 0 0 0 0];

internalField   nonuniform List<scalar> 
4000
(
1.157578
1.157778
1.158007
1.157981
1.157957
1.157959
1.157961
1.157961
1.15796
1.15796
1.15796
1.157959
1.157959
1.157959
1.157959
1.157958
1.157958
1.157958
1.157957
1.157957
1.157957
1.157957
1.157956
1.157956
1.157956
1.157955
1.157955
1.157955
1.157954
1.157954
1.157954
1.157954
1.157953
1.157953
1.157953
1.157952
1.157952
1.157952
1.157952
1.157951
1.157951
1.157951
1.15795
1.15795
1.15795
1.15795
1.157949
1.157949
1.157949
1.157948
1.157948
1.157948
1.157947
1.157947
1.157947
1.157947
1.157946
1.157946
1.157946
1.157945
1.157945
1.157945
1.157945
1.157944
1.157944
1.157944
1.157943
1.157943
1.157943
1.157943
1.157942
1.157942
1.157942
1.157941
1.157941
1.157941
1.157941
1.15794
1.15794
1.15794
1.157939
1.157939
1.157939
1.157939
1.157938
1.157938
1.157938
1.157937
1.157937
1.157937
1.157936
1.157936
1.157936
1.157936
1.157935
1.157935
1.157935
1.157934
1.157934
1.157934
1.157578
1.157778
1.158007
1.157982
1.157958
1.15796
1.157963
1.157962
1.157962
1.157962
1.157962
1.157961
1.157961
1.157961
1.157961
1.157961
1.157961
1.15796
1.15796
1.15796
1.15796
1.15796
1.15796
1.15796
1.157959
1.157959
1.157959
1.157959
1.157959
1.157959
1.157959
1.157958
1.157958
1.157958
1.157958
1.157958
1.157958
1.157958
1.157957
1.157957
1.157957
1.157957
1.157957
1.157957
1.157956
1.157956
1.157956
1.157956
1.157956
1.157956
1.157956
1.157955
1.157955
1.157955
1.157955
1.157955
1.157955
1.157955
1.157954
1.157954
1.157954
1.157954
1.157954
1.157954
1.157953
1.157953
1.157953
1.157953
1.157953
1.157953
1.157953
1.157952
1.157952
1.157952
1.157952
1.157952
1.157952
1.157951
1.157951
1.157951
1.157951
1.157951
1.157951
1.157951
1.15795
1.15795
1.15795
1.15795
1.15795
1.15795
1.157949
1.157949
1.157949
1.157949
1.157949
1.157949
1.157948
1.157948
1.157948
1.157948
1.157578
1.157778
1.158007
1.157981
1.157958
1.15796
1.157963
1.157962
1.157962
1.157962
1.157961
1.157961
1.157961
1.157961
1.157961
1.157961
1.157961
1.15796
1.15796
1.15796
1.15796
1.15796
1.15796
1.15796
1.157959
1.157959
1.157959
1.157959
1.157959
1.157959
1.157959
1.157958
1.157958
1.157958
1.157958
1.157958
1.157958
1.157958
1.157957
1.157957
1.157957
1.157957
1.157957
1.157957
1.157957
1.157956
1.157956
1.157956
1.157956
1.157956
1.157956
1.157956
1.157955
1.157955
1.157955
1.157955
1.157955
1.157955
1.157955
1.157954
1.157954
1.157954
1.157954
1.157954
1.157954
1.157953
1.157953
1.157953
1.157953
1.157953
1.157953
1.157953
1.157952
1.157952
1.157952
1.157952
1.157952
1.157952
1.157952
1.157951
1.157951
1.157951
1.157951
1.157951
1.157951
1.157951
1.15795
1.15795
1.15795
1.15795
1.15795
1.15795
1.15795
1.157949
1.157949
1.157949
1.157949
1.157949
1.157949
1.157948
1.157578
1.157778
1.158007
1.157981
1.157958
1.15796
1.157963
1.157962
1.157962
1.157962
1.157961
1.157961
1.157961
1.157961
1.157961
1.157961
1.157961
1.15796
1.15796
1.15796
1.15796
1.15796
1.15796
1.15796
1.157959
1.157959
1.157959
1.157959
1.157959
1.157959
1.157959
1.157958
1.157958
1.157958
1.157958
1.157958
1.157958
1.157958
1.157957
1.157957
1.157957
1.157957
1.157957
1.157957
1.157957
1.157956
1.157956
1.157956
1.157956
1.157956
1.157956
1.157956
1.157955
1.157955
1.157955
1.157955
1.157955
1.157955
1.157954
1.157954
1.157954
1.157954
1.157954
1.157954
1.157954
1.157953
1.157953
1.157953
1.157953
1.157953
1.157953
1.157953
1.157952
1.157952
1.157952
1.157952
1.157952
1.157952
1.157952
1.157951
1.157951
1.157951
1.157951
1.157951
1.157951
1.157951
1.15795
1.15795
1.15795
1.15795
1.15795
1.15795
1.15795
1.157949
1.157949
1.157949
1.157949
1.157949
1.157949
1.157948
1.157578
1.157778
1.158007
1.157981
1.157958
1.15796
1.157963
1.157962
1.157962
1.157962
1.157961
1.157961
1.157961
1.157961
1.157961
1.157961
1.157961
1.15796
1.15796
1.15796
1.15796
1.15796
1.15796
1.15796
1.157959
1.157959
1.157959
1.157959
1.157959
1.157959
1.157959
1.157958
1.157958
1.157958
1.157958
1.157958
1.157958
1.157958
1.157957
1.157957
1.157957
1.157957
1.157957
1.157957
1.157957
1.157956
1.157956
1.157956
1.157956
1.157956
1.157956
1.157955
1.157955
1.157955
1.157955
1.157955
1.157955
1.157955
1.157954
1.157954
1.157954
1.157954
1.157954
1.157954
1.157954
1.157953
1.157953
1.157953
1.157953
1.157953
1.157953
1.157953
1.157952
1.157952
1.157952
1.157952
1.157952
1.157952
1.157952
1.157951
1.157951
1.157951
1.157951
1.157951
1.157951
1.157951
1.15795
1.15795
1.15795
1.15795
1.15795
1.15795
1.15795
1.157949
1.157949
1.157949
1.157949
1.157949
1.157949
1.157948
1.157578
1.157778
1.158007
1.157981
1.157958
1.15796
1.157963
1.157962
1.157962
1.157962
1.157961
1.157961
1.157961
1.157961
1.157961
1.157961
1.157961
1.15796
1.15796
1.15796
1.15796
1.15796
1.15796
1.15796
1.157959
1.157959
1.157959
1.157959
1.157959
1.157959
1.157959
1.157958
1.157958
1.157958
1.157958
1.157958
1.157958
1.157958
1.157957
1.157957
1.157957
1.157957
1.157957
1.157957
1.157956
1.157956
1.157956
1.157956
1.157956
1.157956
1.157956
1.157955
1.157955
1.157955
1.157955
1.157955
1.157955
1.157955
1.157954
1.157954
1.157954
1.157954
1.157954
1.157954
1.157954
1.157953
1.157953
1.157953
1.157953
1.157953
1.157953
1.157953
1.157952
1.157952
1.157952
1.157952
1.157952
1.157952
1.157952
1.157951
1.157951
1.157951
1.157951
1.157951
1.157951
1.157951
1.15795
1.15795
1.15795
1.15795
1.15795
1.15795
1.15795
1.157949
1.157949
1.157949
1.157949
1.157949
1.157949
1.157948
1.157578
1.157778
1.158007
1.157981
1.157958
1.15796
1.157963
1.157962
1.157962
1.157962
1.157961
1.157961
1.157961
1.157961
1.157961
1.157961
1.157961
1.15796
1.15796
1.15796
1.15796
1.15796
1.15796
1.15796
1.157959
1.157959
1.157959
1.157959
1.157959
1.157959
1.157959
1.157958
1.157958
1.157958
1.157958
1.157958
1.157958
1.157957
1.157957
1.157957
1.157957
1.157957
1.157957
1.157957
1.157956
1.157956
1.157956
1.157956
1.157956
1.157956
1.157956
1.157955
1.157955
1.157955
1.157955
1.157955
1.157955
1.157955
1.157954
1.157954
1.157954
1.157954
1.157954
1.157954
1.157954
1.157953
1.157953
1.157953
1.157953
1.157953
1.157953
1.157953
1.157952
1.157952
1.157952
1.157952
1.157952
1.157952
1.157952
1.157951
1.157951
1.157951
1.157951
1.157951
1.157951
1.157951
1.15795
1.15795
1.15795
1.15795
1.15795
1.15795
1.15795
1.157949
1.157949
1.157949
1.157949
1.157949
1.157949
1.157949
1.157578
1.157778
1.158007
1.157981
1.157958
1.15796
1.157963
1.157962
1.157962
1.157962
1.157961
1.157961
1.157961
1.157961
1.157961
1.157961
1.157961
1.15796
1.15796
1.15796
1.15796
1.15796
1.15796
1.15796
1.157959
1.157959
1.157959
1.157959
1.157959
1.157959
1.157959
1.157958
1.157958
1.157958
1.157958
1.157958
1.157958
1.157957
1.157957
1.157957
1.157957
1.157957
1.157957
1.157957
1.157956
1.157956
1.157956
1.157956
1.157956
1.157956
1.157956
1.157955
1.157955
1.157955
1.157955
1.157955
1.157955
1.157955
1.157954
1.157954
1.157954
1.157954
1.157954
1.157954
1.157954
1.157953
1.157953
1.157953
1.157953
1.157953
1.157953
1.157953
1.157952
1.157952
1.157952
1.157952
1.157952
1.157952
1.157952
1.157951
1.157951
1.157951
1.157951
1.157951
1.157951
1.157951
1.15795
1.15795
1.15795
1.15795
1.15795
1.15795
1.15795
1.157949
1.157949
1.157949
1.157949
1.157949
1.157949
1.157949
1.157578
1.157778
1.158007
1.157981
1.157958
1.15796
1.157962
1.157962
1.157962
1.157962
1.157961
1.157961
1.157961
1.157961
1.157961
1.157961
1.157961
1.15796
1.15796
1.15796
1.15796
1.15796
1.15796
1.15796
1.157959
1.157959
1.157959
1.157959
1.157959
1.157959
1.157958
1.157958
1.157958
1.157958
1.157958
1.157958
1.157958
1.157957
1.157957
1.157957
1.157957
1.157957
1.157957
1.157957
1.157956
1.157956
1.157956
1.157956
1.157956
1.157956
1.157956
1.157955
1.157955
1.157955
1.157955
1.157955
1.157955
1.157955
1.157954
1.157954
1.157954
1.157954
1.157954
1.157954
1.157954
1.157953
1.157953
1.157953
1.157953
1.157953
1.157953
1.157953
1.157952
1.157952
1.157952
1.157952
1.157952
1.157952
1.157952
1.157951
1.157951
1.157951
1.157951
1.157951
1.157951
1.157951
1.15795
1.15795
1.15795
1.15795
1.15795
1.15795
1.15795
1.157949
1.157949
1.157949
1.157949
1.157949
1.157949
1.157949
1.157578
1.157778
1.158007
1.157981
1.157958
1.15796
1.157962
1.157962
1.157962
1.157962
1.157961
1.157961
1.157961
1.157961
1.157961
1.157961
1.157961
1.15796
1.15796
1.15796
1.15796
1.15796
1.15796
1.15796
1.157959
1.157959
1.157959
1.157959
1.157959
1.157959
1.157958
1.157958
1.157958
1.157958
1.157958
1.157958
1.157958
1.157957
1.157957
1.157957
1.157957
1.157957
1.157957
1.157957
1.157956
1.157956
1.157956
1.157956
1.157956
1.157956
1.157956
1.157955
1.157955
1.157955
1.157955
1.157955
1.157955
1.157955
1.157954
1.157954
1.157954
1.157954
1.157954
1.157954
1.157954
1.157953
1.157953
1.157953
1.157953
1.157953
1.157953
1.157953
1.157952
1.157952
1.157952
1.157952
1.157952
1.157952
1.157952
1.157951
1.157951
1.157951
1.157951
1.157951
1.157951
1.157951
1.15795
1.15795
1.15795
1.15795
1.15795
1.15795
1.15795
1.157949
1.157949
1.157949
1.157949
1.157949
1.157949
1.157949
1.157578
1.157778
1.158007
1.157981
1.157958
1.15796
1.157962
1.157962
1.157962
1.157962
1.157961
1.157961
1.157961
1.157961
1.157961
1.157961
1.157961
1.15796
1.15796
1.15796
1.15796
1.15796
1.15796
1.157959
1.157959
1.157959
1.157959
1.157959
1.157959
1.157959
1.157958
1.157958
1.157958
1.157958
1.157958
1.157958
1.157958
1.157957
1.157957
1.157957
1.157957
1.157957
1.157957
1.157957
1.157956
1.157956
1.157956
1.157956
1.157956
1.157956
1.157956
1.157955
1.157955
1.157955
1.157955
1.157955
1.157955
1.157955
1.157954
1.157954
1.157954
1.157954
1.157954
1.157954
1.157954
1.157953
1.157953
1.157953
1.157953
1.157953
1.157953
1.157953
1.157952
1.157952
1.157952
1.157952
1.157952
1.157952
1.157952
1.157951
1.157951
1.157951
1.157951
1.157951
1.157951
1.157951
1.15795
1.15795
1.15795
1.15795
1.15795
1.15795
1.15795
1.157949
1.157949
1.157949
1.157949
1.157949
1.157949
1.157949
1.157578
1.157778
1.158007
1.157981
1.157957
1.15796
1.157962
1.157962
1.157962
1.157961
1.157961
1.157961
1.157961
1.157961
1.157961
1.157961
1.157961
1.15796
1.15796
1.15796
1.15796
1.15796
1.15796
1.157959
1.157959
1.157959
1.157959
1.157959
1.157959
1.157959
1.157958
1.157958
1.157958
1.157958
1.157958
1.157958
1.157958
1.157957
1.157957
1.157957
1.157957
1.157957
1.157957
1.157957
1.157956
1.157956
1.157956
1.157956
1.157956
1.157956
1.157956
1.157955
1.157955
1.157955
1.157955
1.157955
1.157955
1.157955
1.157954
1.157954
1.157954
1.157954
1.157954
1.157954
1.157954
1.157953
1.157953
1.157953
1.157953
1.157953
1.157953
1.157953
1.157952
1.157952
1.157952
1.157952
1.157952
1.157952
1.157952
1.157951
1.157951
1.157951
1.157951
1.157951
1.157951
1.157951
1.15795
1.15795
1.15795
1.15795
1.15795
1.15795
1.15795
1.157949
1.157949
1.157949
1.157949
1.157949
1.157949
1.157949
1.157578
1.157778
1.158007
1.157981
1.157957
1.15796
1.157962
1.157962
1.157962
1.157961
1.157961
1.157961
1.157961
1.157961
1.157961
1.157961
1.15796
1.15796
1.15796
1.15796
1.15796
1.15796
1.15796
1.157959
1.157959
1.157959
1.157959
1.157959
1.157959
1.157959
1.157958
1.157958
1.157958
1.157958
1.157958
1.157958
1.157958
1.157957
1.157957
1.157957
1.157957
1.157957
1.157957
1.157957
1.157956
1.157956
1.157956
1.157956
1.157956
1.157956
1.157956
1.157955
1.157955
1.157955
1.157955
1.157955
1.157955
1.157955
1.157954
1.157954
1.157954
1.157954
1.157954
1.157954
1.157954
1.157953
1.157953
1.157953
1.157953
1.157953
1.157953
1.157953
1.157952
1.157952
1.157952
1.157952
1.157952
1.157952
1.157952
1.157951
1.157951
1.157951
1.157951
1.157951
1.157951
1.157951
1.15795
1.15795
1.15795
1.15795
1.15795
1.15795
1.15795
1.157949
1.157949
1.157949
1.157949
1.157949
1.157949
1.157949
1.157578
1.157778
1.158007
1.157981
1.157957
1.15796
1.157962
1.157962
1.157962
1.157961
1.157961
1.157961
1.157961
1.157961
1.157961
1.157961
1.15796
1.15796
1.15796
1.15796
1.15796
1.15796
1.15796
1.157959
1.157959
1.157959
1.157959
1.157959
1.157959
1.157959
1.157958
1.157958
1.157958
1.157958
1.157958
1.157958
1.157958
1.157957
1.157957
1.157957
1.157957
1.157957
1.157957
1.157957
1.157956
1.157956
1.157956
1.157956
1.157956
1.157956
1.157956
1.157955
1.157955
1.157955
1.157955
1.157955
1.157955
1.157955
1.157954
1.157954
1.157954
1.157954
1.157954
1.157954
1.157954
1.157953
1.157953
1.157953
1.157953
1.157953
1.157953
1.157953
1.157952
1.157952
1.157952
1.157952
1.157952
1.157952
1.157952
1.157951
1.157951
1.157951
1.157951
1.157951
1.157951
1.157951
1.15795
1.15795
1.15795
1.15795
1.15795
1.15795
1.15795
1.157949
1.157949
1.157949
1.157949
1.157949
1.157949
1.157949
1.157578
1.157778
1.158007
1.157981
1.157957
1.15796
1.157962
1.157962
1.157962
1.157961
1.157961
1.157961
1.157961
1.157961
1.157961
1.157961
1.15796
1.15796
1.15796
1.15796
1.15796
1.15796
1.15796
1.157959
1.157959
1.157959
1.157959
1.157959
1.157959
1.157959
1.157958
1.157958
1.157958
1.157958
1.157958
1.157958
1.157958
1.157957
1.157957
1.157957
1.157957
1.157957
1.157957
1.157957
1.157956
1.157956
1.157956
1.157956
1.157956
1.157956
1.157956
1.157955
1.157955
1.157955
1.157955
1.157955
1.157955
1.157955
1.157954
1.157954
1.157954
1.157954
1.157954
1.157954
1.157954
1.157953
1.157953
1.157953
1.157953
1.157953
1.157953
1.157953
1.157952
1.157952
1.157952
1.157952
1.157952
1.157952
1.157952
1.157951
1.157951
1.157951
1.157951
1.157951
1.157951
1.157951
1.15795
1.15795
1.15795
1.15795
1.15795
1.15795
1.15795
1.157949
1.157949
1.157949
1.157949
1.157949
1.157949
1.157949
1.157578
1.157778
1.158007
1.157981
1.157957
1.15796
1.157962
1.157962
1.157962
1.157961
1.157961
1.157961
1.157961
1.157961
1.157961
1.157961
1.15796
1.15796
1.15796
1.15796
1.15796
1.15796
1.15796
1.157959
1.157959
1.157959
1.157959
1.157959
1.157959
1.157959
1.157958
1.157958
1.157958
1.157958
1.157958
1.157958
1.157958
1.157957
1.157957
1.157957
1.157957
1.157957
1.157957
1.157957
1.157956
1.157956
1.157956
1.157956
1.157956
1.157956
1.157956
1.157955
1.157955
1.157955
1.157955
1.157955
1.157955
1.157955
1.157954
1.157954
1.157954
1.157954
1.157954
1.157954
1.157954
1.157953
1.157953
1.157953
1.157953
1.157953
1.157953
1.157953
1.157952
1.157952
1.157952
1.157952
1.157952
1.157952
1.157952
1.157951
1.157951
1.157951
1.157951
1.157951
1.157951
1.157951
1.15795
1.15795
1.15795
1.15795
1.15795
1.15795
1.15795
1.157949
1.157949
1.157949
1.157949
1.157949
1.157949
1.157949
1.157578
1.157778
1.158007
1.157981
1.157957
1.15796
1.157962
1.157962
1.157962
1.157961
1.157961
1.157961
1.157961
1.157961
1.157961
1.157961
1.15796
1.15796
1.15796
1.15796
1.15796
1.15796
1.15796
1.157959
1.157959
1.157959
1.157959
1.157959
1.157959
1.157959
1.157958
1.157958
1.157958
1.157958
1.157958
1.157958
1.157958
1.157957
1.157957
1.157957
1.157957
1.157957
1.157957
1.157957
1.157956
1.157956
1.157956
1.157956
1.157956
1.157956
1.157956
1.157955
1.157955
1.157955
1.157955
1.157955
1.157955
1.157955
1.157954
1.157954
1.157954
1.157954
1.157954
1.157954
1.157954
1.157953
1.157953
1.157953
1.157953
1.157953
1.157953
1.157953
1.157952
1.157952
1.157952
1.157952
1.157952
1.157952
1.157952
1.157951
1.157951
1.157951
1.157951
1.157951
1.157951
1.157951
1.15795
1.15795
1.15795
1.15795
1.15795
1.15795
1.15795
1.157949
1.157949
1.157949
1.157949
1.157949
1.157949
1.157949
1.157578
1.157778
1.158007
1.157981
1.157957
1.15796
1.157962
1.157962
1.157962
1.157961
1.157961
1.157961
1.157961
1.157961
1.157961
1.157961
1.15796
1.15796
1.15796
1.15796
1.15796
1.15796
1.15796
1.157959
1.157959
1.157959
1.157959
1.157959
1.157959
1.157959
1.157958
1.157958
1.157958
1.157958
1.157958
1.157958
1.157958
1.157957
1.157957
1.157957
1.157957
1.157957
1.157957
1.157957
1.157956
1.157956
1.157956
1.157956
1.157956
1.157956
1.157956
1.157955
1.157955
1.157955
1.157955
1.157955
1.157955
1.157955
1.157954
1.157954
1.157954
1.157954
1.157954
1.157954
1.157954
1.157953
1.157953
1.157953
1.157953
1.157953
1.157953
1.157953
1.157952
1.157952
1.157952
1.157952
1.157952
1.157952
1.157952
1.157951
1.157951
1.157951
1.157951
1.157951
1.157951
1.157951
1.15795
1.15795
1.15795
1.15795
1.15795
1.15795
1.15795
1.157949
1.157949
1.157949
1.157949
1.157949
1.157949
1.157949
1.157578
1.157778
1.158007
1.157981
1.157957
1.15796
1.157962
1.157962
1.157962
1.157961
1.157961
1.157961
1.157961
1.157961
1.157961
1.157961
1.15796
1.15796
1.15796
1.15796
1.15796
1.15796
1.15796
1.157959
1.157959
1.157959
1.157959
1.157959
1.157959
1.157959
1.157958
1.157958
1.157958
1.157958
1.157958
1.157958
1.157958
1.157957
1.157957
1.157957
1.157957
1.157957
1.157957
1.157957
1.157956
1.157956
1.157956
1.157956
1.157956
1.157956
1.157956
1.157955
1.157955
1.157955
1.157955
1.157955
1.157955
1.157955
1.157954
1.157954
1.157954
1.157954
1.157954
1.157954
1.157954
1.157953
1.157953
1.157953
1.157953
1.157953
1.157953
1.157953
1.157952
1.157952
1.157952
1.157952
1.157952
1.157952
1.157952
1.157951
1.157951
1.157951
1.157951
1.157951
1.157951
1.157951
1.15795
1.15795
1.15795
1.15795
1.15795
1.15795
1.15795
1.157949
1.157949
1.157949
1.157949
1.157949
1.157949
1.157949
1.157578
1.157778
1.158007
1.157981
1.157957
1.15796
1.157962
1.157962
1.157962
1.157961
1.157961
1.157961
1.157961
1.157961
1.157961
1.157961
1.15796
1.15796
1.15796
1.15796
1.15796
1.15796
1.15796
1.157959
1.157959
1.157959
1.157959
1.157959
1.157959
1.157959
1.157958
1.157958
1.157958
1.157958
1.157958
1.157958
1.157958
1.157957
1.157957
1.157957
1.157957
1.157957
1.157957
1.157957
1.157956
1.157956
1.157956
1.157956
1.157956
1.157956
1.157956
1.157955
1.157955
1.157955
1.157955
1.157955
1.157955
1.157955
1.157954
1.157954
1.157954
1.157954
1.157954
1.157954
1.157954
1.157953
1.157953
1.157953
1.157953
1.157953
1.157953
1.157953
1.157952
1.157952
1.157952
1.157952
1.157952
1.157952
1.157952
1.157951
1.157951
1.157951
1.157951
1.157951
1.157951
1.157951
1.15795
1.15795
1.15795
1.15795
1.15795
1.15795
1.15795
1.157949
1.157949
1.157949
1.157949
1.157949
1.157949
1.157949
1.157578
1.157778
1.158007
1.157981
1.157957
1.15796
1.157962
1.157962
1.157962
1.157961
1.157961
1.157961
1.157961
1.157961
1.157961
1.157961
1.15796
1.15796
1.15796
1.15796
1.15796
1.15796
1.15796
1.157959
1.157959
1.157959
1.157959
1.157959
1.157959
1.157959
1.157958
1.157958
1.157958
1.157958
1.157958
1.157958
1.157958
1.157957
1.157957
1.157957
1.157957
1.157957
1.157957
1.157957
1.157956
1.157956
1.157956
1.157956
1.157956
1.157956
1.157956
1.157955
1.157955
1.157955
1.157955
1.157955
1.157955
1.157955
1.157954
1.157954
1.157954
1.157954
1.157954
1.157954
1.157954
1.157953
1.157953
1.157953
1.157953
1.157953
1.157953
1.157953
1.157952
1.157952
1.157952
1.157952
1.157952
1.157952
1.157952
1.157951
1.157951
1.157951
1.157951
1.157951
1.157951
1.157951
1.15795
1.15795
1.15795
1.15795
1.15795
1.15795
1.15795
1.157949
1.157949
1.157949
1.157949
1.157949
1.157949
1.157949
1.157578
1.157778
1.158007
1.157981
1.157957
1.15796
1.157962
1.157962
1.157962
1.157961
1.157961
1.157961
1.157961
1.157961
1.157961
1.157961
1.15796
1.15796
1.15796
1.15796
1.15796
1.15796
1.15796
1.157959
1.157959
1.157959
1.157959
1.157959
1.157959
1.157959
1.157958
1.157958
1.157958
1.157958
1.157958
1.157958
1.157958
1.157957
1.157957
1.157957
1.157957
1.157957
1.157957
1.157957
1.157956
1.157956
1.157956
1.157956
1.157956
1.157956
1.157956
1.157955
1.157955
1.157955
1.157955
1.157955
1.157955
1.157955
1.157954
1.157954
1.157954
1.157954
1.157954
1.157954
1.157954
1.157953
1.157953
1.157953
1.157953
1.157953
1.157953
1.157953
1.157952
1.157952
1.157952
1.157952
1.157952
1.157952
1.157952
1.157951
1.157951
1.157951
1.157951
1.157951
1.157951
1.157951
1.15795
1.15795
1.15795
1.15795
1.15795
1.15795
1.15795
1.157949
1.157949
1.157949
1.157949
1.157949
1.157949
1.157949
1.157578
1.157778
1.158007
1.157981
1.157957
1.15796
1.157962
1.157962
1.157962
1.157961
1.157961
1.157961
1.157961
1.157961
1.157961
1.157961
1.15796
1.15796
1.15796
1.15796
1.15796
1.15796
1.15796
1.157959
1.157959
1.157959
1.157959
1.157959
1.157959
1.157959
1.157958
1.157958
1.157958
1.157958
1.157958
1.157958
1.157958
1.157957
1.157957
1.157957
1.157957
1.157957
1.157957
1.157957
1.157956
1.157956
1.157956
1.157956
1.157956
1.157956
1.157956
1.157955
1.157955
1.157955
1.157955
1.157955
1.157955
1.157955
1.157954
1.157954
1.157954
1.157954
1.157954
1.157954
1.157954
1.157953
1.157953
1.157953
1.157953
1.157953
1.157953
1.157953
1.157952
1.157952
1.157952
1.157952
1.157952
1.157952
1.157952
1.157951
1.157951
1.157951
1.157951
1.157951
1.157951
1.157951
1.15795
1.15795
1.15795
1.15795
1.15795
1.15795
1.15795
1.157949
1.157949
1.157949
1.157949
1.157949
1.157949
1.157949
1.157578
1.157778
1.158007
1.157981
1.157957
1.15796
1.157962
1.157962
1.157962
1.157961
1.157961
1.157961
1.157961
1.157961
1.157961
1.157961
1.15796
1.15796
1.15796
1.15796
1.15796
1.15796
1.15796
1.157959
1.157959
1.157959
1.157959
1.157959
1.157959
1.157959
1.157958
1.157958
1.157958
1.157958
1.157958
1.157958
1.157958
1.157957
1.157957
1.157957
1.157957
1.157957
1.157957
1.157957
1.157956
1.157956
1.157956
1.157956
1.157956
1.157956
1.157956
1.157955
1.157955
1.157955
1.157955
1.157955
1.157955
1.157955
1.157954
1.157954
1.157954
1.157954
1.157954
1.157954
1.157954
1.157953
1.157953
1.157953
1.157953
1.157953
1.157953
1.157953
1.157952
1.157952
1.157952
1.157952
1.157952
1.157952
1.157952
1.157951
1.157951
1.157951
1.157951
1.157951
1.157951
1.157951
1.15795
1.15795
1.15795
1.15795
1.15795
1.15795
1.15795
1.157949
1.157949
1.157949
1.157949
1.157949
1.157949
1.157949
1.157578
1.157778
1.158007
1.157981
1.157957
1.15796
1.157962
1.157962
1.157962
1.157961
1.157961
1.157961
1.157961
1.157961
1.157961
1.157961
1.15796
1.15796
1.15796
1.15796
1.15796
1.15796
1.15796
1.157959
1.157959
1.157959
1.157959
1.157959
1.157959
1.157959
1.157958
1.157958
1.157958
1.157958
1.157958
1.157958
1.157958
1.157957
1.157957
1.157957
1.157957
1.157957
1.157957
1.157957
1.157956
1.157956
1.157956
1.157956
1.157956
1.157956
1.157956
1.157955
1.157955
1.157955
1.157955
1.157955
1.157955
1.157955
1.157954
1.157954
1.157954
1.157954
1.157954
1.157954
1.157954
1.157953
1.157953
1.157953
1.157953
1.157953
1.157953
1.157953
1.157952
1.157952
1.157952
1.157952
1.157952
1.157952
1.157952
1.157951
1.157951
1.157951
1.157951
1.157951
1.157951
1.157951
1.15795
1.15795
1.15795
1.15795
1.15795
1.15795
1.15795
1.157949
1.157949
1.157949
1.157949
1.157949
1.157949
1.157949
1.157578
1.157778
1.158007
1.157981
1.157957
1.15796
1.157962
1.157962
1.157962
1.157961
1.157961
1.157961
1.157961
1.157961
1.157961
1.157961
1.15796
1.15796
1.15796
1.15796
1.15796
1.15796
1.15796
1.157959
1.157959
1.157959
1.157959
1.157959
1.157959
1.157959
1.157958
1.157958
1.157958
1.157958
1.157958
1.157958
1.157958
1.157957
1.157957
1.157957
1.157957
1.157957
1.157957
1.157957
1.157956
1.157956
1.157956
1.157956
1.157956
1.157956
1.157956
1.157955
1.157955
1.157955
1.157955
1.157955
1.157955
1.157955
1.157954
1.157954
1.157954
1.157954
1.157954
1.157954
1.157954
1.157953
1.157953
1.157953
1.157953
1.157953
1.157953
1.157953
1.157952
1.157952
1.157952
1.157952
1.157952
1.157952
1.157952
1.157951
1.157951
1.157951
1.157951
1.157951
1.157951
1.157951
1.15795
1.15795
1.15795
1.15795
1.15795
1.15795
1.15795
1.157949
1.157949
1.157949
1.157949
1.157949
1.157949
1.157949
1.157578
1.157778
1.158007
1.157981
1.157957
1.15796
1.157962
1.157962
1.157962
1.157961
1.157961
1.157961
1.157961
1.157961
1.157961
1.157961
1.15796
1.15796
1.15796
1.15796
1.15796
1.15796
1.15796
1.157959
1.157959
1.157959
1.157959
1.157959
1.157959
1.157959
1.157958
1.157958
1.157958
1.157958
1.157958
1.157958
1.157958
1.157957
1.157957
1.157957
1.157957
1.157957
1.157957
1.157957
1.157956
1.157956
1.157956
1.157956
1.157956
1.157956
1.157956
1.157955
1.157955
1.157955
1.157955
1.157955
1.157955
1.157955
1.157954
1.157954
1.157954
1.157954
1.157954
1.157954
1.157954
1.157953
1.157953
1.157953
1.157953
1.157953
1.157953
1.157953
1.157952
1.157952
1.157952
1.157952
1.157952
1.157952
1.157952
1.157951
1.157951
1.157951
1.157951
1.157951
1.157951
1.157951
1.15795
1.15795
1.15795
1.15795
1.15795
1.15795
1.15795
1.157949
1.157949
1.157949
1.157949
1.157949
1.157949
1.157949
1.157578
1.157777
1.158007
1.157981
1.157957
1.15796
1.157962
1.157962
1.157962
1.157961
1.157961
1.157961
1.157961
1.157961
1.157961
1.157961
1.15796
1.15796
1.15796
1.15796
1.15796
1.15796
1.15796
1.157959
1.157959
1.157959
1.157959
1.157959
1.157959
1.157959
1.157958
1.157958
1.157958
1.157958
1.157958
1.157958
1.157958
1.157957
1.157957
1.157957
1.157957
1.157957
1.157957
1.157957
1.157956
1.157956
1.157956
1.157956
1.157956
1.157956
1.157956
1.157955
1.157955
1.157955
1.157955
1.157955
1.157955
1.157955
1.157954
1.157954
1.157954
1.157954
1.157954
1.157954
1.157954
1.157953
1.157953
1.157953
1.157953
1.157953
1.157953
1.157953
1.157952
1.157952
1.157952
1.157952
1.157952
1.157952
1.157952
1.157951
1.157951
1.157951
1.157951
1.157951
1.157951
1.157951
1.15795
1.15795
1.15795
1.15795
1.15795
1.15795
1.15795
1.157949
1.157949
1.157949
1.157949
1.157949
1.157949
1.157949
1.157578
1.157777
1.158007
1.157981
1.157957
1.15796
1.157962
1.157962
1.157962
1.157961
1.157961
1.157961
1.157961
1.157961
1.157961
1.157961
1.15796
1.15796
1.15796
1.15796
1.15796
1.15796
1.15796
1.157959
1.157959
1.157959
1.157959
1.157959
1.157959
1.157959
1.157958
1.157958
1.157958
1.157958
1.157958
1.157958
1.157958
1.157957
1.157957
1.157957
1.157957
1.157957
1.157957
1.157957
1.157956
1.157956
1.157956
1.157956
1.157956
1.157956
1.157956
1.157955
1.157955
1.157955
1.157955
1.157955
1.157955
1.157955
1.157954
1.157954
1.157954
1.157954
1.157954
1.157954
1.157954
1.157953
1.157953
1.157953
1.157953
1.157953
1.157953
1.157953
1.157952
1.157952
1.157952
1.157952
1.157952
1.157952
1.157952
1.157951
1.157951
1.157951
1.157951
1.157951
1.157951
1.157951
1.15795
1.15795
1.15795
1.15795
1.15795
1.15795
1.15795
1.157949
1.157949
1.157949
1.157949
1.157949
1.157949
1.157949
1.157578
1.157777
1.158007
1.157981
1.157957
1.15796
1.157962
1.157962
1.157962
1.157961
1.157961
1.157961
1.157961
1.157961
1.157961
1.157961
1.15796
1.15796
1.15796
1.15796
1.15796
1.15796
1.15796
1.157959
1.157959
1.157959
1.157959
1.157959
1.157959
1.157959
1.157958
1.157958
1.157958
1.157958
1.157958
1.157958
1.157958
1.157957
1.157957
1.157957
1.157957
1.157957
1.157957
1.157957
1.157956
1.157956
1.157956
1.157956
1.157956
1.157956
1.157956
1.157955
1.157955
1.157955
1.157955
1.157955
1.157955
1.157955
1.157954
1.157954
1.157954
1.157954
1.157954
1.157954
1.157954
1.157953
1.157953
1.157953
1.157953
1.157953
1.157953
1.157953
1.157952
1.157952
1.157952
1.157952
1.157952
1.157952
1.157952
1.157951
1.157951
1.157951
1.157951
1.157951
1.157951
1.157951
1.15795
1.15795
1.15795
1.15795
1.15795
1.15795
1.15795
1.157949
1.157949
1.157949
1.157949
1.157949
1.157949
1.157949
1.157578
1.157777
1.158007
1.157981
1.157957
1.15796
1.157962
1.157962
1.157962
1.157961
1.157961
1.157961
1.157961
1.157961
1.157961
1.157961
1.15796
1.15796
1.15796
1.15796
1.15796
1.15796
1.15796
1.157959
1.157959
1.157959
1.157959
1.157959
1.157959
1.157959
1.157958
1.157958
1.157958
1.157958
1.157958
1.157958
1.157958
1.157957
1.157957
1.157957
1.157957
1.157957
1.157957
1.157957
1.157956
1.157956
1.157956
1.157956
1.157956
1.157956
1.157956
1.157955
1.157955
1.157955
1.157955
1.157955
1.157955
1.157955
1.157954
1.157954
1.157954
1.157954
1.157954
1.157954
1.157954
1.157953
1.157953
1.157953
1.157953
1.157953
1.157953
1.157953
1.157952
1.157952
1.157952
1.157952
1.157952
1.157952
1.157952
1.157951
1.157951
1.157951
1.157951
1.157951
1.157951
1.157951
1.15795
1.15795
1.15795
1.15795
1.15795
1.15795
1.15795
1.157949
1.157949
1.157949
1.157949
1.157949
1.157949
1.157949
1.157578
1.157777
1.158007
1.157981
1.157957
1.15796
1.157962
1.157962
1.157962
1.157961
1.157961
1.157961
1.157961
1.157961
1.157961
1.157961
1.15796
1.15796
1.15796
1.15796
1.15796
1.15796
1.15796
1.157959
1.157959
1.157959
1.157959
1.157959
1.157959
1.157959
1.157958
1.157958
1.157958
1.157958
1.157958
1.157958
1.157958
1.157957
1.157957
1.157957
1.157957
1.157957
1.157957
1.157957
1.157956
1.157956
1.157956
1.157956
1.157956
1.157956
1.157956
1.157955
1.157955
1.157955
1.157955
1.157955
1.157955
1.157955
1.157954
1.157954
1.157954
1.157954
1.157954
1.157954
1.157954
1.157953
1.157953
1.157953
1.157953
1.157953
1.157953
1.157953
1.157952
1.157952
1.157952
1.157952
1.157952
1.157952
1.157952
1.157951
1.157951
1.157951
1.157951
1.157951
1.157951
1.157951
1.15795
1.15795
1.15795
1.15795
1.15795
1.15795
1.15795
1.157949
1.157949
1.157949
1.157949
1.157949
1.157949
1.157949
1.157578
1.157777
1.158007
1.157981
1.157957
1.15796
1.157962
1.157962
1.157961
1.157961
1.157961
1.157961
1.157961
1.157961
1.157961
1.157961
1.15796
1.15796
1.15796
1.15796
1.15796
1.15796
1.15796
1.157959
1.157959
1.157959
1.157959
1.157959
1.157959
1.157959
1.157958
1.157958
1.157958
1.157958
1.157958
1.157958
1.157958
1.157957
1.157957
1.157957
1.157957
1.157957
1.157957
1.157957
1.157956
1.157956
1.157956
1.157956
1.157956
1.157956
1.157956
1.157955
1.157955
1.157955
1.157955
1.157955
1.157955
1.157955
1.157954
1.157954
1.157954
1.157954
1.157954
1.157954
1.157954
1.157953
1.157953
1.157953
1.157953
1.157953
1.157953
1.157953
1.157952
1.157952
1.157952
1.157952
1.157952
1.157952
1.157952
1.157951
1.157951
1.157951
1.157951
1.157951
1.157951
1.157951
1.15795
1.15795
1.15795
1.15795
1.15795
1.15795
1.15795
1.157949
1.157949
1.157949
1.157949
1.157949
1.157949
1.157949
1.157577
1.157777
1.158007
1.157981
1.157957
1.15796
1.157962
1.157962
1.157961
1.157961
1.157961
1.157961
1.157961
1.157961
1.157961
1.157961
1.15796
1.15796
1.15796
1.15796
1.15796
1.15796
1.15796
1.157959
1.157959
1.157959
1.157959
1.157959
1.157959
1.157959
1.157958
1.157958
1.157958
1.157958
1.157958
1.157958
1.157958
1.157957
1.157957
1.157957
1.157957
1.157957
1.157957
1.157957
1.157956
1.157956
1.157956
1.157956
1.157956
1.157956
1.157956
1.157955
1.157955
1.157955
1.157955
1.157955
1.157955
1.157955
1.157954
1.157954
1.157954
1.157954
1.157954
1.157954
1.157954
1.157953
1.157953
1.157953
1.157953
1.157953
1.157953
1.157953
1.157952
1.157952
1.157952
1.157952
1.157952
1.157952
1.157952
1.157951
1.157951
1.157951
1.157951
1.157951
1.157951
1.157951
1.15795
1.15795
1.15795
1.15795
1.15795
1.15795
1.15795
1.157949
1.157949
1.157949
1.157949
1.157949
1.157949
1.157949
1.157577
1.157777
1.158007
1.157981
1.157957
1.15796
1.157962
1.157962
1.157961
1.157961
1.157961
1.157961
1.157961
1.157961
1.157961
1.157961
1.15796
1.15796
1.15796
1.15796
1.15796
1.15796
1.15796
1.157959
1.157959
1.157959
1.157959
1.157959
1.157959
1.157959
1.157958
1.157958
1.157958
1.157958
1.157958
1.157958
1.157958
1.157957
1.157957
1.157957
1.157957
1.157957
1.157957
1.157957
1.157956
1.157956
1.157956
1.157956
1.157956
1.157956
1.157956
1.157955
1.157955
1.157955
1.157955
1.157955
1.157955
1.157955
1.157954
1.157954
1.157954
1.157954
1.157954
1.157954
1.157954
1.157953
1.157953
1.157953
1.157953
1.157953
1.157953
1.157953
1.157952
1.157952
1.157952
1.157952
1.157952
1.157952
1.157952
1.157951
1.157951
1.157951
1.157951
1.157951
1.157951
1.157951
1.15795
1.15795
1.15795
1.15795
1.15795
1.15795
1.15795
1.157949
1.157949
1.157949
1.157949
1.157949
1.157949
1.157949
1.157577
1.157777
1.158007
1.157981
1.157957
1.15796
1.157962
1.157962
1.157961
1.157961
1.157961
1.157961
1.157961
1.157961
1.157961
1.157961
1.15796
1.15796
1.15796
1.15796
1.15796
1.15796
1.15796
1.157959
1.157959
1.157959
1.157959
1.157959
1.157959
1.157959
1.157958
1.157958
1.157958
1.157958
1.157958
1.157958
1.157958
1.157957
1.157957
1.157957
1.157957
1.157957
1.157957
1.157957
1.157956
1.157956
1.157956
1.157956
1.157956
1.157956
1.157956
1.157955
1.157955
1.157955
1.157955
1.157955
1.157955
1.157955
1.157954
1.157954
1.157954
1.157954
1.157954
1.157954
1.157954
1.157953
1.157953
1.157953
1.157953
1.157953
1.157953
1.157953
1.157952
1.157952
1.157952
1.157952
1.157952
1.157952
1.157952
1.157951
1.157951
1.157951
1.157951
1.157951
1.157951
1.157951
1.15795
1.15795
1.15795
1.15795
1.15795
1.15795
1.15795
1.157949
1.157949
1.157949
1.157949
1.157949
1.157949
1.157949
1.157577
1.157777
1.158007
1.157981
1.157957
1.15796
1.157962
1.157962
1.157961
1.157961
1.157961
1.157961
1.157961
1.157961
1.157961
1.157961
1.15796
1.15796
1.15796
1.15796
1.15796
1.15796
1.15796
1.157959
1.157959
1.157959
1.157959
1.157959
1.157959
1.157959
1.157958
1.157958
1.157958
1.157958
1.157958
1.157958
1.157958
1.157957
1.157957
1.157957
1.157957
1.157957
1.157957
1.157957
1.157956
1.157956
1.157956
1.157956
1.157956
1.157956
1.157956
1.157955
1.157955
1.157955
1.157955
1.157955
1.157955
1.157955
1.157954
1.157954
1.157954
1.157954
1.157954
1.157954
1.157954
1.157953
1.157953
1.157953
1.157953
1.157953
1.157953
1.157953
1.157952
1.157952
1.157952
1.157952
1.157952
1.157952
1.157952
1.157951
1.157951
1.157951
1.157951
1.157951
1.157951
1.157951
1.15795
1.15795
1.15795
1.15795
1.15795
1.15795
1.15795
1.157949
1.157949
1.157949
1.157949
1.157949
1.157949
1.157949
1.157577
1.157777
1.158007
1.157981
1.157957
1.15796
1.157962
1.157962
1.157961
1.157961
1.157961
1.157961
1.157961
1.157961
1.157961
1.157961
1.15796
1.15796
1.15796
1.15796
1.15796
1.15796
1.15796
1.157959
1.157959
1.157959
1.157959
1.157959
1.157959
1.157959
1.157958
1.157958
1.157958
1.157958
1.157958
1.157958
1.157958
1.157957
1.157957
1.157957
1.157957
1.157957
1.157957
1.157957
1.157956
1.157956
1.157956
1.157956
1.157956
1.157956
1.157956
1.157955
1.157955
1.157955
1.157955
1.157955
1.157955
1.157955
1.157954
1.157954
1.157954
1.157954
1.157954
1.157954
1.157954
1.157953
1.157953
1.157953
1.157953
1.157953
1.157953
1.157953
1.157952
1.157952
1.157952
1.157952
1.157952
1.157952
1.157952
1.157951
1.157951
1.157951
1.157951
1.157951
1.157951
1.157951
1.15795
1.15795
1.15795
1.15795
1.15795
1.15795
1.15795
1.157949
1.157949
1.157949
1.157949
1.157949
1.157949
1.157949
1.157577
1.157777
1.158007
1.157981
1.157957
1.15796
1.157962
1.157962
1.157961
1.157961
1.157961
1.157961
1.157961
1.157961
1.157961
1.157961
1.15796
1.15796
1.15796
1.15796
1.15796
1.15796
1.15796
1.157959
1.157959
1.157959
1.157959
1.157959
1.157959
1.157959
1.157958
1.157958
1.157958
1.157958
1.157958
1.157958
1.157958
1.157957
1.157957
1.157957
1.157957
1.157957
1.157957
1.157957
1.157956
1.157956
1.157956
1.157956
1.157956
1.157956
1.157956
1.157955
1.157955
1.157955
1.157955
1.157955
1.157955
1.157955
1.157954
1.157954
1.157954
1.157954
1.157954
1.157954
1.157954
1.157953
1.157953
1.157953
1.157953
1.157953
1.157953
1.157953
1.157952
1.157952
1.157952
1.157952
1.157952
1.157952
1.157952
1.157951
1.157951
1.157951
1.157951
1.157951
1.157951
1.157951
1.15795
1.15795
1.15795
1.15795
1.15795
1.15795
1.15795
1.157949
1.157949
1.157949
1.157949
1.157949
1.157949
1.157949
1.157577
1.157778
1.158007
1.157981
1.157957
1.15796
1.157962
1.157962
1.157962
1.157961
1.157961
1.157961
1.157961
1.157961
1.157961
1.157961
1.15796
1.15796
1.15796
1.15796
1.15796
1.15796
1.15796
1.157959
1.157959
1.157959
1.157959
1.157959
1.157959
1.157959
1.157958
1.157958
1.157958
1.157958
1.157958
1.157958
1.157958
1.157957
1.157957
1.157957
1.157957
1.157957
1.157957
1.157957
1.157956
1.157956
1.157956
1.157956
1.157956
1.157956
1.157956
1.157955
1.157955
1.157955
1.157955
1.157955
1.157955
1.157955
1.157954
1.157954
1.157954
1.157954
1.157954
1.157954
1.157954
1.157953
1.157953
1.157953
1.157953
1.157953
1.157953
1.157953
1.157952
1.157952
1.157952
1.157952
1.157952
1.157952
1.157952
1.157951
1.157951
1.157951
1.157951
1.157951
1.157951
1.157951
1.157951
1.15795
1.15795
1.15795
1.15795
1.15795
1.15795
1.15795
1.157949
1.157949
1.157949
1.157949
1.157949
1.157949
)
;

boundaryField
{
    topAir_top
    {
        type            symmetryPlane;
    }
    leftLet
    {
        type            calculated;
        value           uniform 1.158623;
    }
    rightLet
    {
        type            calculated;
        value           nonuniform List<scalar> 
40
(
1.157934
1.157948
1.157948
1.157948
1.157948
1.157948
1.157948
1.157948
1.157948
1.157948
1.157948
1.157948
1.157949
1.157949
1.157949
1.157949
1.157949
1.157949
1.157949
1.157949
1.157949
1.157949
1.157949
1.157949
1.157949
1.157949
1.157949
1.157949
1.157949
1.157949
1.157949
1.157949
1.157949
1.157949
1.157949
1.157949
1.157949
1.157949
1.157949
1.157949
)
;
    }
    frontAndBack
    {
        type            empty;
    }
    topAir_to_wall
    {
        type            calculated;
        value           nonuniform List<scalar> 
100
(
1.157477
1.157677
1.157905
1.157879
1.157856
1.157858
1.15786
1.15786
1.157859
1.157859
1.157858
1.157858
1.157858
1.157858
1.157857
1.157857
1.157857
1.157856
1.157856
1.157856
1.157855
1.157855
1.157855
1.157855
1.157854
1.157854
1.157854
1.157853
1.157853
1.157853
1.157853
1.157852
1.157852
1.157852
1.157851
1.157851
1.157851
1.157851
1.15785
1.15785
1.15785
1.157849
1.157849
1.157849
1.157848
1.157848
1.157848
1.157848
1.157847
1.157847
1.157847
1.157846
1.157846
1.157846
1.157846
1.157845
1.157845
1.157845
1.157844
1.157844
1.157844
1.157844
1.157843
1.157843
1.157843
1.157842
1.157842
1.157842
1.157842
1.157841
1.157841
1.157841
1.15784
1.15784
1.15784
1.15784
1.157839
1.157839
1.157839
1.157838
1.157838
1.157838
1.157838
1.157837
1.157837
1.157837
1.157836
1.157836
1.157836
1.157835
1.157835
1.157835
1.157835
1.157834
1.157834
1.157834
1.157833
1.157833
1.157833
1.157832
)
;
    }
}


// ************************************************************************* //
