/*--------------------------------*- C++ -*----------------------------------*\
| =========                 |                                                 |
| \\      /  F ield         | OpenFOAM: The Open Source CFD Toolbox           |
|  \\    /   O peration     | Version:  2.3.0                                 |
|   \\  /    A nd           | Web:      www.OpenFOAM.org                      |
|    \\/     M anipulation  |                                                 |
\*---------------------------------------------------------------------------*/
FoamFile
{
    version     2.0;
    format      ascii;
    class       volScalarField;
    location    "9800/topAir";
    object      rho;
}
// * * * * * * * * * * * * * * * * * * * * * * * * * * * * * * * * * * * * * //

dimensions      [1 -3 0 0 0 0 0];

internalField   nonuniform List<scalar> 
4000
(
1.155334
1.155328
1.155403
1.154807
1.154215
1.153693
1.153171
1.152642
1.152114
1.151586
1.15106
1.150533
1.150007
1.149482
1.148956
1.148432
1.147907
1.147383
1.14686
1.146337
1.145814
1.145292
1.14477
1.144249
1.143728
1.143208
1.142688
1.142168
1.141649
1.14113
1.140612
1.140094
1.139576
1.139059
1.138543
1.138027
1.137511
1.136996
1.136481
1.135967
1.135453
1.134939
1.134426
1.133914
1.133401
1.13289
1.132378
1.131868
1.131357
1.130847
1.130338
1.129829
1.12932
1.128812
1.128304
1.127796
1.12729
1.126783
1.126277
1.125771
1.125266
1.124761
1.124257
1.123753
1.12325
1.122747
1.122244
1.121742
1.12124
1.120739
1.120238
1.119737
1.119237
1.118738
1.118238
1.11774
1.117241
1.116743
1.116245
1.115748
1.115251
1.114755
1.114259
1.113763
1.113268
1.112773
1.112279
1.111785
1.111291
1.110798
1.110305
1.109812
1.10932
1.108829
1.108337
1.107846
1.107356
1.106866
1.106376
1.105886
1.155861
1.156387
1.156992
1.156923
1.156858
1.156862
1.156866
1.156861
1.156856
1.156851
1.156846
1.15684
1.156834
1.156828
1.156821
1.156813
1.156805
1.156797
1.156788
1.156779
1.156769
1.156759
1.156748
1.156737
1.156726
1.156714
1.156702
1.156689
1.156676
1.156662
1.156648
1.156633
1.156619
1.156603
1.156587
1.156571
1.156554
1.156537
1.15652
1.156502
1.156484
1.156465
1.156446
1.156426
1.156406
1.156385
1.156365
1.156343
1.156322
1.1563
1.156277
1.156254
1.156231
1.156207
1.156183
1.156158
1.156133
1.156108
1.156082
1.156056
1.15603
1.156003
1.155975
1.155948
1.155919
1.155891
1.155862
1.155833
1.155803
1.155773
1.155743
1.155712
1.155681
1.155649
1.155617
1.155585
1.155552
1.155519
1.155486
1.155452
1.155418
1.155384
1.155349
1.155314
1.155279
1.155243
1.155207
1.155171
1.155135
1.155098
1.155061
1.155024
1.154988
1.154951
1.154914
1.154878
1.154843
1.15481
1.154781
1.154762
1.155862
1.156388
1.156994
1.156927
1.156864
1.156871
1.156877
1.156876
1.156875
1.156875
1.156875
1.156874
1.156874
1.156874
1.156873
1.156873
1.156873
1.156872
1.156872
1.156872
1.156871
1.156871
1.15687
1.15687
1.15687
1.156869
1.156869
1.156868
1.156868
1.156867
1.156867
1.156866
1.156866
1.156866
1.156865
1.156864
1.156864
1.156863
1.156863
1.156862
1.156862
1.156861
1.15686
1.15686
1.156859
1.156858
1.156858
1.156857
1.156856
1.156856
1.156855
1.156854
1.156853
1.156852
1.156851
1.156851
1.15685
1.156849
1.156848
1.156847
1.156846
1.156845
1.156844
1.156843
1.156842
1.156841
1.15684
1.156839
1.156837
1.156836
1.156835
1.156834
1.156833
1.156831
1.15683
1.156829
1.156827
1.156826
1.156825
1.156823
1.156822
1.15682
1.156819
1.156817
1.156816
1.156814
1.156812
1.156811
1.156809
1.156808
1.156806
1.156804
1.156802
1.156801
1.156799
1.156797
1.156796
1.156794
1.156793
1.156792
1.155862
1.156388
1.156994
1.156927
1.156864
1.156871
1.156877
1.156876
1.156875
1.156875
1.156875
1.156874
1.156874
1.156874
1.156874
1.156873
1.156873
1.156873
1.156872
1.156872
1.156872
1.156871
1.156871
1.156871
1.156871
1.15687
1.15687
1.15687
1.15687
1.156869
1.156869
1.156869
1.156868
1.156868
1.156868
1.156868
1.156867
1.156867
1.156867
1.156866
1.156866
1.156866
1.156866
1.156865
1.156865
1.156865
1.156864
1.156864
1.156864
1.156864
1.156863
1.156863
1.156863
1.156862
1.156862
1.156862
1.156862
1.156861
1.156861
1.156861
1.15686
1.15686
1.15686
1.15686
1.156859
1.156859
1.156859
1.156858
1.156858
1.156858
1.156858
1.156857
1.156857
1.156857
1.156856
1.156856
1.156856
1.156855
1.156855
1.156855
1.156855
1.156854
1.156854
1.156854
1.156853
1.156853
1.156853
1.156852
1.156852
1.156852
1.156851
1.156851
1.156851
1.15685
1.15685
1.15685
1.156849
1.156849
1.156848
1.156848
1.155862
1.156387
1.156994
1.156927
1.156864
1.156871
1.156877
1.156876
1.156875
1.156875
1.156875
1.156874
1.156874
1.156874
1.156873
1.156873
1.156873
1.156873
1.156872
1.156872
1.156872
1.156871
1.156871
1.156871
1.156871
1.15687
1.15687
1.15687
1.156869
1.156869
1.156869
1.156869
1.156868
1.156868
1.156868
1.156868
1.156867
1.156867
1.156867
1.156866
1.156866
1.156866
1.156866
1.156865
1.156865
1.156865
1.156865
1.156864
1.156864
1.156864
1.156863
1.156863
1.156863
1.156863
1.156862
1.156862
1.156862
1.156861
1.156861
1.156861
1.156861
1.15686
1.15686
1.15686
1.15686
1.156859
1.156859
1.156859
1.156858
1.156858
1.156858
1.156858
1.156857
1.156857
1.156857
1.156856
1.156856
1.156856
1.156856
1.156855
1.156855
1.156855
1.156854
1.156854
1.156854
1.156854
1.156853
1.156853
1.156853
1.156852
1.156852
1.156852
1.156852
1.156851
1.156851
1.156851
1.15685
1.15685
1.15685
1.156849
1.155861
1.156387
1.156994
1.156927
1.156864
1.156871
1.156877
1.156876
1.156875
1.156875
1.156875
1.156874
1.156874
1.156874
1.156873
1.156873
1.156873
1.156873
1.156872
1.156872
1.156872
1.156871
1.156871
1.156871
1.156871
1.15687
1.15687
1.15687
1.156869
1.156869
1.156869
1.156869
1.156868
1.156868
1.156868
1.156868
1.156867
1.156867
1.156867
1.156866
1.156866
1.156866
1.156866
1.156865
1.156865
1.156865
1.156864
1.156864
1.156864
1.156864
1.156863
1.156863
1.156863
1.156863
1.156862
1.156862
1.156862
1.156861
1.156861
1.156861
1.156861
1.15686
1.15686
1.15686
1.15686
1.156859
1.156859
1.156859
1.156858
1.156858
1.156858
1.156858
1.156857
1.156857
1.156857
1.156856
1.156856
1.156856
1.156856
1.156855
1.156855
1.156855
1.156854
1.156854
1.156854
1.156854
1.156853
1.156853
1.156853
1.156852
1.156852
1.156852
1.156852
1.156851
1.156851
1.156851
1.15685
1.15685
1.15685
1.156849
1.155861
1.156387
1.156994
1.156927
1.156864
1.156871
1.156877
1.156876
1.156875
1.156875
1.156875
1.156874
1.156874
1.156874
1.156873
1.156873
1.156873
1.156873
1.156872
1.156872
1.156872
1.156871
1.156871
1.156871
1.156871
1.15687
1.15687
1.15687
1.156869
1.156869
1.156869
1.156869
1.156868
1.156868
1.156868
1.156867
1.156867
1.156867
1.156867
1.156866
1.156866
1.156866
1.156866
1.156865
1.156865
1.156865
1.156864
1.156864
1.156864
1.156864
1.156863
1.156863
1.156863
1.156863
1.156862
1.156862
1.156862
1.156861
1.156861
1.156861
1.156861
1.15686
1.15686
1.15686
1.15686
1.156859
1.156859
1.156859
1.156858
1.156858
1.156858
1.156858
1.156857
1.156857
1.156857
1.156856
1.156856
1.156856
1.156856
1.156855
1.156855
1.156855
1.156854
1.156854
1.156854
1.156854
1.156853
1.156853
1.156853
1.156852
1.156852
1.156852
1.156852
1.156851
1.156851
1.156851
1.15685
1.15685
1.15685
1.156849
1.155861
1.156387
1.156994
1.156927
1.156864
1.156871
1.156877
1.156876
1.156875
1.156875
1.156875
1.156874
1.156874
1.156874
1.156873
1.156873
1.156873
1.156872
1.156872
1.156872
1.156872
1.156871
1.156871
1.156871
1.156871
1.15687
1.15687
1.15687
1.156869
1.156869
1.156869
1.156869
1.156868
1.156868
1.156868
1.156867
1.156867
1.156867
1.156867
1.156866
1.156866
1.156866
1.156866
1.156865
1.156865
1.156865
1.156864
1.156864
1.156864
1.156864
1.156863
1.156863
1.156863
1.156863
1.156862
1.156862
1.156862
1.156861
1.156861
1.156861
1.156861
1.15686
1.15686
1.15686
1.156859
1.156859
1.156859
1.156859
1.156858
1.156858
1.156858
1.156858
1.156857
1.156857
1.156857
1.156856
1.156856
1.156856
1.156856
1.156855
1.156855
1.156855
1.156854
1.156854
1.156854
1.156854
1.156853
1.156853
1.156853
1.156852
1.156852
1.156852
1.156852
1.156851
1.156851
1.156851
1.15685
1.15685
1.15685
1.15685
1.155861
1.156387
1.156994
1.156927
1.156864
1.156871
1.156877
1.156876
1.156875
1.156875
1.156874
1.156874
1.156874
1.156874
1.156873
1.156873
1.156873
1.156872
1.156872
1.156872
1.156872
1.156871
1.156871
1.156871
1.156871
1.15687
1.15687
1.15687
1.156869
1.156869
1.156869
1.156869
1.156868
1.156868
1.156868
1.156867
1.156867
1.156867
1.156867
1.156866
1.156866
1.156866
1.156866
1.156865
1.156865
1.156865
1.156864
1.156864
1.156864
1.156864
1.156863
1.156863
1.156863
1.156863
1.156862
1.156862
1.156862
1.156861
1.156861
1.156861
1.156861
1.15686
1.15686
1.15686
1.156859
1.156859
1.156859
1.156859
1.156858
1.156858
1.156858
1.156858
1.156857
1.156857
1.156857
1.156856
1.156856
1.156856
1.156856
1.156855
1.156855
1.156855
1.156854
1.156854
1.156854
1.156854
1.156853
1.156853
1.156853
1.156852
1.156852
1.156852
1.156852
1.156851
1.156851
1.156851
1.15685
1.15685
1.15685
1.15685
1.155861
1.156387
1.156994
1.156927
1.156864
1.156871
1.156877
1.156876
1.156875
1.156875
1.156874
1.156874
1.156874
1.156874
1.156873
1.156873
1.156873
1.156872
1.156872
1.156872
1.156872
1.156871
1.156871
1.156871
1.15687
1.15687
1.15687
1.15687
1.156869
1.156869
1.156869
1.156869
1.156868
1.156868
1.156868
1.156867
1.156867
1.156867
1.156867
1.156866
1.156866
1.156866
1.156866
1.156865
1.156865
1.156865
1.156864
1.156864
1.156864
1.156864
1.156863
1.156863
1.156863
1.156862
1.156862
1.156862
1.156862
1.156861
1.156861
1.156861
1.156861
1.15686
1.15686
1.15686
1.156859
1.156859
1.156859
1.156859
1.156858
1.156858
1.156858
1.156858
1.156857
1.156857
1.156857
1.156856
1.156856
1.156856
1.156856
1.156855
1.156855
1.156855
1.156854
1.156854
1.156854
1.156854
1.156853
1.156853
1.156853
1.156852
1.156852
1.156852
1.156852
1.156851
1.156851
1.156851
1.15685
1.15685
1.15685
1.15685
1.155861
1.156387
1.156993
1.156927
1.156864
1.156871
1.156877
1.156876
1.156875
1.156875
1.156874
1.156874
1.156874
1.156874
1.156873
1.156873
1.156873
1.156872
1.156872
1.156872
1.156872
1.156871
1.156871
1.156871
1.15687
1.15687
1.15687
1.15687
1.156869
1.156869
1.156869
1.156869
1.156868
1.156868
1.156868
1.156867
1.156867
1.156867
1.156867
1.156866
1.156866
1.156866
1.156866
1.156865
1.156865
1.156865
1.156864
1.156864
1.156864
1.156864
1.156863
1.156863
1.156863
1.156862
1.156862
1.156862
1.156862
1.156861
1.156861
1.156861
1.156861
1.15686
1.15686
1.15686
1.156859
1.156859
1.156859
1.156859
1.156858
1.156858
1.156858
1.156858
1.156857
1.156857
1.156857
1.156856
1.156856
1.156856
1.156856
1.156855
1.156855
1.156855
1.156854
1.156854
1.156854
1.156854
1.156853
1.156853
1.156853
1.156852
1.156852
1.156852
1.156852
1.156851
1.156851
1.156851
1.156851
1.15685
1.15685
1.15685
1.155861
1.156387
1.156993
1.156926
1.156864
1.156871
1.156877
1.156876
1.156875
1.156875
1.156874
1.156874
1.156874
1.156874
1.156873
1.156873
1.156873
1.156872
1.156872
1.156872
1.156872
1.156871
1.156871
1.156871
1.15687
1.15687
1.15687
1.15687
1.156869
1.156869
1.156869
1.156869
1.156868
1.156868
1.156868
1.156867
1.156867
1.156867
1.156867
1.156866
1.156866
1.156866
1.156865
1.156865
1.156865
1.156865
1.156864
1.156864
1.156864
1.156864
1.156863
1.156863
1.156863
1.156862
1.156862
1.156862
1.156862
1.156861
1.156861
1.156861
1.156861
1.15686
1.15686
1.15686
1.156859
1.156859
1.156859
1.156859
1.156858
1.156858
1.156858
1.156858
1.156857
1.156857
1.156857
1.156856
1.156856
1.156856
1.156856
1.156855
1.156855
1.156855
1.156854
1.156854
1.156854
1.156854
1.156853
1.156853
1.156853
1.156852
1.156852
1.156852
1.156852
1.156851
1.156851
1.156851
1.156851
1.15685
1.15685
1.15685
1.155861
1.156386
1.156993
1.156926
1.156864
1.156871
1.156877
1.156876
1.156875
1.156875
1.156874
1.156874
1.156874
1.156873
1.156873
1.156873
1.156873
1.156872
1.156872
1.156872
1.156872
1.156871
1.156871
1.156871
1.15687
1.15687
1.15687
1.15687
1.156869
1.156869
1.156869
1.156869
1.156868
1.156868
1.156868
1.156867
1.156867
1.156867
1.156867
1.156866
1.156866
1.156866
1.156865
1.156865
1.156865
1.156865
1.156864
1.156864
1.156864
1.156864
1.156863
1.156863
1.156863
1.156862
1.156862
1.156862
1.156862
1.156861
1.156861
1.156861
1.156861
1.15686
1.15686
1.15686
1.156859
1.156859
1.156859
1.156859
1.156858
1.156858
1.156858
1.156858
1.156857
1.156857
1.156857
1.156856
1.156856
1.156856
1.156856
1.156855
1.156855
1.156855
1.156854
1.156854
1.156854
1.156854
1.156853
1.156853
1.156853
1.156853
1.156852
1.156852
1.156852
1.156851
1.156851
1.156851
1.156851
1.15685
1.15685
1.15685
1.15586
1.156386
1.156993
1.156926
1.156863
1.156871
1.156877
1.156876
1.156875
1.156875
1.156874
1.156874
1.156874
1.156873
1.156873
1.156873
1.156873
1.156872
1.156872
1.156872
1.156872
1.156871
1.156871
1.156871
1.15687
1.15687
1.15687
1.15687
1.156869
1.156869
1.156869
1.156868
1.156868
1.156868
1.156868
1.156867
1.156867
1.156867
1.156867
1.156866
1.156866
1.156866
1.156865
1.156865
1.156865
1.156865
1.156864
1.156864
1.156864
1.156864
1.156863
1.156863
1.156863
1.156862
1.156862
1.156862
1.156862
1.156861
1.156861
1.156861
1.156861
1.15686
1.15686
1.15686
1.156859
1.156859
1.156859
1.156859
1.156858
1.156858
1.156858
1.156857
1.156857
1.156857
1.156857
1.156856
1.156856
1.156856
1.156856
1.156855
1.156855
1.156855
1.156854
1.156854
1.156854
1.156854
1.156853
1.156853
1.156853
1.156853
1.156852
1.156852
1.156852
1.156851
1.156851
1.156851
1.156851
1.15685
1.15685
1.15685
1.15586
1.156386
1.156993
1.156926
1.156863
1.156871
1.156877
1.156876
1.156875
1.156874
1.156874
1.156874
1.156874
1.156873
1.156873
1.156873
1.156873
1.156872
1.156872
1.156872
1.156872
1.156871
1.156871
1.156871
1.15687
1.15687
1.15687
1.15687
1.156869
1.156869
1.156869
1.156868
1.156868
1.156868
1.156868
1.156867
1.156867
1.156867
1.156867
1.156866
1.156866
1.156866
1.156865
1.156865
1.156865
1.156865
1.156864
1.156864
1.156864
1.156864
1.156863
1.156863
1.156863
1.156862
1.156862
1.156862
1.156862
1.156861
1.156861
1.156861
1.156861
1.15686
1.15686
1.15686
1.156859
1.156859
1.156859
1.156859
1.156858
1.156858
1.156858
1.156857
1.156857
1.156857
1.156857
1.156856
1.156856
1.156856
1.156856
1.156855
1.156855
1.156855
1.156854
1.156854
1.156854
1.156854
1.156853
1.156853
1.156853
1.156853
1.156852
1.156852
1.156852
1.156851
1.156851
1.156851
1.156851
1.15685
1.15685
1.15685
1.15586
1.156386
1.156993
1.156926
1.156863
1.15687
1.156877
1.156876
1.156875
1.156874
1.156874
1.156874
1.156874
1.156873
1.156873
1.156873
1.156873
1.156872
1.156872
1.156872
1.156871
1.156871
1.156871
1.156871
1.15687
1.15687
1.15687
1.15687
1.156869
1.156869
1.156869
1.156868
1.156868
1.156868
1.156868
1.156867
1.156867
1.156867
1.156867
1.156866
1.156866
1.156866
1.156865
1.156865
1.156865
1.156865
1.156864
1.156864
1.156864
1.156864
1.156863
1.156863
1.156863
1.156862
1.156862
1.156862
1.156862
1.156861
1.156861
1.156861
1.156861
1.15686
1.15686
1.15686
1.156859
1.156859
1.156859
1.156859
1.156858
1.156858
1.156858
1.156857
1.156857
1.156857
1.156857
1.156856
1.156856
1.156856
1.156856
1.156855
1.156855
1.156855
1.156854
1.156854
1.156854
1.156854
1.156853
1.156853
1.156853
1.156853
1.156852
1.156852
1.156852
1.156851
1.156851
1.156851
1.156851
1.15685
1.15685
1.15685
1.15586
1.156386
1.156993
1.156926
1.156863
1.15687
1.156877
1.156876
1.156875
1.156874
1.156874
1.156874
1.156874
1.156873
1.156873
1.156873
1.156873
1.156872
1.156872
1.156872
1.156871
1.156871
1.156871
1.156871
1.15687
1.15687
1.15687
1.15687
1.156869
1.156869
1.156869
1.156868
1.156868
1.156868
1.156868
1.156867
1.156867
1.156867
1.156867
1.156866
1.156866
1.156866
1.156865
1.156865
1.156865
1.156865
1.156864
1.156864
1.156864
1.156864
1.156863
1.156863
1.156863
1.156862
1.156862
1.156862
1.156862
1.156861
1.156861
1.156861
1.156861
1.15686
1.15686
1.15686
1.156859
1.156859
1.156859
1.156859
1.156858
1.156858
1.156858
1.156857
1.156857
1.156857
1.156857
1.156856
1.156856
1.156856
1.156856
1.156855
1.156855
1.156855
1.156854
1.156854
1.156854
1.156854
1.156853
1.156853
1.156853
1.156853
1.156852
1.156852
1.156852
1.156851
1.156851
1.156851
1.156851
1.15685
1.15685
1.15685
1.15586
1.156386
1.156993
1.156926
1.156863
1.15687
1.156877
1.156875
1.156875
1.156874
1.156874
1.156874
1.156874
1.156873
1.156873
1.156873
1.156873
1.156872
1.156872
1.156872
1.156871
1.156871
1.156871
1.156871
1.15687
1.15687
1.15687
1.15687
1.156869
1.156869
1.156869
1.156868
1.156868
1.156868
1.156868
1.156867
1.156867
1.156867
1.156867
1.156866
1.156866
1.156866
1.156865
1.156865
1.156865
1.156865
1.156864
1.156864
1.156864
1.156864
1.156863
1.156863
1.156863
1.156862
1.156862
1.156862
1.156862
1.156861
1.156861
1.156861
1.156861
1.15686
1.15686
1.15686
1.156859
1.156859
1.156859
1.156859
1.156858
1.156858
1.156858
1.156857
1.156857
1.156857
1.156857
1.156856
1.156856
1.156856
1.156856
1.156855
1.156855
1.156855
1.156854
1.156854
1.156854
1.156854
1.156853
1.156853
1.156853
1.156853
1.156852
1.156852
1.156852
1.156852
1.156851
1.156851
1.156851
1.15685
1.15685
1.15685
1.15586
1.156386
1.156993
1.156926
1.156863
1.15687
1.156877
1.156875
1.156875
1.156874
1.156874
1.156874
1.156874
1.156873
1.156873
1.156873
1.156873
1.156872
1.156872
1.156872
1.156871
1.156871
1.156871
1.156871
1.15687
1.15687
1.15687
1.15687
1.156869
1.156869
1.156869
1.156868
1.156868
1.156868
1.156868
1.156867
1.156867
1.156867
1.156867
1.156866
1.156866
1.156866
1.156865
1.156865
1.156865
1.156865
1.156864
1.156864
1.156864
1.156864
1.156863
1.156863
1.156863
1.156862
1.156862
1.156862
1.156862
1.156861
1.156861
1.156861
1.156861
1.15686
1.15686
1.15686
1.156859
1.156859
1.156859
1.156859
1.156858
1.156858
1.156858
1.156857
1.156857
1.156857
1.156857
1.156856
1.156856
1.156856
1.156856
1.156855
1.156855
1.156855
1.156854
1.156854
1.156854
1.156854
1.156853
1.156853
1.156853
1.156853
1.156852
1.156852
1.156852
1.156852
1.156851
1.156851
1.156851
1.15685
1.15685
1.15685
1.15586
1.156386
1.156993
1.156926
1.156863
1.15687
1.156877
1.156875
1.156875
1.156874
1.156874
1.156874
1.156874
1.156873
1.156873
1.156873
1.156873
1.156872
1.156872
1.156872
1.156871
1.156871
1.156871
1.156871
1.15687
1.15687
1.15687
1.15687
1.156869
1.156869
1.156869
1.156868
1.156868
1.156868
1.156868
1.156867
1.156867
1.156867
1.156867
1.156866
1.156866
1.156866
1.156865
1.156865
1.156865
1.156865
1.156864
1.156864
1.156864
1.156864
1.156863
1.156863
1.156863
1.156862
1.156862
1.156862
1.156862
1.156861
1.156861
1.156861
1.15686
1.15686
1.15686
1.15686
1.156859
1.156859
1.156859
1.156859
1.156858
1.156858
1.156858
1.156857
1.156857
1.156857
1.156857
1.156856
1.156856
1.156856
1.156856
1.156855
1.156855
1.156855
1.156854
1.156854
1.156854
1.156854
1.156853
1.156853
1.156853
1.156853
1.156852
1.156852
1.156852
1.156852
1.156851
1.156851
1.156851
1.156851
1.15685
1.15685
1.15586
1.156386
1.156993
1.156926
1.156863
1.15687
1.156876
1.156875
1.156874
1.156874
1.156874
1.156874
1.156874
1.156873
1.156873
1.156873
1.156872
1.156872
1.156872
1.156872
1.156871
1.156871
1.156871
1.156871
1.15687
1.15687
1.15687
1.15687
1.156869
1.156869
1.156869
1.156868
1.156868
1.156868
1.156868
1.156867
1.156867
1.156867
1.156867
1.156866
1.156866
1.156866
1.156865
1.156865
1.156865
1.156865
1.156864
1.156864
1.156864
1.156863
1.156863
1.156863
1.156863
1.156862
1.156862
1.156862
1.156862
1.156861
1.156861
1.156861
1.15686
1.15686
1.15686
1.15686
1.156859
1.156859
1.156859
1.156859
1.156858
1.156858
1.156858
1.156857
1.156857
1.156857
1.156857
1.156856
1.156856
1.156856
1.156856
1.156855
1.156855
1.156855
1.156854
1.156854
1.156854
1.156854
1.156853
1.156853
1.156853
1.156853
1.156852
1.156852
1.156852
1.156852
1.156851
1.156851
1.156851
1.156851
1.15685
1.15685
1.15586
1.156386
1.156993
1.156926
1.156863
1.15687
1.156876
1.156875
1.156874
1.156874
1.156874
1.156874
1.156874
1.156873
1.156873
1.156873
1.156872
1.156872
1.156872
1.156872
1.156871
1.156871
1.156871
1.156871
1.15687
1.15687
1.15687
1.156869
1.156869
1.156869
1.156869
1.156868
1.156868
1.156868
1.156868
1.156867
1.156867
1.156867
1.156866
1.156866
1.156866
1.156866
1.156865
1.156865
1.156865
1.156865
1.156864
1.156864
1.156864
1.156863
1.156863
1.156863
1.156863
1.156862
1.156862
1.156862
1.156862
1.156861
1.156861
1.156861
1.15686
1.15686
1.15686
1.15686
1.156859
1.156859
1.156859
1.156859
1.156858
1.156858
1.156858
1.156857
1.156857
1.156857
1.156857
1.156856
1.156856
1.156856
1.156856
1.156855
1.156855
1.156855
1.156855
1.156854
1.156854
1.156854
1.156853
1.156853
1.156853
1.156853
1.156852
1.156852
1.156852
1.156852
1.156851
1.156851
1.156851
1.156851
1.15685
1.15685
1.15586
1.156386
1.156993
1.156926
1.156863
1.15687
1.156876
1.156875
1.156874
1.156874
1.156874
1.156874
1.156874
1.156873
1.156873
1.156873
1.156872
1.156872
1.156872
1.156872
1.156871
1.156871
1.156871
1.156871
1.15687
1.15687
1.15687
1.156869
1.156869
1.156869
1.156869
1.156868
1.156868
1.156868
1.156868
1.156867
1.156867
1.156867
1.156866
1.156866
1.156866
1.156866
1.156865
1.156865
1.156865
1.156865
1.156864
1.156864
1.156864
1.156863
1.156863
1.156863
1.156863
1.156862
1.156862
1.156862
1.156862
1.156861
1.156861
1.156861
1.15686
1.15686
1.15686
1.15686
1.156859
1.156859
1.156859
1.156859
1.156858
1.156858
1.156858
1.156857
1.156857
1.156857
1.156857
1.156856
1.156856
1.156856
1.156856
1.156855
1.156855
1.156855
1.156855
1.156854
1.156854
1.156854
1.156853
1.156853
1.156853
1.156853
1.156852
1.156852
1.156852
1.156852
1.156851
1.156851
1.156851
1.156851
1.15685
1.15685
1.15586
1.156386
1.156993
1.156926
1.156863
1.15687
1.156876
1.156875
1.156874
1.156874
1.156874
1.156874
1.156874
1.156873
1.156873
1.156873
1.156872
1.156872
1.156872
1.156872
1.156871
1.156871
1.156871
1.156871
1.15687
1.15687
1.15687
1.156869
1.156869
1.156869
1.156869
1.156868
1.156868
1.156868
1.156868
1.156867
1.156867
1.156867
1.156866
1.156866
1.156866
1.156866
1.156865
1.156865
1.156865
1.156865
1.156864
1.156864
1.156864
1.156863
1.156863
1.156863
1.156863
1.156862
1.156862
1.156862
1.156862
1.156861
1.156861
1.156861
1.15686
1.15686
1.15686
1.15686
1.156859
1.156859
1.156859
1.156859
1.156858
1.156858
1.156858
1.156857
1.156857
1.156857
1.156857
1.156856
1.156856
1.156856
1.156856
1.156855
1.156855
1.156855
1.156855
1.156854
1.156854
1.156854
1.156853
1.156853
1.156853
1.156853
1.156852
1.156852
1.156852
1.156852
1.156851
1.156851
1.156851
1.156851
1.15685
1.15685
1.15586
1.156386
1.156993
1.156926
1.156863
1.15687
1.156876
1.156875
1.156874
1.156874
1.156874
1.156874
1.156873
1.156873
1.156873
1.156873
1.156872
1.156872
1.156872
1.156872
1.156871
1.156871
1.156871
1.156871
1.15687
1.15687
1.15687
1.156869
1.156869
1.156869
1.156869
1.156868
1.156868
1.156868
1.156868
1.156867
1.156867
1.156867
1.156866
1.156866
1.156866
1.156866
1.156865
1.156865
1.156865
1.156865
1.156864
1.156864
1.156864
1.156863
1.156863
1.156863
1.156863
1.156862
1.156862
1.156862
1.156862
1.156861
1.156861
1.156861
1.15686
1.15686
1.15686
1.15686
1.156859
1.156859
1.156859
1.156859
1.156858
1.156858
1.156858
1.156857
1.156857
1.156857
1.156857
1.156856
1.156856
1.156856
1.156856
1.156855
1.156855
1.156855
1.156855
1.156854
1.156854
1.156854
1.156853
1.156853
1.156853
1.156853
1.156852
1.156852
1.156852
1.156852
1.156851
1.156851
1.156851
1.156851
1.15685
1.15685
1.15586
1.156386
1.156993
1.156926
1.156863
1.15687
1.156876
1.156875
1.156874
1.156874
1.156874
1.156874
1.156873
1.156873
1.156873
1.156873
1.156872
1.156872
1.156872
1.156872
1.156871
1.156871
1.156871
1.156871
1.15687
1.15687
1.15687
1.156869
1.156869
1.156869
1.156869
1.156868
1.156868
1.156868
1.156868
1.156867
1.156867
1.156867
1.156866
1.156866
1.156866
1.156866
1.156865
1.156865
1.156865
1.156865
1.156864
1.156864
1.156864
1.156863
1.156863
1.156863
1.156863
1.156862
1.156862
1.156862
1.156862
1.156861
1.156861
1.156861
1.15686
1.15686
1.15686
1.15686
1.156859
1.156859
1.156859
1.156859
1.156858
1.156858
1.156858
1.156857
1.156857
1.156857
1.156857
1.156856
1.156856
1.156856
1.156856
1.156855
1.156855
1.156855
1.156855
1.156854
1.156854
1.156854
1.156853
1.156853
1.156853
1.156853
1.156852
1.156852
1.156852
1.156852
1.156851
1.156851
1.156851
1.156851
1.15685
1.15685
1.15586
1.156386
1.156993
1.156926
1.156863
1.15687
1.156876
1.156875
1.156874
1.156874
1.156874
1.156874
1.156873
1.156873
1.156873
1.156873
1.156872
1.156872
1.156872
1.156872
1.156871
1.156871
1.156871
1.156871
1.15687
1.15687
1.15687
1.156869
1.156869
1.156869
1.156869
1.156868
1.156868
1.156868
1.156868
1.156867
1.156867
1.156867
1.156866
1.156866
1.156866
1.156866
1.156865
1.156865
1.156865
1.156865
1.156864
1.156864
1.156864
1.156863
1.156863
1.156863
1.156863
1.156862
1.156862
1.156862
1.156862
1.156861
1.156861
1.156861
1.15686
1.15686
1.15686
1.15686
1.156859
1.156859
1.156859
1.156859
1.156858
1.156858
1.156858
1.156857
1.156857
1.156857
1.156857
1.156856
1.156856
1.156856
1.156856
1.156855
1.156855
1.156855
1.156855
1.156854
1.156854
1.156854
1.156853
1.156853
1.156853
1.156853
1.156852
1.156852
1.156852
1.156852
1.156851
1.156851
1.156851
1.156851
1.15685
1.15685
1.15586
1.156386
1.156993
1.156926
1.156863
1.15687
1.156876
1.156875
1.156874
1.156874
1.156874
1.156874
1.156873
1.156873
1.156873
1.156873
1.156872
1.156872
1.156872
1.156872
1.156871
1.156871
1.156871
1.156871
1.15687
1.15687
1.15687
1.156869
1.156869
1.156869
1.156869
1.156868
1.156868
1.156868
1.156868
1.156867
1.156867
1.156867
1.156866
1.156866
1.156866
1.156866
1.156865
1.156865
1.156865
1.156865
1.156864
1.156864
1.156864
1.156863
1.156863
1.156863
1.156863
1.156862
1.156862
1.156862
1.156862
1.156861
1.156861
1.156861
1.15686
1.15686
1.15686
1.15686
1.156859
1.156859
1.156859
1.156859
1.156858
1.156858
1.156858
1.156857
1.156857
1.156857
1.156857
1.156856
1.156856
1.156856
1.156856
1.156855
1.156855
1.156855
1.156855
1.156854
1.156854
1.156854
1.156853
1.156853
1.156853
1.156853
1.156852
1.156852
1.156852
1.156852
1.156851
1.156851
1.156851
1.156851
1.15685
1.15685
1.15586
1.156386
1.156993
1.156926
1.156863
1.15687
1.156876
1.156875
1.156874
1.156874
1.156874
1.156874
1.156873
1.156873
1.156873
1.156873
1.156872
1.156872
1.156872
1.156872
1.156871
1.156871
1.156871
1.156871
1.15687
1.15687
1.15687
1.156869
1.156869
1.156869
1.156869
1.156868
1.156868
1.156868
1.156868
1.156867
1.156867
1.156867
1.156866
1.156866
1.156866
1.156866
1.156865
1.156865
1.156865
1.156865
1.156864
1.156864
1.156864
1.156863
1.156863
1.156863
1.156863
1.156862
1.156862
1.156862
1.156862
1.156861
1.156861
1.156861
1.15686
1.15686
1.15686
1.15686
1.156859
1.156859
1.156859
1.156859
1.156858
1.156858
1.156858
1.156857
1.156857
1.156857
1.156857
1.156856
1.156856
1.156856
1.156856
1.156855
1.156855
1.156855
1.156855
1.156854
1.156854
1.156854
1.156853
1.156853
1.156853
1.156853
1.156852
1.156852
1.156852
1.156852
1.156851
1.156851
1.156851
1.156851
1.15685
1.15685
1.15586
1.156386
1.156993
1.156926
1.156863
1.15687
1.156876
1.156875
1.156874
1.156874
1.156874
1.156874
1.156873
1.156873
1.156873
1.156873
1.156872
1.156872
1.156872
1.156872
1.156871
1.156871
1.156871
1.156871
1.15687
1.15687
1.15687
1.156869
1.156869
1.156869
1.156869
1.156868
1.156868
1.156868
1.156868
1.156867
1.156867
1.156867
1.156866
1.156866
1.156866
1.156866
1.156865
1.156865
1.156865
1.156865
1.156864
1.156864
1.156864
1.156863
1.156863
1.156863
1.156863
1.156862
1.156862
1.156862
1.156862
1.156861
1.156861
1.156861
1.15686
1.15686
1.15686
1.15686
1.156859
1.156859
1.156859
1.156859
1.156858
1.156858
1.156858
1.156857
1.156857
1.156857
1.156857
1.156856
1.156856
1.156856
1.156856
1.156855
1.156855
1.156855
1.156855
1.156854
1.156854
1.156854
1.156853
1.156853
1.156853
1.156853
1.156852
1.156852
1.156852
1.156852
1.156851
1.156851
1.156851
1.156851
1.15685
1.15685
1.15586
1.156386
1.156993
1.156926
1.156863
1.15687
1.156876
1.156875
1.156874
1.156874
1.156874
1.156874
1.156873
1.156873
1.156873
1.156873
1.156872
1.156872
1.156872
1.156872
1.156871
1.156871
1.156871
1.15687
1.15687
1.15687
1.15687
1.156869
1.156869
1.156869
1.156869
1.156868
1.156868
1.156868
1.156868
1.156867
1.156867
1.156867
1.156866
1.156866
1.156866
1.156866
1.156865
1.156865
1.156865
1.156865
1.156864
1.156864
1.156864
1.156863
1.156863
1.156863
1.156863
1.156862
1.156862
1.156862
1.156862
1.156861
1.156861
1.156861
1.15686
1.15686
1.15686
1.15686
1.156859
1.156859
1.156859
1.156859
1.156858
1.156858
1.156858
1.156857
1.156857
1.156857
1.156857
1.156856
1.156856
1.156856
1.156856
1.156855
1.156855
1.156855
1.156855
1.156854
1.156854
1.156854
1.156853
1.156853
1.156853
1.156853
1.156852
1.156852
1.156852
1.156852
1.156851
1.156851
1.156851
1.156851
1.15685
1.15685
1.15586
1.156386
1.156993
1.156926
1.156863
1.15687
1.156876
1.156875
1.156874
1.156874
1.156874
1.156874
1.156873
1.156873
1.156873
1.156873
1.156872
1.156872
1.156872
1.156872
1.156871
1.156871
1.156871
1.15687
1.15687
1.15687
1.15687
1.156869
1.156869
1.156869
1.156869
1.156868
1.156868
1.156868
1.156868
1.156867
1.156867
1.156867
1.156866
1.156866
1.156866
1.156866
1.156865
1.156865
1.156865
1.156865
1.156864
1.156864
1.156864
1.156863
1.156863
1.156863
1.156863
1.156862
1.156862
1.156862
1.156862
1.156861
1.156861
1.156861
1.15686
1.15686
1.15686
1.15686
1.156859
1.156859
1.156859
1.156859
1.156858
1.156858
1.156858
1.156857
1.156857
1.156857
1.156857
1.156856
1.156856
1.156856
1.156856
1.156855
1.156855
1.156855
1.156855
1.156854
1.156854
1.156854
1.156854
1.156853
1.156853
1.156853
1.156852
1.156852
1.156852
1.156852
1.156851
1.156851
1.156851
1.156851
1.15685
1.15685
1.15586
1.156386
1.156993
1.156926
1.156863
1.15687
1.156876
1.156875
1.156874
1.156874
1.156874
1.156874
1.156873
1.156873
1.156873
1.156873
1.156872
1.156872
1.156872
1.156872
1.156871
1.156871
1.156871
1.15687
1.15687
1.15687
1.15687
1.156869
1.156869
1.156869
1.156869
1.156868
1.156868
1.156868
1.156868
1.156867
1.156867
1.156867
1.156866
1.156866
1.156866
1.156866
1.156865
1.156865
1.156865
1.156865
1.156864
1.156864
1.156864
1.156863
1.156863
1.156863
1.156863
1.156862
1.156862
1.156862
1.156862
1.156861
1.156861
1.156861
1.15686
1.15686
1.15686
1.15686
1.156859
1.156859
1.156859
1.156859
1.156858
1.156858
1.156858
1.156857
1.156857
1.156857
1.156857
1.156856
1.156856
1.156856
1.156856
1.156855
1.156855
1.156855
1.156855
1.156854
1.156854
1.156854
1.156854
1.156853
1.156853
1.156853
1.156852
1.156852
1.156852
1.156852
1.156851
1.156851
1.156851
1.156851
1.15685
1.15685
1.15586
1.156386
1.156993
1.156926
1.156863
1.15687
1.156876
1.156875
1.156874
1.156874
1.156874
1.156874
1.156873
1.156873
1.156873
1.156873
1.156872
1.156872
1.156872
1.156872
1.156871
1.156871
1.156871
1.15687
1.15687
1.15687
1.15687
1.156869
1.156869
1.156869
1.156869
1.156868
1.156868
1.156868
1.156868
1.156867
1.156867
1.156867
1.156866
1.156866
1.156866
1.156866
1.156865
1.156865
1.156865
1.156865
1.156864
1.156864
1.156864
1.156863
1.156863
1.156863
1.156863
1.156862
1.156862
1.156862
1.156862
1.156861
1.156861
1.156861
1.15686
1.15686
1.15686
1.15686
1.156859
1.156859
1.156859
1.156859
1.156858
1.156858
1.156858
1.156857
1.156857
1.156857
1.156857
1.156856
1.156856
1.156856
1.156856
1.156855
1.156855
1.156855
1.156855
1.156854
1.156854
1.156854
1.156854
1.156853
1.156853
1.156853
1.156852
1.156852
1.156852
1.156852
1.156851
1.156851
1.156851
1.156851
1.15685
1.15685
1.15586
1.156386
1.156993
1.156926
1.156863
1.15687
1.156876
1.156875
1.156874
1.156874
1.156874
1.156874
1.156873
1.156873
1.156873
1.156873
1.156872
1.156872
1.156872
1.156872
1.156871
1.156871
1.156871
1.15687
1.15687
1.15687
1.15687
1.156869
1.156869
1.156869
1.156869
1.156868
1.156868
1.156868
1.156868
1.156867
1.156867
1.156867
1.156866
1.156866
1.156866
1.156866
1.156865
1.156865
1.156865
1.156865
1.156864
1.156864
1.156864
1.156863
1.156863
1.156863
1.156863
1.156862
1.156862
1.156862
1.156862
1.156861
1.156861
1.156861
1.15686
1.15686
1.15686
1.15686
1.156859
1.156859
1.156859
1.156859
1.156858
1.156858
1.156858
1.156857
1.156857
1.156857
1.156857
1.156856
1.156856
1.156856
1.156856
1.156855
1.156855
1.156855
1.156855
1.156854
1.156854
1.156854
1.156854
1.156853
1.156853
1.156853
1.156852
1.156852
1.156852
1.156852
1.156851
1.156851
1.156851
1.156851
1.15685
1.15685
1.15586
1.156386
1.156993
1.156926
1.156863
1.15687
1.156876
1.156875
1.156874
1.156874
1.156874
1.156874
1.156873
1.156873
1.156873
1.156873
1.156872
1.156872
1.156872
1.156872
1.156871
1.156871
1.156871
1.15687
1.15687
1.15687
1.15687
1.156869
1.156869
1.156869
1.156869
1.156868
1.156868
1.156868
1.156868
1.156867
1.156867
1.156867
1.156866
1.156866
1.156866
1.156866
1.156865
1.156865
1.156865
1.156865
1.156864
1.156864
1.156864
1.156863
1.156863
1.156863
1.156863
1.156862
1.156862
1.156862
1.156862
1.156861
1.156861
1.156861
1.15686
1.15686
1.15686
1.15686
1.156859
1.156859
1.156859
1.156859
1.156858
1.156858
1.156858
1.156857
1.156857
1.156857
1.156857
1.156856
1.156856
1.156856
1.156856
1.156855
1.156855
1.156855
1.156855
1.156854
1.156854
1.156854
1.156854
1.156853
1.156853
1.156853
1.156852
1.156852
1.156852
1.156852
1.156851
1.156851
1.156851
1.156851
1.15685
1.15685
1.15586
1.156386
1.156993
1.156926
1.156863
1.15687
1.156876
1.156875
1.156874
1.156874
1.156874
1.156874
1.156873
1.156873
1.156873
1.156873
1.156872
1.156872
1.156872
1.156872
1.156871
1.156871
1.156871
1.15687
1.15687
1.15687
1.15687
1.156869
1.156869
1.156869
1.156869
1.156868
1.156868
1.156868
1.156868
1.156867
1.156867
1.156867
1.156866
1.156866
1.156866
1.156866
1.156865
1.156865
1.156865
1.156865
1.156864
1.156864
1.156864
1.156863
1.156863
1.156863
1.156863
1.156862
1.156862
1.156862
1.156862
1.156861
1.156861
1.156861
1.15686
1.15686
1.15686
1.15686
1.156859
1.156859
1.156859
1.156859
1.156858
1.156858
1.156858
1.156857
1.156857
1.156857
1.156857
1.156856
1.156856
1.156856
1.156856
1.156855
1.156855
1.156855
1.156855
1.156854
1.156854
1.156854
1.156854
1.156853
1.156853
1.156853
1.156852
1.156852
1.156852
1.156852
1.156851
1.156851
1.156851
1.156851
1.15685
1.15685
1.15586
1.156386
1.156993
1.156926
1.156863
1.15687
1.156876
1.156875
1.156874
1.156874
1.156874
1.156874
1.156873
1.156873
1.156873
1.156873
1.156872
1.156872
1.156872
1.156872
1.156871
1.156871
1.156871
1.15687
1.15687
1.15687
1.15687
1.156869
1.156869
1.156869
1.156869
1.156868
1.156868
1.156868
1.156868
1.156867
1.156867
1.156867
1.156866
1.156866
1.156866
1.156866
1.156865
1.156865
1.156865
1.156865
1.156864
1.156864
1.156864
1.156863
1.156863
1.156863
1.156863
1.156862
1.156862
1.156862
1.156862
1.156861
1.156861
1.156861
1.15686
1.15686
1.15686
1.15686
1.156859
1.156859
1.156859
1.156859
1.156858
1.156858
1.156858
1.156857
1.156857
1.156857
1.156857
1.156856
1.156856
1.156856
1.156856
1.156855
1.156855
1.156855
1.156855
1.156854
1.156854
1.156854
1.156854
1.156853
1.156853
1.156853
1.156852
1.156852
1.156852
1.156852
1.156851
1.156851
1.156851
1.156851
1.15685
1.15685
1.15586
1.156386
1.156993
1.156926
1.156863
1.15687
1.156876
1.156875
1.156874
1.156874
1.156874
1.156874
1.156873
1.156873
1.156873
1.156873
1.156872
1.156872
1.156872
1.156872
1.156871
1.156871
1.156871
1.15687
1.15687
1.15687
1.15687
1.156869
1.156869
1.156869
1.156869
1.156868
1.156868
1.156868
1.156868
1.156867
1.156867
1.156867
1.156866
1.156866
1.156866
1.156866
1.156865
1.156865
1.156865
1.156865
1.156864
1.156864
1.156864
1.156863
1.156863
1.156863
1.156863
1.156862
1.156862
1.156862
1.156862
1.156861
1.156861
1.156861
1.15686
1.15686
1.15686
1.15686
1.156859
1.156859
1.156859
1.156859
1.156858
1.156858
1.156858
1.156857
1.156857
1.156857
1.156857
1.156856
1.156856
1.156856
1.156856
1.156855
1.156855
1.156855
1.156855
1.156854
1.156854
1.156854
1.156854
1.156853
1.156853
1.156853
1.156852
1.156852
1.156852
1.156852
1.156851
1.156851
1.156851
1.156851
1.15685
1.15685
1.155859
1.156386
1.156993
1.156926
1.156863
1.15687
1.156876
1.156875
1.156874
1.156874
1.156874
1.156874
1.156873
1.156873
1.156873
1.156873
1.156872
1.156872
1.156872
1.156872
1.156871
1.156871
1.156871
1.156871
1.15687
1.15687
1.15687
1.156869
1.156869
1.156869
1.156869
1.156868
1.156868
1.156868
1.156868
1.156867
1.156867
1.156867
1.156866
1.156866
1.156866
1.156866
1.156865
1.156865
1.156865
1.156865
1.156864
1.156864
1.156864
1.156864
1.156863
1.156863
1.156863
1.156862
1.156862
1.156862
1.156862
1.156861
1.156861
1.156861
1.156861
1.15686
1.15686
1.15686
1.156859
1.156859
1.156859
1.156859
1.156858
1.156858
1.156858
1.156858
1.156857
1.156857
1.156857
1.156856
1.156856
1.156856
1.156856
1.156855
1.156855
1.156855
1.156855
1.156854
1.156854
1.156854
1.156854
1.156853
1.156853
1.156853
1.156853
1.156852
1.156852
1.156852
1.156852
1.156851
1.156851
1.156851
1.156851
1.15685
)
;

boundaryField
{
    topAir_top
    {
        type            symmetryPlane;
    }
    leftLet
    {
        type            calculated;
        value           uniform 1.158623;
    }
    rightLet
    {
        type            calculated;
        value           nonuniform List<scalar> 
40
(
1.105886
1.154762
1.156792
1.156848
1.156849
1.156849
1.156849
1.156849
1.156849
1.15685
1.15685
1.15685
1.15685
1.15685
1.15685
1.15685
1.15685
1.15685
1.15685
1.15685
1.15685
1.15685
1.15685
1.15685
1.15685
1.15685
1.15685
1.15685
1.15685
1.15685
1.15685
1.15685
1.15685
1.15685
1.15685
1.15685
1.15685
1.15685
1.15685
1.15685
)
;
    }
    frontAndBack
    {
        type            empty;
    }
    topAir_to_wall
    {
        type            calculated;
        value           nonuniform List<scalar> 
100
(
0.508458
0.5088075
0.5091105
0.509069
0.509036
0.5090394
0.5090427
0.5090434
0.5090454
0.509049
0.5090538
0.5090598
0.5090671
0.5090756
0.5090854
0.5090964
0.5091086
0.5091219
0.5091365
0.5091521
0.5091688
0.5091865
0.5092052
0.5092249
0.5092454
0.5092669
0.5092892
0.5093122
0.509336
0.5093606
0.5093857
0.5094116
0.509438
0.5094649
0.5094924
0.5095204
0.5095488
0.5095776
0.5096068
0.5096363
0.5096661
0.5096962
0.5097266
0.5097571
0.5097878
0.5098187
0.5098496
0.5098807
0.5099118
0.5099429
0.509974
0.510005
0.510036
0.5100669
0.5100976
0.5101281
0.5101585
0.5101886
0.5102185
0.5102481
0.5102773
0.5103062
0.5103347
0.5103627
0.5103904
0.5104175
0.5104441
0.5104701
0.5104956
0.5105204
0.5105446
0.510568
0.5105907
0.5106127
0.5106338
0.5106541
0.5106735
0.510692
0.5107095
0.510726
0.5107415
0.5107559
0.5107693
0.5107815
0.5107926
0.5108025
0.5108111
0.5108186
0.5108249
0.51083
0.5108339
0.5108366
0.5108381
0.5108386
0.5108381
0.5108368
0.5108347
0.5108321
0.5108294
0.5108269
)
;
    }
}


// ************************************************************************* //
