/*--------------------------------*- C++ -*----------------------------------*\
| =========                 |                                                 |
| \\      /  F ield         | OpenFOAM: The Open Source CFD Toolbox           |
|  \\    /   O peration     | Version:  1.6.x                                 |
|   \\  /    A nd           | Web:      www.OpenFOAM.org                      |
|    \\/     M anipulation  |                                                 |
\*---------------------------------------------------------------------------*/
FoamFile
{
    version     2.0;
    format      ascii;
    class       volScalarField;
    location    "2";
    object      alphat;
}
// * * * * * * * * * * * * * * * * * * * * * * * * * * * * * * * * * * * * * //

dimensions      [1 -1 -1 0 0 0 0];

internalField   nonuniform List<scalar> 
4608
(
0.000474044
0.000480729
0.000452553
0.000343958
0.000477595
0.000443087
0.000381095
0.000464174
0.000297755
0.000907789
0.000474796
0.00041914
0.000368926
0.000426474
0.000386299
0.000468621
0.000304491
0.000428251
0.000302753
0.000472148
0.000397962
0.000366472
0.000433468
0.000419019
0.000394536
0.000467792
0.000331937
0.000346722
0.000462102
2.90405e-05
0.00010621
0.000469603
0.00037924
0.000366389
0.000444727
0.000415096
0.000404516
0.000463139
0.000344408
0.000329278
0.000364742
0.000285527
6.5609e-05
2.61456e-05
8.59144e-05
0.000467106
0.000361862
0.000368985
0.000459371
0.000413525
0.000414382
0.000456373
0.000350097
0.000331122
0.00034893
0.000385998
0.000158477
9.70679e-05
8.12612e-05
2.61386e-05
6.98152e-05
0.000464589
0.000346267
0.000374132
0.000478837
0.000413877
0.000423474
0.000448347
0.000355052
0.000341363
0.000334132
0.000467133
0.000267484
0.000150775
2.8806e-05
0.000102026
8.05478e-05
2.59148e-05
0.000192191
0.000461961
0.000332545
0.000381842
0.000501657
0.000415842
0.000431453
0.000439618
0.00036159
0.000356913
0.000341085
0.000499015
0.000392107
0.000216441
0.000158303
2.85864e-05
0.000101642
8.03807e-05
2.57068e-05
0.000125064
0.000459081
0.000320877
0.000392348
0.000522642
0.000419085
0.000437804
0.000430814
0.000370246
0.000376273
0.000360447
0.000553626
0.000480233
0.000304071
0.000198491
0.000165903
2.85126e-05
0.000101268
8.03637e-05
2.5412e-05
5.15061e-05
0.000455766
0.000311483
0.000405701
0.000545991
0.000423154
0.000442528
0.00042243
0.000380353
0.000398012
0.000386104
0.000589299
0.000554975
0.000384278
0.000267839
0.000189341
0.000122348
2.84684e-05
0.000101603
8.00139e-05
2.50314e-05
1.04319e-05
0.00045177
0.000304701
0.000422014
0.000570572
0.000427538
0.000445385
0.000414582
0.000392452
0.000420455
0.000414673
0.000623505
0.000614536
0.000452288
0.000348575
0.000243417
0.000154875
5.09863e-05
2.84089e-05
0.000101767
7.94189e-05
2.45374e-05
1.29254e-05
0.000446728
0.000300965
0.000441408
0.000596087
0.000431705
0.000445962
0.000407314
0.000406132
0.000441878
0.000443925
0.000657963
0.000660144
0.000535755
0.000423673
0.000324405
0.000197467
8.42226e-05
1.03999e-05
2.83179e-05
0.000101807
7.84551e-05
2.39076e-05
0.00011338
0.000440133
0.000300888
0.00046401
0.00062143
0.000435194
0.000444186
0.000401055
0.00042213
0.000463677
0.00047329
0.000690499
0.00070707
0.00060324
0.000495186
0.000406119
0.000275592
0.000123099
2.38414e-05
9.62629e-06
2.81872e-05
0.000101635
7.70273e-05
2.31255e-05
0.000366043
0.000431278
0.000305379
0.000490524
0.000645504
0.000437669
0.000440217
0.000397567
0.000441653
0.000486505
0.000503213
0.000724055
0.000755274
0.000666473
0.000553595
0.000481162
0.000364846
0.000206862
4.50833e-05
5.62196e-06
7.96965e-05
2.79961e-05
0.000101147
7.50021e-05
2.21968e-05
0.00055883
0.000418965
0.000315701
0.000522965
0.00067073
0.000438962
0.000434593
0.000397428
0.000465436
0.000510756
0.000533844
0.00075829
0.000806209
0.000723705
0.000603379
0.000543324
0.000449216
0.000301384
0.000102489
7.80154e-06
2.84172e-05
0.00029465
2.77178e-05
0.000101509
7.20069e-05
2.11662e-05
0.000636011
0.000400533
0.000334009
0.000561167
0.000698397
0.000438959
0.000428102
0.000401129
0.00049322
0.0005376
0.000564979
0.000792674
0.000856162
0.000780503
0.000661103
0.00059458
0.000521964
0.000396596
0.000201549
2.43497e-05
1.09322e-05
0.000157246
0.00051395
2.72995e-05
0.000100604
6.8282e-05
2.00967e-05
0.000660197
0.000372327
0.000364147
0.000608301
0.000724696
0.000437664
0.000421793
0.000409354
0.000522978
0.000566552
0.00059884
0.000827432
0.000904214
0.000837371
0.000719277
0.00064075
0.000583342
0.000482857
0.000316051
7.99825e-05
4.8251e-06
8.71809e-05
0.000376444
0.000622589
2.66068e-05
9.69971e-05
6.43079e-05
1.90587e-05
0.000666457
0.000342
0.000410473
0.000667629
0.00074893
0.000435219
0.000416624
0.000421844
0.00055189
0.000595628
0.000634872
0.000863041
0.000948331
0.000893
0.000779173
0.000684836
0.000636017
0.000556543
0.000417711
0.000174544
1.28579e-05
3.37898e-05
0.000278612
0.000548407
0.000659487
2.55653e-05
9.17461e-05
6.03344e-05
1.81392e-05
0.00066781
0.000303478
0.00047512
0.000720858
0.000769093
0.0004319
0.000413045
0.0004378
0.000573394
0.000621911
0.000672007
0.000899438
0.00099227
0.00094135
0.000839949
0.000737733
0.000684073
0.000619741
0.000507296
0.000313597
4.87525e-05
8.04073e-06
0.00018347
0.000474532
0.000633362
0.000669042
2.42186e-05
8.66563e-05
5.64029e-05
1.74393e-05
0.000667875
0.00025823
0.000564984
0.000769891
0.000783487
0.000428064
0.000411356
0.000453651
0.000590135
0.000640539
0.000709007
0.000936859
0.00103663
0.000995464
0.000888015
0.000800447
0.000731174
0.000676314
0.00058384
0.000424175
0.000145146
6.38648e-06
8.18578e-05
0.000397848
0.000596206
0.000663653
0.000670591
2.25805e-05
7.95471e-05
5.29522e-05
1.70307e-05
0.000667693
0.000718298
0.000787463
0.000793292
0.000424104
0.000410871
0.000472955
0.000563133
0.000654035
0.000745375
0.000975233
0.00108144
0.00104898
0.000951812
0.000845646
0.000777597
0.000728875
0.000650884
0.000518755
0.00027491
2.83346e-05
2.5052e-05
0.000293065
0.0005535
0.000651292
0.00067153
0.000670371
2.06377e-05
7.09928e-05
5.0104e-05
1.69615e-05
0.000667484
0.000803448
0.000799814
0.000420171
0.000412179
0.000480292
0.000426006
0.000637833
0.000783426
0.00101548
0.00112562
0.00110205
0.00101051
0.000916221
0.000818733
0.000778931
0.000711744
0.000601249
0.000409314
9.66773e-05
6.75586e-06
0.000176555
0.000494591
0.000633533
0.00067002
0.000672481
0.000669926
1.86665e-05
6.16592e-05
4.80328e-05
1.75807e-05
0.000667219
0.000806889
0.000415928
0.00041418
0.000432638
0.000422703
0.000572848
0.000796726
0.00105604
0.00117363
0.00115465
0.00106913
0.000978016
0.000864477
0.000825671
0.000769092
0.000674058
0.000513286
0.000209693
1.31887e-05
6.58489e-05
0.000415282
0.000608532
0.000665745
0.00067416
0.000671906
0.000669574
1.70608e-05
5.30956e-05
4.87527e-05
1.90176e-05
0.000667221
0.000410929
0.000403933
0.000388399
0.000482688
0.00059801
0.000798723
0.00108121
0.0012157
0.00120614
0.0011267
0.00103987
0.000917887
0.000872191
0.000823422
0.00074056
0.000603548
0.000354941
4.86823e-05
1.6781e-05
0.000291835
0.000574381
0.00065825
0.000675075
0.000673979
0.000671249
0.000669251
1.61067e-05
4.70951e-05
4.94354e-05
2.08278e-05
0.000667698
0.000403715
0.000382324
0.00037587
0.000562714
0.000664373
0.000851604
0.00110161
0.00125155
0.00125469
0.00118227
0.0011002
0.000982587
0.000918365
0.000875888
0.000803428
0.000684597
0.000482234
0.000137206
7.85793e-06
0.000151886
0.000514615
0.000646947
0.000674954
0.000676087
0.000673022
0.000670646
0.00066886
1.59225e-05
4.56828e-05
5.52829e-05
0.000667833
0.000392646
0.000358891
0.000400473
0.000618178
0.000741473
0.00091911
0.00114702
0.00128891
0.00130188
0.0012357
0.00115808
0.00104531
0.000965713
0.000926245
0.000863447
0.000759805
0.000584214
0.000255304
2.06602e-05
5.70524e-05
0.000416984
0.000627586
0.000673534
0.000678125
0.000674982
0.000672094
0.000669982
0.000668718
1.74333e-05
5.04448e-05
0.00066793
0.0003783
0.000345117
0.000417985
0.000661948
0.00079846
0.00098758
0.00120256
0.0013368
0.00134788
0.00128842
0.00121458
0.00110575
0.00101192
0.00097564
0.000920246
0.000829512
0.000676696
0.000404146
6.311e-05
1.6026e-05
0.000289401
0.000591137
0.000669772
0.000679997
0.000677147
0.000673685
0.000671181
0.000669622
0.000668516
1.93525e-05
0.000667845
0.000362656
0.000337958
0.000352932
0.000732833
0.000846588
0.00104295
0.00125647
0.00137971
0.00139605
0.00133934
0.00127105
0.00116461
0.00105685
0.00102392
0.000975033
0.000894191
0.000760799
0.000534348
0.000155834
9.66101e-06
0.000151365
0.000530463
0.000660959
0.000681415
0.000679517
0.000675482
0.000672469
0.000670605
0.000669196
0.0006684
0.000667249
0.000346228
0.000309053
0.000388813
0.000828657
0.00091329
0.00109202
0.00130413
0.00142054
0.00144319
0.00138844
0.00132574
0.00122501
0.00109998
0.00107047
0.00102806
0.00095549
0.000837649
0.000639466
0.000276223
2.33963e-05
6.2166e-05
0.000433241
0.000644028
0.000681677
0.000682021
0.000677517
0.000673892
0.000671657
0.00066998
0.000669053
0.000668228
0.00066772
0.000324377
0.00029256
0.00049459
0.000920606
0.000997626
0.00115276
0.00135002
0.00146515
0.00148327
0.00144105
0.00137509
0.00128428
0.00116037
0.0011138
0.00107969
0.00101429
0.000909203
0.00073362
0.000424566
6.51064e-05
2.03458e-05
0.000311678
0.000610206
0.000679792
0.000684489
0.000679792
0.000675487
0.0006728
0.000670837
0.000669764
0.000668792
0.000668093
0.000666945
0.000299879
0.00031819
0.000591818
0.001017
0.0010797
0.00122362
0.00140572
0.00151159
0.00152756
0.00148651
0.00143116
0.00133214
0.00122262
0.00115709
0.00112803
0.00107172
0.000976374
0.000819881
0.00056176
0.000152383
1.12733e-05
0.000180203
0.000555932
0.000673376
0.000686655
0.000682279
0.000677278
0.000674077
0.000671757
0.000670518
0.00066937
0.000668609
0.000667822
0.000667574
0.00028225
0.000351319
0.000696394
0.00112549
0.00116608
0.0012922
0.00146698
0.0015669
0.00157673
0.00153132
0.00148049
0.00139593
0.00126504
0.00119964
0.00117338
0.001126
0.00104073
0.000899737
0.000670411
0.000269984
2.12445e-05
8.34877e-05
0.000472504
0.000660169
0.000687948
0.000684919
0.000679274
0.0006755
0.000672859
0.000671323
0.000669969
0.000669195
0.000668327
0.00066781
0.000666638
0.000272266
0.000324755
0.000833478
0.00124066
0.00126104
0.00136496
0.0015219
0.00162068
0.00163219
0.00158081
0.00152685
0.00145049
0.00134094
0.00124139
0.00121909
0.00117674
0.00110181
0.000975652
0.000768081
0.000409461
5.52113e-05
3.15835e-05
0.000363161
0.000634212
0.000687619
0.000687595
0.000681471
0.000677064
0.000673956
0.000672178
0.000670598
0.000669793
0.000668795
0.000668224
0.00066741
0.000667059
0.00025031
0.000455393
0.000990905
0.00135877
0.00136074
0.00144385
0.00158088
0.00166686
0.00168576
0.00163641
0.0015775
0.00149975
0.00139753
0.00129057
0.00126616
0.00122879
0.00115924
0.00104731
0.000859937
0.000555102
0.00012628
1.44102e-05
0.000238014
0.000591894
0.000684148
0.000690125
0.000683853
0.000678774
0.000675093
0.000673137
0.000671226
0.000670415
0.000669271
0.000668727
0.000667892
0.000667398
0.000666425
0.000265028
0.000656774
0.00115369
0.0014737
0.00146217
0.00152462
0.00164348
0.00171635
0.0017308
0.00169149
0.00163332
0.00155311
0.00144919
0.00133244
0.00131377
0.00128222
0.00121793
0.00111379
0.000945739
0.000677306
0.000234576
1.68706e-05
0.000128726
0.000527178
0.000675899
0.000692165
0.000686389
0.000680638
0.00067633
0.000674099
0.000671856
0.000671037
0.000669757
0.000669232
0.00066831
0.000667927
0.000667018
0.000666254
0.000339288
0.000901423
0.00131237
0.00158587
0.00156067
0.00160515
0.0017073
0.00176912
0.00177676
0.00173816
0.00168873
0.00161009
0.00150547
0.0013812
0.00135633
0.00133377
0.00127789
0.00117991
0.00102565
0.000782003
0.000358617
3.86528e-05
5.84604e-05
0.00043735
0.000659169
0.000693242
0.00068902
0.00068266
0.000677674
0.000675092
0.000672611
0.000671676
0.000670261
0.00066975
0.000668733
0.000668407
0.000667412
0.000665891
0.000635994
0.000654337
0.00113897
0.00146429
0.00169428
0.00165696
0.0016828
0.00176902
0.00182156
0.00182508
0.00178199
0.00173645
0.00166626
0.00156422
0.00144005
0.00139802
0.00138064
0.00133496
0.00124707
0.00110393
0.000879045
0.0005104
8.66202e-05
2.46819e-05
0.000326682
0.000630557
0.000692495
0.00069165
0.00068484
0.000679134
0.000676157
0.000673464
0.000672376
0.000670789
0.000670289
0.000669156
0.000668855
0.000667745
0.000664952
0.000607679
9.45748e-05
0.00100944
0.00135111
0.00160428
0.00179597
0.00175104
0.00175865
0.00182929
0.00187227
0.00187434
0.00182949
0.00177904
0.00171503
0.0016215
0.00149968
0.00144263
0.00142535
0.00138734
0.00131104
0.00118092
0.00097252
0.00065165
0.000173523
1.57439e-05
0.000210361
0.000586348
0.000688749
0.000694102
0.000687172
0.000680746
0.000677326
0.000674405
0.000673155
0.000671345
0.000670854
0.000669584
0.000669307
0.000668034
0.000663514
0.000583718
9.38334e-05
0.00128601
0.00152857
0.00172836
0.00188882
0.00184089
0.0018337
0.00188798
0.0019253
0.00192228
0.00187889
0.00182681
0.00175571
0.00167143
0.00155763
0.00148929
0.00147138
0.00143714
0.00136999
0.00125363
0.00106221
0.000770123
0.000289322
2.33499e-05
0.000115931
0.000521557
0.000680625
0.000696094
0.000689632
0.000682524
0.00067861
0.000675475
0.000673991
0.000671929
0.000671445
0.000670024
0.000669769
0.000668292
0.000661653
0.000562791
9.31146e-05
0.00148943
0.00167417
0.00183658
0.00197237
0.00192456
0.00190725
0.00194587
0.00197526
0.00197032
0.00192626
0.00187696
0.00180535
0.00170869
0.00160831
0.00153545
0.00151924
0.00148754
0.00142601
0.00132139
0.00114655
0.000876791
0.000421831
5.06221e-05
5.54826e-05
0.000435346
0.000664558
0.00069725
0.000692171
0.000684453
0.000680003
0.000676561
0.000674907
0.000672535
0.000672062
0.000670481
0.000670247
0.000668662
0.00065943
0.000544322
9.24151e-05
0.00164635
0.00179542
0.00193102
0.00204715
0.00200112
0.00197788
0.00200284
0.00202425
0.00201728
0.00197315
0.0019243
0.00185766
0.00176304
0.0016386
0.00157621
0.00156662
0.00153932
0.00148179
0.00138524
0.00122565
0.000976692
0.000575485
0.00010518
2.60802e-05
0.000330506
0.000638379
0.000696861
0.000694715
0.000686526
0.000681499
0.00067765
0.000675857
0.000673104
0.00067267
0.000670955
0.000670743
0.000668907
0.000656947
0.000527877
9.17512e-05
0.00177417
0.00189867
0.0020139
0.00211392
0.00207052
0.00204429
0.00205832
0.00207197
0.00206269
0.00201916
0.00197079
0.00190543
0.0018187
0.00170298
0.00161436
0.00160922
0.00159003
0.00153825
0.00144759
0.00130045
0.00107066
0.000717898
0.000195221
1.83025e-05
0.000220603
0.00059866
0.000694143
0.000697134
0.000688704
0.000683098
0.000678759
0.000676824
0.000673717
0.000673293
0.000671441
0.00067125
0.000669019
0.000654264
0.000513092
9.10505e-05
0.00188197
0.00198799
0.0020869
0.00217332
0.00213305
0.00210575
0.00211151
0.00211821
0.00210578
0.00206342
0.00201643
0.00195232
0.0018672
0.00176334
0.00166143
0.00165114
0.00163728
0.00159315
0.00150959
0.00137254
0.00115899
0.000838521
0.000311625
2.61389e-05
0.000128263
0.000541262
0.00068735
0.000699248
0.000690988
0.0006848
0.000679907
0.000677797
0.000674396
0.000673949
0.000671939
0.000671762
0.00066903
0.00065143
0.000499686
9.03824e-05
0.00197465
0.00206591
0.00215121
0.00222598
0.00218905
0.002162
0.00216178
0.00216263
0.00214727
0.00210589
0.00206012
0.00199835
0.00191534
0.00181139
0.0017122
0.00169806
0.00168412
0.00164544
0.00156958
0.00144284
0.00124303
0.00094491
0.000439951
5.20589e-05
6.65714e-05
0.000464001
0.000674797
0.000700751
0.000693357
0.000686606
0.000681107
0.000678777
0.000675137
0.000674645
0.000672449
0.000672278
0.00066896
0.000648474
0.000487438
8.97584e-05
0.00205511
0.00213407
0.0022078
0.00227251
0.00223895
0.00221293
0.00220865
0.00220494
0.00218698
0.00214638
0.00210229
0.00204185
0.00196273
0.00186017
0.00175785
0.00174946
0.0017334
0.00169758
0.00162726
0.00151045
0.00132391
0.00104514
0.000592866
0.000101038
3.34732e-05
0.000368355
0.000654337
0.000701227
0.00069577
0.000688517
0.000682375
0.000679776
0.00067593
0.000675379
0.000672972
0.000672795
0.000668816
0.000645413
0.000476169
8.91707e-05
0.00212526
0.00219372
0.00225753
0.00231359
0.00228321
0.00225868
0.0022517
0.00224478
0.00222485
0.00218497
0.00214222
0.0020843
0.00200653
0.0019077
0.001801
0.00179687
0.00178515
0.00175052
0.00168502
0.00157577
0.00140149
0.00114093
0.000739176
0.000181988
2.16044e-05
0.000264266
0.000623207
0.000700101
0.000698155
0.000690542
0.000683731
0.000680811
0.000676781
0.000676146
0.000673507
0.000673312
0.000668612
0.000642261
0.000465733
8.86121e-05
0.00218649
0.00224593
0.00230122
0.00234985
0.00232243
0.00229952
0.00229082
0.0022816
0.00226065
0.00222179
0.00218016
0.00212412
0.00205002
0.00195231
0.00184446
0.00183864
0.00183483
0.00180408
0.0017426
0.00164014
0.0014764
0.00123209
0.000868615
0.000290762
2.45835e-05
0.000169365
0.000578113
0.000696667
0.000700403
0.000692682
0.000685141
0.000681852
0.000677739
0.000676947
0.000674057
0.00067379
0.000668262
0.000639031
0.00045602
8.80781e-05
0.00223996
0.00229163
0.00233959
0.00238169
0.00235717
0.00233593
0.00232604
0.00231529
0.00229362
0.00225667
0.0022164
0.00216187
0.00209039
0.00199708
0.00188813
0.0018808
0.00188031
0.00185631
0.00179945
0.00170359
0.00154972
0.0013191
0.000980574
0.000413362
4.2644e-05
9.81273e-05
0.000516634
0.000689338
0.000702368
0.000694924
0.000686638
0.000682939
0.000678729
0.000677796
0.000674576
0.000674249
0.000667846
0.000635737
0.000446934
8.75659e-05
0.00228669
0.00233163
0.00237314
0.0024093
0.00238777
0.00236837
0.00235777
0.00234576
0.00232395
0.00228856
0.00225081
0.00219805
0.00212859
0.00203888
0.00193447
0.00192319
0.0019249
0.00190572
0.00185498
0.00176526
0.00162104
0.00140319
0.00108484
0.000556528
7.92223e-05
5.33512e-05
0.000437889
0.000676176
0.000703814
0.000697242
0.000688236
0.000684088
0.000679728
0.000678671
0.000675097
0.000674701
0.000667387
0.000632392
0.000438401
8.70733e-05
0.00232753
0.00236652
0.00240217
0.00243268
0.00241435
0.00239709
0.00238638
0.00237357
0.00235135
0.00231805
0.00228208
0.00223262
0.00216548
0.00207859
0.00197795
0.00196985
0.00196922
0.00195356
0.00190844
0.0018251
0.00168987
0.00148446
0.00118467
0.000708525
0.000141797
3.06768e-05
0.000345722
0.000655636
0.000704241
0.000699602
0.000689944
0.000685313
0.000680732
0.000679558
0.00067564
0.000675211
0.000666887
0.000629007
0.000430366
8.65986e-05
0.00236311
0.00239665
0.00242673
0.00245179
0.00243686
0.00242212
0.00241193
0.00239899
0.0023768
0.00234456
0.00231116
0.0022636
0.00220107
0.00211698
0.00201963
0.00201185
0.0020155
0.00200069
0.00196019
0.00188308
0.00175658
0.00156274
0.00128069
0.00085151
0.000232615
2.43143e-05
0.000249361
0.000625438
0.000703058
0.000701942
0.000691753
0.000686616
0.000681749
0.000680455
0.000676215
0.000675722
0.000666348
0.000625589
0.000422776
8.61418e-05
0.0023938
0.00242215
0.00244682
0.00246669
0.00245523
0.00244332
0.00243429
0.00242187
0.0024004
0.00236961
0.00233717
0.00229283
0.00223244
0.00215418
0.00206016
0.00205246
0.00205943
0.00204834
0.00201078
0.00193931
0.00182131
0.00163838
0.00137249
0.000977455
0.000346333
3.10885e-05
0.000163412
0.000582877
0.000699605
0.000704166
0.000693655
0.000687996
0.000682786
0.000681363
0.000676827
0.000676207
0.000665768
0.000622149
0.00041558
8.56957e-05
0.00241977
0.00244303
0.00246251
0.00247753
0.00246955
0.00246061
0.00245318
0.0024419
0.00242175
0.00239304
0.00236215
0.00231869
0.00226267
0.00218759
0.00209973
0.00209305
0.00210221
0.00209469
0.00206101
0.00199414
0.00188415
0.00171168
0.00146017
0.00108985
0.000470003
5.24319e-05
9.9329e-05
0.000525552
0.000692942
0.00070615
0.000695639
0.000689456
0.00068385
0.000682283
0.000677472
0.000676663
0.000665149
0.000618694
0.000408771
8.52959e-05
0.00244106
0.00245938
0.00247396
0.00248471
0.00247994
0.00247408
0.0024685
0.00245871
0.00244039
0.00241414
0.00238563
0.00234427
0.00228884
0.00221955
0.00213598
0.00213343
0.00214429
0.00214015
0.00211039
0.00204814
0.00194514
0.00178285
0.00154441
0.00119524
0.000616203
9.10915e-05
5.78135e-05
0.000452914
0.000681832
0.000707719
0.000697681
0.000691075
0.000684951
0.000683216
0.000678142
0.000677095
0.000664491
0.000615232
0.000402319
8.47316e-05
0.00245775
0.00247136
0.00248159
0.00248896
0.00248678
0.00248381
0.00248045
0.00247226
0.00245588
0.00243257
0.00240671
0.00236859
0.00231582
0.00224763
0.00217094
0.00217234
0.00218588
0.00218474
0.00215896
0.00210128
0.0020044
0.00185194
0.00162591
0.00129597
0.000768792
0.000154195
3.55313e-05
0.000367525
0.000664786
0.00070863
0.000699751
0.000692818
0.000686097
0.000684165
0.000678829
0.000677503
0.000663796
0.000611769
0.000396192
8.41576e-05
0.00247
0.0024794
0.00248614
0.00249113
0.00249083
0.00249019
0.00248902
0.00248294
0.0024683
0.00244779
0.00242516
0.00239017
0.00234201
0.00227706
0.00220318
0.00220918
0.00222646
0.00222855
0.00220662
0.00215359
0.00206227
0.0019191
0.001705
0.00139323
0.00091355
0.000243146
2.81315e-05
0.000276972
0.00063995
0.000708554
0.000701809
0.000694665
0.000687296
0.000685135
0.000679528
0.000677887
0.000663064
0.00060831
0.000390364
8.35928e-05
0.00247825
0.00248423
0.00248848
0.00249217
0.00249287
0.00249396
0.00249462
0.00249058
0.00247845
0.00245999
0.00244032
0.0024092
0.00236497
0.0023059
0.00223795
0.00224791
0.00226457
0.00227126
0.00225345
0.002205
0.00211905
0.00198456
0.0017818
0.00148715
0.00104345
0.000353924
3.30654e-05
0.000192446
0.000605177
0.000707057
0.000703801
0.000696592
0.000688556
0.000686131
0.000680239
0.000678248
0.000662294
0.000604858
0.000384806
8.30382e-05
0.00248323
0.00248674
0.0024896
0.00249323
0.00249387
0.00249584
0.00249799
0.00249564
0.00248577
0.00247044
0.0024525
0.00242452
0.00238535
0.00233193
0.00227522
0.00228781
0.00230451
0.00231255
0.00229927
0.00225558
0.00217492
0.00204856
0.0018565
0.00157746
0.00116061
0.000476749
5.09916e-05
0.000125143
0.000558308
0.000703626
0.000705695
0.000698535
0.000689882
0.000687154
0.000680964
0.000678587
0.000661486
0.000601417
0.000379493
8.24934e-05
0.00248584
0.00248795
0.00249064
0.00249543
0.00249497
0.0024968
0.00249972
0.00249895
0.00249079
0.00247811
0.00246334
0.00243711
0.00240224
0.00235569
0.00231355
0.00232773
0.00234531
0.0023544
0.00234399
0.00230523
0.00223006
0.00211114
0.00192936
0.00166444
0.00127051
0.000616921
8.43975e-05
7.78797e-05
0.000498012
0.000696468
0.000707426
0.000700516
0.000691273
0.000688214
0.0006817
0.000678904
0.00066064
0.00059799
0.000374401
8.1958e-05
0.00248709
0.00248899
0.00249274
0.00249957
0.00249727
0.00249798
0.00250077
0.00250084
0.00249471
0.0024837
0.00247138
0.00244912
0.00241653
0.00237583
0.0023489
0.00236714
0.00238676
0.00239644
0.00238842
0.00235387
0.00228424
0.0021721
0.00200049
0.00174866
0.00137556
0.000771926
0.000138283
4.87398e-05
0.000425404
0.00068497
0.00070871
0.00070253
0.000692726
0.000689318
0.000682465
0.0006792
0.000659758
0.000594577
0.000369512
8.14315e-05
0.00248813
0.00249101
0.00249677
0.00250694
0.00250153
0.00250045
0.00250234
0.0025023
0.00249731
0.00248849
0.00247757
0.00245848
0.00242973
0.00239404
0.00238178
0.00240468
0.00242713
0.00243828
0.00243254
0.00240175
0.00233736
0.00223161
0.00206991
0.00183055
0.00147688
0.00092304
0.000216736
3.47048e-05
0.000343091
0.000667939
0.000709296
0.000704558
0.000694237
0.000690467
0.000683266
0.000679476
0.00065884
0.000591183
0.000364808
8.09138e-05
0.00249011
0.00249492
0.00250401
0.00252047
0.00250901
0.00250487
0.00250536
0.00250479
0.00249984
0.00249211
0.00248334
0.00246655
0.00244178
0.00241152
0.0024141
0.00243942
0.00246543
0.00247944
0.00247614
0.00244891
0.00238947
0.00228981
0.00213764
0.00191031
0.00157534
0.00106444
0.000318113
3.31926e-05
0.000258161
0.000643684
0.000708867
0.000706569
0.000695804
0.000691657
0.000684067
0.000679734
0.00065789
0.000587808
0.000360275
8.04043e-05
0.00249396
0.002502
0.002517
0.00254091
0.00252304
0.00251251
0.00251048
0.00250906
0.00250409
0.0024963
0.00248783
0.00247434
0.00245433
0.00243216
0.00244673
0.00247357
0.00250063
0.00251911
0.00251889
0.00249524
0.0024406
0.00234691
0.00220372
0.00198799
0.00167049
0.00119079
0.000437163
4.32835e-05
0.000181736
0.000610087
0.000707011
0.000708522
0.000697417
0.000692886
0.000684848
0.000679972
0.000656909
0.000584456
0.000355901
7.99029e-05
0.00250096
0.00251457
0.00253675
0.00257015
0.00254414
0.00252732
0.00251859
0.00251572
0.00251087
0.0025025
0.00249366
0.00248113
0.00246734
0.00246192
0.00248157
0.0025073
0.00253567
0.00255647
0.00256037
0.00254058
0.00249067
0.00240292
0.00226791
0.0020636
0.00176224
0.00130875
0.000564895
6.66363e-05
0.000121671
0.000565209
0.000703179
0.000710358
0.000699069
0.000694149
0.000685608
0.000680191
0.000655898
0.000581127
0.000351676
7.94092e-05
0.00251332
0.00253377
0.00256513
0.0026178
0.0025747
0.00254951
0.00253617
0.00252498
0.00252115
0.00251309
0.00250214
0.00249275
0.00248207
0.00249485
0.00251571
0.00254481
0.00257158
0.00259295
0.00260017
0.00258475
0.00253962
0.00245767
0.0023301
0.00213709
0.00185087
0.00142066
0.000716629
0.000105442
7.90686e-05
0.000507947
0.000696667
0.000711995
0.000700749
0.000695447
0.000686352
0.000680394
0.000654866
0.000577825
0.00034759
7.89231e-05
0.00253225
0.0025615
0.00260942
0.00270888
0.00262782
0.00258243
0.00256197
0.00254925
0.00253944
0.00253208
0.0025175
0.0025095
0.00251347
0.00252711
0.00255238
0.00257882
0.00260825
0.00262957
0.00263888
0.0026276
0.00258746
0.00251117
0.0023906
0.00220852
0.00193673
0.00152824
0.000875422
0.000165838
5.24048e-05
0.000438297
0.000686611
0.000713318
0.000702445
0.000696776
0.000687086
0.000680579
0.000653816
0.00057455
0.000343636
7.84442e-05
0.00255964
0.00260441
0.00269365
0.00280859
0.0027207
0.00264626
0.00260663
0.00259065
0.0025865
0.00256978
0.00254804
0.00254499
0.00255062
0.00256464
0.00258744
0.00261639
0.00264338
0.00266643
0.0026772
0.00266938
0.00263422
0.00256365
0.00244969
0.00227804
0.00202009
0.00163243
0.00102903
0.000249778
3.94281e-05
0.000359717
0.000671897
0.00071418
0.000704139
0.000698134
0.000687817
0.000680747
0.00065274
0.000571295
0.000339804
7.79724e-05
0.00260201
0.00268201
0.00279566
0.00290256
0.00281856
0.00273979
0.00269017
0.0026614
0.00265122
0.00262494
0.00259732
0.00258925
0.00259332
0.00260647
0.00262519
0.00265269
0.00268016
0.00270265
0.0027154
0.00271048
0.00267999
0.00261522
0.00250797
0.00234578
0.00210112
0.00173368
0.00117177
0.000355304
3.84292e-05
0.000277695
0.000651145
0.000714409
0.000705816
0.000699516
0.000688548
0.000680898
0.000651636
0.000568063
0.000336064
7.75074e-05
0.00267598
0.00278605
0.00289195
0.00298861
0.00291085
0.00283468
0.00277983
0.00274344
0.002722
0.00269027
0.00265531
0.00264267
0.00264015
0.00265027
0.00266757
0.00269033
0.00271685
0.00273964
0.00275328
0.0027512
0.00272496
0.00266587
0.00256538
0.00241158
0.00217986
0.00183148
0.00130153
0.000477262
4.87551e-05
0.000202172
0.000622581
0.000713773
0.000707362
0.000700822
0.000689281
0.000681032
0.000650505
0.000564851
0.00033243
7.70489e-05
0.0027811
0.00288394
0.00297949
0.00306694
0.00299576
0.00292432
0.00286864
0.00282797
0.00279966
0.00275996
0.00272027
0.00270022
0.00269375
0.0026972
0.00271124
0.00273125
0.00275462
0.00277706
0.00279157
0.00279167
0.00276937
0.00271568
0.00262184
0.00247586
0.00225639
0.00192569
0.00142337
0.000607971
7.17923e-05
0.000140694
0.000584499
0.000712021
0.000708794
0.000702114
0.000690022
0.00068115
0.000649348
0.000561657
0.000328901
7.65969e-05
0.00287983
0.00297262
0.0030589
0.00313778
0.00307324
0.0030074
0.00295334
0.00291055
0.002878
0.00283428
0.00278866
0.00276382
0.00275035
0.00274919
0.00275756
0.00277416
0.0027948
0.0028155
0.00283043
0.00283232
0.00281345
0.00276482
0.0026774
0.00253895
0.00233096
0.00201658
0.00153902
0.000761577
0.000109489
9.51567e-05
0.000536331
0.000708314
0.000710079
0.000703402
0.000690772
0.000681253
0.000648159
0.000558482
0.000325471
7.6151e-05
0.00296909
0.00305285
0.00313055
0.00320165
0.00314344
0.00308354
0.00303269
0.00298994
0.00295489
0.00290922
0.00286048
0.00282987
0.00281133
0.00280406
0.00280769
0.00281959
0.00283713
0.00285578
0.00287022
0.00287347
0.00285752
0.0028135
0.00273222
0.00260111
0.00240374
0.00210455
0.00165005
0.000923638
0.000167227
6.47749e-05
0.000477082
0.000701708
0.000711115
0.000704678
0.000691529
0.00068134
0.000646925
0.000555324
0.000322134
7.5711e-05
0.00304975
0.00312515
0.00319502
0.00325939
0.00320682
0.00315273
0.00310594
0.0030649
0.00302917
0.00298291
0.00293291
0.00289844
0.00287475
0.00286244
0.00286071
0.00286819
0.00288188
0.00289808
0.00291144
0.00291539
0.00290186
0.00286193
0.00278637
0.00266257
0.00247478
0.00218994
0.00175732
0.00108153
0.000247352
4.78058e-05
0.000407327
0.000691647
0.000711816
0.000706001
0.000692291
0.000681412
0.00064565
0.000552183
0.000318886
7.52768e-05
0.00312238
0.00319012
0.0032532
0.00331231
0.0032642
0.00321535
0.00317291
0.00313463
0.00309974
0.00305423
0.00300424
0.00296754
0.00294011
0.00292314
0.00291664
0.00291946
0.00292931
0.00294254
0.00295434
0.00295834
0.00294667
0.00291028
0.00283991
0.00272308
0.00254392
0.00227291
0.00186152
0.00123049
0.000348707
4.28652e-05
0.000330274
0.000677076
0.000712068
0.000707408
0.000693058
0.000681471
0.000644335
0.000549072
0.000315724
7.48482e-05
0.0031876
0.00324867
0.00330643
0.00336209
0.00331687
0.0032722
0.00323384
0.0031988
0.00316581
0.00312217
0.00307336
0.00303564
0.00300584
0.00298535
0.00297465
0.00297316
0.00297907
0.00298921
0.002999
0.0030025
0.00299208
0.00295868
0.00289294
0.00278254
0.00261146
0.00235347
0.00196231
0.00136547
0.000467494
4.88896e-05
0.000253728
0.000656513
0.000711629
0.000708853
0.000693831
0.000681517
0.000642983
0.000545992
0.000312643
7.44252e-05
0.00324635
0.00330217
0.00335644
0.00341066
0.00336647
0.00332447
0.00328944
0.00325758
0.00322703
0.003186
0.00313935
0.00310171
0.00307058
0.00304768
0.00303376
0.00302855
0.00303076
0.00303774
0.00304534
0.00304788
0.00303812
0.00300715
0.00294549
0.00284099
0.00267751
0.00243171
0.00205941
0.00149301
0.000597229
6.63723e-05
0.000186377
0.000628332
0.000710243
0.000710336
0.000694609
0.000681553
0.000641596
0.000542946
0.000309641
7.40074e-05
0.00329997
0.00335235
0.00340518
0.00345986
0.00341491
0.0033738
0.00334083
0.00331157
0.00328349
0.00324538
0.0032015
0.00316493
0.00313345
0.00310902
0.00309274
0.00308465
0.00308369
0.00308768
0.003093
0.00309435
0.00308477
0.00305565
0.00299755
0.00289844
0.00274213
0.00250771
0.0021529
0.00161347
0.000741177
9.69176e-05
0.00013265
0.000591081
0.000707613
0.000711876
0.000695393
0.00068158
0.000640174
0.000539931
0.000306715
7.35949e-05
0.00335024
0.0034012
0.00345454
0.00351109
0.003464
0.00342202
0.00338954
0.00336182
0.00333574
0.00330038
0.00325949
0.00322468
0.00319373
0.00316858
0.00315066
0.00314038
0.00313694
0.00313838
0.00314151
0.00314154
0.00313185
0.00310411
0.00304907
0.00295491
0.00280542
0.00258158
0.00224307
0.00172853
0.000903291
0.000143611
9.31144e-05
0.000543501
0.000703322
0.000713192
0.000696181
0.0006816
0.000638721
0.000536948
0.000303861
7.31874e-05
0.00339915
0.00345063
0.00350594
0.00356494
0.0035151
0.00347089
0.00343731
0.00340975
0.00338475
0.00335153
0.00331339
0.00328066
0.00325089
0.00322578
0.00320687
0.00319493
0.00318955
0.003189
0.00319027
0.00318899
0.00317903
0.00315235
0.00309994
0.00301033
0.00286744
0.00265344
0.00233025
0.00183927
0.00106571
0.000210606
6.68067e-05
0.000485054
0.00069683
0.000714308
0.000696968
0.000681614
0.000637237
0.000533996
0.000301075
7.27849e-05
0.00344862
0.0035021
0.00356
0.00362103
0.0035688
0.00352174
0.00348579
0.00345697
0.00343183
0.00339975
0.00336371
0.00333297
0.0033047
0.00328021
0.00326093
0.00324783
0.0032409
0.00323874
0.00323857
0.00323622
0.00322593
0.00320011
0.00315005
0.00306464
0.00292813
0.00272336
0.00241473
0.0019465
0.00122282
0.000298532
5.2761e-05
0.000417045
0.000687452
0.000715201
0.000697745
0.000681622
0.000635724
0.000531075
0.000298354
7.23873e-05
0.00350012
0.00355626
0.00361635
0.00367813
0.00362471
0.00357514
0.00353621
0.003505
0.00347846
0.00344629
0.00341135
0.00338209
0.00335528
0.00333172
0.00331255
0.00329876
0.00329062
0.00328712
0.0032858
0.00328266
0.00327218
0.00324714
0.00319923
0.00311778
0.0029874
0.00279139
0.00249668
0.00205042
0.00136743
0.000405705
4.9928e-05
0.000342614
0.000674331
0.000715797
0.000698505
0.000681625
0.000634183
0.000528185
0.000295694
7.19943e-05
0.00355432
0.00361274
0.00367373
0.00373446
0.0036816
0.0036307
0.00358907
0.00355494
0.00352601
0.00349255
0.00345748
0.00342886
0.00340308
0.00338044
0.00336167
0.00334758
0.00333854
0.00333392
0.0033316
0.00332787
0.00331738
0.00329319
0.00324735
0.00316969
0.00304523
0.00285759
0.00257617
0.00215078
0.00150181
0.00052733
5.76047e-05
0.000268918
0.00065636
0.000715997
0.000699238
0.000681624
0.000632616
0.000525324
0.000293094
7.16059e-05
0.00361086
0.00367029
0.00373035
0.00378825
0.0037377
0.00368721
0.00364398
0.0036072
0.00357544
0.00353979
0.00350345
0.0034744
0.00344892
0.00342685
0.00340848
0.00339431
0.00338466
0.0033791
0.00337588
0.00337163
0.00336127
0.00333804
0.0032943
0.00322033
0.00310163
0.00292204
0.00265325
0.00224742
0.0016293
0.000658438
7.62663e-05
0.000203314
0.000632355
0.000715677
0.000699929
0.00068162
0.000631025
0.000522492
0.000290549
7.1222e-05
0.00366849
0.0037271
0.00378441
0.00383819
0.00379128
0.00374294
0.00369973
0.00366133
0.00362706
0.00358889
0.00355046
0.00351996
0.00349382
0.0034717
0.00345345
0.00343922
0.00342913
0.00342279
0.00341874
0.003414
0.00340378
0.00338158
0.00334001
0.00326972
0.00315664
0.00298481
0.00272804
0.00234048
0.00174999
0.000805022
0.000107251
0.000149741
0.000601216
0.000714665
0.000700561
0.000681616
0.000629409
0.000519689
0.000288058
7.08425e-05
0.00372541
0.00378137
0.00383458
0.00388374
0.00384103
0.00379618
0.00375467
0.00371616
0.00368037
0.00364009
0.0035993
0.00356662
0.00353892
0.00351592
0.00349728
0.00348277
0.00347224
0.00346522
0.00346042
0.00345517
0.00344504
0.00342386
0.00338449
0.00331787
0.00321031
0.00304597
0.00280066
0.00243022
0.00186532
0.000966864
0.000153547
0.000108982
0.000562031
0.00071281
0.00070111
0.000681612
0.000627771
0.000516913
0.000285617
7.04672e-05
0.00377978
0.00383174
0.0038803
0.00392519
0.00388643
0.00384565
0.00380715
0.00377011
0.0037342
0.00369285
0.00365017
0.00361508
0.0035852
0.00356054
0.00354082
0.0035256
0.00351446
0.00350676
0.00350123
0.00349544
0.00348534
0.00346509
0.00342787
0.00336487
0.0032627
0.00310561
0.00287122
0.00251693
0.00197627
0.00112886
0.000218459
8.04243e-05
0.000513967
0.000709294
0.000701546
0.000681621
0.00062611
0.000514165
0.000283225
7.00961e-05
0.00383025
0.00387763
0.00392188
0.00396353
0.00392777
0.00389084
0.00385596
0.0038216
0.00378705
0.00374603
0.00370251
0.00366546
0.00363323
0.00360639
0.00358494
0.00356847
0.00355639
0.00354786
0.00354156
0.00353521
0.00352503
0.00350559
0.00347039
0.00341088
0.00331394
0.00316383
0.00293985
0.00260087
0.00208366
0.00128607
0.000302582
6.34546e-05
0.000456579
0.000703392
0.000701816
0.00068162
0.000624427
0.000511445
0.000280879
6.9729e-05
0.00387623
0.00391934
0.0039603
0.00400015
0.00396604
0.00393203
0.00390062
0.00386954
0.00383747
0.00379817
0.00375519
0.00371717
0.00368304
0.00365393
0.00363033
0.00361209
0.00359864
0.00358904
0.00358186
0.00357485
0.0035645
0.00354571
0.00351234
0.00345614
0.00336419
0.00322075
0.00300664
0.00268223
0.00218775
0.00143142
0.000404666
5.73168e-05
0.000391205
0.000694607
0.000701835
0.000681673
0.000622724
0.00050875
0.000278577
6.93659e-05
0.00391801
0.00395785
0.00399699
0.00403649
0.00400261
0.00397019
0.00394143
0.00391348
0.00388442
0.00384788
0.00380678
0.00376908
0.00373401
0.0037031
0.00367732
0.00365701
0.0036418
0.0036308
0.00362253
0.00361477
0.00360412
0.00358579
0.00355405
0.00350088
0.00341364
0.00327661
0.00307169
0.00276114
0.00228839
0.00156714
0.000520749
6.11917e-05
0.000322429
0.000682014
0.000701498
0.000681674
0.000621001
0.000506081
0.000276317
6.90067e-05
0.00395657
0.00399459
0.00403339
0.00407368
0.00403891
0.00400669
0.00397934
0.00395377
0.00392758
0.0038942
0.00385594
0.00381984
0.00378506
0.00375323
0.00372575
0.00370339
0.00368622
0.00367355
0.00366397
0.00365527
0.00364418
0.00362615
0.00359577
0.00354532
0.00346243
0.00333148
0.00313494
0.00283765
0.00238538
0.00169689
0.000647258
7.49816e-05
0.000256667
0.000664906
0.000700677
0.000681576
0.000619259
0.000503437
0.000274096
6.86513e-05
0.00399334
0.00403102
0.00407063
0.00411229
0.00407606
0.00404292
0.00401567
0.00399133
0.00396728
0.00393683
0.00390177
0.00386818
0.00383487
0.00380328
0.00377494
0.00375099
0.00373194
0.00371748
0.0037064
0.0036966
0.0036849
0.00366698
0.00363771
0.00358963
0.00351068
0.00338536
0.00319651
0.00291183
0.0024788
0.0018195
0.000782016
9.95344e-05
0.000199027
0.000642519
0.000699224
0.000681421
0.000617495
0.000500817
0.000271914
6.82996e-05
0.00402978
0.00406829
0.00410933
0.00415228
0.00411462
0.00407999
0.00405177
0.00402744
0.00400445
0.00397615
0.00394401
0.00391329
0.00388228
0.00385202
0.00382386
0.00379911
0.00377862
0.00376248
0.00374985
0.00373882
0.00372637
0.00370839
0.00367998
0.00363392
0.00355847
0.00343833
0.00325656
0.00298378
0.00256884
0.0019363
0.000938419
0.000136263
0.000151802
0.000613627
0.000696957
0.000681207
0.00061571
0.000498218
0.000269767
6.79516e-05
0.00406706
0.00410701
0.0041494
0.00419302
0.00415454
0.00411844
0.00408869
0.00406338
0.00404031
0.00401306
0.00398304
0.00395493
0.00392656
0.00389838
0.0038714
0.00384678
0.00382556
0.00380816
0.0037941
0.00378183
0.00376853
0.00375034
0.00372258
0.00367822
0.00360586
0.00349045
0.00331525
0.00305363
0.00265576
0.0020485
0.00109911
0.000188862
0.000115422
0.000577156
0.000693638
0.000680918
0.000613904
0.00049564
0.000267655
6.7607e-05
0.0041058
0.00414713
0.00419025
0.0042336
0.0041952
0.00415823
0.00412696
0.00410015
0.00407609
0.00404877
0.00401976
0.00399353
0.00396754
0.00394173
0.0039166
0.00389299
0.00387186
0.00385381
0.0038387
0.00382531
0.00381117
0.00379267
0.00376538
0.00372248
0.00365286
0.00354181
0.00337274
0.00312155
0.00273983
0.00215686
0.00125761
0.000258892
8.94146e-05
0.000531988
0.000688968
0.000680533
0.000612077
0.000493081
0.000265574
6.72658e-05
0.00414593
0.00418804
0.00423094
0.00427312
0.00423569
0.00419875
0.00416651
0.00413822
0.0041127
0.00408444
0.00405535
0.00402998
0.00400566
0.00398198
0.00395893
0.00393692
0.00391664
0.00389865
0.003883
0.0038688
0.00385393
0.00383512
0.0038082
0.00376654
0.00369939
0.00359239
0.00342928
0.00318764
0.00282127
0.00226211
0.00140939
0.000346295
7.37997e-05
0.000478654
0.000682569
0.000680032
0.000610228
0.000490539
0.000263524
6.6928e-05
0.00418687
0.0042288
0.00427056
0.00431095
0.00427513
0.00423911
0.00420675
0.00417751
0.00415056
0.00412095
0.00409094
0.00406539
0.00404179
0.00401957
0.00399837
0.00397815
0.00395922
0.00394192
0.00392633
0.00391175
0.00389638
0.00387736
0.00385078
0.00381024
0.00374536
0.00364216
0.00348476
0.00325183
0.00290025
0.00236415
0.00154931
0.000449322
6.81785e-05
0.000418021
0.000674018
0.000679377
0.000608356
0.000488013
0.000261503
6.65934e-05
0.00422767
0.0042685
0.00430848
0.00434691
0.00431289
0.00427841
0.00424681
0.00421741
0.00418956
0.00415868
0.00412737
0.00410087
0.00407702
0.00405537
0.0040354
0.00401674
0.0039993
0.00398311
0.00396808
0.00395359
0.00393808
0.00391904
0.00389285
0.0038534
0.00379064
0.00369106
0.00353914
0.00331437
0.00297689
0.00246287
0.00168295
0.000564549
7.19877e-05
0.000353546
0.000662671
0.000677619
0.000606458
0.000485502
0.00025951
6.6262e-05
0.00426741
0.0043065
0.00434451
0.00438126
0.0043488
0.00431606
0.00428583
0.00425709
0.0042291
0.00419749
0.004165
0.00413719
0.00411237
0.0040904
0.00407085
0.00405319
0.00403702
0.00402204
0.00400791
0.00399391
0.00397863
0.00395984
0.00393419
0.00389584
0.00383517
0.00373907
0.00359243
0.0033754
0.00305131
0.0025582
0.00181108
0.000689308
8.51277e-05
0.000290347
0.000648409
0.000677299
0.000604514
0.000483005
0.000257544
6.59337e-05
0.00430544
0.0043426
0.00437891
0.00441451
0.00438309
0.00435188
0.00432322
0.00429573
0.00426837
0.00423679
0.00420367
0.00417466
0.00414857
0.00412563
0.00410568
0.00408829
0.00407289
0.00405892
0.00404575
0.0040325
0.00401777
0.00399951
0.0039746
0.00393747
0.00387889
0.0037862
0.00364469
0.00343504
0.00312363
0.00265019
0.00193252
0.000822371
0.000108218
0.000232974
0.000630554
0.000676152
0.00060255
0.000480524
0.000255606
6.56084e-05
0.00434158
0.00437705
0.00441221
0.0044473
0.00441631
0.00438611
0.00435883
0.00433278
0.0043066
0.00427579
0.00424279
0.00421311
0.00418587
0.00416168
0.00414077
0.00412293
0.00410765
0.00409425
0.00408187
0.00406943
0.00405545
0.00403797
0.00401401
0.00397823
0.00392179
0.0038325
0.003696
0.00349346
0.00319396
0.00273902
0.00204846
0.000975216
0.000142427
0.000184011
0.000608332
0.00067455
0.000600553
0.000478057
0.000253693
6.52861e-05
0.00437605
0.00441038
0.00444503
0.00448012
0.00444907
0.00441928
0.0043929
0.00436811
0.00434327
0.00431374
0.00428157
0.00425195
0.00422406
0.00419878
0.00417667
0.00415789
0.00414212
0.00412874
0.00411677
0.00410499
0.00409181
0.00407525
0.00405241
0.00401812
0.00396391
0.00387801
0.00374645
0.00355089
0.0032624
0.00282489
0.00215992
0.00113258
0.000190773
0.000144392
0.000581081
0.000672508
0.000598514
0.000475606
0.000251808
6.49667e-05
0.00440941
0.00444323
0.00447789
0.00451322
0.00448186
0.00445198
0.00442594
0.00440197
0.00437828
0.00435016
0.00431931
0.00429042
0.00426258
0.00423669
0.00421355
0.00419364
0.00417697
0.00416308
0.00415108
0.00413965
0.00412716
0.00411155
0.00408992
0.00405723
0.0040053
0.00392279
0.00379605
0.00360727
0.00332896
0.00290803
0.0022676
0.0012886
0.00025467
0.000114156
0.000548106
0.000669976
0.000596425
0.00047317
0.00024995
6.46502e-05
0.00444227
0.00447611
0.00451103
0.00454662
0.00451494
0.00448473
0.00445855
0.00443485
0.00441189
0.00438496
0.00435554
0.00432784
0.00430069
0.00427484
0.00425114
0.00423027
0.00421256
0.00419784
0.00418539
0.00417397
0.00416192
0.00414717
0.00412675
0.00409568
0.00404606
0.0039669
0.00384487
0.00366261
0.00339378
0.00298866
0.00237224
0.00143919
0.000334287
9.35079e-05
0.000508652
0.000666593
0.000594277
0.000470747
0.000248119
6.43364e-05
0.00447516
0.00450928
0.00454447
0.0045801
0.0045483
0.00451776
0.0044912
0.00446733
0.0044446
0.00441842
0.00439018
0.00436378
0.00433774
0.00431254
0.00428887
0.00426749
0.00424893
0.00423329
0.00422013
0.0042084
0.00419653
0.00418245
0.00416312
0.00413364
0.0040863
0.00401039
0.00389292
0.00371694
0.00345704
0.00306696
0.00247381
0.00157871
0.000428512
8.23923e-05
0.000462361
0.00066179
0.000592054
0.000468337
0.000246314
6.40254e-05
0.00450834
0.00454273
0.00457799
0.0046134
0.00458175
0.00455107
0.00452413
0.00449988
0.00447695
0.00445101
0.00442352
0.00439818
0.00437335
0.00434917
0.0043261
0.00430476
0.00428575
0.00426938
0.00425548
0.00424325
0.00423133
0.00421768
0.0041993
0.00417129
0.00412611
0.00405334
0.00394025
0.00377028
0.00351885
0.00314305
0.00257226
0.00171229
0.000534697
8.0374e-05
0.000410332
0.000655527
0.000589729
0.000465937
0.000244535
6.37171e-05
0.0045418
0.00457628
0.00461132
0.00464624
0.00461502
0.00458447
0.00455734
0.0045327
0.00450938
0.00448327
0.00445602
0.00443134
0.00440749
0.00438441
0.00436227
0.00434147
0.00432252
0.00430579
0.00429133
0.00427861
0.00426648
0.0042531
0.00423546
0.00420876
0.0041656
0.0040958
0.00398689
0.00382267
0.00357931
0.00321707
0.00266752
0.00184075
0.000650824
8.70297e-05
0.00035511
0.000647087
0.000587276
0.000463543
0.000242779
6.34113e-05
0.00457536
0.00460964
0.0046442
0.00467838
0.00464784
0.00461769
0.00459064
0.00456579
0.00454209
0.00451562
0.00448822
0.00446371
0.00444044
0.00441824
0.00439709
0.00437713
0.00435867
0.00434203
0.00432734
0.00431429
0.00430199
0.00428874
0.0042717
0.00424613
0.00420481
0.0041378
0.00403286
0.00387416
0.00363852
0.00328909
0.00275961
0.0019635
0.000774464
0.00010243
0.000300467
0.000636138
0.000584663
0.000461151
0.000241047
6.31081e-05
0.00460873
0.00464254
0.00467636
0.00470931
0.00467996
0.00465047
0.00462376
0.00459897
0.00457506
0.00454826
0.00452051
0.00449581
0.00447267
0.00445097
0.0044306
0.00441151
0.00439379
0.00437762
0.00436309
0.00435
0.00433764
0.00432454
0.00430799
0.0042834
0.00424376
0.00417935
0.00407819
0.00392478
0.00369666
0.00335916
0.00284861
0.00208038
0.000910872
0.000127102
0.000249582
0.000622139
0.000581871
0.000458755
0.000239335
6.28074e-05
0.00464164
0.00467472
0.00470731
0.0047373
0.00471088
0.00468256
0.00465646
0.00463198
0.00460811
0.00458115
0.00455309
0.00452803
0.00450467
0.00448305
0.00446309
0.00444467
0.00442772
0.00441222
0.00439815
0.00438533
0.00437315
0.00436029
0.00434421
0.00432051
0.00428239
0.00422041
0.00412285
0.00397453
0.00375368
0.00342727
0.00293467
0.00219241
0.00106017
0.00016264
0.000204722
0.000604968
0.000578953
0.000456351
0.000237643
6.2509e-05
0.00467384
0.00470569
0.00473531
0.00475664
0.00473886
0.00471346
0.00468849
0.00466458
0.00464099
0.00461412
0.00458593
0.00456053
0.0045368
0.00451494
0.00449502
0.00447693
0.00446055
0.00444572
0.00443228
0.00441997
0.00440819
0.00439573
0.00438017
0.00435732
0.00432064
0.00426096
0.00416682
0.00402341
0.00380957
0.00349356
0.00301799
0.0023004
0.00121202
0.000211058
0.000166956
0.00058378
0.000576145
0.000453936
0.000235969
6.22131e-05
0.00470481
0.00473369
0.00475464
0.00477478
0.00475821
0.00474143
0.00471935
0.00469653
0.00467349
0.00464693
0.00461884
0.00459328
0.00456922
0.00454699
0.00452681
0.00450871
0.0044926
0.00447826
0.00446543
0.00445374
0.00444254
0.00443062
0.00441568
0.00439371
0.00435842
0.00430092
0.00421008
0.00407141
0.00386433
0.00355818
0.00309882
0.00240509
0.00136237
0.000273313
0.000136899
0.000557843
0.000571868
0.000451509
0.000234311
6.19194e-05
0.00473281
0.004753
0.0047727
0.0047764
0.0047608
0.0047473
0.00472736
0.00470538
0.00467937
0.0046516
0.00462611
0.00460189
0.00457933
0.00455878
0.00454042
0.00452428
0.00451016
0.00449777
0.00448666
0.00447609
0.00446482
0.0044506
0.00442956
0.00439564
0.00434028
0.00425263
0.00411856
0.00391799
0.00362126
0.00317736
0.00250701
0.0015064
0.000349517
0.000115109
0.000526309
0.000566859
0.000449061
0.000232667
6.16279e-05
0.00475212
0.00477104
0.00477911
0.00476673
0.00475531
0.00473617
0.00471122
0.00468399
0.0046588
0.00463463
0.00461192
0.00459105
0.00457235
0.00455594
0.00454179
0.00452961
0.00451892
0.00450892
0.00449832
0.00448487
0.0044648
0.00443227
0.00437901
0.00429448
0.00416487
0.00397062
0.00368292
0.00325378
0.00260613
0.00164193
0.000438549
0.000101723
0.000488375
0.00056144
0.000446582
0.000231035
6.13386e-05
0.00477014
0.00478525
0.00477482
0.00476413
0.00474199
0.00471581
0.00469113
0.00466724
0.00464458
0.00462356
0.00460457
0.00458785
0.00457347
0.00456128
0.0045508
0.00454123
0.00453123
0.00451853
0.00449945
0.00446831
0.00441713
0.00433566
0.00421039
0.00402227
0.00374327
0.00332823
0.00270245
0.00177242
0.000538536
9.66763e-05
0.000445216
0.000555247
0.000444071
0.000229414
6.10515e-05
0.00479359
0.00478373
0.00476995
0.00474656
0.00472291
0.00469951
0.00467711
0.00465615
0.00463702
0.00462005
0.00460541
0.00459304
0.0045826
0.00457328
0.00456375
0.00455173
0.0045336
0.00450384
0.0044547
0.00437622
0.00425519
0.004073
0.00380241
0.00340079
0.00279595
0.00189834
0.000647809
9.96914e-05
0.000398131
0.000548
0.000441524
0.0002278
6.07664e-05
0.00480275
0.00478961
0.00477454
0.00475366
0.00473127
0.00470933
0.00468862
0.00466954
0.00465247
0.00463763
0.00462507
0.00461453
0.00460531
0.0045961
0.00458465
0.00456739
0.00453896
0.0044918
0.00441623
0.00429931
0.00412287
0.00386042
0.00347154
0.0028866
0.00201956
0.000764578
0.000110673
0.000349248
0.00053946
0.000438935
0.000226192
6.04833e-05
0.00480881
0.00479425
0.00478166
0.00476201
0.00474106
0.0047208
0.00470196
0.00468495
0.00467005
0.00465736
0.00464671
0.00463749
0.00462847
0.00461746
0.00460098
0.00457378
0.00452853
0.00445576
0.00434282
0.00417195
0.00391737
0.00354055
0.00297444
0.00213513
0.000888666
0.000129853
0.000301096
0.000529391
0.000436295
0.000224587
6.02021e-05
0.00481358
0.00480145
0.00479004
0.00477181
0.00475251
0.00473411
0.00471734
0.00470252
0.00468982
0.00467911
0.00466988
0.00466098
0.00465032
0.0046345
0.00460844
0.00456499
0.00449491
0.00438578
0.00422028
0.00397332
0.00360789
0.00305955
0.0022458
0.00102831
0.000157842
0.000255985
0.000517575
0.000433593
0.000222982
5.99228e-05
0.004821
0.00480994
0.00479989
0.00478329
0.00476583
0.00474948
0.0047349
0.00472231
0.00471165
0.00470246
0.00469366
0.00468327
0.00466804
0.00464301
0.00460125
0.00453372
0.00442827
0.00426793
0.0040283
0.00367367
0.0031421
0.0023523
0.00117226
0.000196369
0.000215599
0.000503821
0.000430814
0.000221374
5.96452e-05
0.00482974
0.00481992
0.00481143
0.00479665
0.00478123
0.00476706
0.00475472
0.00474421
0.00473512
0.00472646
0.00471634
0.00470163
0.00467755
0.00463737
0.00457227
0.00447032
0.00431494
0.00408236
0.00373801
0.00322226
0.00245515
0.00131604
0.000246295
0.00018092
0.00048789
0.000427942
0.000219759
5.93694e-05
0.00484003
0.00483163
0.00482489
0.00481212
0.00479888
0.00478694
0.00477668
0.00476779
0.00475932
0.00474949
0.00473529
0.00471209
0.00467341
0.00461061
0.00451202
0.00436139
0.0041356
0.00380105
0.00330022
0.00255509
0.00145714
0.000307819
0.00015274
0.000469468
0.000424946
0.000218136
5.90951e-05
0.0048521
0.00484529
0.00484048
0.00482988
0.00481885
0.004809
0.00480038
0.00479218
0.00478267
0.00476898
0.00474664
0.00470938
0.00464878
0.0045534
0.00440736
0.00418812
0.00386288
0.00337616
0.0026523
0.00158963
0.000380541
0.000131658
0.000448225
0.000421859
0.0002165
5.88223e-05
0.00486619
0.00486114
0.0048584
0.00485001
0.00484107
0.00483288
0.004825
0.00481586
0.00480269
0.0047812
0.00474531
0.00468683
0.00459455
0.00445294
0.00424005
0.00392359
0.0034502
0.00274676
0.00171594
0.000462817
0.000117943
0.000424272
0.000418261
0.000214846
5.8551e-05
0.00488255
0.00487936
0.00487873
0.00487244
0.00486519
0.00485778
0.00484906
0.00483644
0.0048158
0.00478126
0.00472482
0.00463553
0.00449821
0.00429148
0.00398325
0.00352245
0.00283847
0.00183759
0.000553144
0.000111467
0.000397594
0.000414711
0.000213028
5.82809e-05
0.00490139
0.00490008
0.00490143
0.00489686
0.00489046
0.00488232
0.0048703
0.00485052
0.00481731
0.00476288
0.00467651
0.00454337
0.00434248
0.00404192
0.00359301
0.00292745
0.00195471
0.000650027
0.000111884
0.00036825
0.000410949
0.00021111
5.80119e-05
0.00492283
0.00492326
0.00492619
0.00492253
0.00491556
0.00490434
0.00488547
0.00485359
0.00480114
0.00471765
0.00458856
0.00439302
0.00409969
0.00366195
0.0030137
0.00206733
0.00075188
0.000118866
0.000336941
0.000406815
0.00020909
5.77439e-05
0.00494686
0.00494861
0.00495232
0.00494818
0.00493835
0.00492065
0.00489022
0.00483977
0.00475905
0.00463369
0.00444306
0.00415662
0.00372936
0.00309718
0.0021747
0.000856836
0.000132216
0.000304778
0.000402214
0.000206946
5.74767e-05
0.00497322
0.00497549
0.00497858
0.00497174
0.00495574
0.00492693
0.0048785
0.00480044
0.00467862
0.00449268
0.00421278
0.00379531
0.00317792
0.00227646
0.000969148
0.000151805
0.000273073
0.000397023
0.000204656
5.721e-05
0.00500128
0.0050027
0.00500299
0.00499023
0.00496352
0.00491723
0.00484181
0.00472339
0.00454194
0.00426825
0.00385987
0.00325598
0.00237315
0.00108728
0.000177987
0.000242966
0.000391065
0.000202192
5.69438e-05
0.00502986
0.00502833
0.00502264
0.0049995
0.00495579
0.0048831
0.00476802
0.00459088
0.00432308
0.00392311
0.00333144
0.00246519
0.00120533
0.000211061
0.000215376
0.000384278
0.000199521
5.66775e-05
0.00505709
0.00504956
0.00503348
0.00499372
0.00492416
0.00481248
0.00463954
0.0043773
0.00398509
0.00340442
0.00255287
0.00132074
0.000250729
0.000191078
0.000376699
0.000196606
5.64111e-05
0.00508018
0.00506239
0.00502972
0.00496455
0.00485662
0.00468787
0.00443092
0.00404583
0.00347499
0.00263645
0.00143188
0.000296207
0.000170671
0.000368243
0.0001934
5.61441e-05
0.00509513
0.00506106
0.00500307
0.00490001
0.00473572
0.00448389
0.00410532
0.00354319
0.00271648
0.00153683
0.000346316
0.000154543
0.000358775
0.00018988
5.58761e-05
0.00509616
0.00503731
0.00494156
0.00478266
0.00453601
0.00416347
0.00360899
0.00279275
0.00163245
0.000399308
0.000142815
0.000348169
0.00018592
5.56065e-05
0.00507492
0.00497911
0.00482767
0.00458686
0.00422007
0.00367223
0.00286487
0.00171998
0.00045284
0.000135362
0.000336328
0.000181532
5.53349e-05
0.0050192
0.00486876
0.00463549
0.00427468
0.00373264
0.00293238
0.00179903
0.000504629
0.000131814
0.000323201
0.000176655
5.50604e-05
0.00491102
0.00467997
0.00432639
0.0037897
0.00299466
0.00186891
0.000552392
0.000131628
0.00030889
0.00017122
5.47823e-05
0.00472351
0.00437327
0.00384254
0.00305094
0.00192863
0.000593961
0.000134148
0.000293502
0.000165256
5.44995e-05
0.00441619
0.0038892
0.00310012
0.00197704
0.000627248
0.000138657
0.000277235
0.000158468
5.4211e-05
0.0039275
0.00314054
0.00201249
0.000650875
0.000144375
0.000260041
0.000151997
5.39149e-05
0.00316502
0.00203552
0.000662065
0.00015062
0.000243018
0.000145166
5.36102e-05
0.00202738
0.000667114
0.00015623
0.000228228
0.000141562
5.32934e-05
0.000641235
0.000164862
0.000213389
0.000136973
5.29661e-05
0.000173478
0.000209069
0.000136627
5.26196e-05
0.000209051
0.000144186
5.22685e-05
0.000133822
5.19546e-05
5.16929e-05
)
;

boundaryField
{
    wallTube
    {
        type            alphatWallFunction;
        Prt             0.85;
        value           nonuniform List<scalar> 
65
(
6.53152e-05
6.63492e-05
6.5865e-05
6.54323e-05
6.50224e-05
6.4628e-05
6.42409e-05
6.38504e-05
6.34424e-05
6.2995e-05
6.24796e-05
6.18581e-05
6.10731e-05
6.00449e-05
5.8662e-05
5.67333e-05
5.38331e-05
4.93621e-05
4.45055e-05
3.82534e-05
3.07711e-05
0
0
0
0
0
0
0
0
0
0
0
0
0
0
0
0
0
0
0
0
0
0
0
0
0
0
0
0
0
0
0
0
0
0
0
0
0
0
0
0
0
0
0.000122649
0
)
;
    }
    outlet
    {
        type            calculated;
        value           nonuniform List<scalar> 
40
(
0.00477017
0.00477107
0.00477273
0.00477482
0.00477643
0.00477914
0.00478528
0.00479362
0.00480279
0.00480884
0.00481362
0.00482103
0.00482978
0.00484007
0.00485213
0.00486622
0.00488259
0.00490143
0.00492287
0.0049469
0.00497326
0.00500131
0.0050299
0.00505713
0.00508022
0.00509517
0.0050962
0.00507495
0.00501924
0.00491106
0.00472354
0.00441622
0.00392753
0.00316504
0.00202739
0.00064124
0.000173479
0.000209052
0.000133823
5.16934e-05
)
;
    }
    inletPilot
    {
        type            calculated;
        value           nonuniform List<scalar> 4(6.28436e-05 6.28433e-05 6.28433e-05 6.28435e-05);
    }
    inletAir
    {
        type            calculated;
        value           nonuniform List<scalar> 
30
(
0.000666031
0.000666031
0.000666031
0.000666031
0.000666031
0.00066603
0.00066603
0.00066603
0.00066603
0.00066603
0.00066603
0.00066603
0.00066603
0.000666029
0.000666029
0.000666029
0.000666029
0.000666029
0.000666029
0.000666029
0.000666029
0.000666029
0.000666029
0.000666029
0.000666029
0.000666029
0.000666029
0.000666029
0.00066603
0.000666028
)
;
    }
    wallOutside
    {
        type            alphatWallFunction;
        Prt             0.85;
        value           nonuniform List<scalar> 
111
(
1.8691e-06
1.72634e-06
1.58732e-06
1.45193e-06
1.32328e-06
1.18738e-06
1.05765e-06
9.36357e-07
8.22014e-07
7.13232e-07
6.09137e-07
5.09191e-07
4.12983e-07
3.20185e-07
2.30803e-07
1.43441e-07
6.51043e-08
0
0
0
0
0
0
0
0
0
0
0
0
0
0
0
0
0
0
0
0
0
0
0
0
0
0
0
0
0
0
0
0
0
0
0
0
0
0
0
0
0
0
0
0
0
0
0
0
0
0
0
0
0
0
0
0
0
0
0
0
0
0
0
0
0
0
0
0
0
0
0
0
0
0
0
0
0
0
0
0
0
0
0
0
0
0
0
0
0
0
0
0
0
0
)
;
    }
    inletCH4
    {
        type            calculated;
        value           nonuniform List<scalar> 4(0.0008104 0.00081034 0.000810357 0.000810346);
    }
    frontAndBack_pos
    {
        type            wedge;
    }
    frontAndBack_neg
    {
        type            wedge;
    }
}


// ************************************************************************* //
