/*--------------------------------*- C++ -*----------------------------------*\
| =========                 |                                                 |
| \\      /  F ield         | OpenFOAM: The Open Source CFD Toolbox           |
|  \\    /   O peration     | Version:  1.6.x                                 |
|   \\  /    A nd           | Web:      www.OpenFOAM.org                      |
|    \\/     M anipulation  |                                                 |
\*---------------------------------------------------------------------------*/
FoamFile
{
    version     2.0;
    format      ascii;
    class       volScalarField;
    location    "2";
    object      CO2;
}
// * * * * * * * * * * * * * * * * * * * * * * * * * * * * * * * * * * * * * //

dimensions      [0 0 0 0 0 0 0];

internalField   nonuniform List<scalar> 
4608
(
1.16034e-05
2.38263e-08
1.76182e-06
0.00644495
4.90226e-11
4.08041e-09
1.75269e-07
0.000327375
0.0104862
0.0387798
1.00213e-13
8.81362e-12
4.31821e-10
2.03865e-08
1.80877e-05
0.000822579
0.0137496
0.0445637
0.126599
2.03424e-16
1.8012e-14
9.7753e-13
6.48051e-11
1.64203e-06
6.36006e-05
0.00145891
0.0165222
0.0475169
0.131088
0.112197
0.142159
4.09906e-19
3.54838e-17
2.09469e-15
1.74142e-13
7.2184e-06
0.000140093
0.00221792
0.0191143
0.0492908
0.132402
0.142757
0.110431
0.109823
0.118211
8.19468e-22
6.81919e-20
4.32442e-18
4.31412e-16
1.89114e-05
0.000254225
0.00308235
0.0216788
0.0513496
0.132586
0.142278
0.136446
0.109911
0.109809
0.1098
0.0904874
1.62465e-24
1.28915e-22
8.72017e-21
1.02453e-18
3.89221e-05
0.00041025
0.00404248
0.0242867
0.0537475
0.132695
0.14182
0.144368
0.0913041
0.10958
0.109802
0.1098
0.1098
0.0527931
3.61846e-27
2.41763e-25
1.73684e-23
2.38442e-21
7.08998e-05
0.000611643
0.00509535
0.0270031
0.0562973
0.132809
0.141515
0.144585
0.0983935
0.0600432
0.109798
0.1098
0.1098
0.1098
0.0268752
4.03167e-28
8.54329e-28
3.49033e-26
5.49147e-24
0.000118146
0.000861212
0.0062459
0.0298501
0.0590096
0.132912
0.141357
0.144255
0.113986
0.0669702
0.039275
0.1098
0.1098
0.1098
0.1098
0.00845371
3.64265e-28
3.75665e-28
4.62061e-28
1.30378e-26
0.000184017
0.00116193
0.00750196
0.0328306
0.0617939
0.133059
0.141295
0.144621
0.130343
0.0812538
0.0472997
0.0194454
0.1098
0.1098
0.1098
0.1098
0.00140259
3.31473e-28
3.44798e-28
3.65256e-28
4.19629e-28
0.000271924
0.00151697
0.00887247
0.0359131
0.0646619
0.133185
0.141234
0.144774
0.144054
0.0980125
0.0598298
0.0269827
0.00671568
0.1098
0.1098
0.1098
0.1098
0.000131659
2.9858e-28
3.14655e-28
3.36764e-28
3.62805e-28
0.000385253
0.00192975
0.0103668
0.0390691
0.0675596
0.13332
0.141307
0.144966
0.146133
0.11276
0.075397
0.0368005
0.0121438
0.00114518
0.1098
0.1098
0.1098
0.1098
1.82107e-05
2.65554e-28
2.84344e-28
3.08138e-28
3.3478e-28
0.000527319
0.00240422
0.0119943
0.0422873
0.0704626
0.133471
0.141306
0.144757
0.147621
0.124134
0.0898892
0.049402
0.019037
0.00319614
9.89118e-05
0.1098
0.1098
0.1098
0.1098
4.6532e-06
2.32402e-28
2.53822e-28
2.79173e-28
3.06493e-28
0.000701431
0.00294541
0.0137692
0.0455774
0.073395
0.133641
0.14119
0.144594
0.147038
0.133689
0.102773
0.0623153
0.0286264
0.00667989
0.000351167
1.33045e-05
0.1098
0.1098
0.1098
0.1098
1.62259e-06
1.99169e-28
2.23072e-28
2.49825e-28
2.77822e-28
0.000911015
0.00356134
0.0157069
0.0489454
0.0764253
0.133847
0.141157
0.144433
0.146974
0.141493
0.114318
0.0747004
0.0392816
0.0128815
0.00104632
3.27081e-05
3.68747e-06
0.1098
0.1098
0.1098
0.1098
6.11291e-07
1.65912e-28
1.92088e-28
2.20079e-28
2.48733e-28
0.00116014
0.00426182
0.0178223
0.0524333
0.0795156
0.134206
0.141252
0.144317
0.146895
0.144397
0.124593
0.0864639
0.0500933
0.021024
0.00317534
8.36004e-05
6.7543e-06
1.42391e-06
0.1098
0.1098
0.1098
0.1098
2.26124e-07
1.32681e-28
1.60869e-28
1.89936e-28
2.1921e-28
0.00145349
0.00505938
0.0201349
0.0561033
0.0827772
0.134418
0.141326
0.144249
0.146956
0.146208
0.133489
0.0971353
0.0608768
0.0300749
0.0077779
0.000294833
1.22727e-05
2.37673e-06
5.96262e-07
0.1098
0.1098
0.1098
0.1098
7.95278e-08
9.94987e-29
1.29411e-28
1.594e-28
1.89254e-28
0.00179697
0.00597016
0.0226654
0.0600995
0.0863371
0.134608
0.14146
0.144521
0.146758
0.147362
0.141294
0.10708
0.0711898
0.0393084
0.0144092
0.0012662
2.59375e-05
3.69069e-06
1.01781e-06
2.42306e-07
0.1098
0.1098
0.1098
0.1098
2.62813e-08
6.63551e-29
9.76815e-29
1.28463e-28
1.58871e-28
0.00219804
0.0070139
0.0254445
0.0646446
0.0905241
0.134826
0.141659
0.144661
0.14774
0.147379
0.145893
0.116257
0.0809447
0.0484941
0.0220756
0.00401391
8.26598e-05
5.77352e-06
1.52645e-06
4.47018e-07
9.16235e-08
0.1098
0.1098
0.1098
0.1098
8.11129e-09
3.31654e-29
6.55925e-29
9.71086e-29
1.28061e-28
0.00266612
0.00821532
0.0284968
0.0702358
0.0957276
0.135261
0.141759
0.144723
0.147653
0.149964
0.14672
0.124472
0.0901057
0.0574242
0.0299284
0.00911978
0.000395996
1.01998e-05
2.16811e-06
6.89294e-07
1.8633e-07
3.17486e-08
0.1098
0.1098
0.1098
0.1098
2.32635e-09
3.30286e-29
6.53002e-29
9.68152e-29
0.00321334
0.0095977
0.0319208
0.0765404
0.102632
0.135819
0.141847
0.14472
0.147461
0.149129
0.151127
0.131655
0.0986453
0.0661231
0.0376758
0.0153071
0.0018163
2.53475e-05
3.04528e-06
9.72493e-07
3.05104e-07
7.1223e-08
1.00217e-08
0.1098
0.1098
0.1098
0.1098
6.16628e-10
3.29372e-29
6.51045e-29
0.00385429
0.0112022
0.035631
0.115285
0.108295
0.136424
0.141928
0.144691
0.147263
0.148838
0.149584
0.138874
0.106766
0.0743759
0.0453654
0.0218444
0.00505485
0.000116542
4.77416e-06
1.2977e-06
4.4517e-07
1.25628e-07
2.461e-08
2.87153e-09
0.1098
0.1098
0.1098
0.1098
1.50086e-10
3.28308e-29
0.00460902
0.0130503
0.042897
0.12696
0.128693
0.136777
0.141948
0.144626
0.147056
0.148538
0.149515
0.144581
0.114474
0.0823803
0.052833
0.0283724
0.00971076
0.000632908
9.96718e-06
1.74433e-06
6.02305e-07
1.93489e-07
4.68992e-08
7.63817e-09
7.44099e-10
0.1098
0.1098
0.1098
0.1098
3.33102e-11
0.00550011
0.0153044
0.0502144
0.129893
0.1348
0.141212
0.141952
0.144573
0.1469
0.148251
0.149179
0.147804
0.121438
0.0900147
0.060295
0.0348323
0.0149614
0.00225091
3.21417e-05
2.53844e-06
7.88331e-07
2.7257e-07
7.69698e-08
1.5678e-08
2.12125e-09
1.73628e-10
0.1098
0.1098
0.1098
0.1098
6.69211e-12
0.00655197
0.0178801
0.0576704
0.130898
0.136399
0.141334
0.142947
0.144442
0.146759
0.148073
0.148922
0.148249
0.127724
0.0970347
0.067567
0.0413376
0.0203792
0.00532448
0.000157907
4.41813e-06
1.03416e-06
3.63961e-07
1.14312e-07
2.74818e-08
4.66246e-09
5.25286e-10
3.62951e-11
0.1098
0.1098
0.1098
1.20752e-12
0.00777516
0.0209143
0.0652918
0.130851
0.136802
0.141287
0.143315
0.14465
0.146537
0.147932
0.148815
0.148463
0.133186
0.103628
0.0743352
0.0477913
0.0258239
0.00925663
0.000745067
1.03823e-05
1.42364e-06
4.72806e-07
1.5883e-07
4.32563e-08
8.71454e-09
1.22814e-09
1.15512e-10
6.75878e-12
0.1098
0.1098
1.94153e-13
0.00920981
0.0246049
0.0728259
0.135327
0.136632
0.141156
0.143433
0.144971
0.146469
0.147669
0.148728
0.14864
0.13803
0.109821
0.0807455
0.0539913
0.0313175
0.0136045
0.00223434
3.54114e-05
2.20727e-06
6.1354e-07
2.11433e-07
6.31236e-08
1.45509e-08
2.4385e-09
2.85381e-10
2.24538e-11
1.11467e-12
0.1098
2.75997e-14
0.010931
0.0289403
0.112529
0.139424
0.138753
0.14101
0.143483
0.145222
0.146844
0.14755
0.148463
0.149097
0.142537
0.115521
0.086878
0.0599991
0.0367324
0.01814
0.00482302
0.000157771
4.06973e-06
8.24308e-07
2.7514e-07
8.7363e-08
2.23851e-08
4.31274e-09
5.99168e-10
5.82476e-11
3.84026e-12
1.61739e-13
3.44112e-15
0.0130164
0.0366655
0.127181
0.141065
0.140644
0.141396
0.143465
0.14537
0.147136
0.14821
0.148332
0.149112
0.146792
0.121014
0.092711
0.0658448
0.0420516
0.0226483
0.0080755
0.000649041
9.4752e-06
1.17535e-06
3.57941e-07
1.16752e-07
3.24261e-08
6.99857e-09
1.11918e-09
1.28689e-10
1.03983e-11
5.74564e-13
2.05199e-14
3.73933e-16
0.0157736
0.0460922
0.131114
0.140719
0.141799
0.142049
0.143515
0.145398
0.147251
0.148449
0.149289
0.149138
0.147886
0.126292
0.0983647
0.0715207
0.0473012
0.0271521
0.0116301
0.00183055
2.91921e-05
1.8569e-06
4.72668e-07
1.53256e-07
4.49767e-08
1.06392e-08
1.91336e-09
2.52973e-10
2.40565e-11
1.61508e-12
7.48363e-14
2.2606e-15
3.51235e-17
0.0194154
0.0572657
0.13195
0.140746
0.141817
0.142667
0.143746
0.145392
0.147219
0.148434
0.149431
0.150978
0.148463
0.131324
0.103768
0.0770635
0.0524833
0.0316848
0.0153224
0.00385442
0.00011508
3.35211e-06
6.47375e-07
2.00123e-07
6.0612e-08
1.53932e-08
3.05374e-09
4.54589e-10
4.95757e-11
3.89411e-12
2.17379e-13
8.42766e-15
2.15036e-16
2.84082e-18
0.0244717
0.0696179
0.136606
0.141732
0.141775
0.14297
0.144068
0.145472
0.147138
0.148302
0.149298
0.150715
0.152198
0.136518
0.109239
0.0823926
0.0576911
0.0362233
0.0190599
0.00643303
0.000439726
7.24389e-06
9.31664e-07
2.63589e-07
8.02993e-08
2.14764e-08
4.6184e-09
7.60928e-10
9.33726e-11
8.37949e-12
5.43832e-13
2.51831e-14
8.17275e-16
1.75529e-17
1.95787e-19
0.031413
0.117361
0.140386
0.142476
0.142401
0.143069
0.144322
0.145623
0.147113
0.148152
0.149094
0.150327
0.150803
0.141393
0.114915
0.0877546
0.0627831
0.0408053
0.0228412
0.00929769
0.00123916
1.91066e-05
1.4474e-06
3.53135e-07
1.05738e-07
2.92111e-08
6.69906e-09
1.20331e-09
1.63615e-10
1.64898e-11
1.21711e-12
6.50968e-14
2.50381e-15
6.77705e-17
1.22157e-18
1.15068e-20
0.0459219
0.131062
0.141622
0.143067
0.142976
0.143367
0.144516
0.145778
0.147148
0.148068
0.148895
0.150053
0.150685
0.144632
0.120001
0.0932415
0.0678813
0.0453696
0.0267194
0.0123354
0.00267177
6.36355e-05
2.46684e-06
4.86701e-07
1.39486e-07
3.91094e-08
9.41431e-09
1.81805e-09
2.70315e-10
3.0178e-11
2.4939e-12
1.5095e-13
6.66475e-15
2.12018e-16
4.78855e-18
7.22666e-20
5.676e-22
0.0669909
0.139862
0.142536
0.143594
0.143492
0.143758
0.14477
0.145983
0.14722
0.148046
0.148765
0.149809
0.150653
0.147653
0.124181
0.098235
0.0730492
0.049988
0.0306491
0.0154924
0.00464634
0.000228044
4.79328e-06
6.93979e-07
1.85711e-07
5.19523e-08
1.29307e-08
2.64904e-09
4.25547e-10
5.20127e-11
4.75368e-12
3.20994e-13
1.59616e-14
5.7893e-16
1.52771e-17
2.86694e-19
3.59575e-21
2.36529e-23
0.123631
0.141983
0.143141
0.144058
0.143972
0.144168
0.145077
0.146236
0.147471
0.148082
0.148702
0.149631
0.150428
0.149059
0.128023
0.102579
0.0778363
0.0547318
0.0346343
0.0187034
0.0069383
0.000677459
1.07831e-05
1.0412e-06
2.50475e-07
6.89308e-08
1.74917e-08
3.75239e-09
6.43929e-10
8.52691e-11
8.52996e-12
6.35477e-13
3.51193e-14
1.42685e-15
4.26871e-17
9.29485e-19
1.44449e-20
1.50634e-22
7.46388e-25
0.141037
0.142906
0.143627
0.144488
0.14441
0.144579
0.145408
0.146506
0.147737
0.148448
0.148715
0.149533
0.150259
0.149205
0.13143
0.106623
0.0821374
0.0592006
0.038712
0.0219941
0.00943134
0.00155742
2.89775e-05
1.66939e-06
3.44228e-07
9.17446e-08
2.34541e-08
5.20448e-09
9.43521e-10
1.34054e-10
1.45443e-11
1.18452e-12
7.20154e-14
3.23794e-15
1.08008e-16
2.648e-18
4.75933e-20
6.10679e-22
4.77267e-24
6.7295e-27
0.142815
0.143362
0.144067
0.144895
0.144818
0.144973
0.145739
0.146776
0.147969
0.148715
0.149201
0.149534
0.150172
0.14944
0.134469
0.110426
0.0861872
0.063314
0.0426909
0.0253939
0.0120618
0.00294303
9.11531e-05
2.91474e-06
4.8459e-07
1.22968e-07
3.13308e-08
7.11142e-09
1.34765e-09
2.03495e-10
2.37462e-11
2.0973e-12
1.39107e-13
6.8578e-15
2.52201e-16
6.85075e-18
1.38211e-19
2.0366e-21
1.93687e-23
5.52993e-26
0.143289
0.143783
0.144494
0.145286
0.145203
0.145344
0.146054
0.147031
0.148169
0.148895
0.149456
0.150364
0.150209
0.149518
0.137169
0.114019
0.0900606
0.0672527
0.0464815
0.0287896
0.0147905
0.0047075
0.00028407
5.67346e-06
7.0335e-07
1.66462e-07
4.18666e-08
9.62334e-09
1.88708e-09
3.00126e-10
3.73626e-11
3.55286e-12
2.55241e-13
1.36931e-14
5.50457e-16
1.64023e-17
3.65384e-19
6.00074e-21
6.47896e-23
2.42651e-25
0.143663
0.144207
0.144913
0.145666
0.145572
0.145692
0.14635
0.147264
0.148341
0.149032
0.149584
0.150538
0.151739
0.149819
0.139429
0.117294
0.0937659
0.0710584
0.0501466
0.0321106
0.0175428
0.00670074
0.000732407
1.23847e-05
1.06675e-06
2.28039e-07
5.61372e-08
1.29542e-08
2.60378e-09
4.3233e-10
5.69794e-11
5.7929e-12
4.47898e-13
2.59819e-14
1.13378e-15
3.6779e-17
8.95655e-19
1.6128e-20
1.92005e-22
8.44498e-25
0.144069
0.14464
0.145322
0.146034
0.145928
0.146025
0.146626
0.147474
0.14848
0.149142
0.149669
0.150548
0.151611
0.152625
0.141701
0.120152
0.0972067
0.0747245
0.0537229
0.0353743
0.0202961
0.00883042
0.00153904
3.14004e-05
1.70353e-06
3.17332e-07
7.56638e-08
1.74087e-08
3.55597e-09
6.1116e-10
8.46329e-11
9.13981e-12
7.55918e-13
4.71483e-14
2.22028e-15
7.79242e-17
2.05991e-18
4.02619e-20
5.20409e-22
2.56553e-24
0.144504
0.145069
0.14572
0.146391
0.146274
0.146345
0.146889
0.14767
0.148601
0.149213
0.149729
0.150553
0.151434
0.151651
0.144191
0.123018
0.100332
0.0781829
0.0572221
0.0385906
0.0230628
0.0110341
0.00273148
9.0385e-05
2.91204e-06
4.49159e-07
1.02688e-07
2.34165e-08
4.82519e-09
8.51487e-10
1.22974e-10
1.40164e-11
1.2332e-12
8.22581e-14
4.1591e-15
1.571e-16
4.48233e-18
9.44477e-20
1.31309e-21
7.08069e-24
0.144943
0.145489
0.146105
0.146739
0.14661
0.146655
0.147143
0.147857
0.148714
0.149278
0.149748
0.150533
0.151388
0.15143
0.145742
0.125805
0.103399
0.0814134
0.0605799
0.0417587
0.0258319
0.0132784
0.00420436
0.000253554
5.41204e-06
6.49436e-07
1.40346e-07
3.15858e-08
6.52583e-09
1.17363e-09
1.75499e-10
2.09776e-11
1.9528e-12
1.38641e-13
7.48982e-15
3.03121e-16
9.28895e-18
2.0994e-19
3.1194e-21
1.81359e-23
0.145374
0.145896
0.146479
0.147078
0.146939
0.146958
0.147391
0.148041
0.148829
0.149341
0.149774
0.150468
0.151234
0.151424
0.146815
0.128029
0.106339
0.084564
0.0637828
0.0448526
0.0285911
0.0155379
0.00583945
0.000607326
1.08901e-05
9.67077e-07
1.93147e-07
4.27526e-08
8.8183e-09
1.60566e-09
2.46879e-10
3.07536e-11
3.01284e-12
2.26614e-13
1.30255e-14
5.62387e-16
1.84326e-17
4.45001e-19
7.03341e-21
4.36757e-23
0.145791
0.146289
0.146841
0.14741
0.14726
0.147257
0.147637
0.148226
0.148947
0.149416
0.1498
0.150451
0.151077
0.151243
0.147565
0.12958
0.10885
0.0875733
0.0669235
0.0478579
0.0313263
0.0178175
0.00758332
0.00122012
2.44666e-05
1.48588e-06
2.67809e-07
5.8058e-08
1.19243e-08
2.1865e-09
3.43435e-10
4.43105e-11
4.54423e-12
3.60482e-13
2.19555e-14
1.00762e-15
3.51795e-17
9.03948e-19
1.51422e-20
9.97751e-23
0.146194
0.146669
0.147194
0.147736
0.147577
0.147552
0.147883
0.148412
0.149072
0.149498
0.149847
0.150426
0.151057
0.151198
0.148479
0.130939
0.110916
0.0902631
0.0699312
0.0508086
0.034024
0.0201199
0.00940011
0.00213232
6.18721e-05
2.38235e-06
3.73445e-07
7.9047e-08
1.61463e-08
2.97e-09
4.73801e-10
6.29378e-11
6.72126e-12
5.59818e-13
3.59871e-14
1.74934e-15
6.48391e-17
1.76694e-18
3.12771e-20
2.17616e-22
0.146582
0.147037
0.147539
0.148057
0.147889
0.147844
0.14813
0.148607
0.149203
0.149589
0.149904
0.150444
0.150982
0.151336
0.149165
0.132496
0.112756
0.0926469
0.0726878
0.0536763
0.0366933
0.0224294
0.011266
0.0032909
0.000161421
4.05833e-06
5.24593e-07
1.07685e-07
2.189e-08
4.02999e-09
6.49811e-10
8.83707e-11
9.77637e-12
8.51172e-13
5.75283e-14
2.95195e-15
1.15774e-16
3.33629e-18
6.22215e-20
4.55459e-22
0.146959
0.147396
0.147877
0.148371
0.148197
0.148134
0.148379
0.148806
0.149353
0.149688
0.149971
0.15047
0.15099
0.151182
0.149623
0.133889
0.114617
0.0948261
0.0752254
0.056383
0.0393156
0.0247395
0.0131474
0.00460717
0.000381865
7.38511e-06
7.4831e-07
1.46543e-07
2.96806e-08
5.46653e-09
8.87669e-10
1.22959e-10
1.40202e-11
1.27038e-12
8.99294e-14
4.85509e-15
2.00854e-16
6.10342e-18
1.19649e-19
9.18534e-22
0.147324
0.147746
0.148207
0.148678
0.148499
0.148421
0.148629
0.149011
0.149508
0.149818
0.150046
0.150506
0.150995
0.151263
0.149677
0.135073
0.116339
0.0969207
0.0776034
0.0589407
0.041849
0.0270375
0.0150426
0.0060231
0.000778636
1.45311e-05
1.09168e-06
1.99366e-07
4.01851e-08
7.41231e-09
1.20945e-09
1.69896e-10
1.98702e-11
1.86565e-12
1.37805e-13
7.80225e-15
3.39464e-16
1.08482e-17
2.23015e-19
1.79182e-21
0.14768
0.148087
0.148528
0.148977
0.148796
0.148705
0.148879
0.149217
0.149672
0.149945
0.150163
0.150543
0.151004
0.151255
0.149795
0.135744
0.117896
0.09889
0.0798726
0.0613858
0.0442894
0.0292991
0.0169538
0.00750831
0.00139729
3.19414e-05
1.64127e-06
2.71514e-07
5.42717e-08
1.00399e-08
1.6449e-09
2.33523e-10
2.78889e-11
2.70174e-12
2.07461e-13
1.2279e-14
5.60239e-16
1.87804e-17
4.03958e-19
3.39026e-21
0.148027
0.148418
0.14884
0.149269
0.149085
0.148983
0.149126
0.149425
0.149836
0.15009
0.15027
0.150655
0.150991
0.151245
0.14985
0.136591
0.119138
0.100724
0.082029
0.0637439
0.0466519
0.031516
0.0188737
0.00904292
0.00223586
7.68932e-05
2.58526e-06
3.70942e-07
7.30758e-08
1.35721e-08
2.23349e-09
3.19718e-10
3.88374e-11
3.86584e-12
3.07468e-13
1.89639e-14
9.04804e-16
3.17379e-17
7.12723e-19
6.2369e-21
0.148363
0.148739
0.149143
0.14955
0.149368
0.149258
0.149371
0.149632
0.150001
0.150226
0.150402
0.150727
0.15113
0.151133
0.149883
0.137246
0.120365
0.102369
0.0840701
0.0660098
0.0489494
0.033692
0.0207887
0.0106077
0.00324542
0.000182099
4.31419e-06
5.11482e-07
9.80934e-08
1.82959e-08
3.02717e-09
4.3638e-10
5.37444e-11
5.47546e-12
4.49438e-13
2.87964e-14
1.43279e-15
5.24635e-17
1.22743e-18
1.1179e-20
0.148689
0.14905
0.149434
0.149819
0.149641
0.149526
0.149616
0.14984
0.150164
0.15036
0.150515
0.15085
0.151153
0.151277
0.149878
0.137793
0.121466
0.103927
0.0859828
0.0681811
0.0511814
0.0358316
0.0226941
0.0121782
0.00436327
0.000390499
7.58361e-06
7.17178e-07
1.31442e-07
2.45809e-08
4.09359e-09
5.94051e-10
7.39978e-11
7.68917e-12
6.49083e-13
4.30684e-14
2.22858e-15
8.49853e-17
2.06726e-18
1.95603e-20
0.149004
0.149349
0.149713
0.150078
0.149903
0.149786
0.149858
0.150054
0.150334
0.150499
0.150626
0.150916
0.151294
0.1512
0.14992
0.138221
0.122462
0.105373
0.0877981
0.0702558
0.0533461
0.0379334
0.0245906
0.0137547
0.00555383
0.000738237
1.42826e-05
1.02619e-06
1.76184e-07
3.29117e-08
5.52051e-09
8.0668e-10
1.01463e-10
1.07209e-11
9.27643e-13
6.35475e-14
3.41047e-15
1.35135e-16
3.41092e-18
3.34681e-20
0.149306
0.149635
0.149981
0.150326
0.150156
0.150037
0.150092
0.150266
0.150518
0.150645
0.150745
0.150982
0.151282
0.151423
0.149908
0.138521
0.123335
0.106719
0.089514
0.0722415
0.0554476
0.0399949
0.0264773
0.015344
0.00679511
0.00125839
2.94725e-05
1.50988e-06
2.36507e-07
4.39334e-08
7.42195e-09
1.0926e-09
1.38635e-10
1.48593e-11
1.31382e-12
9.26434e-14
5.14284e-15
2.11254e-16
5.52226e-18
5.60934e-20
0.149596
0.149908
0.150235
0.15056
0.150397
0.150279
0.150319
0.150468
0.150702
0.150813
0.150872
0.151063
0.151292
0.151297
0.149923
0.138831
0.12408
0.107957
0.0911357
0.0741443
0.0575042
0.0420165
0.0283507
0.0169514
0.00807619
0.00194893
6.55978e-05
2.31328e-06
3.18687e-07
5.84886e-08
9.94668e-09
1.47582e-09
1.88833e-10
2.04921e-11
1.84639e-12
1.33633e-13
7.65277e-15
3.25147e-16
8.78542e-18
9.22306e-20
0.149872
0.150169
0.150477
0.150786
0.150626
0.150511
0.150541
0.150666
0.150865
0.15098
0.151027
0.151157
0.151309
0.151247
0.14968
0.138841
0.124838
0.109093
0.0926619
0.0759665
0.0595069
0.0440044
0.0302079
0.0185702
0.00938914
0.00277793
0.000145082
3.71482e-06
4.33264e-07
7.77044e-08
1.32881e-08
1.98773e-09
2.56444e-10
2.81385e-11
2.5776e-12
1.90963e-13
1.12522e-14
4.93376e-16
1.3753e-17
1.48978e-19
0.150135
0.150415
0.150708
0.151
0.150847
0.150732
0.150754
0.150866
0.151031
0.15111
0.151183
0.151298
0.151339
0.151112
0.149119
0.138668
0.125299
0.110154
0.0940939
0.0777054
0.0614499
0.0459578
0.0320493
0.0201935
0.0107197
0.0037025
0.00029787
6.20982e-06
5.97425e-07
1.03177e-07
1.76992e-08
2.66927e-09
3.47255e-10
3.84917e-11
3.57776e-12
2.70656e-13
1.63682e-14
7.39e-16
2.12113e-17
2.36708e-19
0.150384
0.150651
0.150928
0.151211
0.151057
0.150945
0.150956
0.151053
0.151217
0.151252
0.151282
0.151434
0.15141
0.150995
0.148214
0.138319
0.125559
0.111019
0.0954304
0.0793569
0.0633209
0.0478736
0.0338738
0.0218185
0.0120609
0.00469492
0.000552407
1.08803e-05
8.37212e-07
1.37157e-07
2.3517e-08
3.57402e-09
4.6886e-10
5.24734e-11
4.94126e-12
3.80856e-13
2.35828e-14
1.09393e-15
3.22693e-17
3.70399e-19
0.150622
0.150875
0.151143
0.15142
0.151264
0.151148
0.151154
0.15123
0.151369
0.151425
0.151408
0.151478
0.151515
0.150911
0.147384
0.13774
0.125613
0.111712
0.0966256
0.0809148
0.0651144
0.0497567
0.035679
0.023444
0.0134159
0.00573661
0.000934942
2.04523e-05
1.19713e-06
1.82664e-07
3.11887e-08
4.7724e-09
6.31238e-10
7.13045e-11
6.79445e-12
5.32547e-13
3.36879e-14
1.60208e-15
4.84778e-17
5.71441e-19
0.150848
0.151093
0.151357
0.151669
0.15147
0.151349
0.15134
0.151414
0.151513
0.151543
0.151569
0.15157
0.151472
0.150776
0.146491
0.137182
0.125535
0.112243
0.0976737
0.0823587
0.0668266
0.0516021
0.0374635
0.0250681
0.0147886
0.00681705
0.00145722
4.1542e-05
1.76248e-06
2.43988e-07
4.13015e-08
6.35694e-09
8.47507e-10
9.65983e-11
9.30592e-12
7.40517e-13
4.77572e-14
2.32365e-15
7.19908e-17
8.70098e-19
0.151068
0.151309
0.151598
0.151888
0.151726
0.151551
0.15153
0.151571
0.151663
0.151653
0.151647
0.151649
0.151471
0.150583
0.145473
0.13659
0.125379
0.11262
0.0985751
0.0836794
0.0684452
0.0533923
0.0392237
0.0266875
0.0161791
0.00792986
0.00210569
8.72077e-05
2.69432e-06
3.27719e-07
5.46358e-08
8.44887e-09
1.13491e-09
1.30486e-10
1.26997e-11
1.02461e-12
6.72429e-14
3.34081e-15
1.05781e-16
1.30884e-18
0.151285
0.151547
0.151827
0.152075
0.151934
0.151817
0.151714
0.151735
0.151775
0.151728
0.151724
0.151642
0.151282
0.150033
0.144339
0.13585
0.125211
0.112873
0.0993371
0.0848731
0.0699597
0.0551111
0.0409509
0.0282978
0.0175804
0.00906873
0.00285196
0.000177019
4.26713e-06
4.44312e-07
7.22426e-08
1.12087e-08
1.51605e-09
1.75776e-10
1.72733e-11
1.4114e-12
9.41043e-14
4.76532e-15
1.5393e-16
1.94682e-18
0.151522
0.151779
0.15203
0.152265
0.152098
0.152005
0.152016
0.151878
0.151822
0.15176
0.151721
0.151587
0.150957
0.148653
0.142932
0.135007
0.124872
0.113054
0.0999708
0.0859418
0.0713666
0.0567415
0.0426388
0.0298931
0.0189866
0.0102202
0.0036681
0.000333775
6.97051e-06
6.09412e-07
9.55704e-08
1.48466e-08
2.0209e-09
2.36165e-10
2.34211e-11
1.93634e-12
1.30977e-13
6.74872e-15
2.22018e-16
2.86586e-18
0.151754
0.15199
0.152235
0.152002
0.152225
0.152125
0.152086
0.152206
0.151819
0.151607
0.151637
0.151236
0.150414
0.146921
0.141455
0.133799
0.124335
0.113102
0.100496
0.0868898
0.0726658
0.0582858
0.0442916
0.0314689
0.0203929
0.0113824
0.00453638
0.000577381
1.18937e-05
8.46511e-07
1.26553e-07
1.96403e-08
2.68868e-09
3.16561e-10
3.16634e-11
2.6467e-12
1.81399e-13
9.49586e-15
3.17637e-16
4.17849e-18
0.15197
0.152203
0.152244
0.1491
0.151522
0.152126
0.152033
0.151887
0.151578
0.150998
0.151166
0.150616
0.148657
0.145188
0.139753
0.132688
0.123608
0.112983
0.100896
0.0877221
0.073857
0.0597423
0.0458909
0.0330217
0.0217962
0.0125561
0.00544312
0.000929201
2.15811e-05
1.19607e-06
1.67717e-07
2.59521e-08
3.57114e-09
4.23399e-10
4.26934e-11
3.60514e-12
2.50106e-13
1.32829e-14
4.51082e-16
6.03869e-18
0.152186
0.152306
0.150014
0.1454
0.148353
0.150567
0.151175
0.150703
0.149583
0.149299
0.149724
0.148664
0.146612
0.143125
0.138086
0.131258
0.122827
0.112695
0.101151
0.0884322
0.0749389
0.0611061
0.0474271
0.0345441
0.0231928
0.0137429
0.00638043
0.00139365
4.1847e-05
1.73285e-06
2.22578e-07
3.42484e-08
4.73613e-09
5.65187e-10
5.74223e-11
4.8955e-12
3.43407e-13
1.8481e-14
6.36263e-16
8.65614e-18
0.152318
0.150677
0.146339
0.141639
0.14466
0.147144
0.147952
0.147783
0.146608
0.146677
0.147184
0.146254
0.144182
0.141
0.136286
0.129852
0.121859
0.112296
0.101253
0.0890101
0.0759071
0.0623736
0.0488854
0.0360307
0.0245781
0.0149402
0.00734343
0.00195886
8.31432e-05
2.59183e-06
2.965e-07
4.51338e-08
6.27177e-09
7.53155e-10
7.70564e-11
6.62839e-12
4.69769e-13
2.55865e-14
8.91906e-16
1.2315e-17
0.151012
0.147017
0.142523
0.137937
0.140941
0.143461
0.144414
0.144359
0.143507
0.143623
0.144354
0.143464
0.141714
0.138646
0.13429
0.128367
0.120817
0.11175
0.101227
0.0894522
0.0767561
0.0635409
0.0502637
0.0374858
0.0259476
0.0161421
0.00832538
0.00260299
0.000160386
3.99002e-06
3.97676e-07
5.94194e-08
8.2923e-09
1.00204e-09
1.0319e-10
8.95068e-12
6.40408e-13
3.5268e-14
1.24309e-15
1.73989e-17
0.147363
0.143179
0.138767
0.134313
0.137282
0.139811
0.140846
0.140876
0.140199
0.140564
0.141316
0.140696
0.139017
0.136303
0.132235
0.126747
0.119693
0.111097
0.101067
0.0897663
0.0774842
0.0646044
0.0515607
0.0388969
0.0272981
0.0173431
0.00931592
0.00330456
0.000290619
6.29666e-06
5.38001e-07
7.82033e-08
1.09471e-08
1.33108e-09
1.37926e-10
1.20569e-11
8.70245e-13
4.84135e-14
1.72364e-15
2.44221e-17
0.143513
0.139386
0.135089
0.130784
0.1337
0.136221
0.13734
0.137482
0.136942
0.137423
0.138328
0.13778
0.136383
0.133875
0.13016
0.125047
0.118458
0.110345
0.100791
0.0899554
0.0780938
0.0655619
0.0527722
0.0402513
0.0286235
0.0185391
0.0103119
0.00404923
0.00048917
1.02797e-05
7.35109e-07
1.02932e-07
1.44321e-08
1.76537e-09
1.84036e-10
1.62048e-11
1.1791e-12
6.62076e-14
2.37849e-15
3.40807e-17
0.139702
0.135669
0.131507
0.127362
0.130212
0.132709
0.133899
0.134159
0.133762
0.134324
0.135314
0.134943
0.133699
0.131464
0.128038
0.123305
0.117134
0.10949
0.100407
0.0900285
0.0785884
0.066414
0.0538944
0.0415401
0.0299172
0.0197265
0.0113133
0.00482486
0.000772914
1.76428e-05
1.01819e-06
1.35513e-07
1.90015e-08
2.33778e-09
2.4517e-10
2.17351e-11
1.59326e-12
9.02264e-14
3.2676e-15
4.72998e-17
0.135966
0.132051
0.128036
0.124058
0.126829
0.129287
0.130535
0.130906
0.13065
0.13129
0.132336
0.132113
0.131059
0.129038
0.125909
0.121513
0.115747
0.108542
0.0999194
0.0899928
0.0789732
0.0671628
0.0549266
0.0427529
0.031174
0.0209018
0.0123206
0.00562383
0.0011476
3.21673e-05
1.43903e-06
1.78555e-07
2.4982e-08
3.09109e-09
3.26122e-10
2.90985e-11
2.14757e-12
1.22564e-13
4.47072e-15
6.53153e-17
0.132329
0.128544
0.124686
0.120878
0.12356
0.125967
0.127254
0.127723
0.127602
0.128318
0.129413
0.129311
0.128434
0.126632
0.123764
0.119695
0.114302
0.107517
0.0993375
0.0898545
0.0792532
0.0678115
0.0558697
0.0438922
0.0323946
0.0220605
0.0133331
0.0064417
0.00160688
6.0712e-05
2.08934e-06
2.3587e-07
3.27988e-08
4.08089e-09
4.33175e-10
3.88903e-11
2.88816e-12
1.66e-13
6.09371e-15
8.9773e-17
0.128805
0.125161
0.121464
0.117824
0.120413
0.122757
0.124066
0.124617
0.124618
0.125406
0.126547
0.126556
0.125832
0.124234
0.121619
0.11785
0.112812
0.106425
0.0986721
0.0896208
0.0794335
0.0683631
0.0567253
0.0449588
0.0335687
0.0231986
0.0143461
0.00727434
0.00213586
0.00011339
3.11369e-06
3.13147e-07
4.30147e-08
5.37926e-09
5.74538e-10
5.18955e-11
3.8762e-12
2.24216e-13
8.27698e-15
1.22857e-16
0.125406
0.121909
0.118372
0.114897
0.11739
0.119663
0.120979
0.121594
0.1217
0.122551
0.123736
0.123849
0.123265
0.121853
0.119473
0.11599
0.111285
0.105275
0.0979313
0.0893
0.0795199
0.068821
0.0574948
0.045953
0.0346907
0.0243107
0.0153539
0.00811478
0.00271675
0.000202505
4.73637e-06
4.185e-07
5.63838e-08
7.08007e-09
7.60933e-10
6.91474e-11
5.19261e-12
3.02094e-13
1.12065e-14
1.67463e-16
0.122137
0.118789
0.11541
0.112091
0.114491
0.116689
0.118
0.118661
0.118856
0.119758
0.120979
0.121189
0.120738
0.119497
0.117334
0.114118
0.109728
0.104077
0.0971236
0.0888989
0.0795187
0.0691891
0.0581796
0.0468749
0.0357573
0.0253925
0.0163519
0.00895663
0.00333651
0.00034021
7.36397e-06
5.6332e-07
7.38981e-08
9.306e-09
1.00636e-09
9.20015e-11
6.94427e-12
4.06098e-13
1.51279e-14
2.27422e-16
0.119003
0.1158
0.112572
0.109404
0.111711
0.113833
0.11513
0.115825
0.116091
0.11703
0.118277
0.118577
0.118249
0.11717
0.11521
0.112242
0.108148
0.102837
0.0962567
0.0884243
0.0794351
0.0694719
0.058782
0.0477245
0.0367668
0.0264404
0.0173364
0.00979815
0.00398448
0.000538635
1.18358e-05
7.64827e-07
9.68315e-08
1.22163e-08
1.32909e-09
1.22234e-10
9.27212e-12
5.44775e-13
2.03661e-14
3.07797e-16
0.116001
0.112938
0.109855
0.106829
0.109047
0.111094
0.112372
0.113089
0.113411
0.114375
0.115637
0.116013
0.1158
0.114873
0.113103
0.110368
0.106552
0.101561
0.0953376
0.087883
0.0792745
0.0696735
0.0593047
0.0485022
0.0377178
0.0274515
0.0183044
0.0106387
0.00465216
0.000807762
1.9943e-05
1.05171e-06
1.26839e-07
1.6016e-08
1.75289e-09
1.62173e-10
1.23617e-11
7.29403e-13
2.73496e-14
4.1527e-16
0.113127
0.110199
0.107253
0.104359
0.106493
0.108468
0.109722
0.110452
0.11082
0.111798
0.113064
0.113504
0.113393
0.112606
0.111017
0.108502
0.104947
0.100258
0.0943728
0.0872814
0.0790428
0.0697979
0.0597502
0.0492092
0.0386093
0.0284232
0.0192533
0.0114787
0.00533429
0.00114827
3.52158e-05
1.47377e-06
1.66191e-07
2.09668e-08
2.30862e-09
2.14859e-10
1.64576e-11
9.74872e-13
3.66441e-14
5.58648e-16
0.110377
0.107577
0.104759
0.10199
0.104044
0.105948
0.107177
0.107915
0.108317
0.109301
0.110563
0.111054
0.111031
0.110372
0.108952
0.106645
0.103338
0.0989344
0.0933699
0.0866255
0.0787454
0.0698498
0.0601216
0.0498468
0.039441
0.0293537
0.02018
0.0123159
0.00602737
0.00155308
6.3389e-05
2.11245e-06
2.18181e-07
2.74076e-08
3.03614e-09
2.84266e-10
2.18806e-11
1.30081e-12
4.89961e-14
7.49512e-16
0.107744
0.105064
0.102366
0.0997146
0.101693
0.103531
0.104732
0.105475
0.105904
0.106887
0.108138
0.108669
0.10872
0.108176
0.106911
0.1048
0.101727
0.0975953
0.0923357
0.0859226
0.0783879
0.0698338
0.0604223
0.0504167
0.0402136
0.0302423
0.0210817
0.0131462
0.00672737
0.00200909
0.000112298
3.08833e-06
2.87501e-07
3.57853e-08
3.98698e-09
3.75564e-10
2.9051e-11
1.73308e-12
6.53884e-14
1.00312e-15
0.105222
0.102654
0.10007
0.0975264
0.099434
0.101209
0.102384
0.103127
0.103578
0.104556
0.105791
0.106352
0.106466
0.106022
0.104897
0.102969
0.100118
0.0962445
0.0912756
0.0851792
0.0779767
0.0697549
0.0606562
0.0509215
0.040928
0.0310879
0.0219563
0.0139661
0.00742866
0.0025039
0.000190822
4.58365e-06
3.80581e-07
4.66906e-08
5.22806e-09
4.95478e-10
3.8519e-11
2.30568e-12
8.71138e-14
1.33951e-15
0.102804
0.100342
0.0978621
0.0954193
0.0972613
0.0989772
0.100126
0.100867
0.101337
0.102306
0.103522
0.104105
0.104271
0.103915
0.102917
0.101156
0.0985135
0.0948853
0.090194
0.0844008
0.0775179
0.0696184
0.0608272
0.051364
0.0415859
0.0318899
0.0228019
0.0147722
0.00812674
0.0030276
0.0003077
6.91409e-06
5.06314e-07
6.08898e-08
6.84647e-09
6.52752e-10
5.10034e-11
3.06322e-12
1.1587e-13
1.78499e-15
0.100483
0.0981195
0.0957369
0.0933876
0.0951686
0.0968295
0.0979539
0.0986919
0.0991757
0.100135
0.10133
0.101929
0.102139
0.101858
0.100974
0.0993665
0.0969178
0.0935213
0.0890946
0.0835922
0.0770171
0.06943
0.0609397
0.0517471
0.042189
0.0326477
0.0236171
0.0155623
0.00882013
0.00357134
0.00047207
1.06971e-05
6.77917e-07
7.93655e-08
8.95508e-09
8.58764e-10
6.74424e-11
4.06412e-12
1.53886e-13
2.37408e-15
0.0982534
0.0959808
0.0936883
0.0914263
0.0931502
0.0947599
0.095861
0.0965957
0.0970917
0.09804
0.0992123
0.0998243
0.10007
0.0998556
0.0990722
0.0976043
0.095335
0.0921563
0.0879812
0.0827574
0.0764789
0.0691945
0.0609985
0.0520742
0.0427393
0.0333612
0.0244008
0.0163349
0.00950832
0.00412816
0.000690952
1.71866e-05
9.1692e-07
1.03392e-07
1.16991e-08
1.12829e-09
8.90599e-11
5.38476e-12
2.04087e-13
3.15213e-15
0.0961079
0.0939197
0.0917114
0.0895315
0.0912014
0.092763
0.0938423
0.0945735
0.09508
0.0960168
0.0971666
0.0977877
0.0980649
0.0979079
0.0972147
0.0958735
0.0937696
0.0907945
0.0868577
0.0819003
0.0759074
0.0689164
0.0610076
0.0523485
0.0432385
0.0340307
0.0251522
0.0170886
0.0101917
0.00469356
0.000965149
2.87394e-05
1.25938e-06
1.34718e-07
1.52631e-08
1.48049e-09
1.17451e-10
7.125e-12
2.70314e-13
4.17851e-15
0.0940405
0.0919311
0.089802
0.0877003
0.0893183
0.0908343
0.0918928
0.0926205
0.0931364
0.0940616
0.0951894
0.0958173
0.0961212
0.0960158
0.0954034
0.0941772
0.0922255
0.0894402
0.0857281
0.0810248
0.0753066
0.0685996
0.0609711
0.0525734
0.0436888
0.0346567
0.0258709
0.0178224
0.0108692
0.00526482
0.00129012
4.91172e-05
1.76302e-06
1.758e-07
1.98878e-08
1.93997e-09
1.54689e-10
9.41514e-12
3.57583e-13
5.53107e-15
0.0920459
0.0900108
0.087957
0.0859305
0.0874979
0.08897
0.0900082
0.0907322
0.0912564
0.0921705
0.0932771
0.0939102
0.0942374
0.0941779
0.093639
0.0925175
0.0907059
0.0880971
0.0845966
0.0801347
0.0746802
0.068248
0.0608924
0.052752
0.0440919
0.0352389
0.026557
0.0185352
0.011539
0.00583974
0.00165676
8.3487e-05
2.51166e-06
2.30079e-07
2.58868e-08
2.53876e-09
2.03462e-10
1.24251e-11
4.72445e-13
7.31188e-15
0.0901201
0.0881557
0.0861743
0.0842202
0.0857383
0.0871672
0.0881853
0.0889049
0.0894363
0.0903395
0.0914258
0.0920632
0.092411
0.092393
0.0919208
0.0908958
0.0892132
0.0867686
0.0834666
0.0792338
0.0740318
0.0678648
0.0607749
0.0528874
0.0444506
0.0357776
0.0272118
0.0192261
0.0121989
0.00641541
0.0020559
0.000137871
3.62391e-06
3.02192e-07
3.36729e-08
3.31803e-09
2.67278e-10
1.63753e-11
6.23442e-13
9.65409e-15
0.0882598
0.0863633
0.084452
0.0825678
0.0840375
0.0854241
0.0864213
0.0871356
0.0876728
0.0885652
0.089632
0.0902727
0.0906393
0.090659
0.0902479
0.0893116
0.0877489
0.0854571
0.0823414
0.0783255
0.0733647
0.0674532
0.0606216
0.0529821
0.0447672
0.0362755
0.0278367
0.0198947
0.012847
0.00698721
0.00247991
0.00021851
5.28223e-06
3.9829e-07
4.37812e-08
4.33127e-09
3.5065e-10
2.15548e-11
8.21661e-13
1.27313e-14
0.0864625
0.084632
0.0827883
0.0809714
0.0823941
0.0837388
0.0847145
0.0854221
0.0859634
0.0868446
0.0878924
0.0885357
0.0889191
0.0889735
0.0886188
0.0877646
0.0863132
0.0841644
0.0812235
0.0774129
0.0726822
0.0670164
0.0604351
0.0530388
0.0450438
0.0367349
0.02843
0.0205407
0.0134821
0.00755368
0.00292207
0.000331444
7.80647e-06
5.26833e-07
5.68917e-08
5.64762e-09
4.59443e-10
2.83365e-11
1.08167e-12
1.6769e-14
0.0847266
0.0829598
0.0811814
0.079429
0.0808061
0.0821098
0.0830634
0.0837628
0.0843062
0.0851754
0.0862043
0.0868493
0.0872479
0.0873342
0.0870317
0.0862537
0.084906
0.082891
0.080115
0.0764984
0.071987
0.066557
0.0602183
0.0530597
0.0452824
0.0371572
0.0289912
0.0211637
0.0141034
0.00811448
0.00337617
0.000483647
1.17927e-05
7.00391e-07
7.38608e-08
7.35562e-09
6.01249e-10
3.7205e-11
1.42227e-12
2.20632e-14
0.0830501
0.081345
0.0796291
0.0779379
0.0792715
0.0805353
0.0814665
0.0821563
0.0826999
0.0835561
0.0845658
0.0852113
0.0856232
0.0857388
0.0854847
0.0847777
0.083527
0.0816375
0.0790167
0.0755841
0.0712815
0.0660777
0.0599736
0.0530471
0.0454848
0.0375435
0.0295201
0.0217633
0.0147103
0.00866983
0.00383794
0.000678268
1.83857e-05
9.38715e-07
9.57884e-08
9.56768e-09
7.85867e-10
4.87882e-11
1.8679e-12
2.89965e-14
0.0814312
0.0797853
0.0781288
0.0764954
0.0777878
0.0790134
0.0799221
0.0806012
0.0811432
0.0819854
0.0829753
0.0836197
0.0840432
0.0841853
0.0839759
0.0833352
0.0821753
0.0804037
0.0779293
0.0746713
0.0705677
0.0655808
0.0597032
0.0530032
0.0456528
0.0378949
0.0300155
0.0223397
0.0153024
0.00922004
0.00430453
0.000914754
2.95162e-05
1.27391e-06
1.24135e-07
1.24262e-08
1.02588e-09
6.38993e-11
2.4503e-12
3.80663e-14
0.0798677
0.078278
0.0766778
0.0750989
0.0763521
0.0775414
0.0784282
0.0790962
0.079635
0.0804623
0.0814318
0.0820736
0.0825063
0.0826723
0.0825041
0.081925
0.0808501
0.0791894
0.0768535
0.0737609
0.0698472
0.0650681
0.0594094
0.05293
0.0457883
0.0382131
0.0304787
0.0228945
0.0158794
0.00976438
0.00477408
0.00118903
4.80525e-05
1.75418e-06
1.60925e-07
1.61125e-08
1.33741e-09
8.35881e-11
3.21056e-12
4.99186e-14
0.0783568
0.0768204
0.0752731
0.0737456
0.074962
0.0761169
0.0769826
0.0776391
0.0781739
0.0789857
0.0799343
0.0805719
0.0810117
0.0811987
0.0810681
0.0805461
0.0795507
0.0779944
0.0757893
0.0728539
0.0691211
0.0645412
0.0590939
0.0528294
0.0458929
0.0384997
0.0309117
0.0234272
0.0164409
0.0103018
0.00524503
0.00149447
7.77256e-05
2.44653e-06
2.08866e-07
2.08605e-08
1.74099e-09
1.09206e-10
4.20187e-12
6.53907e-14
0.0768959
0.0754096
0.0739123
0.0724335
0.0736148
0.0747371
0.0755827
0.0762281
0.0767582
0.0775542
0.0784818
0.0791137
0.0795586
0.0797638
0.0796673
0.0791981
0.0782768
0.0768186
0.074737
0.0719508
0.0683904
0.0640016
0.0587584
0.0527031
0.0459683
0.038756
0.0313159
0.0239364
0.0169865
0.0108312
0.00571522
0.00182477
0.000122771
3.44232e-06
2.71485e-07
2.6977e-08
2.26272e-09
1.42491e-10
5.49293e-12
8.5567e-14
0.075482
0.0740431
0.072593
0.0711605
0.0723082
0.0733996
0.074226
0.0748605
0.0753858
0.0761663
0.077073
0.0776983
0.0781464
0.0783672
0.0783013
0.0778805
0.0770282
0.0756619
0.0736969
0.0710522
0.0676562
0.0634504
0.0584044
0.0525526
0.0460159
0.0389831
0.031692
0.0244217
0.0175154
0.0113513
0.00618164
0.0021743
0.000187592
4.87506e-06
3.53313e-07
3.48468e-08
2.93713e-09
1.85666e-10
7.1723e-12
1.1185e-13
0.0741125
0.0727184
0.0713133
0.0699252
0.0710405
0.0721022
0.0729102
0.0735343
0.0740545
0.07482
0.0757063
0.0763244
0.0767743
0.0770083
0.0769698
0.0765933
0.075805
0.0745247
0.0726695
0.0701589
0.0669194
0.062889
0.0580332
0.0523795
0.0460371
0.0391821
0.0320408
0.0248829
0.0180275
0.0118613
0.00664329
0.00253788
0.000276549
6.96367e-06
4.60406e-07
4.49542e-08
3.80732e-09
2.41602e-10
9.35396e-12
1.46053e-13
0.0727851
0.0714337
0.0700717
0.0687258
0.0698102
0.0708432
0.0716332
0.072247
0.0727623
0.0735133
0.07438
0.0749906
0.0754411
0.0756864
0.0756724
0.0753364
0.0746073
0.0734074
0.0716555
0.0692716
0.0661808
0.0623183
0.0576461
0.0521849
0.046033
0.039354
0.0323627
0.0253192
0.0185223
0.0123606
0.00709982
0.00291053
0.000394661
1.0092e-05
6.01478e-07
5.79049e-08
4.92818e-09
3.13973e-10
1.21846e-11
1.90512e-13
0.0714978
0.0701873
0.0688664
0.067561
0.0686155
0.0696209
0.0703934
0.070997
0.0715072
0.0722441
0.073092
0.073695
0.0741455
0.0744005
0.0744086
0.0741096
0.0734352
0.0723102
0.0706553
0.0683911
0.0654416
0.0617397
0.0572444
0.0519703
0.046005
0.0395
0.0326585
0.0257306
0.0190009
0.0128487
0.00755137
0.00328866
0.000544528
1.49638e-05
7.89854e-07
7.44741e-08
6.36908e-09
4.07467e-10
1.58526e-11
2.48241e-13
0.070249
0.0689775
0.0676961
0.0664297
0.0674552
0.0684338
0.0691892
0.0697824
0.0702872
0.0710105
0.0718405
0.072436
0.072886
0.0731495
0.0731775
0.0729124
0.0722887
0.0712336
0.0696697
0.0675183
0.0647027
0.0611543
0.0568294
0.0517368
0.045954
0.0396209
0.0329291
0.0261183
0.0194629
0.0133256
0.00799827
0.00366992
0.000726341
2.27387e-05
1.04661e-06
9.56852e-08
8.21782e-09
5.28057e-10
2.05995e-11
3.23117e-13
0.0690368
0.067803
0.0665595
0.0653303
0.066328
0.0672807
0.0680192
0.0686022
0.0691011
0.069811
0.0706235
0.0712116
0.0716608
0.0719318
0.071978
0.0717443
0.0711676
0.0701777
0.068699
0.0666539
0.0639652
0.0605632
0.0564023
0.0514856
0.0458812
0.0397176
0.0331751
0.026483
0.0199074
0.0137906
0.00844011
0.00405304
0.00093795
3.51433e-05
1.40346e-06
1.22927e-07
1.0586e-08
6.83335e-10
2.67343e-11
4.20123e-13
0.0678602
0.0666624
0.0654552
0.0642615
0.0652325
0.0661602
0.066882
0.0674546
0.0679476
0.0686441
0.0694396
0.0700203
0.0704683
0.0707461
0.070809
0.0706043
0.0700714
0.0691423
0.0677436
0.0657984
0.0632299
0.0599677
0.0559643
0.0512179
0.0457876
0.0397909
0.0333972
0.0268253
0.0203335
0.0142434
0.00887613
0.00443698
0.00117524
5.44776e-05
1.90507e-06
1.58075e-07
1.36167e-08
8.82943e-10
3.46516e-11
5.45656e-13
0.0667176
0.0655544
0.0643818
0.063222
0.0641673
0.065071
0.0657766
0.0663386
0.0668253
0.0675087
0.0682874
0.0688606
0.069307
0.0695908
0.069669
0.0694913
0.0689991
0.0681271
0.0668033
0.0649524
0.0624977
0.0593688
0.0555166
0.050935
0.0456743
0.0398417
0.0335959
0.0271454
0.0207409
0.0146834
0.00930554
0.00482029
0.00143388
8.34596e-05
2.61094e-06
2.03573e-07
1.74954e-08
1.13915e-09
4.48544e-11
7.0791e-13
0.0656076
0.0644775
0.0633381
0.0622115
0.0631313
0.0640117
0.0647015
0.065253
0.0657331
0.0664035
0.067166
0.0677312
0.0681756
0.0684645
0.0685569
0.0684041
0.0679501
0.0671314
0.0658781
0.0641159
0.061769
0.0587672
0.0550603
0.0506378
0.0455423
0.0398709
0.0337718
0.0274436
0.0211291
0.0151102
0.00972754
0.00520111
0.00170949
0.000125065
3.60086e-06
2.62509e-07
2.24585e-08
1.46763e-09
5.79836e-11
9.17372e-13
0.0645289
0.0634305
0.0623235
0.0612315
0.062124
0.0629812
0.0636554
0.0641966
0.0646698
0.0653273
0.0660738
0.0666312
0.0670729
0.0673662
0.0674714
0.0673418
0.0669233
0.0661545
0.0649673
0.0632889
0.0610443
0.0581639
0.0545964
0.0503275
0.0453926
0.0398793
0.0339256
0.0277201
0.0214973
0.0155236
0.0101414
0.00557791
0.00199828
0.000182288
4.98971e-06
3.38788e-07
2.88038e-08
1.88835e-09
7.48553e-11
1.18744e-12
0.0634802
0.0624129
0.0613398
0.0602911
0.0611469
0.061979
0.0626373
0.063168
0.0636343
0.0642791
0.0650099
0.0655593
0.0659981
0.0662947
0.0664115
0.0663032
0.0659178
0.0651958
0.0640708
0.0624714
0.0603239
0.0575592
0.0541255
0.050005
0.0452262
0.0398677
0.0340579
0.0279753
0.0218457
0.0159241
0.0105464
0.00595015
0.0022964
0.000258509
6.95756e-06
4.37555e-07
3.69008e-08
2.42662e-09
9.65091e-11
1.53521e-12
0.0624611
0.0614264
0.060396
0.0594239
0.0602092
0.0610068
0.0616465
0.0621662
0.0626252
0.0632576
0.0639733
0.0645144
0.0649499
0.0652493
0.0653762
0.0652876
0.0649329
0.0642545
0.063188
0.0616632
0.0596079
0.0569538
0.0536485
0.0496711
0.0450439
0.039837
0.0341693
0.0282097
0.0221747
0.0163112
0.0109424
0.00631763
0.00260046
0.00035681
9.81161e-06
5.65964e-07
4.7209e-08
3.1144e-09
1.24267e-10
1.98251e-12
0.0614731
0.06048
0.0595258
0.0587546
0.0593443
0.0600733
0.0606849
0.0611905
0.0616415
0.0622616
0.0629626
0.0634956
0.0639273
0.0642287
0.0643648
0.0642939
0.0639678
0.0633302
0.0623185
0.0608643
0.0588966
0.0563481
0.053166
0.0493268
0.0448467
0.039788
0.0342605
0.0284237
0.0224849
0.0166839
0.0113288
0.00668049
0.00290801
0.000478836
1.40673e-05
7.34673e-07
6.02907e-08
3.99186e-09
1.59806e-10
2.55711e-12
0.0605253
0.0596075
0.0588543
0.0586769
0.0592123
0.0597611
0.0602428
0.0606827
0.0612901
0.0619767
0.0625016
0.0629292
0.0632319
0.0633761
0.0633218
0.0630218
0.0624223
0.061462
0.0600745
0.05819
0.0557424
0.0526787
0.0489726
0.0446352
0.0397213
0.0343321
0.0286178
0.0227766
0.0170416
0.0117052
0.00703872
0.00321738
0.000624765
2.05286e-05
9.59568e-07
7.68831e-08
5.10751e-09
2.05246e-10
3.2944e-12
0.0596517
0.0589343
0.0585478
0.0589087
0.0593318
0.0597505
0.0603426
0.0610145
0.0615311
0.0619546
0.0622581
0.0624094
0.06237
0.0620944
0.0615302
0.0606184
0.0592938
0.0574885
0.0551372
0.0521871
0.0486094
0.0444104
0.0396378
0.0343846
0.0287922
0.0230498
0.0173837
0.0120712
0.00739192
0.00352748
0.000793142
3.035e-05
1.26366e-06
9.79413e-08
6.52331e-09
2.63232e-10
4.23931e-12
0.0589777
0.0582506
0.0584906
0.0588537
0.0594209
0.0600757
0.0605834
0.0610023
0.0613062
0.0614637
0.0614378
0.0611848
0.0606538
0.0597873
0.0585222
0.0567921
0.0545329
0.0516917
0.0482377
0.0441728
0.0395381
0.0344187
0.0289473
0.0233047
0.01771
0.0124263
0.00773948
0.00383739
0.000981373
4.50355e-05
1.67893e-06
1.24697e-07
8.31714e-09
3.37119e-10
5.44846e-12
0.0578411
0.0580252
0.0585338
0.059162
0.0596579
0.0600714
0.060375
0.0605379
0.0605245
0.0602923
0.0597922
0.0589686
0.0577597
0.0561011
0.0539298
0.0511931
0.0478583
0.0439232
0.0394228
0.0344348
0.0290835
0.0235411
0.01802
0.0127698
0.00808069
0.00414612
0.00118645
6.63681e-05
2.24732e-06
1.58733e-07
1.0587e-08
4.31082e-10
6.99425e-12
0.0573854
0.0577138
0.0582823
0.0587567
0.0591617
0.0594637
0.0596313
0.0596291
0.0594162
0.0589451
0.0581617
0.0570062
0.0554155
0.0533282
0.0506916
0.0474716
0.0436621
0.0392925
0.0344334
0.029201
0.0237592
0.0183133
0.0131015
0.00841481
0.00445236
0.00140521
9.63118e-05
3.0228e-06
2.02e-07
1.34554e-08
5.50376e-10
8.96715e-12
0.0570806
0.0574688
0.0578884
0.0582749
0.0585723
0.0587429
0.0587508
0.0585558
0.0581118
0.0573663
0.0562613
0.0547355
0.0527283
0.0501877
0.0470781
0.04339
0.0391476
0.0344148
0.0293
0.023959
0.0185897
0.013421
0.00874105
0.00475446
0.00163453
0.000136877
4.07739e-06
2.56854e-07
1.70737e-08
7.01583e-10
1.14814e-11
0.0568407
0.0570851
0.05742
0.0577026
0.0578729
0.0578891
0.0577105
0.0572918
0.056582
0.0555249
0.0540606
0.0521302
0.0496815
0.0466781
0.0431074
0.0389886
0.0343794
0.0293808
0.0241405
0.0188491
0.0137276
0.00905868
0.00505161
0.00187131
0.000190072
5.51387e-06
3.26197e-07
2.16258e-08
8.92908e-10
1.46809e-11
0.0564648
0.0566287
0.0568635
0.0570232
0.0570441
0.0568798
0.0564845
0.0558084
0.0547966
0.053391
0.0515337
0.0491732
0.0462718
0.0428145
0.0388158
0.0343274
0.0294434
0.0243036
0.0190914
0.0140207
0.00936697
0.00534322
0.00211245
0.000258169
7.48882e-06
4.13793e-07
2.73326e-08
1.13452e-09
1.87462e-11
0.0560177
0.0560863
0.0562025
0.0562177
0.0560638
0.0556896
0.055045
0.0540761
0.0527262
0.0509388
0.0486627
0.0458595
0.0425115
0.0386293
0.0342591
0.0294878
0.0244483
0.0193164
0.0142995
0.00966518
0.00562877
0.00235542
0.000342487
1.02554e-05
5.24823e-07
3.44617e-08
1.43889e-09
2.39032e-11
0.0554861
0.0554419
0.0554187
0.0552647
0.0549075
0.0542916
0.0533631
0.0520662
0.0503453
0.0481499
0.045441
0.0421985
0.0384293
0.0341743
0.0295142
0.0245744
0.0195239
0.0145631
0.00995259
0.005908
0.00259819
0.000443396
1.4197e-05
6.66805e-07
4.33428e-08
1.8213e-09
3.04339e-11
0.0548545
0.0546776
0.0544909
0.0541401
0.0535486
0.0526574
0.0514105
0.0497531
0.0476349
0.0450163
0.0418756
0.0382159
0.0340732
0.0295222
0.0246816
0.0197133
0.0148108
0.0102284
0.00618025
0.00283936
0.000560291
1.98609e-05
8.50618e-07
5.43932e-08
2.30042e-09
3.86885e-11
0.0541052
0.0537727
0.0533958
0.052818
0.0519595
0.0507593
0.049162
0.0471174
0.0445855
0.0415426
0.0379889
0.0339557
0.029512
0.0247696
0.0198837
0.0150419
0.0104917
0.00644471
0.00307785
0.000691433
2.79734e-05
1.09164e-06
6.81481e-08
2.89921e-09
4.91007e-11
0.053218
0.0527044
0.0521081
0.0512712
0.0501128
0.0485719
0.0465974
0.0441484
0.0411996
0.0377483
0.0338216
0.0294832
0.0248382
0.0200341
0.0152562
0.0107418
0.00670041
0.00331259
0.000834686
3.94052e-05
1.41062e-06
8.53134e-08
3.64558e-09
6.2207e-11
0.0521703
0.0514478
0.050601
0.0494727
0.0479831
0.0460746
0.0437048
0.0408463
0.037494
0.0336708
0.0294353
0.0248867
0.0201643
0.0154532
0.0109776
0.0069463
0.0035424
0.000987581
5.5125e-05
1.834e-06
1.06784e-07
4.57513e-09
7.86611e-11
0.0509377
0.0499767
0.0488479
0.0473972
0.0455489
0.0432542
0.0404823
0.0372253
0.0335025
0.0293676
0.024913
0.0202738
0.0156319
0.0111983
0.00718125
0.00376595
0.00114744
7.61239e-05
2.39459e-06
1.33654e-07
5.73203e-09
9.9276e-11
0.0494943
0.0482649
0.0468236
0.0450234
0.0427966
0.0401063
0.0369409
0.0333153
0.0292781
0.0249171
0.0203636
0.0157913
0.0114028
0.00740407
0.00398157
0.00131157
0.000103318
3.13306e-06
1.67226e-07
7.17061e-09
1.25058e-10
0.047814
0.046287
0.0445065
0.0423365
0.0397215
0.0366424
0.0331101
0.0291687
0.0249012
0.0204332
0.0159309
0.0115899
0.00761346
0.00418772
0.0014773
0.000137442
4.10073e-06
2.09033e-07
8.95674e-09
1.5725e-10
0.0458717
0.0440214
0.0418811
0.0393306
0.0363322
0.0328892
0.0290409
0.0248651
0.0204816
0.0160495
0.0117585
0.00780797
0.00438302
0.00164186
0.000179181
5.36352e-06
2.60881e-07
1.11688e-08
1.97379e-10
0.0436452
0.0414515
0.0389402
0.0360124
0.0326535
0.0288947
0.0248083
0.0205078
0.0161464
0.0119074
0.00798617
0.00456604
0.00180261
0.000228834
7.01053e-06
3.24938e-07
1.38983e-08
2.4731e-10
0.0411177
0.0385694
0.0356889
0.0324047
0.0287305
0.0247303
0.0205114
0.0162204
0.0120351
0.00814643
0.00473538
0.00195716
0.000286021
9.15947e-06
4.03893e-07
1.72514e-08
3.09291e-10
0.0382801
0.0353785
0.0321478
0.0285497
0.0246315
0.0204918
0.0162708
0.0121404
0.00828713
0.00488939
0.00210332
0.000349698
1.19534e-05
5.0111e-07
2.13511e-08
3.86017e-10
0.0351348
0.0318974
0.0283567
0.0245129
0.020449
0.0162968
0.0122219
0.00840659
0.00502644
0.00223879
0.000418222
1.55486e-05
6.20684e-07
2.63381e-08
4.80688e-10
0.0316989
0.0281638
0.0243784
0.0203839
0.016298
0.0122787
0.00850321
0.00514466
0.00236143
0.000489223
2.00932e-05
7.67274e-07
3.23695e-08
5.97083e-10
0.0280085
0.024238
0.0202996
0.016275
0.01231
0.00857557
0.00524215
0.00246911
0.000559836
2.56806e-05
9.45773e-07
3.96112e-08
7.39582e-10
0.0241218
0.0202041
0.01623
0.0123158
0.00862257
0.00531716
0.00255965
0.000627026
3.23007e-05
1.16021e-06
4.82281e-08
9.13208e-10
0.0201211
0.0161695
0.0122976
0.00864374
0.00536819
0.00263093
0.000687686
3.97937e-05
1.41246e-06
5.83437e-08
1.12373e-09
0.0161118
0.0122606
0.00863993
0.00539428
0.00268098
0.000738839
4.78243e-05
1.70035e-06
7.00011e-08
1.3773e-09
0.0122192
0.00861509
0.00539546
0.00270818
0.000777808
5.58737e-05
2.01586e-06
8.30842e-08
1.68039e-09
0.00858072
0.00537439
0.00271151
0.000802482
6.32682e-05
2.34215e-06
9.72837e-08
2.03886e-09
0.00533919
0.00269239
0.000811236
6.9268e-05
2.65533e-06
1.11865e-07
2.45964e-09
0.002653
0.000804683
7.31627e-05
2.92111e-06
1.26056e-07
2.94737e-09
0.00077872
7.46502e-05
3.1086e-06
1.38032e-07
3.51487e-09
7.23293e-05
3.18533e-06
1.46679e-07
4.16314e-09
3.09932e-06
1.50138e-07
4.91561e-09
1.43242e-07
5.81285e-09
6.76613e-09
)
;

boundaryField
{
    wallTube
    {
        type            zeroGradient;
    }
    outlet
    {
        type            zeroGradient;
    }
    inletPilot
    {
        type            fixedValue;
        value           uniform 0.1098;
    }
    inletAir
    {
        type            fixedValue;
        value           uniform 0;
    }
    wallOutside
    {
        type            zeroGradient;
    }
    inletCH4
    {
        type            fixedValue;
        value           uniform 0;
    }
    frontAndBack_pos
    {
        type            wedge;
    }
    frontAndBack_neg
    {
        type            wedge;
    }
}


// ************************************************************************* //
