/*--------------------------------*- C++ -*----------------------------------*\
| =========                 |                                                 |
| \\      /  F ield         | OpenFOAM: The Open Source CFD Toolbox           |
|  \\    /   O peration     | Version:  1.6.x                                 |
|   \\  /    A nd           | Web:      www.OpenFOAM.org                      |
|    \\/     M anipulation  |                                                 |
\*---------------------------------------------------------------------------*/
FoamFile
{
    version     2.0;
    format      ascii;
    class       volScalarField;
    location    "2";
    object      kappa;
}
// * * * * * * * * * * * * * * * * * * * * * * * * * * * * * * * * * * * * * //

dimensions      [0 0 0 0 0 0 0];

internalField   nonuniform List<scalar> 
4608
(
1
1
1
1
1
1
1
1
1
1
1
1
1
1
1
1
1
0.999999
0.934947
1
1
1
1
1
1
1
1
0.999999
0.965282
0.994837
0.94988
1
1
1
1
1
1
1
1
0.999998
0.975334
0.982785
0.998797
0.999977
0.992607
1
1
1
1
1
1
1
1
0.999995
0.976594
0.991852
0.984163
0.999942
0.999993
1
0.999942
1
1
1
1
1
1
1
1
0.99999
0.976953
0.993108
0.983031
0.999813
0.999997
1
1
1
1
1
1
1
1
1
1
1
1
0.99998
0.976547
0.993884
0.983821
0.998593
0.999998
1
1
1
1
1
1
1
1
1
1
1
1
1
0.999963
0.97594
0.994175
0.988017
0.993334
0.999974
1
1
1
1
1
1
1
1
1
1
1
1
1
1
0.999934
0.975259
0.99423
0.994634
0.985163
0.999809
1
1
1
1
1
1
1
1
1
1
1
1
1
1
1
0.999885
0.974581
0.994686
0.99671
0.988203
0.998935
0.999993
1
1
1
1
1
1
1
1
1
1
1
1
1
1
1
0.999804
0.973933
0.994031
0.997334
0.982112
0.996305
0.999964
1
1
1
1
1
1
1
1
1
1
1
1
1
1
1
0.999999
0.999671
0.973269
0.993819
0.997932
0.981834
0.983615
0.999816
1
1
1
1
1
1
1
1
1
1
1
1
1
1
1
1
0.999998
0.99946
0.972672
0.99428
0.998225
0.986781
0.97204
0.998427
0.999997
1
1
1
1
1
1
1
1
1
1
1
1
1
1
1
1
0.999995
0.999117
0.97203
0.994207
0.998542
0.989882
0.968969
0.995164
0.999971
1
1
1
1
1
1
1
1
1
1
1
1
1
1
1
1
1
0.999988
0.99859
0.970634
0.993353
0.998744
0.992869
0.964515
0.98993
0.999862
1
1
1
1
1
1
1
1
1
1
1
1
1
1
1
1
1
1
0.999969
0.997777
0.969598
0.993695
0.998666
0.995637
0.969619
0.980635
0.999476
0.999998
1
1
1
1
1
1
1
1
1
1
1
1
1
1
1
1
1
1
0.999925
0.996506
0.968629
0.993509
0.998703
0.996425
0.979686
0.976602
0.998182
0.999991
1
1
1
1
1
1
1
1
1
1
1
1
1
1
1
1
1
1
1
0.999815
0.994367
0.967645
0.992544
0.99871
0.996687
0.98212
0.976016
0.99563
0.99996
1
1
1
1
1
1
1
1
1
1
1
1
1
1
1
1
1
1
1
1
0.999515
0.990591
0.967102
0.992182
0.998583
0.997562
0.982272
0.971275
0.989871
0.999846
0.999999
1
1
1
1
1
1
1
1
1
1
1
1
1
1
1
1
1
1
1
0.998778
0.983568
0.967062
0.992088
0.998516
0.998276
0.987649
0.967983
0.981032
0.999435
0.999997
1
1
1
1
1
1
1
1
1
1
1
1
1
1
1
1
1
1
1
0.97412
0.976376
0.967983
0.992119
0.998487
0.998627
0.991564
0.976029
0.974135
0.998321
0.99999
1
1
1
1
1
1
1
1
1
1
1
1
1
1
1
1
1
1
0.999999
0.955647
0.957634
0.968741
0.992999
0.998476
0.998774
0.993454
0.982718
0.972659
0.996633
0.999959
1
1
1
1
1
1
1
1
1
1
1
1
1
1
1
1
1
1
0.99999
0.953801
0.963479
0.978914
0.99252
0.998627
0.998967
0.994374
0.986051
0.972226
0.993689
0.999881
0.999999
1
1
1
1
1
1
1
1
1
1
1
1
1
1
1
1
1
1
0.999937
0.952735
0.968357
0.987409
0.995595
0.998511
0.999247
0.995531
0.987871
0.967402
0.987471
0.999685
0.999998
1
1
1
1
1
1
1
1
1
1
1
1
1
1
1
1
1
1
0.999712
0.949926
0.968686
0.991363
0.997494
0.999056
0.999354
0.997052
0.990328
0.967272
0.979015
0.999127
0.999995
1
1
1
1
1
1
1
1
1
1
1
1
1
1
1
1
1
1
0.999001
0.964635
0.966008
0.992863
0.998375
0.999456
0.999486
0.997737
0.993685
0.972048
0.972576
0.997887
0.99998
1
1
1
1
1
1
1
1
1
1
1
1
1
1
1
1
1
1
0.976126
0.97656
0.97702
0.992059
0.998696
0.999654
0.99958
0.998061
0.995128
0.980834
0.97077
0.996155
0.999935
1
1
1
1
1
1
1
1
1
1
1
1
1
1
1
1
1
1
0.948874
0.980793
0.986186
0.993914
0.998543
0.999731
0.999647
0.998252
0.995747
0.984286
0.975221
0.993916
0.99984
0.999999
1
1
1
1
1
1
1
1
1
1
1
1
1
1
1
1
1
0.999995
0.945168
0.980582
0.98898
0.996641
0.998808
0.99971
0.999717
0.998501
0.996103
0.985598
0.968376
0.990855
0.999666
0.999997
1
1
1
1
1
1
1
1
1
1
1
1
1
1
1
1
1
1
0.999918
0.942167
0.988421
0.988723
0.997633
0.999311
0.99975
0.999765
0.998846
0.996717
0.98617
0.964822
0.982135
0.999352
0.999993
1
1
1
1
1
1
1
1
1
1
1
1
1
1
1
1
1
1
1
0.999203
0.961711
0.993838
0.99327
0.997626
0.999544
0.999843
0.999797
0.99909
0.997541
0.988703
0.962322
0.973375
0.998327
0.999983
1
1
1
1
1
1
1
1
1
1
1
1
1
1
1
1
1
1
1
1
0.948336
0.977548
0.997051
0.996397
0.998405
0.999568
0.999893
0.999821
0.999219
0.99807
0.991847
0.967684
0.96875
0.996567
0.999944
1
1
1
1
1
1
1
1
1
1
1
1
1
1
1
1
1
1
1
1
0.999994
0.935709
0.989717
0.998717
0.998171
0.999103
0.999687
0.999902
0.999827
0.999294
0.998334
0.993551
0.97625
0.966521
0.994922
0.999851
0.999999
1
1
1
1
1
1
1
1
1
1
1
1
1
1
1
1
1
1
1
1
0.999309
0.959254
0.995908
0.999486
0.999186
0.999528
0.999814
0.999922
0.999836
0.999305
0.998507
0.994342
0.980205
0.971429
0.992353
0.999723
0.999997
1
1
1
1
1
1
1
1
1
1
1
1
1
1
1
1
1
1
1
1
1
0.915699
0.984749
0.99848
0.999814
0.999676
0.999777
0.999899
0.999943
0.999838
0.999351
0.998546
0.994987
0.98179
0.970587
0.989773
0.999503
0.999994
1
1
1
1
1
1
1
1
1
1
1
1
1
1
1
1
1
1
1
1
1
1
0.941986
0.995177
0.99949
0.999938
0.999882
0.999904
0.999949
0.999959
0.999835
0.999357
0.998654
0.995184
0.983766
0.96508
0.984991
0.999199
0.999987
0.999999
1
1
1
1
1
1
1
1
1
1
1
1
1
1
1
1
1
1
1
1
1
1
0.985085
0.998611
0.999845
0.999981
0.99996
0.999962
0.999976
0.999965
0.999846
0.999347
0.998668
0.995594
0.984412
0.96306
0.978357
0.998585
0.999974
0.999999
1
1
1
1
1
1
1
1
1
1
1
1
1
1
1
1
1
1
1
1
1
1
0.996675
0.999632
0.999957
0.999995
0.999987
0.999986
0.999988
0.999972
0.999834
0.999406
0.998659
0.995615
0.985732
0.962408
0.973023
0.99752
0.999946
0.999999
1
1
1
1
1
1
1
1
1
1
1
1
1
1
1
1
1
1
1
1
1
1
0.999279
0.999908
0.999989
0.999998
0.999996
0.999995
0.999993
0.999975
0.999857
0.999361
0.9988
0.995655
0.985553
0.963197
0.969479
0.996212
0.999887
0.999998
1
1
1
1
1
1
1
1
1
1
1
1
1
1
1
1
1
1
1
1
1
1
0.999845
0.999978
0.999997
0.999999
0.999999
0.999998
0.999995
0.999974
0.999866
0.999468
0.998718
0.996219
0.985931
0.962318
0.966817
0.995018
0.999792
0.999997
0.999999
1
1
1
1
1
1
1
1
1
1
1
1
1
1
1
1
1
1
1
1
1
0.999967
0.999995
0.999999
1
0.999999
0.999999
0.999994
0.999975
0.999863
0.999517
0.998953
0.995983
0.988044
0.962232
0.965898
0.99305
0.999692
0.999994
0.999999
1
1
1
1
1
1
1
1
1
1
1
1
1
1
1
1
1
1
1
1
1
0.999993
0.999999
1
1
0.999999
0.999999
0.999994
0.999971
0.99987
0.999508
0.999062
0.996812
0.987318
0.96785
0.964267
0.991092
0.999515
0.999991
0.999998
1
1
1
1
1
1
1
1
1
1
1
1
1
1
1
1
1
1
1
1
1
0.999999
1
1
1
0.999999
0.999999
0.999993
0.999969
0.999851
0.999542
0.999049
0.997205
0.990172
0.965447
0.965622
0.989333
0.999286
0.999984
0.999998
1
1
1
1
1
1
1
1
1
1
1
1
1
1
1
1
1
1
1
1
1
1
1
1
0.999999
0.999999
0.999998
0.999993
0.999967
0.999845
0.999481
0.999124
0.997179
0.99153
0.973246
0.96693
0.989496
0.999067
0.999974
0.999998
1
1
1
1
1
1
1
1
1
1
1
1
1
1
1
1
1
1
1
1
1
1
1
1
0.999999
0.999999
0.999998
0.999992
0.999966
0.999835
0.999469
0.999016
0.997445
0.991445
0.976822
0.969461
0.988624
0.998975
0.99996
0.999997
0.999999
1
1
1
1
1
1
1
1
1
1
1
1
1
1
1
1
1
1
1
1
1
1
1
0.999999
0.999999
0.999998
0.999991
0.999959
0.999836
0.999443
0.998997
0.997156
0.992368
0.97632
0.97175
0.985634
0.998796
0.999952
0.999997
0.999999
1
1
1
1
1
1
1
1
1
1
1
1
1
1
1
1
1
1
1
1
1
1
1
0.999999
0.999998
0.999997
0.999989
0.999959
0.999804
0.999457
0.998957
0.997123
0.991588
0.979004
0.972363
0.984065
0.998205
0.999937
0.999996
0.999998
1
1
1
1
1
1
1
1
1
1
1
1
1
1
1
1
1
1
1
1
1
1
1
0.999999
0.999998
0.999997
0.999989
0.999949
0.999809
0.999361
0.998997
0.997047
0.991533
0.977027
0.971213
0.982427
0.997996
0.999894
0.999996
0.999998
1
1
1
1
1
1
1
1
1
1
1
1
1
1
1
1
1
1
1
1
1
1
1
0.999998
0.999997
0.999996
0.999985
0.999947
0.999765
0.999385
0.998827
0.997219
0.991413
0.976939
0.970009
0.982877
0.99762
0.999875
0.999994
0.999997
1
1
1
1
1
1
1
1
1
1
1
1
1
1
1
1
1
1
1
1
1
1
0.999999
0.999998
0.999997
0.999994
0.999982
0.999933
0.999762
0.999252
0.998882
0.996777
0.992097
0.976827
0.969101
0.980937
0.997507
0.99984
0.999994
0.999996
1
1
1
1
1
1
1
1
1
1
1
1
1
1
1
1
1
1
1
1
1
1
0.999999
0.999997
0.999995
0.999993
0.999976
0.999916
0.999705
0.999251
0.998647
0.996978
0.990933
0.979095
0.968617
0.97978
0.997056
0.999817
0.999992
0.999996
0.999999
1
1
1
1
1
1
1
1
1
1
1
1
1
1
1
1
1
1
1
1
1
0.999999
0.999996
0.999995
0.999991
0.99997
0.999894
0.999632
0.999085
0.998655
0.996371
0.991656
0.976407
0.968845
0.978973
0.996696
0.99974
0.999991
0.999996
0.999999
1
1
1
1
1
1
1
1
1
1
1
1
1
1
1
1
1
1
1
1
1
0.999999
0.999995
0.999993
0.999989
0.99996
0.999869
0.999542
0.998865
0.998373
0.996442
0.990068
0.978697
0.969046
0.978652
0.996386
0.999722
0.999987
0.999995
0.999998
1
1
1
1
1
1
1
1
1
1
1
1
1
1
1
1
1
1
1
1
0.999999
0.999998
0.999992
0.999989
0.999985
0.999956
0.999826
0.999443
0.99861
0.99799
0.995767
0.990418
0.975064
0.970162
0.978905
0.996063
0.999677
0.999986
0.999995
0.999998
1
1
1
1
1
1
1
1
1
1
1
1
1
1
1
1
1
1
1
1
0.999999
0.999997
0.999988
0.999984
0.999978
0.99994
0.999812
0.999269
0.998334
0.997564
0.994816
0.988883
0.976528
0.9711
0.97872
0.996056
0.999628
0.999983
0.999995
0.999997
1
1
1
1
1
1
1
1
1
1
1
1
1
1
1
1
1
1
1
1
0.999999
0.999996
0.999981
0.999976
0.999969
0.999908
0.999743
0.999226
0.99783
0.997113
0.993835
0.986621
0.973823
0.9716
0.980609
0.99589
0.999605
0.999979
0.999995
0.999996
1
1
1
1
1
1
1
1
1
1
1
1
1
1
1
1
1
1
1
0.999999
0.999998
0.999992
0.999967
0.999962
0.999953
0.999875
0.999606
0.998956
0.99775
0.996263
0.992846
0.984531
0.969989
0.970286
0.982081
0.996165
0.999569
0.999973
0.999994
0.999994
1
1
1
1
1
1
1
1
1
1
1
1
1
1
1
1
1
1
1
0.999999
0.999997
0.999987
0.999939
0.999934
0.999925
0.999811
0.999474
0.998407
0.997008
0.996184
0.990871
0.982669
0.967028
0.967903
0.983493
0.996421
0.999578
0.999972
0.999994
0.999994
0.999999
1
1
1
1
1
1
1
1
1
1
1
1
1
1
1
1
1
1
0.999998
0.999995
0.999973
0.99987
0.99988
0.999872
0.999706
0.999223
0.997937
0.995463
0.994991
0.990958
0.9786
0.965576
0.966471
0.984738
0.996693
0.999591
0.999971
0.999994
0.999993
0.999999
1
1
1
1
1
1
1
1
1
1
1
1
1
1
1
1
1
1
0.999997
0.999989
0.99995
0.999741
0.999742
0.999769
0.999508
0.998812
0.997032
0.994308
0.992492
0.988499
0.979877
0.965488
0.966605
0.985764
0.996952
0.999609
0.999971
0.999994
0.999992
0.999998
1
1
1
1
1
1
1
1
1
1
1
1
1
1
1
1
1
1
0.999994
0.999979
0.999891
0.999339
0.999499
0.999509
0.999134
0.998078
0.995626
0.992064
0.990845
0.983298
0.977265
0.969371
0.968439
0.987105
0.99717
0.99963
0.99997
0.999994
0.999992
0.999997
1
1
1
1
1
1
1
1
1
1
1
1
1
1
1
1
1
1
0.999989
0.999954
0.999681
0.998356
0.998755
0.999066
0.998211
0.996758
0.99334
0.988816
0.987685
0.981469
0.971235
0.973523
0.973314
0.988145
0.997441
0.999648
0.999971
0.999994
0.999992
0.999996
1
1
1
1
1
1
1
1
1
1
1
1
1
1
1
1
1
1
0.999975
0.999865
0.999174
0.995884
0.997019
0.99774
0.996794
0.993698
0.989726
0.984859
0.983476
0.978492
0.97021
0.970049
0.980363
0.991174
0.997672
0.999675
0.999971
0.999995
0.999992
0.999995
1
1
1
1
1
1
1
1
1
1
1
1
1
1
1
1
1
1
0.999927
0.999638
0.997987
0.992001
0.993144
0.994903
0.992907
0.990131
0.984025
0.978461
0.97976
0.973032
0.974518
0.971247
0.982008
0.993965
0.998264
0.9997
0.999972
0.999994
0.999992
0.999993
1
1
1
1
1
1
1
1
1
1
1
1
1
1
1
1
1
1
0.9998
0.999028
0.99434
0.99219
0.989196
0.990161
0.987103
0.982911
0.982092
0.97276
0.975813
0.975996
0.972078
0.978894
0.987169
0.994914
0.998818
0.99977
0.999974
0.999994
0.999992
0.999992
0.999999
1
1
1
1
1
1
1
1
1
1
1
1
1
1
1
1
1
0.999418
0.996309
0.991447
0.99785
0.993052
0.989128
0.987405
0.983621
0.980015
0.974335
0.975825
0.974979
0.978812
0.982269
0.991712
0.996519
0.999034
0.999839
0.999979
0.999995
0.999992
0.999991
0.999999
1
1
1
1
1
1
1
1
1
1
1
1
1
1
1
1
1
0.99723
0.991406
0.997312
0.999553
0.998192
0.995264
0.992366
0.988528
0.988446
0.983098
0.981412
0.982412
0.98343
0.989906
0.993863
0.997832
0.999337
0.999859
0.999985
0.999995
0.999992
0.999989
0.999998
1
1
1
1
1
1
1
1
1
1
1
1
1
1
1
1
1
0.991767
0.996866
0.999426
0.999918
0.999628
0.998769
0.997579
0.99612
0.994928
0.992217
0.989114
0.989577
0.991177
0.993323
0.996647
0.998478
0.999588
0.999908
0.999986
0.999996
0.999992
0.999988
0.999998
1
1
1
1
1
1
1
1
1
1
1
1
1
1
1
1
1
0.99663
0.999312
0.999895
0.999986
0.999932
0.99974
0.999403
0.998943
0.998368
0.996916
0.995443
0.994711
0.995445
0.996647
0.997963
0.99911
0.999717
0.999942
0.99999
0.999996
0.999992
0.999987
0.999997
1
1
1
1
1
1
1
1
1
1
1
1
1
1
1
1
1
0.999241
0.999873
0.999982
0.999998
0.999988
0.999951
0.999872
0.999749
0.999579
0.999038
0.998275
0.997884
0.997846
0.99838
0.998994
0.99951
0.999833
0.999961
0.999994
0.999996
0.999992
0.999987
0.999996
1
1
1
1
1
1
1
1
1
1
1
1
1
1
1
1
1
0.999859
0.999979
0.999997
1
0.999998
0.999991
0.999975
0.999946
0.999901
0.999752
0.99946
0.999228
0.999155
0.999262
0.999527
0.999759
0.999908
0.999976
0.999995
0.999996
0.999992
0.999986
0.999995
1
1
1
1
1
1
1
1
1
1
1
1
1
1
1
1
1
0.999976
0.999997
1
1
1
0.999999
0.999996
0.999989
0.999979
0.999942
0.999857
0.999757
0.999697
0.999711
0.999789
0.999888
0.999954
0.999987
0.999997
0.999997
0.999992
0.999986
0.999993
1
1
1
1
1
1
1
1
1
1
1
1
1
1
1
1
1
0.999996
0.999999
1
1
1
1
0.999999
0.999998
0.999996
0.999987
0.999966
0.999934
0.999904
0.999897
0.999917
0.99995
0.999979
0.999993
0.999998
0.999997
0.999992
0.999985
0.999992
0.999999
1
1
1
1
1
1
1
1
1
1
1
1
1
1
1
1
0.999999
1
1
1
1
1
1
1
0.999999
0.999997
0.999992
0.999984
0.999973
0.999967
0.99997
0.99998
0.99999
0.999997
0.999998
0.999997
0.999992
0.999985
0.999991
0.999999
1
1
1
1
1
1
1
1
1
1
1
1
1
1
1
1
1
1
1
1
1
1
1
1
1
1
0.999998
0.999996
0.999993
0.999991
0.99999
0.999993
0.999996
0.999998
0.999999
0.999997
0.999992
0.999984
0.999989
0.999999
1
1
1
1
1
1
1
1
1
1
1
1
1
1
1
1
1
1
1
1
1
1
1
1
1
1
1
0.999999
0.999998
0.999998
0.999997
0.999998
0.999999
0.999999
0.999999
0.999997
0.999993
0.999984
0.999988
0.999998
1
1
1
1
1
1
1
1
1
1
1
1
1
1
1
1
1
1
1
1
1
1
1
1
1
1
1
1
1
0.999999
0.999999
0.999999
0.999999
1
0.999999
0.999997
0.999993
0.999984
0.999986
0.999998
1
1
1
1
1
1
1
1
1
1
1
1
1
1
1
1
1
1
1
1
1
1
1
1
1
1
1
1
1
1
1
1
1
1
0.999999
0.999997
0.999993
0.999983
0.999985
0.999997
1
1
1
1
1
1
1
1
1
1
1
1
1
1
1
1
1
1
1
1
1
1
1
1
1
1
1
1
1
1
1
1
1
1
0.999999
0.999997
0.999992
0.999983
0.999983
0.999996
1
1
1
1
1
1
1
1
1
1
1
1
1
1
1
1
1
1
1
1
1
1
1
1
1
1
1
1
1
1
1
1
1
1
0.999999
0.999997
0.999992
0.999982
0.999982
0.999996
1
1
1
1
1
1
1
1
1
1
1
1
1
1
1
1
1
1
1
1
1
1
1
1
1
1
1
1
1
1
1
1
1
1
0.999999
0.999997
0.999992
0.999982
0.999981
0.999995
1
1
1
1
1
1
1
1
1
1
1
1
1
1
1
1
1
1
1
1
1
1
1
1
1
1
1
1
1
1
1
1
1
1
0.999999
0.999997
0.999992
0.999981
0.999979
0.999994
1
1
1
1
1
1
1
1
1
1
1
1
1
1
1
1
1
1
1
1
1
1
1
1
1
1
1
1
1
1
1
1
1
1
0.999999
0.999997
0.999992
0.99998
0.999978
0.999993
0.999999
1
1
1
1
1
1
1
1
1
1
1
1
1
1
1
1
1
1
1
1
1
1
1
1
1
1
1
1
1
1
1
1
1
0.999999
0.999997
0.999991
0.999979
0.999976
0.999992
0.999999
1
1
1
1
1
1
1
1
1
1
1
1
1
1
1
1
1
1
1
1
1
1
1
1
1
1
1
1
1
1
1
1
1
0.999999
0.999997
0.999991
0.999978
0.999975
0.999991
0.999999
1
1
1
1
1
1
1
1
1
1
1
1
1
1
1
1
1
1
1
1
1
1
1
1
1
1
1
1
1
1
1
1
1
0.999999
0.999996
0.999991
0.999976
0.999974
0.999991
0.999999
1
1
1
1
1
1
1
1
1
1
1
1
1
1
1
1
1
1
1
1
1
1
1
1
1
1
1
1
1
1
1
1
1
0.999999
0.999996
0.99999
0.999975
0.999972
0.99999
0.999999
1
1
1
1
1
1
1
1
1
1
1
1
1
1
1
1
1
1
1
1
1
1
1
1
1
1
1
1
1
1
1
1
0.999999
0.999999
0.999996
0.999989
0.999973
0.999971
0.999989
0.999998
1
1
1
1
1
1
1
1
1
1
1
1
1
1
1
1
1
1
1
1
1
1
1
1
1
1
1
1
1
1
1
1
0.999999
0.999998
0.999996
0.999988
0.999972
0.99997
0.999988
0.999998
1
1
1
1
1
1
1
1
1
1
1
1
1
1
1
1
1
1
1
1
1
1
1
1
1
1
1
1
1
1
1
1
0.999999
0.999998
0.999995
0.999987
0.99997
0.999969
0.999987
0.999998
1
1
1
1
1
1
1
1
1
1
1
1
1
1
1
1
1
1
1
1
1
1
1
1
1
1
1
1
1
1
1
1
0.999999
0.999998
0.999995
0.999986
0.999968
0.999968
0.999986
0.999997
1
1
1
1
1
1
1
1
1
1
1
1
1
1
1
1
1
1
1
1
1
1
1
1
1
1
1
1
1
1
1
1
0.999999
0.999998
0.999994
0.999984
0.999967
0.999967
0.999985
0.999997
1
1
1
1
1
1
1
1
1
1
1
1
1
1
1
1
1
1
1
1
1
1
1
1
1
1
1
1
1
1
1
1
0.999999
0.999998
0.999994
0.999982
0.999965
0.999966
0.999985
0.999997
1
1
1
1
1
1
1
1
1
1
1
1
1
1
1
1
1
1
1
1
1
1
1
1
1
1
1
1
1
1
1
1
0.999999
0.999997
0.999993
0.99998
0.999963
0.999965
0.999984
0.999996
1
1
1
1
1
1
1
1
1
1
1
1
1
1
1
1
1
1
1
1
1
1
1
1
1
1
1
1
1
1
1
1
0.999999
0.999997
0.999992
0.999978
0.999961
0.999964
0.999983
0.999996
1
1
1
1
1
1
1
1
1
1
1
1
1
1
1
1
1
1
1
1
1
1
1
1
1
1
1
1
1
1
1
1
0.999999
0.999997
0.999991
0.999976
0.99996
0.999964
0.999983
0.999996
1
1
1
1
1
1
1
1
1
1
1
1
1
1
1
1
1
1
1
1
1
1
1
1
1
1
1
1
1
1
1
0.999999
0.999999
0.999996
0.999989
0.999973
0.999958
0.999963
0.999982
0.999996
0.999999
1
1
1
1
1
1
1
1
1
1
1
1
1
1
1
1
1
1
1
1
1
1
1
1
1
1
1
1
1
1
0.999999
0.999998
0.999995
0.999987
0.999971
0.999957
0.999963
0.999982
0.999995
0.999999
1
1
1
1
1
1
1
1
1
1
1
1
1
1
1
1
1
1
1
1
1
1
1
1
1
1
1
1
1
1
0.999999
0.999998
0.999994
0.999985
0.999968
0.999956
0.999963
0.999982
0.999995
0.999999
1
1
1
1
1
1
1
1
1
1
1
1
1
1
1
1
1
1
1
1
1
1
1
1
1
1
1
1
1
1
0.999999
0.999997
0.999993
0.999982
0.999966
0.999955
0.999963
0.999982
0.999995
0.999999
1
1
1
1
1
1
1
1
1
1
1
1
1
1
1
1
1
1
1
1
1
1
1
1
1
1
1
1
1
0.999999
0.999999
0.999996
0.999991
0.999979
0.999963
0.999955
0.999964
0.999982
0.999995
0.999999
1
1
1
1
1
1
1
1
1
1
1
1
1
1
1
1
1
1
1
1
1
1
1
1
1
1
1
1
1
0.999999
0.999998
0.999995
0.999989
0.999977
0.999962
0.999955
0.999964
0.999982
0.999995
0.999999
1
1
1
1
1
1
1
1
1
1
1
1
1
1
1
1
1
1
1
1
1
1
1
1
1
1
1
1
0.999999
0.999999
0.999997
0.999994
0.999987
0.999974
0.99996
0.999955
0.999965
0.999982
0.999995
0.999999
1
1
1
1
1
1
1
1
1
1
1
1
1
1
1
1
1
1
1
1
1
1
1
1
1
1
1
0.999999
0.999999
0.999998
0.999996
0.999992
0.999984
0.999971
0.999959
0.999955
0.999966
0.999983
0.999994
0.999999
1
1
1
1
1
1
1
1
1
1
1
1
1
1
1
1
1
1
1
1
1
1
1
1
1
1
0.999999
0.999999
0.999999
0.999997
0.999995
0.99999
0.999981
0.999969
0.999958
0.999956
0.999967
0.999983
0.999994
0.999999
1
1
1
1
1
1
1
1
1
1
1
1
1
1
1
1
1
0.999999
1
1
1
0.999999
0.999999
0.999999
0.999999
0.999999
0.999999
0.999999
0.999998
0.999996
0.999993
0.999987
0.999978
0.999966
0.999957
0.999957
0.999968
0.999984
0.999995
0.999999
1
1
1
1
1
1
1
1
1
1
1
1
1
1
1
1
1
0.999999
0.999999
0.999999
0.999999
0.999999
0.999999
0.999998
0.999999
0.999999
0.999998
0.999998
0.999997
0.999995
0.999991
0.999985
0.999975
0.999965
0.999957
0.999958
0.999969
0.999984
0.999995
0.999999
1
1
1
1
1
1
1
1
1
1
1
1
1
1
1
1
0.999999
0.999998
0.999998
0.999999
0.999998
0.999998
0.999998
0.999997
0.999998
0.999998
0.999997
0.999996
0.999995
0.999993
0.999988
0.999982
0.999973
0.999963
0.999957
0.99996
0.999971
0.999985
0.999995
0.999999
1
1
1
1
1
1
1
1
1
1
1
1
1
1
1
0.999999
0.999998
0.999997
0.999997
0.999998
0.999997
0.999997
0.999996
0.999996
0.999997
0.999996
0.999996
0.999995
0.999993
0.99999
0.999986
0.999979
0.999971
0.999962
0.999958
0.999961
0.999972
0.999985
0.999995
0.999999
1
1
1
1
1
1
1
1
1
1
1
1
1
1
0.999999
0.999999
0.999997
0.999996
0.999996
0.999996
0.999996
0.999995
0.999994
0.999994
0.999995
0.999995
0.999994
0.999993
0.999991
0.999988
0.999983
0.999977
0.999969
0.999962
0.999959
0.999963
0.999974
0.999986
0.999995
0.999999
1
1
1
1
1
1
1
1
1
1
1
1
1
1
0.999999
0.999998
0.999996
0.999995
0.999995
0.999995
0.999994
0.999993
0.999993
0.999993
0.999993
0.999992
0.999991
0.999989
0.999985
0.999981
0.999975
0.999968
0.999962
0.99996
0.999965
0.999975
0.999987
0.999995
0.999999
1
1
1
1
1
1
1
1
1
1
1
1
1
1
0.999998
0.999997
0.999994
0.999993
0.999992
0.999991
0.999991
0.999991
0.999991
0.99999
0.999988
0.999986
0.999983
0.999979
0.999973
0.999967
0.999962
0.999962
0.999967
0.999977
0.999988
0.999995
0.999999
1
1
1
1
1
1
1
1
1
1
1
1
1
1
0.999997
0.999992
0.999991
0.999989
0.999989
0.999989
0.999989
0.999988
0.999986
0.999984
0.999981
0.999977
0.999972
0.999967
0.999963
0.999963
0.999969
0.999978
0.999988
0.999996
0.999999
1
1
1
1
1
1
1
1
1
1
1
1
1
1
0.99999
0.999988
0.999988
0.999988
0.999987
0.999986
0.999984
0.999982
0.999979
0.999975
0.999971
0.999967
0.999964
0.999965
0.999971
0.99998
0.999989
0.999996
0.999999
1
1
1
1
1
1
1
1
1
1
1
1
1
1
0.999987
0.999986
0.999986
0.999985
0.999984
0.999983
0.999981
0.999978
0.999974
0.999971
0.999967
0.999966
0.999967
0.999973
0.999981
0.99999
0.999996
0.999999
1
1
1
1
1
1
1
1
1
1
1
1
1
1
0.999986
0.999985
0.999984
0.999983
0.999982
0.99998
0.999977
0.999974
0.999971
0.999968
0.999967
0.999969
0.999975
0.999983
0.999991
0.999996
0.999999
1
1
1
1
1
1
1
1
1
1
1
1
1
1
0.999985
0.999984
0.999982
0.999981
0.999979
0.999976
0.999974
0.999971
0.999969
0.999969
0.999971
0.999977
0.999984
0.999991
0.999996
0.999999
1
1
1
1
1
1
1
1
1
1
1
1
1
1
0.999983
0.999982
0.99998
0.999979
0.999976
0.999974
0.999972
0.999971
0.999971
0.999974
0.999979
0.999985
0.999992
0.999997
0.999999
1
1
1
1
1
1
1
1
1
1
1
1
1
1
0.999982
0.99998
0.999979
0.999977
0.999975
0.999973
0.999972
0.999973
0.999976
0.999981
0.999987
0.999993
0.999997
0.999999
1
1
1
1
1
1
1
1
1
1
1
1
1
1
0.99998
0.999979
0.999977
0.999976
0.999975
0.999974
0.999975
0.999978
0.999982
0.999988
0.999993
0.999997
0.999999
1
1
1
1
1
1
1
1
1
1
1
1
1
1
0.999979
0.999978
0.999977
0.999976
0.999976
0.999977
0.99998
0.999984
0.999989
0.999994
0.999997
0.999999
1
1
1
1
1
1
1
1
1
1
1
1
1
1
0.999979
0.999978
0.999978
0.999978
0.999979
0.999982
0.999986
0.99999
0.999995
0.999998
0.999999
1
1
1
1
1
1
1
1
1
1
1
1
1
1
0.999979
0.999979
0.99998
0.999981
0.999984
0.999987
0.999991
0.999995
0.999998
0.999999
1
1
1
1
1
1
1
1
1
1
1
1
1
1
0.99998
0.999981
0.999983
0.999985
0.999989
0.999992
0.999996
0.999998
0.999999
1
1
1
1
1
1
1
1
1
1
1
1
1
1
0.999982
0.999985
0.999987
0.99999
0.999993
0.999996
0.999998
0.999999
1
1
1
1
1
1
1
1
1
1
1
1
1
1
0.999986
0.999988
0.999991
0.999994
0.999997
0.999999
1
1
1
1
1
1
1
1
1
1
1
1
1
1
1
0.999989
0.999992
0.999995
0.999997
0.999999
1
1
1
1
1
1
1
1
1
1
1
1
1
1
1
0.999993
0.999995
0.999997
0.999999
1
1
1
1
1
1
1
1
1
1
1
1
1
1
1
0.999996
0.999998
0.999999
1
1
1
1
1
1
1
1
1
1
1
1
1
1
1
0.999998
0.999999
1
1
1
1
1
1
1
1
1
1
1
1
1
1
1
0.999999
1
1
1
1
1
1
1
1
1
1
1
1
1
1
1
1
1
1
1
1
1
1
1
1
1
1
1
1
1
1
1
1
1
1
1
1
1
1
1
1
1
1
1
1
1
1
1
1
1
1
1
1
1
1
1
1
1
1
1
1
1
1
1
1
1
1
1
1
1
1
1
1
1
1
1
1
1
1
1
1
1
1
1
1
1
1
1
1
1
1
1
1
1
1
1
1
1
1
1
1
1
1
1
1
1
1
1
1
1
1
1
1
1
1
1
1
1
1
1
1
1
1
1
1
1
1
1
1
1
1
1
1
1
1
1
)
;

boundaryField
{
    wallTube
    {
        type            calculated;
        value           nonuniform List<scalar> 
65
(
1
1
1
1
1
1
1
1
1
1
1
1
1
1
1
1
1
1
1
1
1
0.999998
1
1
1
1
1
1
1
1
1
1
1
1
1
1
1
1
1
1
1
1
0.995684
0.999981
1
1
1
1
1
1
1
1
1
1
1
1
1
1
1
1
1
1
1
1
1
)
;
    }
    outlet
    {
        type            calculated;
        value           nonuniform List<scalar> 
40
(
0.999997
0.999997
0.999996
0.999996
0.999995
0.999994
0.999992
0.99999
0.999987
0.999986
0.999985
0.999983
0.999982
0.99998
0.999979
0.999979
0.999979
0.99998
0.999982
0.999986
0.999989
0.999993
0.999996
0.999998
0.999999
1
1
1
1
1
1
1
1
1
1
1
1
1
1
1
)
;
    }
    inletPilot
    {
        type            calculated;
        value           uniform 1;
    }
    inletAir
    {
        type            calculated;
        value           nonuniform List<scalar> 
30
(
1
1
1
1
1
1
1
1
1
1
1
1
1
1
1
1
1
1
1
1
1
1
1
1
1
1
1
1
1
1
)
;
    }
    wallOutside
    {
        type            calculated;
        value           nonuniform List<scalar> 
111
(
1
1
1
1
1
1
1
1
1
1
1
1
1
1
1
1
1
1
1
1
1
1
1
1
1
1
1
1
1
1
1
1
1
1
1
1
1
1
1
1
1
1
1
1
1
1
1
1
1
1
1
1
1
1
1
1
1
1
1
1
1
1
1
1
1
1
1
1
1
1
1
1
1
1
1
1
1
1
1
1
1
1
1
1
1
1
1
1
1
1
1
1
1
1
1
1
1
1
1
1
1
1
1
1
1
1
1
1
1
1
1
)
;
    }
    inletCH4
    {
        type            calculated;
        value           uniform 1;
    }
    frontAndBack_pos
    {
        type            wedge;
    }
    frontAndBack_neg
    {
        type            wedge;
    }
}


// ************************************************************************* //
