/*--------------------------------*- C++ -*----------------------------------*\
| =========                 |                                                 |
| \\      /  F ield         | OpenFOAM: The Open Source CFD Toolbox           |
|  \\    /   O peration     | Version:  2.3.0                                 |
|   \\  /    A nd           | Web:      www.OpenFOAM.org                      |
|    \\/     M anipulation  |                                                 |
\*---------------------------------------------------------------------------*/
FoamFile
{
    version     2.0;
    format      ascii;
    class       volScalarField;
    location    "9800/topAir";
    object      p;
}
// * * * * * * * * * * * * * * * * * * * * * * * * * * * * * * * * * * * * * //

dimensions      [1 -1 -2 0 0 0 0];

internalField   nonuniform List<scalar> 
4000
(
99871.63
99902.09
99928.37
99924.96
99922.25
99922.61
99922.87
99922.82
99922.78
99922.77
99922.76
99922.74
99922.73
99922.71
99922.7
99922.69
99922.67
99922.66
99922.65
99922.64
99922.62
99922.61
99922.6
99922.58
99922.57
99922.56
99922.55
99922.53
99922.52
99922.51
99922.5
99922.48
99922.47
99922.46
99922.44
99922.43
99922.42
99922.41
99922.39
99922.38
99922.37
99922.36
99922.34
99922.33
99922.32
99922.31
99922.29
99922.28
99922.27
99922.26
99922.24
99922.23
99922.22
99922.21
99922.19
99922.18
99922.17
99922.16
99922.14
99922.13
99922.12
99922.11
99922.09
99922.08
99922.07
99922.06
99922.04
99922.03
99922.02
99922.01
99921.99
99921.98
99921.97
99921.95
99921.94
99921.93
99921.92
99921.9
99921.89
99921.88
99921.86
99921.85
99921.84
99921.83
99921.81
99921.8
99921.79
99921.77
99921.76
99921.75
99921.73
99921.72
99921.7
99921.69
99921.67
99921.66
99921.64
99921.62
99921.61
99921.58
99871.57
99902.08
99928.38
99924.96
99922.25
99922.61
99922.87
99922.82
99922.77
99922.77
99922.75
99922.74
99922.73
99922.71
99922.7
99922.69
99922.67
99922.66
99922.65
99922.64
99922.62
99922.61
99922.6
99922.58
99922.57
99922.56
99922.55
99922.53
99922.52
99922.51
99922.5
99922.48
99922.47
99922.46
99922.44
99922.43
99922.42
99922.41
99922.39
99922.38
99922.37
99922.36
99922.34
99922.33
99922.32
99922.31
99922.29
99922.28
99922.27
99922.26
99922.24
99922.23
99922.22
99922.21
99922.19
99922.18
99922.17
99922.16
99922.14
99922.13
99922.12
99922.11
99922.09
99922.08
99922.07
99922.06
99922.04
99922.03
99922.02
99922.01
99921.99
99921.98
99921.97
99921.95
99921.94
99921.93
99921.92
99921.9
99921.89
99921.88
99921.86
99921.85
99921.84
99921.83
99921.81
99921.8
99921.79
99921.77
99921.76
99921.75
99921.73
99921.72
99921.7
99921.69
99921.68
99921.66
99921.64
99921.63
99921.61
99921.59
99871.58
99902.07
99928.38
99924.96
99922.25
99922.61
99922.87
99922.82
99922.77
99922.77
99922.75
99922.74
99922.73
99922.71
99922.7
99922.69
99922.67
99922.66
99922.65
99922.64
99922.62
99922.61
99922.6
99922.58
99922.57
99922.56
99922.55
99922.53
99922.52
99922.51
99922.5
99922.48
99922.47
99922.46
99922.44
99922.43
99922.42
99922.41
99922.39
99922.38
99922.37
99922.36
99922.34
99922.33
99922.32
99922.31
99922.29
99922.28
99922.27
99922.26
99922.24
99922.23
99922.22
99922.21
99922.19
99922.18
99922.17
99922.16
99922.14
99922.13
99922.12
99922.11
99922.09
99922.08
99922.07
99922.06
99922.04
99922.03
99922.02
99922.01
99921.99
99921.98
99921.97
99921.95
99921.94
99921.93
99921.92
99921.9
99921.89
99921.88
99921.86
99921.85
99921.84
99921.83
99921.81
99921.8
99921.79
99921.77
99921.76
99921.75
99921.73
99921.72
99921.7
99921.69
99921.68
99921.66
99921.65
99921.63
99921.62
99921.6
99871.57
99902.06
99928.37
99924.96
99922.25
99922.61
99922.87
99922.82
99922.77
99922.76
99922.75
99922.74
99922.73
99922.71
99922.7
99922.69
99922.67
99922.66
99922.65
99922.64
99922.62
99922.61
99922.6
99922.58
99922.57
99922.56
99922.55
99922.53
99922.52
99922.51
99922.5
99922.48
99922.47
99922.46
99922.44
99922.43
99922.42
99922.41
99922.39
99922.38
99922.37
99922.36
99922.34
99922.33
99922.32
99922.31
99922.29
99922.28
99922.27
99922.26
99922.24
99922.23
99922.22
99922.21
99922.19
99922.18
99922.17
99922.16
99922.14
99922.13
99922.12
99922.11
99922.09
99922.08
99922.07
99922.06
99922.04
99922.03
99922.02
99922.01
99921.99
99921.98
99921.97
99921.95
99921.94
99921.93
99921.92
99921.9
99921.89
99921.88
99921.86
99921.85
99921.84
99921.83
99921.81
99921.8
99921.79
99921.77
99921.76
99921.75
99921.73
99921.72
99921.71
99921.69
99921.68
99921.66
99921.65
99921.63
99921.62
99921.61
99871.56
99902.05
99928.37
99924.96
99922.25
99922.61
99922.87
99922.82
99922.77
99922.76
99922.75
99922.74
99922.73
99922.71
99922.7
99922.69
99922.67
99922.66
99922.65
99922.64
99922.62
99922.61
99922.6
99922.58
99922.57
99922.56
99922.55
99922.53
99922.52
99922.51
99922.5
99922.48
99922.47
99922.46
99922.44
99922.43
99922.42
99922.41
99922.39
99922.38
99922.37
99922.36
99922.34
99922.33
99922.32
99922.31
99922.29
99922.28
99922.27
99922.26
99922.24
99922.23
99922.22
99922.21
99922.19
99922.18
99922.17
99922.16
99922.14
99922.13
99922.12
99922.11
99922.09
99922.08
99922.07
99922.06
99922.04
99922.03
99922.02
99922.01
99921.99
99921.98
99921.97
99921.95
99921.94
99921.93
99921.92
99921.9
99921.89
99921.88
99921.87
99921.85
99921.84
99921.83
99921.81
99921.8
99921.79
99921.77
99921.76
99921.75
99921.73
99921.72
99921.71
99921.69
99921.68
99921.67
99921.65
99921.64
99921.62
99921.61
99871.56
99902.05
99928.37
99924.95
99922.24
99922.61
99922.87
99922.81
99922.77
99922.76
99922.75
99922.74
99922.73
99922.71
99922.7
99922.69
99922.67
99922.66
99922.65
99922.63
99922.62
99922.61
99922.6
99922.58
99922.57
99922.56
99922.55
99922.53
99922.52
99922.51
99922.5
99922.48
99922.47
99922.46
99922.44
99922.43
99922.42
99922.41
99922.39
99922.38
99922.37
99922.36
99922.34
99922.33
99922.32
99922.31
99922.29
99922.28
99922.27
99922.26
99922.24
99922.23
99922.22
99922.21
99922.19
99922.18
99922.17
99922.16
99922.14
99922.13
99922.12
99922.11
99922.09
99922.08
99922.07
99922.06
99922.04
99922.03
99922.02
99922.01
99921.99
99921.98
99921.97
99921.95
99921.94
99921.93
99921.92
99921.9
99921.89
99921.88
99921.87
99921.85
99921.84
99921.83
99921.81
99921.8
99921.79
99921.77
99921.76
99921.75
99921.73
99921.72
99921.71
99921.69
99921.68
99921.67
99921.65
99921.64
99921.63
99921.61
99871.55
99902.04
99928.37
99924.95
99922.24
99922.6
99922.87
99922.81
99922.77
99922.76
99922.75
99922.74
99922.73
99922.71
99922.7
99922.69
99922.67
99922.66
99922.65
99922.63
99922.62
99922.61
99922.6
99922.58
99922.57
99922.56
99922.55
99922.53
99922.52
99922.51
99922.5
99922.48
99922.47
99922.46
99922.44
99922.43
99922.42
99922.41
99922.39
99922.38
99922.37
99922.36
99922.34
99922.33
99922.32
99922.31
99922.29
99922.28
99922.27
99922.26
99922.24
99922.23
99922.22
99922.21
99922.19
99922.18
99922.17
99922.16
99922.14
99922.13
99922.12
99922.11
99922.09
99922.08
99922.07
99922.06
99922.04
99922.03
99922.02
99922.01
99921.99
99921.98
99921.97
99921.95
99921.94
99921.93
99921.92
99921.9
99921.89
99921.88
99921.87
99921.85
99921.84
99921.83
99921.81
99921.8
99921.79
99921.78
99921.76
99921.75
99921.74
99921.72
99921.71
99921.7
99921.68
99921.67
99921.66
99921.64
99921.63
99921.62
99871.55
99902.04
99928.36
99924.95
99922.24
99922.6
99922.87
99922.81
99922.77
99922.76
99922.75
99922.74
99922.72
99922.71
99922.7
99922.69
99922.67
99922.66
99922.65
99922.63
99922.62
99922.61
99922.6
99922.58
99922.57
99922.56
99922.55
99922.53
99922.52
99922.51
99922.49
99922.48
99922.47
99922.46
99922.44
99922.43
99922.42
99922.41
99922.39
99922.38
99922.37
99922.36
99922.34
99922.33
99922.32
99922.31
99922.29
99922.28
99922.27
99922.26
99922.24
99922.23
99922.22
99922.21
99922.19
99922.18
99922.17
99922.16
99922.14
99922.13
99922.12
99922.11
99922.09
99922.08
99922.07
99922.06
99922.04
99922.03
99922.02
99922.01
99921.99
99921.98
99921.97
99921.95
99921.94
99921.93
99921.92
99921.9
99921.89
99921.88
99921.87
99921.85
99921.84
99921.83
99921.81
99921.8
99921.79
99921.78
99921.76
99921.75
99921.74
99921.72
99921.71
99921.7
99921.68
99921.67
99921.66
99921.64
99921.63
99921.62
99871.55
99902.04
99928.36
99924.95
99922.24
99922.6
99922.86
99922.81
99922.77
99922.76
99922.75
99922.74
99922.72
99922.71
99922.7
99922.69
99922.67
99922.66
99922.65
99922.63
99922.62
99922.61
99922.6
99922.58
99922.57
99922.56
99922.55
99922.53
99922.52
99922.51
99922.5
99922.48
99922.47
99922.46
99922.44
99922.43
99922.42
99922.41
99922.39
99922.38
99922.37
99922.36
99922.34
99922.33
99922.32
99922.31
99922.29
99922.28
99922.27
99922.26
99922.24
99922.23
99922.22
99922.21
99922.19
99922.18
99922.17
99922.16
99922.14
99922.13
99922.12
99922.11
99922.09
99922.08
99922.07
99922.06
99922.04
99922.03
99922.02
99922.01
99921.99
99921.98
99921.97
99921.96
99921.94
99921.93
99921.92
99921.9
99921.89
99921.88
99921.87
99921.85
99921.84
99921.83
99921.81
99921.8
99921.79
99921.78
99921.76
99921.75
99921.74
99921.72
99921.71
99921.7
99921.69
99921.67
99921.66
99921.65
99921.63
99921.62
99871.54
99902.03
99928.36
99924.95
99922.24
99922.6
99922.86
99922.81
99922.77
99922.76
99922.75
99922.74
99922.72
99922.71
99922.7
99922.68
99922.67
99922.66
99922.65
99922.63
99922.62
99922.61
99922.6
99922.58
99922.57
99922.56
99922.55
99922.53
99922.52
99922.51
99922.49
99922.48
99922.47
99922.46
99922.44
99922.43
99922.42
99922.41
99922.39
99922.38
99922.37
99922.36
99922.34
99922.33
99922.32
99922.31
99922.29
99922.28
99922.27
99922.26
99922.24
99922.23
99922.22
99922.21
99922.19
99922.18
99922.17
99922.16
99922.14
99922.13
99922.12
99922.11
99922.09
99922.08
99922.07
99922.06
99922.04
99922.03
99922.02
99922.01
99921.99
99921.98
99921.97
99921.96
99921.94
99921.93
99921.92
99921.9
99921.89
99921.88
99921.87
99921.85
99921.84
99921.83
99921.82
99921.8
99921.79
99921.78
99921.76
99921.75
99921.74
99921.73
99921.71
99921.7
99921.69
99921.67
99921.66
99921.65
99921.64
99921.62
99871.54
99902.03
99928.36
99924.95
99922.23
99922.6
99922.86
99922.81
99922.77
99922.76
99922.75
99922.74
99922.72
99922.71
99922.7
99922.68
99922.67
99922.66
99922.65
99922.63
99922.62
99922.61
99922.6
99922.58
99922.57
99922.56
99922.55
99922.53
99922.52
99922.51
99922.49
99922.48
99922.47
99922.46
99922.44
99922.43
99922.42
99922.41
99922.39
99922.38
99922.37
99922.36
99922.34
99922.33
99922.32
99922.31
99922.29
99922.28
99922.27
99922.26
99922.24
99922.23
99922.22
99922.21
99922.19
99922.18
99922.17
99922.16
99922.14
99922.13
99922.12
99922.11
99922.09
99922.08
99922.07
99922.06
99922.04
99922.03
99922.02
99922.01
99921.99
99921.98
99921.97
99921.96
99921.94
99921.93
99921.92
99921.9
99921.89
99921.88
99921.87
99921.85
99921.84
99921.83
99921.82
99921.8
99921.79
99921.78
99921.76
99921.75
99921.74
99921.73
99921.71
99921.7
99921.69
99921.68
99921.66
99921.65
99921.64
99921.63
99871.54
99902.03
99928.36
99924.94
99922.23
99922.6
99922.86
99922.81
99922.77
99922.76
99922.75
99922.73
99922.72
99922.71
99922.7
99922.68
99922.67
99922.66
99922.65
99922.63
99922.62
99922.61
99922.6
99922.58
99922.57
99922.56
99922.54
99922.53
99922.52
99922.51
99922.49
99922.48
99922.47
99922.46
99922.44
99922.43
99922.42
99922.41
99922.39
99922.38
99922.37
99922.36
99922.34
99922.33
99922.32
99922.31
99922.29
99922.28
99922.27
99922.26
99922.24
99922.23
99922.22
99922.21
99922.19
99922.18
99922.17
99922.16
99922.14
99922.13
99922.12
99922.11
99922.09
99922.08
99922.07
99922.06
99922.04
99922.03
99922.02
99922.01
99921.99
99921.98
99921.97
99921.96
99921.94
99921.93
99921.92
99921.9
99921.89
99921.88
99921.87
99921.85
99921.84
99921.83
99921.82
99921.8
99921.79
99921.78
99921.77
99921.75
99921.74
99921.73
99921.71
99921.7
99921.69
99921.68
99921.66
99921.65
99921.64
99921.63
99871.54
99902.03
99928.35
99924.94
99922.23
99922.6
99922.86
99922.81
99922.76
99922.76
99922.75
99922.73
99922.72
99922.71
99922.7
99922.68
99922.67
99922.66
99922.65
99922.63
99922.62
99922.61
99922.6
99922.58
99922.57
99922.56
99922.54
99922.53
99922.52
99922.51
99922.49
99922.48
99922.47
99922.46
99922.44
99922.43
99922.42
99922.41
99922.39
99922.38
99922.37
99922.36
99922.34
99922.33
99922.32
99922.31
99922.29
99922.28
99922.27
99922.26
99922.24
99922.23
99922.22
99922.21
99922.19
99922.18
99922.17
99922.16
99922.14
99922.13
99922.12
99922.11
99922.09
99922.08
99922.07
99922.06
99922.04
99922.03
99922.02
99922.01
99921.99
99921.98
99921.97
99921.96
99921.94
99921.93
99921.92
99921.91
99921.89
99921.88
99921.87
99921.85
99921.84
99921.83
99921.82
99921.8
99921.79
99921.78
99921.77
99921.75
99921.74
99921.73
99921.72
99921.7
99921.69
99921.68
99921.67
99921.65
99921.64
99921.63
99871.53
99902.03
99928.35
99924.94
99922.23
99922.59
99922.86
99922.8
99922.76
99922.76
99922.75
99922.73
99922.72
99922.71
99922.7
99922.68
99922.67
99922.66
99922.64
99922.63
99922.62
99922.61
99922.59
99922.58
99922.57
99922.56
99922.54
99922.53
99922.52
99922.51
99922.49
99922.48
99922.47
99922.46
99922.44
99922.43
99922.42
99922.41
99922.39
99922.38
99922.37
99922.36
99922.34
99922.33
99922.32
99922.31
99922.29
99922.28
99922.27
99922.26
99922.24
99922.23
99922.22
99922.21
99922.19
99922.18
99922.17
99922.16
99922.14
99922.13
99922.12
99922.11
99922.09
99922.08
99922.07
99922.06
99922.04
99922.03
99922.02
99922.01
99921.99
99921.98
99921.97
99921.96
99921.94
99921.93
99921.92
99921.91
99921.89
99921.88
99921.87
99921.86
99921.84
99921.83
99921.82
99921.8
99921.79
99921.78
99921.77
99921.75
99921.74
99921.73
99921.72
99921.7
99921.69
99921.68
99921.67
99921.66
99921.64
99921.63
99871.53
99902.02
99928.35
99924.94
99922.23
99922.59
99922.86
99922.8
99922.76
99922.76
99922.75
99922.73
99922.72
99922.71
99922.69
99922.68
99922.67
99922.66
99922.64
99922.63
99922.62
99922.61
99922.59
99922.58
99922.57
99922.56
99922.54
99922.53
99922.52
99922.51
99922.49
99922.48
99922.47
99922.46
99922.44
99922.43
99922.42
99922.41
99922.39
99922.38
99922.37
99922.36
99922.34
99922.33
99922.32
99922.31
99922.29
99922.28
99922.27
99922.26
99922.24
99922.23
99922.22
99922.21
99922.19
99922.18
99922.17
99922.16
99922.14
99922.13
99922.12
99922.11
99922.09
99922.08
99922.07
99922.06
99922.04
99922.03
99922.02
99922.01
99921.99
99921.98
99921.97
99921.96
99921.94
99921.93
99921.92
99921.91
99921.89
99921.88
99921.87
99921.86
99921.84
99921.83
99921.82
99921.81
99921.79
99921.78
99921.77
99921.76
99921.74
99921.73
99921.72
99921.71
99921.69
99921.68
99921.67
99921.66
99921.64
99921.63
99871.53
99902.02
99928.35
99924.94
99922.23
99922.59
99922.86
99922.8
99922.76
99922.75
99922.74
99922.73
99922.72
99922.71
99922.69
99922.68
99922.67
99922.66
99922.64
99922.63
99922.62
99922.61
99922.59
99922.58
99922.57
99922.56
99922.54
99922.53
99922.52
99922.51
99922.49
99922.48
99922.47
99922.46
99922.44
99922.43
99922.42
99922.41
99922.39
99922.38
99922.37
99922.36
99922.34
99922.33
99922.32
99922.31
99922.29
99922.28
99922.27
99922.26
99922.24
99922.23
99922.22
99922.21
99922.19
99922.18
99922.17
99922.16
99922.14
99922.13
99922.12
99922.11
99922.09
99922.08
99922.07
99922.06
99922.04
99922.03
99922.02
99922.01
99921.99
99921.98
99921.97
99921.96
99921.94
99921.93
99921.92
99921.91
99921.89
99921.88
99921.87
99921.86
99921.84
99921.83
99921.82
99921.81
99921.79
99921.78
99921.77
99921.76
99921.74
99921.73
99921.72
99921.71
99921.69
99921.68
99921.67
99921.66
99921.65
99921.63
99871.53
99902.02
99928.35
99924.94
99922.23
99922.59
99922.86
99922.8
99922.76
99922.75
99922.74
99922.73
99922.72
99922.71
99922.69
99922.68
99922.67
99922.66
99922.64
99922.63
99922.62
99922.61
99922.59
99922.58
99922.57
99922.56
99922.54
99922.53
99922.52
99922.51
99922.49
99922.48
99922.47
99922.46
99922.44
99922.43
99922.42
99922.41
99922.39
99922.38
99922.37
99922.36
99922.34
99922.33
99922.32
99922.31
99922.29
99922.28
99922.27
99922.26
99922.24
99922.23
99922.22
99922.21
99922.19
99922.18
99922.17
99922.16
99922.14
99922.13
99922.12
99922.11
99922.09
99922.08
99922.07
99922.06
99922.04
99922.03
99922.02
99922.01
99921.99
99921.98
99921.97
99921.96
99921.94
99921.93
99921.92
99921.91
99921.89
99921.88
99921.87
99921.86
99921.84
99921.83
99921.82
99921.81
99921.79
99921.78
99921.77
99921.76
99921.74
99921.73
99921.72
99921.71
99921.7
99921.68
99921.67
99921.66
99921.65
99921.64
99871.53
99902.02
99928.35
99924.94
99922.23
99922.59
99922.85
99922.8
99922.76
99922.75
99922.74
99922.73
99922.72
99922.71
99922.69
99922.68
99922.67
99922.66
99922.64
99922.63
99922.62
99922.61
99922.59
99922.58
99922.57
99922.56
99922.54
99922.53
99922.52
99922.51
99922.49
99922.48
99922.47
99922.46
99922.44
99922.43
99922.42
99922.41
99922.39
99922.38
99922.37
99922.36
99922.34
99922.33
99922.32
99922.31
99922.29
99922.28
99922.27
99922.26
99922.24
99922.23
99922.22
99922.21
99922.19
99922.18
99922.17
99922.16
99922.14
99922.13
99922.12
99922.11
99922.09
99922.08
99922.07
99922.06
99922.04
99922.03
99922.02
99922.01
99921.99
99921.98
99921.97
99921.96
99921.94
99921.93
99921.92
99921.91
99921.89
99921.88
99921.87
99921.86
99921.84
99921.83
99921.82
99921.81
99921.79
99921.78
99921.77
99921.76
99921.74
99921.73
99921.72
99921.71
99921.7
99921.68
99921.67
99921.66
99921.65
99921.64
99871.53
99902.02
99928.35
99924.94
99922.22
99922.59
99922.85
99922.8
99922.76
99922.75
99922.74
99922.73
99922.72
99922.71
99922.69
99922.68
99922.67
99922.66
99922.64
99922.63
99922.62
99922.61
99922.59
99922.58
99922.57
99922.56
99922.54
99922.53
99922.52
99922.51
99922.49
99922.48
99922.47
99922.46
99922.44
99922.43
99922.42
99922.41
99922.39
99922.38
99922.37
99922.36
99922.34
99922.33
99922.32
99922.31
99922.29
99922.28
99922.27
99922.26
99922.24
99922.23
99922.22
99922.21
99922.19
99922.18
99922.17
99922.16
99922.14
99922.13
99922.12
99922.11
99922.09
99922.08
99922.07
99922.06
99922.04
99922.03
99922.02
99922.01
99921.99
99921.98
99921.97
99921.96
99921.94
99921.93
99921.92
99921.91
99921.89
99921.88
99921.87
99921.86
99921.84
99921.83
99921.82
99921.81
99921.79
99921.78
99921.77
99921.76
99921.75
99921.73
99921.72
99921.71
99921.7
99921.68
99921.67
99921.66
99921.65
99921.64
99871.52
99902.02
99928.35
99924.94
99922.22
99922.59
99922.85
99922.8
99922.76
99922.75
99922.74
99922.73
99922.72
99922.7
99922.69
99922.68
99922.67
99922.66
99922.64
99922.63
99922.62
99922.61
99922.59
99922.58
99922.57
99922.56
99922.54
99922.53
99922.52
99922.51
99922.49
99922.48
99922.47
99922.46
99922.44
99922.43
99922.42
99922.41
99922.39
99922.38
99922.37
99922.36
99922.34
99922.33
99922.32
99922.31
99922.29
99922.28
99922.27
99922.26
99922.24
99922.23
99922.22
99922.21
99922.19
99922.18
99922.17
99922.16
99922.14
99922.13
99922.12
99922.11
99922.09
99922.08
99922.07
99922.06
99922.04
99922.03
99922.02
99922.01
99921.99
99921.98
99921.97
99921.96
99921.94
99921.93
99921.92
99921.91
99921.89
99921.88
99921.87
99921.86
99921.84
99921.83
99921.82
99921.81
99921.8
99921.78
99921.77
99921.76
99921.75
99921.73
99921.72
99921.71
99921.7
99921.69
99921.67
99921.66
99921.65
99921.64
99871.52
99902.02
99928.35
99924.93
99922.22
99922.59
99922.85
99922.8
99922.76
99922.75
99922.74
99922.73
99922.72
99922.7
99922.69
99922.68
99922.67
99922.65
99922.64
99922.63
99922.62
99922.61
99922.59
99922.58
99922.57
99922.56
99922.54
99922.53
99922.52
99922.51
99922.49
99922.48
99922.47
99922.46
99922.44
99922.43
99922.42
99922.41
99922.39
99922.38
99922.37
99922.36
99922.34
99922.33
99922.32
99922.31
99922.29
99922.28
99922.27
99922.26
99922.24
99922.23
99922.22
99922.21
99922.19
99922.18
99922.17
99922.16
99922.14
99922.13
99922.12
99922.11
99922.09
99922.08
99922.07
99922.06
99922.04
99922.03
99922.02
99922.01
99921.99
99921.98
99921.97
99921.96
99921.94
99921.93
99921.92
99921.91
99921.89
99921.88
99921.87
99921.86
99921.85
99921.83
99921.82
99921.81
99921.8
99921.78
99921.77
99921.76
99921.75
99921.73
99921.72
99921.71
99921.7
99921.69
99921.67
99921.66
99921.65
99921.64
99871.52
99902.01
99928.35
99924.93
99922.22
99922.59
99922.85
99922.8
99922.76
99922.75
99922.74
99922.73
99922.72
99922.7
99922.69
99922.68
99922.67
99922.65
99922.64
99922.63
99922.62
99922.6
99922.59
99922.58
99922.57
99922.56
99922.54
99922.53
99922.52
99922.51
99922.49
99922.48
99922.47
99922.46
99922.44
99922.43
99922.42
99922.41
99922.39
99922.38
99922.37
99922.36
99922.34
99922.33
99922.32
99922.31
99922.29
99922.28
99922.27
99922.26
99922.24
99922.23
99922.22
99922.21
99922.19
99922.18
99922.17
99922.16
99922.14
99922.13
99922.12
99922.11
99922.09
99922.08
99922.07
99922.06
99922.04
99922.03
99922.02
99922.01
99921.99
99921.98
99921.97
99921.96
99921.94
99921.93
99921.92
99921.91
99921.9
99921.88
99921.87
99921.86
99921.85
99921.83
99921.82
99921.81
99921.8
99921.78
99921.77
99921.76
99921.75
99921.74
99921.72
99921.71
99921.7
99921.69
99921.68
99921.66
99921.65
99921.64
99871.52
99902.01
99928.35
99924.93
99922.22
99922.59
99922.85
99922.8
99922.76
99922.75
99922.74
99922.73
99922.72
99922.7
99922.69
99922.68
99922.67
99922.65
99922.64
99922.63
99922.62
99922.6
99922.59
99922.58
99922.57
99922.56
99922.54
99922.53
99922.52
99922.51
99922.49
99922.48
99922.47
99922.46
99922.44
99922.43
99922.42
99922.41
99922.39
99922.38
99922.37
99922.36
99922.34
99922.33
99922.32
99922.31
99922.29
99922.28
99922.27
99922.26
99922.24
99922.23
99922.22
99922.21
99922.19
99922.18
99922.17
99922.16
99922.14
99922.13
99922.12
99922.11
99922.09
99922.08
99922.07
99922.06
99922.04
99922.03
99922.02
99922.01
99921.99
99921.98
99921.97
99921.96
99921.95
99921.93
99921.92
99921.91
99921.9
99921.88
99921.87
99921.86
99921.85
99921.83
99921.82
99921.81
99921.8
99921.78
99921.77
99921.76
99921.75
99921.74
99921.72
99921.71
99921.7
99921.69
99921.68
99921.66
99921.65
99921.64
99871.52
99902.01
99928.34
99924.93
99922.22
99922.59
99922.85
99922.8
99922.76
99922.75
99922.74
99922.73
99922.71
99922.7
99922.69
99922.68
99922.67
99922.65
99922.64
99922.63
99922.62
99922.6
99922.59
99922.58
99922.57
99922.55
99922.54
99922.53
99922.52
99922.51
99922.49
99922.48
99922.47
99922.46
99922.44
99922.43
99922.42
99922.41
99922.39
99922.38
99922.37
99922.36
99922.34
99922.33
99922.32
99922.31
99922.29
99922.28
99922.27
99922.26
99922.24
99922.23
99922.22
99922.21
99922.19
99922.18
99922.17
99922.16
99922.14
99922.13
99922.12
99922.11
99922.09
99922.08
99922.07
99922.06
99922.04
99922.03
99922.02
99922.01
99921.99
99921.98
99921.97
99921.96
99921.95
99921.93
99921.92
99921.91
99921.9
99921.88
99921.87
99921.86
99921.85
99921.83
99921.82
99921.81
99921.8
99921.78
99921.77
99921.76
99921.75
99921.74
99921.72
99921.71
99921.7
99921.69
99921.68
99921.66
99921.65
99921.64
99871.52
99902.01
99928.34
99924.93
99922.22
99922.59
99922.85
99922.8
99922.76
99922.75
99922.74
99922.73
99922.71
99922.7
99922.69
99922.68
99922.67
99922.65
99922.64
99922.63
99922.62
99922.6
99922.59
99922.58
99922.57
99922.55
99922.54
99922.53
99922.52
99922.51
99922.49
99922.48
99922.47
99922.46
99922.44
99922.43
99922.42
99922.41
99922.39
99922.38
99922.37
99922.36
99922.34
99922.33
99922.32
99922.31
99922.29
99922.28
99922.27
99922.26
99922.24
99922.23
99922.22
99922.21
99922.19
99922.18
99922.17
99922.16
99922.14
99922.13
99922.12
99922.11
99922.09
99922.08
99922.07
99922.06
99922.04
99922.03
99922.02
99922.01
99922
99921.98
99921.97
99921.96
99921.95
99921.93
99921.92
99921.91
99921.9
99921.88
99921.87
99921.86
99921.85
99921.83
99921.82
99921.81
99921.8
99921.79
99921.77
99921.76
99921.75
99921.74
99921.72
99921.71
99921.7
99921.69
99921.68
99921.67
99921.65
99921.64
99871.52
99902.01
99928.34
99924.93
99922.22
99922.59
99922.85
99922.8
99922.76
99922.75
99922.74
99922.73
99922.71
99922.7
99922.69
99922.68
99922.67
99922.65
99922.64
99922.63
99922.62
99922.6
99922.59
99922.58
99922.57
99922.55
99922.54
99922.53
99922.52
99922.51
99922.49
99922.48
99922.47
99922.46
99922.44
99922.43
99922.42
99922.41
99922.39
99922.38
99922.37
99922.36
99922.34
99922.33
99922.32
99922.31
99922.29
99922.28
99922.27
99922.26
99922.24
99922.23
99922.22
99922.21
99922.19
99922.18
99922.17
99922.16
99922.14
99922.13
99922.12
99922.11
99922.09
99922.08
99922.07
99922.06
99922.04
99922.03
99922.02
99922.01
99922
99921.98
99921.97
99921.96
99921.95
99921.93
99921.92
99921.91
99921.9
99921.88
99921.87
99921.86
99921.85
99921.83
99921.82
99921.81
99921.8
99921.79
99921.77
99921.76
99921.75
99921.74
99921.73
99921.71
99921.7
99921.69
99921.68
99921.67
99921.65
99921.64
99871.52
99902.01
99928.34
99924.93
99922.22
99922.58
99922.85
99922.8
99922.76
99922.75
99922.74
99922.73
99922.71
99922.7
99922.69
99922.68
99922.67
99922.65
99922.64
99922.63
99922.62
99922.6
99922.59
99922.58
99922.57
99922.55
99922.54
99922.53
99922.52
99922.5
99922.49
99922.48
99922.47
99922.46
99922.44
99922.43
99922.42
99922.41
99922.39
99922.38
99922.37
99922.36
99922.34
99922.33
99922.32
99922.31
99922.29
99922.28
99922.27
99922.26
99922.24
99922.23
99922.22
99922.21
99922.19
99922.18
99922.17
99922.16
99922.14
99922.13
99922.12
99922.11
99922.09
99922.08
99922.07
99922.06
99922.04
99922.03
99922.02
99922.01
99922
99921.98
99921.97
99921.96
99921.95
99921.93
99921.92
99921.91
99921.9
99921.88
99921.87
99921.86
99921.85
99921.83
99921.82
99921.81
99921.8
99921.79
99921.77
99921.76
99921.75
99921.74
99921.73
99921.71
99921.7
99921.69
99921.68
99921.67
99921.65
99921.64
99871.52
99902.01
99928.34
99924.93
99922.22
99922.58
99922.85
99922.8
99922.75
99922.75
99922.74
99922.73
99922.71
99922.7
99922.69
99922.68
99922.66
99922.65
99922.64
99922.63
99922.62
99922.6
99922.59
99922.58
99922.57
99922.55
99922.54
99922.53
99922.52
99922.5
99922.49
99922.48
99922.47
99922.46
99922.44
99922.43
99922.42
99922.41
99922.39
99922.38
99922.37
99922.36
99922.34
99922.33
99922.32
99922.31
99922.29
99922.28
99922.27
99922.26
99922.24
99922.23
99922.22
99922.21
99922.19
99922.18
99922.17
99922.16
99922.14
99922.13
99922.12
99922.11
99922.09
99922.08
99922.07
99922.06
99922.05
99922.03
99922.02
99922.01
99922
99921.98
99921.97
99921.96
99921.95
99921.93
99921.92
99921.91
99921.9
99921.88
99921.87
99921.86
99921.85
99921.84
99921.82
99921.81
99921.8
99921.79
99921.77
99921.76
99921.75
99921.74
99921.73
99921.71
99921.7
99921.69
99921.68
99921.67
99921.65
99921.64
99871.52
99902.01
99928.34
99924.93
99922.22
99922.58
99922.85
99922.79
99922.75
99922.75
99922.74
99922.73
99922.71
99922.7
99922.69
99922.68
99922.66
99922.65
99922.64
99922.63
99922.62
99922.6
99922.59
99922.58
99922.57
99922.55
99922.54
99922.53
99922.52
99922.5
99922.49
99922.48
99922.47
99922.46
99922.44
99922.43
99922.42
99922.41
99922.39
99922.38
99922.37
99922.36
99922.34
99922.33
99922.32
99922.31
99922.29
99922.28
99922.27
99922.26
99922.24
99922.23
99922.22
99922.21
99922.19
99922.18
99922.17
99922.16
99922.14
99922.13
99922.12
99922.11
99922.09
99922.08
99922.07
99922.06
99922.05
99922.03
99922.02
99922.01
99922
99921.98
99921.97
99921.96
99921.95
99921.93
99921.92
99921.91
99921.9
99921.88
99921.87
99921.86
99921.85
99921.84
99921.82
99921.81
99921.8
99921.79
99921.77
99921.76
99921.75
99921.74
99921.73
99921.71
99921.7
99921.69
99921.68
99921.67
99921.66
99921.64
99871.51
99902.01
99928.34
99924.93
99922.22
99922.58
99922.85
99922.79
99922.75
99922.75
99922.74
99922.73
99922.71
99922.7
99922.69
99922.68
99922.66
99922.65
99922.64
99922.63
99922.62
99922.6
99922.59
99922.58
99922.57
99922.55
99922.54
99922.53
99922.52
99922.5
99922.49
99922.48
99922.47
99922.46
99922.44
99922.43
99922.42
99922.41
99922.39
99922.38
99922.37
99922.36
99922.34
99922.33
99922.32
99922.31
99922.29
99922.28
99922.27
99922.26
99922.24
99922.23
99922.22
99922.21
99922.19
99922.18
99922.17
99922.16
99922.14
99922.13
99922.12
99922.11
99922.09
99922.08
99922.07
99922.06
99922.05
99922.03
99922.02
99922.01
99922
99921.98
99921.97
99921.96
99921.95
99921.93
99921.92
99921.91
99921.9
99921.88
99921.87
99921.86
99921.85
99921.84
99921.82
99921.81
99921.8
99921.79
99921.77
99921.76
99921.75
99921.74
99921.73
99921.71
99921.7
99921.69
99921.68
99921.67
99921.66
99921.64
99871.51
99902.01
99928.34
99924.93
99922.22
99922.58
99922.85
99922.79
99922.75
99922.75
99922.74
99922.72
99922.71
99922.7
99922.69
99922.68
99922.66
99922.65
99922.64
99922.63
99922.62
99922.6
99922.59
99922.58
99922.57
99922.55
99922.54
99922.53
99922.52
99922.5
99922.49
99922.48
99922.47
99922.46
99922.44
99922.43
99922.42
99922.41
99922.39
99922.38
99922.37
99922.36
99922.34
99922.33
99922.32
99922.31
99922.29
99922.28
99922.27
99922.26
99922.24
99922.23
99922.22
99922.21
99922.19
99922.18
99922.17
99922.16
99922.14
99922.13
99922.12
99922.11
99922.09
99922.08
99922.07
99922.06
99922.05
99922.03
99922.02
99922.01
99922
99921.98
99921.97
99921.96
99921.95
99921.93
99921.92
99921.91
99921.9
99921.88
99921.87
99921.86
99921.85
99921.84
99921.82
99921.81
99921.8
99921.79
99921.78
99921.76
99921.75
99921.74
99921.73
99921.72
99921.7
99921.69
99921.68
99921.67
99921.66
99921.64
99871.51
99902.01
99928.34
99924.93
99922.22
99922.58
99922.85
99922.79
99922.75
99922.75
99922.74
99922.72
99922.71
99922.7
99922.69
99922.68
99922.66
99922.65
99922.64
99922.63
99922.62
99922.6
99922.59
99922.58
99922.57
99922.55
99922.54
99922.53
99922.52
99922.5
99922.49
99922.48
99922.47
99922.46
99922.44
99922.43
99922.42
99922.41
99922.39
99922.38
99922.37
99922.36
99922.34
99922.33
99922.32
99922.31
99922.29
99922.28
99922.27
99922.26
99922.24
99922.23
99922.22
99922.21
99922.19
99922.18
99922.17
99922.16
99922.14
99922.13
99922.12
99922.11
99922.09
99922.08
99922.07
99922.06
99922.05
99922.03
99922.02
99922.01
99922
99921.98
99921.97
99921.96
99921.95
99921.93
99921.92
99921.91
99921.9
99921.88
99921.87
99921.86
99921.85
99921.84
99921.82
99921.81
99921.8
99921.79
99921.78
99921.76
99921.75
99921.74
99921.73
99921.72
99921.7
99921.69
99921.68
99921.67
99921.66
99921.64
99871.51
99902.01
99928.34
99924.93
99922.22
99922.58
99922.85
99922.79
99922.75
99922.75
99922.74
99922.72
99922.71
99922.7
99922.69
99922.68
99922.66
99922.65
99922.64
99922.63
99922.62
99922.6
99922.59
99922.58
99922.57
99922.55
99922.54
99922.53
99922.52
99922.5
99922.49
99922.48
99922.47
99922.45
99922.44
99922.43
99922.42
99922.41
99922.39
99922.38
99922.37
99922.36
99922.34
99922.33
99922.32
99922.31
99922.29
99922.28
99922.27
99922.26
99922.24
99922.23
99922.22
99922.21
99922.19
99922.18
99922.17
99922.16
99922.14
99922.13
99922.12
99922.11
99922.09
99922.08
99922.07
99922.06
99922.05
99922.03
99922.02
99922.01
99922
99921.98
99921.97
99921.96
99921.95
99921.93
99921.92
99921.91
99921.9
99921.89
99921.87
99921.86
99921.85
99921.84
99921.82
99921.81
99921.8
99921.79
99921.78
99921.76
99921.75
99921.74
99921.73
99921.72
99921.7
99921.69
99921.68
99921.67
99921.66
99921.65
99871.51
99902.01
99928.34
99924.93
99922.22
99922.58
99922.85
99922.79
99922.75
99922.75
99922.74
99922.72
99922.71
99922.7
99922.69
99922.68
99922.66
99922.65
99922.64
99922.63
99922.61
99922.6
99922.59
99922.58
99922.57
99922.55
99922.54
99922.53
99922.52
99922.5
99922.49
99922.48
99922.47
99922.45
99922.44
99922.43
99922.42
99922.41
99922.39
99922.38
99922.37
99922.36
99922.34
99922.33
99922.32
99922.31
99922.29
99922.28
99922.27
99922.26
99922.24
99922.23
99922.22
99922.21
99922.19
99922.18
99922.17
99922.16
99922.14
99922.13
99922.12
99922.11
99922.09
99922.08
99922.07
99922.06
99922.05
99922.03
99922.02
99922.01
99922
99921.98
99921.97
99921.96
99921.95
99921.93
99921.92
99921.91
99921.9
99921.89
99921.87
99921.86
99921.85
99921.84
99921.82
99921.81
99921.8
99921.79
99921.78
99921.76
99921.75
99921.74
99921.73
99921.72
99921.7
99921.69
99921.68
99921.67
99921.66
99921.65
99871.51
99902.01
99928.34
99924.93
99922.22
99922.58
99922.85
99922.79
99922.75
99922.75
99922.74
99922.72
99922.71
99922.7
99922.69
99922.68
99922.66
99922.65
99922.64
99922.63
99922.61
99922.6
99922.59
99922.58
99922.57
99922.55
99922.54
99922.53
99922.52
99922.5
99922.49
99922.48
99922.47
99922.45
99922.44
99922.43
99922.42
99922.41
99922.39
99922.38
99922.37
99922.36
99922.34
99922.33
99922.32
99922.31
99922.29
99922.28
99922.27
99922.26
99922.24
99922.23
99922.22
99922.21
99922.19
99922.18
99922.17
99922.16
99922.14
99922.13
99922.12
99922.11
99922.1
99922.08
99922.07
99922.06
99922.05
99922.03
99922.02
99922.01
99922
99921.98
99921.97
99921.96
99921.95
99921.93
99921.92
99921.91
99921.9
99921.89
99921.87
99921.86
99921.85
99921.84
99921.82
99921.81
99921.8
99921.79
99921.78
99921.76
99921.75
99921.74
99921.73
99921.72
99921.7
99921.69
99921.68
99921.67
99921.66
99921.65
99871.51
99902.01
99928.34
99924.93
99922.22
99922.58
99922.85
99922.79
99922.75
99922.75
99922.74
99922.72
99922.71
99922.7
99922.69
99922.68
99922.66
99922.65
99922.64
99922.63
99922.61
99922.6
99922.59
99922.58
99922.57
99922.55
99922.54
99922.53
99922.52
99922.5
99922.49
99922.48
99922.47
99922.45
99922.44
99922.43
99922.42
99922.41
99922.39
99922.38
99922.37
99922.36
99922.34
99922.33
99922.32
99922.31
99922.29
99922.28
99922.27
99922.26
99922.24
99922.23
99922.22
99922.21
99922.19
99922.18
99922.17
99922.16
99922.14
99922.13
99922.12
99922.11
99922.1
99922.08
99922.07
99922.06
99922.05
99922.03
99922.02
99922.01
99922
99921.98
99921.97
99921.96
99921.95
99921.93
99921.92
99921.91
99921.9
99921.89
99921.87
99921.86
99921.85
99921.84
99921.82
99921.81
99921.8
99921.79
99921.78
99921.76
99921.75
99921.74
99921.73
99921.72
99921.7
99921.69
99921.68
99921.67
99921.66
99921.65
99871.51
99902.01
99928.34
99924.93
99922.22
99922.58
99922.85
99922.79
99922.75
99922.75
99922.74
99922.72
99922.71
99922.7
99922.69
99922.68
99922.66
99922.65
99922.64
99922.63
99922.61
99922.6
99922.59
99922.58
99922.57
99922.55
99922.54
99922.53
99922.52
99922.5
99922.49
99922.48
99922.47
99922.45
99922.44
99922.43
99922.42
99922.41
99922.39
99922.38
99922.37
99922.36
99922.34
99922.33
99922.32
99922.31
99922.29
99922.28
99922.27
99922.26
99922.24
99922.23
99922.22
99922.21
99922.19
99922.18
99922.17
99922.16
99922.14
99922.13
99922.12
99922.11
99922.1
99922.08
99922.07
99922.06
99922.05
99922.03
99922.02
99922.01
99922
99921.98
99921.97
99921.96
99921.95
99921.93
99921.92
99921.91
99921.9
99921.89
99921.87
99921.86
99921.85
99921.84
99921.82
99921.81
99921.8
99921.79
99921.78
99921.76
99921.75
99921.74
99921.73
99921.72
99921.7
99921.69
99921.68
99921.67
99921.66
99921.65
99871.5
99902.01
99928.34
99924.93
99922.22
99922.58
99922.85
99922.79
99922.75
99922.75
99922.74
99922.72
99922.71
99922.7
99922.69
99922.68
99922.66
99922.65
99922.64
99922.63
99922.61
99922.6
99922.59
99922.58
99922.57
99922.55
99922.54
99922.53
99922.52
99922.5
99922.49
99922.48
99922.47
99922.45
99922.44
99922.43
99922.42
99922.41
99922.39
99922.38
99922.37
99922.36
99922.34
99922.33
99922.32
99922.31
99922.29
99922.28
99922.27
99922.26
99922.24
99922.23
99922.22
99922.21
99922.19
99922.18
99922.17
99922.16
99922.14
99922.13
99922.12
99922.11
99922.1
99922.08
99922.07
99922.06
99922.05
99922.03
99922.02
99922.01
99922
99921.98
99921.97
99921.96
99921.95
99921.93
99921.92
99921.91
99921.9
99921.89
99921.87
99921.86
99921.85
99921.84
99921.82
99921.81
99921.8
99921.79
99921.78
99921.76
99921.75
99921.74
99921.73
99921.72
99921.7
99921.69
99921.68
99921.67
99921.66
99921.65
99871.5
99902.01
99928.34
99924.93
99922.22
99922.58
99922.85
99922.79
99922.75
99922.75
99922.74
99922.72
99922.71
99922.7
99922.69
99922.68
99922.66
99922.65
99922.64
99922.63
99922.61
99922.6
99922.59
99922.58
99922.57
99922.55
99922.54
99922.53
99922.52
99922.5
99922.49
99922.48
99922.47
99922.45
99922.44
99922.43
99922.42
99922.41
99922.39
99922.38
99922.37
99922.36
99922.34
99922.33
99922.32
99922.31
99922.29
99922.28
99922.27
99922.26
99922.24
99922.23
99922.22
99922.21
99922.19
99922.18
99922.17
99922.16
99922.14
99922.13
99922.12
99922.11
99922.1
99922.08
99922.07
99922.06
99922.05
99922.03
99922.02
99922.01
99922
99921.98
99921.97
99921.96
99921.95
99921.93
99921.92
99921.91
99921.9
99921.89
99921.87
99921.86
99921.85
99921.84
99921.82
99921.81
99921.8
99921.79
99921.78
99921.76
99921.75
99921.74
99921.73
99921.72
99921.7
99921.69
99921.68
99921.67
99921.66
99921.65
99871.49
99902.02
99928.35
99924.93
99922.22
99922.58
99922.85
99922.79
99922.75
99922.75
99922.74
99922.72
99922.71
99922.7
99922.69
99922.68
99922.66
99922.65
99922.64
99922.63
99922.61
99922.6
99922.59
99922.58
99922.57
99922.55
99922.54
99922.53
99922.52
99922.5
99922.49
99922.48
99922.47
99922.45
99922.44
99922.43
99922.42
99922.41
99922.39
99922.38
99922.37
99922.36
99922.34
99922.33
99922.32
99922.31
99922.29
99922.28
99922.27
99922.26
99922.24
99922.23
99922.22
99922.21
99922.19
99922.18
99922.17
99922.16
99922.14
99922.13
99922.12
99922.11
99922.1
99922.08
99922.07
99922.06
99922.05
99922.03
99922.02
99922.01
99922
99921.98
99921.97
99921.96
99921.95
99921.93
99921.92
99921.91
99921.9
99921.89
99921.87
99921.86
99921.85
99921.84
99921.82
99921.81
99921.8
99921.79
99921.78
99921.76
99921.75
99921.74
99921.73
99921.72
99921.7
99921.69
99921.68
99921.67
99921.66
99921.65
)
;

boundaryField
{
    topAir_top
    {
        type            symmetryPlane;
    }
    leftLet
    {
        type            calculated;
        value           uniform 100000;
    }
    rightLet
    {
        type            calculated;
        value           nonuniform List<scalar> 
40
(
99921.57
99921.59
99921.59
99921.6
99921.6
99921.61
99921.61
99921.61
99921.62
99921.62
99921.62
99921.62
99921.62
99921.63
99921.63
99921.63
99921.63
99921.63
99921.63
99921.63
99921.63
99921.63
99921.63
99921.64
99921.64
99921.64
99921.64
99921.64
99921.64
99921.64
99921.64
99921.64
99921.64
99921.64
99921.64
99921.64
99921.64
99921.64
99921.64
99921.64
)
;
    }
    frontAndBack
    {
        type            empty;
    }
    topAir_to_wall
    {
        type            calculated;
        value           nonuniform List<scalar> 
100
(
99871.63
99902.09
99928.37
99924.96
99922.25
99922.61
99922.87
99922.82
99922.78
99922.77
99922.76
99922.74
99922.73
99922.71
99922.7
99922.69
99922.67
99922.66
99922.65
99922.64
99922.62
99922.61
99922.6
99922.58
99922.57
99922.56
99922.55
99922.53
99922.52
99922.51
99922.5
99922.48
99922.47
99922.46
99922.44
99922.43
99922.42
99922.41
99922.39
99922.38
99922.37
99922.36
99922.34
99922.33
99922.32
99922.31
99922.29
99922.28
99922.27
99922.26
99922.24
99922.23
99922.22
99922.21
99922.19
99922.18
99922.17
99922.16
99922.14
99922.13
99922.12
99922.11
99922.09
99922.08
99922.07
99922.06
99922.04
99922.03
99922.02
99922.01
99921.99
99921.98
99921.97
99921.95
99921.94
99921.93
99921.92
99921.9
99921.89
99921.88
99921.86
99921.85
99921.84
99921.83
99921.81
99921.8
99921.79
99921.77
99921.76
99921.75
99921.73
99921.72
99921.7
99921.69
99921.67
99921.66
99921.64
99921.62
99921.61
99921.58
)
;
    }
}


// ************************************************************************* //
