/*--------------------------------*- C++ -*----------------------------------*\
| =========                 |                                                 |
| \\      /  F ield         | OpenFOAM: The Open Source CFD Toolbox           |
|  \\    /   O peration     | Version:  2.3.0                                 |
|   \\  /    A nd           | Web:      www.OpenFOAM.org                      |
|    \\/     M anipulation  |                                                 |
\*---------------------------------------------------------------------------*/
FoamFile
{
    version     2.0;
    format      ascii;
    class       volScalarField;
    location    "9600/bottomAir";
    object      T;
}
// * * * * * * * * * * * * * * * * * * * * * * * * * * * * * * * * * * * * * //

dimensions      [0 0 0 1 0 0 0];

internalField   nonuniform List<scalar> 
4000
(
1199.457
1199.689
1199.765
1199.746
1199.739
1199.741
1199.741
1199.741
1199.741
1199.741
1199.741
1199.741
1199.741
1199.741
1199.741
1199.741
1199.741
1199.741
1199.741
1199.741
1199.741
1199.741
1199.741
1199.741
1199.741
1199.741
1199.741
1199.741
1199.741
1199.741
1199.741
1199.741
1199.741
1199.741
1199.741
1199.741
1199.741
1199.741
1199.741
1199.741
1199.741
1199.741
1199.741
1199.741
1199.741
1199.741
1199.741
1199.741
1199.741
1199.741
1199.741
1199.741
1199.741
1199.741
1199.741
1199.741
1199.741
1199.741
1199.741
1199.741
1199.741
1199.741
1199.741
1199.741
1199.741
1199.741
1199.741
1199.741
1199.741
1199.741
1199.741
1199.741
1199.741
1199.741
1199.741
1199.741
1199.741
1199.741
1199.741
1199.741
1199.741
1199.741
1199.741
1199.741
1199.741
1199.741
1199.741
1199.741
1199.741
1199.741
1199.741
1199.741
1199.741
1199.741
1199.741
1199.741
1199.741
1199.741
1199.741
1199.741
1199.457
1199.689
1199.765
1199.746
1199.739
1199.741
1199.742
1199.741
1199.741
1199.741
1199.741
1199.741
1199.741
1199.741
1199.741
1199.741
1199.741
1199.741
1199.741
1199.741
1199.741
1199.741
1199.741
1199.741
1199.741
1199.741
1199.741
1199.741
1199.741
1199.741
1199.741
1199.741
1199.741
1199.741
1199.741
1199.741
1199.741
1199.741
1199.741
1199.741
1199.741
1199.741
1199.741
1199.741
1199.741
1199.741
1199.741
1199.741
1199.741
1199.741
1199.741
1199.741
1199.741
1199.741
1199.741
1199.741
1199.741
1199.741
1199.741
1199.741
1199.741
1199.741
1199.741
1199.741
1199.741
1199.741
1199.741
1199.741
1199.741
1199.741
1199.741
1199.741
1199.741
1199.741
1199.741
1199.741
1199.741
1199.741
1199.741
1199.741
1199.741
1199.741
1199.741
1199.741
1199.741
1199.741
1199.741
1199.741
1199.741
1199.742
1199.742
1199.742
1199.742
1199.742
1199.742
1199.742
1199.742
1199.742
1199.742
1199.742
1199.457
1199.689
1199.765
1199.746
1199.739
1199.741
1199.742
1199.741
1199.741
1199.741
1199.741
1199.741
1199.741
1199.741
1199.741
1199.741
1199.741
1199.741
1199.741
1199.741
1199.741
1199.741
1199.741
1199.741
1199.741
1199.741
1199.741
1199.741
1199.741
1199.741
1199.741
1199.741
1199.741
1199.741
1199.741
1199.741
1199.741
1199.741
1199.741
1199.741
1199.741
1199.741
1199.741
1199.741
1199.741
1199.741
1199.741
1199.741
1199.741
1199.741
1199.741
1199.741
1199.741
1199.741
1199.741
1199.741
1199.741
1199.741
1199.741
1199.741
1199.741
1199.741
1199.741
1199.741
1199.741
1199.741
1199.741
1199.741
1199.741
1199.741
1199.741
1199.741
1199.741
1199.741
1199.741
1199.741
1199.741
1199.741
1199.741
1199.741
1199.741
1199.741
1199.741
1199.741
1199.741
1199.741
1199.741
1199.741
1199.741
1199.742
1199.742
1199.742
1199.742
1199.742
1199.742
1199.742
1199.742
1199.742
1199.742
1199.742
1199.457
1199.689
1199.765
1199.746
1199.739
1199.741
1199.742
1199.741
1199.741
1199.741
1199.741
1199.741
1199.741
1199.741
1199.741
1199.741
1199.741
1199.741
1199.741
1199.741
1199.741
1199.741
1199.741
1199.741
1199.741
1199.741
1199.741
1199.741
1199.741
1199.741
1199.741
1199.741
1199.741
1199.741
1199.741
1199.741
1199.741
1199.741
1199.741
1199.741
1199.741
1199.741
1199.741
1199.741
1199.741
1199.741
1199.741
1199.741
1199.741
1199.741
1199.741
1199.741
1199.741
1199.741
1199.741
1199.741
1199.741
1199.741
1199.741
1199.741
1199.741
1199.741
1199.741
1199.741
1199.741
1199.741
1199.741
1199.741
1199.741
1199.741
1199.741
1199.741
1199.741
1199.741
1199.741
1199.741
1199.741
1199.741
1199.741
1199.741
1199.741
1199.741
1199.741
1199.741
1199.741
1199.741
1199.741
1199.741
1199.741
1199.741
1199.741
1199.742
1199.742
1199.742
1199.742
1199.742
1199.742
1199.742
1199.742
1199.742
1199.457
1199.689
1199.765
1199.746
1199.739
1199.741
1199.741
1199.741
1199.741
1199.741
1199.741
1199.741
1199.741
1199.741
1199.741
1199.741
1199.741
1199.741
1199.741
1199.741
1199.741
1199.741
1199.741
1199.741
1199.741
1199.741
1199.741
1199.741
1199.741
1199.741
1199.741
1199.741
1199.741
1199.741
1199.741
1199.741
1199.741
1199.741
1199.741
1199.741
1199.741
1199.741
1199.741
1199.741
1199.741
1199.741
1199.741
1199.741
1199.741
1199.741
1199.741
1199.741
1199.741
1199.741
1199.741
1199.741
1199.741
1199.741
1199.741
1199.741
1199.741
1199.741
1199.741
1199.741
1199.741
1199.741
1199.741
1199.741
1199.741
1199.741
1199.741
1199.741
1199.741
1199.741
1199.741
1199.741
1199.741
1199.741
1199.741
1199.741
1199.741
1199.741
1199.741
1199.741
1199.741
1199.741
1199.741
1199.741
1199.741
1199.741
1199.741
1199.741
1199.742
1199.742
1199.742
1199.742
1199.742
1199.742
1199.742
1199.742
1199.457
1199.689
1199.765
1199.746
1199.739
1199.741
1199.741
1199.741
1199.741
1199.741
1199.741
1199.741
1199.741
1199.741
1199.741
1199.741
1199.741
1199.741
1199.741
1199.741
1199.741
1199.741
1199.741
1199.741
1199.741
1199.741
1199.741
1199.741
1199.741
1199.741
1199.741
1199.741
1199.741
1199.741
1199.741
1199.741
1199.741
1199.741
1199.741
1199.741
1199.741
1199.741
1199.741
1199.741
1199.741
1199.741
1199.741
1199.741
1199.741
1199.741
1199.741
1199.741
1199.741
1199.741
1199.741
1199.741
1199.741
1199.741
1199.741
1199.741
1199.741
1199.741
1199.741
1199.741
1199.741
1199.741
1199.741
1199.741
1199.741
1199.741
1199.741
1199.741
1199.741
1199.741
1199.741
1199.741
1199.741
1199.741
1199.741
1199.741
1199.741
1199.741
1199.741
1199.741
1199.741
1199.741
1199.741
1199.741
1199.741
1199.741
1199.741
1199.741
1199.742
1199.742
1199.742
1199.742
1199.742
1199.742
1199.742
1199.742
1199.457
1199.689
1199.765
1199.746
1199.739
1199.741
1199.741
1199.741
1199.741
1199.741
1199.741
1199.741
1199.741
1199.741
1199.741
1199.741
1199.741
1199.741
1199.741
1199.741
1199.741
1199.741
1199.741
1199.741
1199.741
1199.741
1199.741
1199.741
1199.741
1199.741
1199.741
1199.741
1199.741
1199.741
1199.741
1199.741
1199.741
1199.741
1199.741
1199.741
1199.741
1199.741
1199.741
1199.741
1199.741
1199.741
1199.741
1199.741
1199.741
1199.741
1199.741
1199.741
1199.741
1199.741
1199.741
1199.741
1199.741
1199.741
1199.741
1199.741
1199.741
1199.741
1199.741
1199.741
1199.741
1199.741
1199.741
1199.741
1199.741
1199.741
1199.741
1199.741
1199.741
1199.741
1199.741
1199.741
1199.741
1199.741
1199.741
1199.741
1199.741
1199.741
1199.741
1199.741
1199.741
1199.741
1199.741
1199.741
1199.741
1199.741
1199.741
1199.741
1199.741
1199.742
1199.742
1199.742
1199.742
1199.742
1199.742
1199.742
1199.457
1199.689
1199.765
1199.746
1199.739
1199.741
1199.741
1199.741
1199.741
1199.741
1199.741
1199.741
1199.741
1199.741
1199.741
1199.741
1199.741
1199.741
1199.741
1199.741
1199.741
1199.741
1199.741
1199.741
1199.741
1199.741
1199.741
1199.741
1199.741
1199.741
1199.741
1199.741
1199.741
1199.741
1199.741
1199.741
1199.741
1199.741
1199.741
1199.741
1199.741
1199.741
1199.741
1199.741
1199.741
1199.741
1199.741
1199.741
1199.741
1199.741
1199.741
1199.741
1199.741
1199.741
1199.741
1199.741
1199.741
1199.741
1199.741
1199.741
1199.741
1199.741
1199.741
1199.741
1199.741
1199.741
1199.741
1199.741
1199.741
1199.741
1199.741
1199.741
1199.741
1199.741
1199.741
1199.741
1199.741
1199.741
1199.741
1199.741
1199.741
1199.741
1199.741
1199.741
1199.741
1199.741
1199.741
1199.741
1199.741
1199.741
1199.741
1199.741
1199.741
1199.742
1199.742
1199.742
1199.742
1199.742
1199.742
1199.742
1199.457
1199.689
1199.765
1199.746
1199.739
1199.741
1199.741
1199.741
1199.741
1199.741
1199.741
1199.741
1199.741
1199.741
1199.741
1199.741
1199.741
1199.741
1199.741
1199.741
1199.741
1199.741
1199.741
1199.741
1199.741
1199.741
1199.741
1199.741
1199.741
1199.741
1199.741
1199.741
1199.741
1199.741
1199.741
1199.741
1199.741
1199.741
1199.741
1199.741
1199.741
1199.741
1199.741
1199.741
1199.741
1199.741
1199.741
1199.741
1199.741
1199.741
1199.741
1199.741
1199.741
1199.741
1199.741
1199.741
1199.741
1199.741
1199.741
1199.741
1199.741
1199.741
1199.741
1199.741
1199.741
1199.741
1199.741
1199.741
1199.741
1199.741
1199.741
1199.741
1199.741
1199.741
1199.741
1199.741
1199.741
1199.741
1199.741
1199.741
1199.741
1199.741
1199.741
1199.741
1199.741
1199.741
1199.741
1199.741
1199.741
1199.741
1199.741
1199.741
1199.741
1199.741
1199.742
1199.742
1199.742
1199.742
1199.742
1199.742
1199.457
1199.689
1199.765
1199.746
1199.739
1199.741
1199.741
1199.741
1199.741
1199.741
1199.741
1199.741
1199.741
1199.741
1199.741
1199.741
1199.741
1199.741
1199.741
1199.741
1199.741
1199.741
1199.741
1199.741
1199.741
1199.741
1199.741
1199.741
1199.741
1199.741
1199.741
1199.741
1199.741
1199.741
1199.741
1199.741
1199.741
1199.741
1199.741
1199.741
1199.741
1199.741
1199.741
1199.741
1199.741
1199.741
1199.741
1199.741
1199.741
1199.741
1199.741
1199.741
1199.741
1199.741
1199.741
1199.741
1199.741
1199.741
1199.741
1199.741
1199.741
1199.741
1199.741
1199.741
1199.741
1199.741
1199.741
1199.741
1199.741
1199.741
1199.741
1199.741
1199.741
1199.741
1199.741
1199.741
1199.741
1199.741
1199.741
1199.741
1199.741
1199.741
1199.741
1199.741
1199.741
1199.741
1199.741
1199.741
1199.741
1199.741
1199.741
1199.741
1199.741
1199.741
1199.741
1199.742
1199.742
1199.742
1199.742
1199.742
1199.457
1199.689
1199.765
1199.746
1199.739
1199.741
1199.741
1199.741
1199.741
1199.741
1199.741
1199.741
1199.741
1199.741
1199.741
1199.741
1199.741
1199.741
1199.741
1199.741
1199.741
1199.741
1199.741
1199.741
1199.741
1199.741
1199.741
1199.741
1199.741
1199.741
1199.741
1199.741
1199.741
1199.741
1199.741
1199.741
1199.741
1199.741
1199.741
1199.741
1199.741
1199.741
1199.741
1199.741
1199.741
1199.741
1199.741
1199.741
1199.741
1199.741
1199.741
1199.741
1199.741
1199.741
1199.741
1199.741
1199.741
1199.741
1199.741
1199.741
1199.741
1199.741
1199.741
1199.741
1199.741
1199.741
1199.741
1199.741
1199.741
1199.741
1199.741
1199.741
1199.741
1199.741
1199.741
1199.741
1199.741
1199.741
1199.741
1199.741
1199.741
1199.741
1199.741
1199.741
1199.741
1199.741
1199.741
1199.741
1199.741
1199.741
1199.741
1199.741
1199.741
1199.741
1199.741
1199.742
1199.742
1199.742
1199.742
1199.742
1199.457
1199.689
1199.765
1199.746
1199.739
1199.741
1199.741
1199.741
1199.741
1199.741
1199.741
1199.741
1199.741
1199.741
1199.741
1199.741
1199.741
1199.741
1199.741
1199.741
1199.741
1199.741
1199.741
1199.741
1199.741
1199.741
1199.741
1199.741
1199.741
1199.741
1199.741
1199.741
1199.741
1199.741
1199.741
1199.741
1199.741
1199.741
1199.741
1199.741
1199.741
1199.741
1199.741
1199.741
1199.741
1199.741
1199.741
1199.741
1199.741
1199.741
1199.741
1199.741
1199.741
1199.741
1199.741
1199.741
1199.741
1199.741
1199.741
1199.741
1199.741
1199.741
1199.741
1199.741
1199.741
1199.741
1199.741
1199.741
1199.741
1199.741
1199.741
1199.741
1199.741
1199.741
1199.741
1199.741
1199.741
1199.741
1199.741
1199.741
1199.741
1199.741
1199.741
1199.741
1199.741
1199.741
1199.741
1199.741
1199.741
1199.741
1199.741
1199.741
1199.741
1199.741
1199.741
1199.741
1199.742
1199.742
1199.742
1199.742
1199.457
1199.689
1199.765
1199.746
1199.739
1199.741
1199.741
1199.741
1199.741
1199.741
1199.741
1199.741
1199.741
1199.741
1199.741
1199.741
1199.741
1199.741
1199.741
1199.741
1199.741
1199.741
1199.741
1199.741
1199.741
1199.741
1199.741
1199.741
1199.741
1199.741
1199.741
1199.741
1199.741
1199.741
1199.741
1199.741
1199.741
1199.741
1199.741
1199.741
1199.741
1199.741
1199.741
1199.741
1199.741
1199.741
1199.741
1199.741
1199.741
1199.741
1199.741
1199.741
1199.741
1199.741
1199.741
1199.741
1199.741
1199.741
1199.741
1199.741
1199.741
1199.741
1199.741
1199.741
1199.741
1199.741
1199.741
1199.741
1199.741
1199.741
1199.741
1199.741
1199.741
1199.741
1199.741
1199.741
1199.741
1199.741
1199.741
1199.741
1199.741
1199.741
1199.741
1199.741
1199.741
1199.741
1199.741
1199.741
1199.741
1199.741
1199.741
1199.741
1199.741
1199.741
1199.741
1199.741
1199.741
1199.742
1199.742
1199.742
1199.457
1199.689
1199.765
1199.746
1199.739
1199.741
1199.741
1199.741
1199.741
1199.741
1199.741
1199.741
1199.741
1199.741
1199.741
1199.741
1199.741
1199.741
1199.741
1199.741
1199.741
1199.741
1199.741
1199.741
1199.741
1199.741
1199.741
1199.741
1199.741
1199.741
1199.741
1199.741
1199.741
1199.741
1199.741
1199.741
1199.741
1199.741
1199.741
1199.741
1199.741
1199.741
1199.741
1199.741
1199.741
1199.741
1199.741
1199.741
1199.741
1199.741
1199.741
1199.741
1199.741
1199.741
1199.741
1199.741
1199.741
1199.741
1199.741
1199.741
1199.741
1199.741
1199.741
1199.741
1199.741
1199.741
1199.741
1199.741
1199.741
1199.741
1199.741
1199.741
1199.741
1199.741
1199.741
1199.741
1199.741
1199.741
1199.741
1199.741
1199.741
1199.741
1199.741
1199.741
1199.741
1199.741
1199.741
1199.741
1199.741
1199.741
1199.741
1199.741
1199.741
1199.741
1199.741
1199.741
1199.741
1199.742
1199.742
1199.742
1199.457
1199.689
1199.765
1199.746
1199.739
1199.741
1199.741
1199.741
1199.741
1199.741
1199.741
1199.741
1199.741
1199.741
1199.741
1199.741
1199.741
1199.741
1199.741
1199.741
1199.741
1199.741
1199.741
1199.741
1199.741
1199.741
1199.741
1199.741
1199.741
1199.741
1199.741
1199.741
1199.741
1199.741
1199.741
1199.741
1199.741
1199.741
1199.741
1199.741
1199.741
1199.741
1199.741
1199.741
1199.741
1199.741
1199.741
1199.741
1199.741
1199.741
1199.741
1199.741
1199.741
1199.741
1199.741
1199.741
1199.741
1199.741
1199.741
1199.741
1199.741
1199.741
1199.741
1199.741
1199.741
1199.741
1199.741
1199.741
1199.741
1199.741
1199.741
1199.741
1199.741
1199.741
1199.741
1199.741
1199.741
1199.741
1199.741
1199.741
1199.741
1199.741
1199.741
1199.741
1199.741
1199.741
1199.741
1199.741
1199.741
1199.741
1199.741
1199.741
1199.741
1199.741
1199.741
1199.741
1199.741
1199.741
1199.742
1199.742
1199.457
1199.689
1199.765
1199.746
1199.739
1199.741
1199.742
1199.741
1199.741
1199.741
1199.741
1199.741
1199.741
1199.741
1199.741
1199.741
1199.741
1199.741
1199.741
1199.741
1199.741
1199.741
1199.741
1199.741
1199.741
1199.741
1199.741
1199.741
1199.741
1199.741
1199.741
1199.741
1199.741
1199.741
1199.741
1199.741
1199.741
1199.741
1199.741
1199.741
1199.741
1199.741
1199.741
1199.741
1199.741
1199.741
1199.741
1199.741
1199.741
1199.741
1199.741
1199.741
1199.741
1199.741
1199.741
1199.741
1199.741
1199.741
1199.741
1199.741
1199.741
1199.741
1199.741
1199.741
1199.741
1199.741
1199.741
1199.741
1199.741
1199.741
1199.741
1199.741
1199.741
1199.741
1199.741
1199.741
1199.741
1199.741
1199.741
1199.741
1199.741
1199.741
1199.741
1199.741
1199.741
1199.741
1199.741
1199.741
1199.741
1199.741
1199.741
1199.741
1199.741
1199.741
1199.741
1199.741
1199.741
1199.741
1199.741
1199.742
1199.457
1199.689
1199.765
1199.746
1199.739
1199.741
1199.742
1199.741
1199.741
1199.741
1199.741
1199.741
1199.741
1199.741
1199.741
1199.741
1199.741
1199.741
1199.741
1199.741
1199.741
1199.741
1199.741
1199.741
1199.741
1199.741
1199.741
1199.741
1199.741
1199.741
1199.741
1199.741
1199.741
1199.741
1199.741
1199.741
1199.741
1199.741
1199.741
1199.741
1199.741
1199.741
1199.741
1199.741
1199.741
1199.741
1199.741
1199.741
1199.741
1199.741
1199.741
1199.741
1199.741
1199.741
1199.741
1199.741
1199.741
1199.741
1199.741
1199.741
1199.741
1199.741
1199.741
1199.741
1199.741
1199.741
1199.741
1199.741
1199.741
1199.741
1199.741
1199.741
1199.741
1199.741
1199.741
1199.741
1199.741
1199.741
1199.741
1199.741
1199.741
1199.741
1199.741
1199.741
1199.741
1199.741
1199.741
1199.741
1199.741
1199.741
1199.741
1199.741
1199.741
1199.741
1199.741
1199.741
1199.741
1199.741
1199.741
1199.741
1199.457
1199.689
1199.765
1199.746
1199.739
1199.741
1199.742
1199.741
1199.741
1199.741
1199.741
1199.741
1199.741
1199.741
1199.741
1199.741
1199.741
1199.741
1199.741
1199.741
1199.741
1199.741
1199.741
1199.741
1199.741
1199.741
1199.741
1199.741
1199.741
1199.741
1199.741
1199.741
1199.741
1199.741
1199.741
1199.741
1199.741
1199.741
1199.741
1199.741
1199.741
1199.741
1199.741
1199.741
1199.741
1199.741
1199.741
1199.741
1199.741
1199.741
1199.741
1199.741
1199.741
1199.741
1199.741
1199.741
1199.741
1199.741
1199.741
1199.741
1199.741
1199.741
1199.741
1199.741
1199.741
1199.741
1199.741
1199.741
1199.741
1199.741
1199.741
1199.741
1199.741
1199.741
1199.741
1199.741
1199.741
1199.741
1199.741
1199.741
1199.741
1199.741
1199.741
1199.741
1199.741
1199.741
1199.741
1199.741
1199.741
1199.741
1199.741
1199.741
1199.741
1199.741
1199.741
1199.741
1199.741
1199.741
1199.741
1199.741
1199.457
1199.689
1199.765
1199.746
1199.739
1199.741
1199.742
1199.741
1199.741
1199.741
1199.741
1199.741
1199.741
1199.741
1199.741
1199.741
1199.741
1199.741
1199.741
1199.741
1199.741
1199.741
1199.741
1199.741
1199.741
1199.741
1199.741
1199.741
1199.741
1199.741
1199.741
1199.741
1199.741
1199.741
1199.741
1199.741
1199.741
1199.741
1199.741
1199.741
1199.741
1199.741
1199.741
1199.741
1199.741
1199.741
1199.741
1199.741
1199.741
1199.741
1199.741
1199.741
1199.741
1199.741
1199.741
1199.741
1199.741
1199.741
1199.741
1199.741
1199.741
1199.741
1199.741
1199.741
1199.741
1199.741
1199.741
1199.741
1199.741
1199.741
1199.741
1199.741
1199.741
1199.741
1199.741
1199.741
1199.741
1199.741
1199.741
1199.741
1199.741
1199.741
1199.741
1199.741
1199.741
1199.741
1199.741
1199.741
1199.741
1199.741
1199.741
1199.741
1199.741
1199.741
1199.741
1199.741
1199.741
1199.741
1199.741
1199.741
1199.457
1199.689
1199.765
1199.746
1199.739
1199.741
1199.742
1199.741
1199.741
1199.741
1199.741
1199.741
1199.741
1199.741
1199.741
1199.741
1199.741
1199.741
1199.741
1199.741
1199.741
1199.741
1199.741
1199.741
1199.741
1199.741
1199.741
1199.741
1199.741
1199.741
1199.741
1199.741
1199.741
1199.741
1199.741
1199.741
1199.741
1199.741
1199.741
1199.741
1199.741
1199.741
1199.741
1199.741
1199.741
1199.741
1199.741
1199.741
1199.741
1199.741
1199.741
1199.741
1199.741
1199.741
1199.741
1199.741
1199.741
1199.741
1199.741
1199.741
1199.741
1199.741
1199.741
1199.741
1199.741
1199.741
1199.741
1199.741
1199.741
1199.741
1199.741
1199.741
1199.741
1199.741
1199.741
1199.741
1199.741
1199.741
1199.741
1199.741
1199.741
1199.741
1199.741
1199.741
1199.741
1199.741
1199.741
1199.741
1199.741
1199.741
1199.741
1199.741
1199.741
1199.741
1199.741
1199.741
1199.741
1199.741
1199.741
1199.741
1199.457
1199.689
1199.765
1199.746
1199.739
1199.741
1199.742
1199.741
1199.741
1199.741
1199.741
1199.741
1199.741
1199.741
1199.741
1199.741
1199.741
1199.741
1199.741
1199.741
1199.741
1199.741
1199.741
1199.741
1199.741
1199.741
1199.741
1199.741
1199.741
1199.741
1199.741
1199.741
1199.741
1199.741
1199.741
1199.741
1199.741
1199.741
1199.741
1199.741
1199.741
1199.741
1199.741
1199.741
1199.741
1199.741
1199.741
1199.741
1199.741
1199.741
1199.741
1199.741
1199.741
1199.741
1199.741
1199.741
1199.741
1199.741
1199.741
1199.741
1199.741
1199.741
1199.741
1199.741
1199.741
1199.741
1199.741
1199.741
1199.741
1199.741
1199.741
1199.741
1199.741
1199.741
1199.741
1199.741
1199.741
1199.741
1199.741
1199.741
1199.741
1199.741
1199.741
1199.741
1199.741
1199.741
1199.741
1199.741
1199.741
1199.741
1199.741
1199.741
1199.741
1199.741
1199.741
1199.741
1199.741
1199.741
1199.741
1199.741
1199.457
1199.689
1199.765
1199.746
1199.739
1199.741
1199.742
1199.741
1199.741
1199.741
1199.741
1199.741
1199.741
1199.741
1199.741
1199.741
1199.741
1199.741
1199.741
1199.741
1199.741
1199.741
1199.741
1199.741
1199.741
1199.741
1199.741
1199.741
1199.741
1199.741
1199.741
1199.741
1199.741
1199.741
1199.741
1199.741
1199.741
1199.741
1199.741
1199.741
1199.741
1199.741
1199.741
1199.741
1199.741
1199.741
1199.741
1199.741
1199.741
1199.741
1199.741
1199.741
1199.741
1199.741
1199.741
1199.741
1199.741
1199.741
1199.741
1199.741
1199.741
1199.741
1199.741
1199.741
1199.741
1199.741
1199.741
1199.741
1199.741
1199.741
1199.741
1199.741
1199.741
1199.741
1199.741
1199.741
1199.741
1199.741
1199.741
1199.741
1199.741
1199.741
1199.741
1199.741
1199.741
1199.741
1199.741
1199.741
1199.741
1199.741
1199.741
1199.741
1199.741
1199.741
1199.741
1199.741
1199.741
1199.741
1199.741
1199.741
1199.457
1199.689
1199.765
1199.746
1199.739
1199.741
1199.742
1199.741
1199.741
1199.741
1199.741
1199.741
1199.741
1199.741
1199.741
1199.741
1199.741
1199.741
1199.741
1199.741
1199.741
1199.741
1199.741
1199.741
1199.741
1199.741
1199.741
1199.741
1199.741
1199.741
1199.741
1199.741
1199.741
1199.741
1199.741
1199.741
1199.741
1199.741
1199.741
1199.741
1199.741
1199.741
1199.741
1199.741
1199.741
1199.741
1199.741
1199.741
1199.741
1199.741
1199.741
1199.741
1199.741
1199.741
1199.741
1199.741
1199.741
1199.741
1199.741
1199.741
1199.741
1199.741
1199.741
1199.741
1199.741
1199.741
1199.741
1199.741
1199.741
1199.741
1199.741
1199.741
1199.741
1199.741
1199.741
1199.741
1199.741
1199.741
1199.741
1199.741
1199.741
1199.741
1199.741
1199.741
1199.741
1199.741
1199.741
1199.741
1199.741
1199.741
1199.741
1199.741
1199.741
1199.741
1199.741
1199.741
1199.741
1199.741
1199.741
1199.741
1199.457
1199.689
1199.765
1199.746
1199.739
1199.741
1199.742
1199.741
1199.741
1199.741
1199.741
1199.741
1199.741
1199.741
1199.741
1199.741
1199.741
1199.741
1199.741
1199.741
1199.741
1199.741
1199.741
1199.741
1199.741
1199.741
1199.741
1199.741
1199.741
1199.741
1199.741
1199.741
1199.741
1199.741
1199.741
1199.741
1199.741
1199.741
1199.741
1199.741
1199.741
1199.741
1199.741
1199.741
1199.741
1199.741
1199.741
1199.741
1199.741
1199.741
1199.741
1199.741
1199.741
1199.741
1199.741
1199.741
1199.741
1199.741
1199.741
1199.741
1199.741
1199.741
1199.741
1199.741
1199.741
1199.741
1199.741
1199.741
1199.741
1199.741
1199.741
1199.741
1199.741
1199.741
1199.741
1199.741
1199.741
1199.741
1199.741
1199.741
1199.741
1199.741
1199.741
1199.741
1199.741
1199.741
1199.741
1199.741
1199.741
1199.741
1199.741
1199.741
1199.741
1199.741
1199.741
1199.741
1199.741
1199.741
1199.741
1199.741
1199.457
1199.689
1199.765
1199.746
1199.739
1199.741
1199.742
1199.741
1199.741
1199.741
1199.741
1199.741
1199.741
1199.741
1199.741
1199.741
1199.741
1199.741
1199.741
1199.741
1199.741
1199.741
1199.741
1199.741
1199.741
1199.741
1199.741
1199.741
1199.741
1199.741
1199.741
1199.741
1199.741
1199.741
1199.741
1199.741
1199.741
1199.741
1199.741
1199.741
1199.741
1199.741
1199.741
1199.741
1199.741
1199.741
1199.741
1199.741
1199.741
1199.741
1199.741
1199.741
1199.741
1199.741
1199.741
1199.741
1199.741
1199.741
1199.741
1199.741
1199.741
1199.741
1199.741
1199.741
1199.741
1199.741
1199.741
1199.741
1199.741
1199.741
1199.741
1199.741
1199.741
1199.741
1199.741
1199.741
1199.741
1199.741
1199.741
1199.741
1199.741
1199.741
1199.741
1199.741
1199.741
1199.741
1199.741
1199.741
1199.741
1199.741
1199.741
1199.741
1199.741
1199.741
1199.741
1199.741
1199.741
1199.741
1199.741
1199.741
1199.457
1199.689
1199.765
1199.746
1199.739
1199.741
1199.742
1199.741
1199.741
1199.741
1199.741
1199.741
1199.741
1199.741
1199.741
1199.741
1199.741
1199.741
1199.741
1199.741
1199.741
1199.741
1199.741
1199.741
1199.741
1199.741
1199.741
1199.741
1199.741
1199.741
1199.741
1199.741
1199.741
1199.741
1199.741
1199.741
1199.741
1199.741
1199.741
1199.741
1199.741
1199.741
1199.741
1199.741
1199.741
1199.741
1199.741
1199.741
1199.741
1199.741
1199.741
1199.741
1199.741
1199.741
1199.741
1199.741
1199.741
1199.741
1199.741
1199.741
1199.741
1199.741
1199.741
1199.741
1199.741
1199.741
1199.741
1199.741
1199.741
1199.741
1199.741
1199.741
1199.741
1199.741
1199.741
1199.741
1199.741
1199.741
1199.741
1199.741
1199.741
1199.741
1199.741
1199.741
1199.741
1199.741
1199.741
1199.741
1199.741
1199.741
1199.741
1199.741
1199.741
1199.741
1199.741
1199.741
1199.741
1199.741
1199.741
1199.741
1199.457
1199.689
1199.765
1199.746
1199.739
1199.741
1199.742
1199.741
1199.741
1199.741
1199.741
1199.741
1199.741
1199.741
1199.741
1199.741
1199.741
1199.741
1199.741
1199.741
1199.741
1199.741
1199.741
1199.741
1199.741
1199.741
1199.741
1199.741
1199.741
1199.741
1199.741
1199.741
1199.741
1199.741
1199.741
1199.741
1199.741
1199.741
1199.741
1199.741
1199.741
1199.741
1199.741
1199.741
1199.741
1199.741
1199.741
1199.741
1199.741
1199.741
1199.741
1199.741
1199.741
1199.741
1199.741
1199.741
1199.741
1199.741
1199.741
1199.741
1199.741
1199.741
1199.741
1199.741
1199.741
1199.741
1199.741
1199.741
1199.741
1199.741
1199.741
1199.741
1199.741
1199.741
1199.741
1199.741
1199.741
1199.741
1199.741
1199.741
1199.741
1199.741
1199.741
1199.741
1199.741
1199.741
1199.741
1199.741
1199.741
1199.741
1199.741
1199.741
1199.741
1199.741
1199.741
1199.741
1199.741
1199.741
1199.741
1199.741
1199.457
1199.689
1199.765
1199.746
1199.739
1199.741
1199.742
1199.741
1199.741
1199.741
1199.741
1199.741
1199.741
1199.741
1199.741
1199.741
1199.741
1199.741
1199.741
1199.741
1199.741
1199.741
1199.741
1199.741
1199.741
1199.741
1199.741
1199.741
1199.741
1199.741
1199.741
1199.741
1199.741
1199.741
1199.741
1199.741
1199.741
1199.741
1199.741
1199.741
1199.741
1199.741
1199.741
1199.741
1199.741
1199.741
1199.741
1199.741
1199.741
1199.741
1199.741
1199.741
1199.741
1199.741
1199.741
1199.741
1199.741
1199.741
1199.741
1199.741
1199.741
1199.741
1199.741
1199.741
1199.741
1199.741
1199.741
1199.741
1199.741
1199.741
1199.741
1199.741
1199.741
1199.741
1199.741
1199.741
1199.741
1199.741
1199.741
1199.741
1199.741
1199.741
1199.741
1199.741
1199.741
1199.741
1199.741
1199.741
1199.741
1199.741
1199.741
1199.741
1199.741
1199.741
1199.741
1199.741
1199.741
1199.741
1199.741
1199.741
1199.457
1199.689
1199.765
1199.746
1199.739
1199.741
1199.742
1199.741
1199.741
1199.741
1199.741
1199.741
1199.741
1199.741
1199.741
1199.741
1199.741
1199.741
1199.741
1199.741
1199.741
1199.741
1199.741
1199.741
1199.741
1199.741
1199.741
1199.741
1199.741
1199.741
1199.741
1199.741
1199.741
1199.741
1199.741
1199.741
1199.741
1199.741
1199.741
1199.741
1199.741
1199.741
1199.741
1199.741
1199.741
1199.741
1199.741
1199.741
1199.741
1199.741
1199.741
1199.741
1199.741
1199.741
1199.741
1199.741
1199.741
1199.741
1199.741
1199.741
1199.741
1199.741
1199.741
1199.741
1199.741
1199.741
1199.741
1199.741
1199.741
1199.741
1199.741
1199.741
1199.741
1199.741
1199.741
1199.741
1199.741
1199.741
1199.741
1199.741
1199.741
1199.741
1199.741
1199.741
1199.741
1199.741
1199.741
1199.741
1199.741
1199.741
1199.741
1199.741
1199.741
1199.741
1199.741
1199.741
1199.741
1199.741
1199.741
1199.741
1199.457
1199.69
1199.765
1199.746
1199.739
1199.741
1199.742
1199.741
1199.741
1199.741
1199.741
1199.741
1199.741
1199.741
1199.741
1199.741
1199.741
1199.741
1199.741
1199.741
1199.741
1199.741
1199.741
1199.741
1199.741
1199.741
1199.741
1199.741
1199.741
1199.741
1199.741
1199.741
1199.741
1199.741
1199.741
1199.741
1199.741
1199.741
1199.741
1199.741
1199.741
1199.741
1199.741
1199.741
1199.741
1199.741
1199.741
1199.741
1199.741
1199.741
1199.741
1199.741
1199.741
1199.741
1199.741
1199.741
1199.741
1199.741
1199.741
1199.741
1199.741
1199.741
1199.741
1199.741
1199.741
1199.741
1199.741
1199.741
1199.741
1199.741
1199.741
1199.741
1199.741
1199.741
1199.741
1199.741
1199.741
1199.741
1199.741
1199.741
1199.741
1199.741
1199.741
1199.741
1199.741
1199.741
1199.741
1199.741
1199.741
1199.741
1199.741
1199.741
1199.741
1199.741
1199.741
1199.741
1199.741
1199.741
1199.741
1199.741
1199.457
1199.69
1199.765
1199.746
1199.739
1199.741
1199.742
1199.741
1199.741
1199.741
1199.741
1199.741
1199.741
1199.741
1199.741
1199.741
1199.741
1199.741
1199.741
1199.741
1199.741
1199.741
1199.741
1199.741
1199.741
1199.741
1199.741
1199.741
1199.741
1199.741
1199.741
1199.741
1199.741
1199.741
1199.741
1199.741
1199.741
1199.741
1199.741
1199.741
1199.741
1199.741
1199.741
1199.741
1199.741
1199.741
1199.741
1199.741
1199.741
1199.741
1199.741
1199.741
1199.741
1199.741
1199.741
1199.741
1199.741
1199.741
1199.741
1199.741
1199.741
1199.741
1199.741
1199.741
1199.741
1199.741
1199.741
1199.741
1199.741
1199.741
1199.741
1199.741
1199.741
1199.741
1199.741
1199.741
1199.741
1199.741
1199.741
1199.741
1199.741
1199.741
1199.741
1199.741
1199.741
1199.741
1199.741
1199.741
1199.741
1199.741
1199.741
1199.741
1199.741
1199.741
1199.741
1199.741
1199.741
1199.741
1199.741
1199.741
1199.457
1199.69
1199.765
1199.746
1199.739
1199.741
1199.742
1199.741
1199.741
1199.741
1199.741
1199.741
1199.741
1199.741
1199.741
1199.741
1199.741
1199.741
1199.741
1199.741
1199.741
1199.741
1199.741
1199.741
1199.741
1199.741
1199.741
1199.741
1199.741
1199.741
1199.741
1199.741
1199.741
1199.741
1199.741
1199.741
1199.741
1199.741
1199.741
1199.741
1199.741
1199.741
1199.741
1199.741
1199.741
1199.741
1199.741
1199.741
1199.741
1199.741
1199.741
1199.741
1199.741
1199.741
1199.741
1199.741
1199.741
1199.741
1199.741
1199.741
1199.741
1199.741
1199.741
1199.741
1199.741
1199.741
1199.741
1199.741
1199.741
1199.741
1199.741
1199.741
1199.741
1199.741
1199.741
1199.741
1199.741
1199.741
1199.741
1199.741
1199.741
1199.741
1199.741
1199.741
1199.741
1199.741
1199.741
1199.741
1199.741
1199.741
1199.741
1199.741
1199.741
1199.741
1199.741
1199.741
1199.741
1199.741
1199.741
1199.741
1199.457
1199.69
1199.765
1199.746
1199.739
1199.741
1199.742
1199.741
1199.741
1199.741
1199.741
1199.741
1199.741
1199.741
1199.741
1199.741
1199.741
1199.741
1199.741
1199.741
1199.741
1199.741
1199.741
1199.741
1199.741
1199.741
1199.741
1199.741
1199.741
1199.741
1199.741
1199.741
1199.741
1199.741
1199.741
1199.741
1199.741
1199.741
1199.741
1199.741
1199.741
1199.741
1199.741
1199.741
1199.741
1199.741
1199.741
1199.741
1199.741
1199.741
1199.741
1199.741
1199.741
1199.741
1199.741
1199.741
1199.741
1199.741
1199.741
1199.741
1199.741
1199.741
1199.741
1199.741
1199.741
1199.741
1199.741
1199.741
1199.741
1199.741
1199.741
1199.741
1199.741
1199.741
1199.741
1199.741
1199.741
1199.741
1199.741
1199.741
1199.741
1199.741
1199.741
1199.741
1199.741
1199.741
1199.741
1199.741
1199.741
1199.741
1199.741
1199.741
1199.741
1199.741
1199.741
1199.741
1199.741
1199.741
1199.741
1199.741
1199.457
1199.69
1199.765
1199.746
1199.739
1199.741
1199.742
1199.741
1199.741
1199.741
1199.741
1199.741
1199.741
1199.741
1199.741
1199.741
1199.741
1199.741
1199.741
1199.741
1199.741
1199.741
1199.741
1199.741
1199.741
1199.741
1199.741
1199.741
1199.741
1199.741
1199.741
1199.741
1199.741
1199.741
1199.741
1199.741
1199.741
1199.741
1199.741
1199.741
1199.741
1199.741
1199.741
1199.741
1199.741
1199.741
1199.741
1199.741
1199.741
1199.741
1199.741
1199.741
1199.741
1199.741
1199.741
1199.741
1199.741
1199.741
1199.741
1199.741
1199.741
1199.741
1199.741
1199.741
1199.741
1199.741
1199.741
1199.741
1199.741
1199.741
1199.741
1199.741
1199.741
1199.741
1199.741
1199.741
1199.741
1199.741
1199.741
1199.741
1199.741
1199.741
1199.741
1199.741
1199.741
1199.741
1199.741
1199.741
1199.741
1199.741
1199.741
1199.741
1199.741
1199.741
1199.741
1199.741
1199.741
1199.741
1199.741
1199.741
1199.457
1199.69
1199.765
1199.746
1199.739
1199.741
1199.742
1199.741
1199.741
1199.741
1199.741
1199.741
1199.741
1199.741
1199.741
1199.741
1199.741
1199.741
1199.741
1199.741
1199.741
1199.741
1199.741
1199.741
1199.741
1199.741
1199.741
1199.741
1199.741
1199.741
1199.741
1199.741
1199.741
1199.741
1199.741
1199.741
1199.741
1199.741
1199.741
1199.741
1199.741
1199.741
1199.741
1199.741
1199.741
1199.741
1199.741
1199.741
1199.741
1199.741
1199.741
1199.741
1199.741
1199.741
1199.741
1199.741
1199.741
1199.741
1199.741
1199.741
1199.741
1199.741
1199.741
1199.741
1199.741
1199.741
1199.741
1199.741
1199.741
1199.741
1199.741
1199.741
1199.741
1199.741
1199.741
1199.741
1199.741
1199.741
1199.741
1199.741
1199.741
1199.741
1199.741
1199.741
1199.741
1199.741
1199.741
1199.741
1199.741
1199.741
1199.741
1199.741
1199.741
1199.741
1199.741
1199.741
1199.741
1199.741
1199.741
1199.741
1199.457
1199.69
1199.765
1199.746
1199.739
1199.741
1199.742
1199.741
1199.741
1199.741
1199.741
1199.741
1199.741
1199.741
1199.741
1199.741
1199.741
1199.741
1199.741
1199.741
1199.741
1199.741
1199.741
1199.741
1199.741
1199.741
1199.741
1199.741
1199.741
1199.741
1199.741
1199.741
1199.741
1199.741
1199.741
1199.741
1199.741
1199.741
1199.741
1199.741
1199.741
1199.741
1199.741
1199.741
1199.741
1199.741
1199.741
1199.741
1199.741
1199.741
1199.741
1199.741
1199.741
1199.741
1199.741
1199.741
1199.741
1199.741
1199.741
1199.741
1199.741
1199.741
1199.741
1199.741
1199.741
1199.741
1199.741
1199.741
1199.741
1199.741
1199.741
1199.741
1199.741
1199.741
1199.741
1199.741
1199.741
1199.741
1199.741
1199.741
1199.741
1199.741
1199.741
1199.741
1199.741
1199.741
1199.741
1199.741
1199.741
1199.741
1199.741
1199.741
1199.741
1199.741
1199.741
1199.741
1199.741
1199.741
1199.741
1199.741
1199.457
1199.69
1199.765
1199.746
1199.739
1199.741
1199.742
1199.741
1199.741
1199.741
1199.741
1199.741
1199.741
1199.741
1199.741
1199.741
1199.741
1199.741
1199.741
1199.741
1199.741
1199.741
1199.741
1199.741
1199.741
1199.741
1199.741
1199.741
1199.741
1199.741
1199.741
1199.741
1199.741
1199.741
1199.741
1199.741
1199.741
1199.741
1199.741
1199.741
1199.741
1199.741
1199.741
1199.741
1199.741
1199.741
1199.741
1199.741
1199.741
1199.741
1199.741
1199.741
1199.741
1199.741
1199.741
1199.741
1199.741
1199.741
1199.741
1199.741
1199.741
1199.741
1199.741
1199.741
1199.741
1199.741
1199.741
1199.741
1199.741
1199.741
1199.741
1199.741
1199.741
1199.741
1199.741
1199.741
1199.741
1199.741
1199.741
1199.741
1199.741
1199.741
1199.741
1199.741
1199.741
1199.741
1199.741
1199.741
1199.741
1199.741
1199.741
1199.741
1199.741
1199.741
1199.741
1199.741
1199.741
1199.741
1199.741
1199.741
1199.457
1199.69
1199.765
1199.746
1199.739
1199.741
1199.742
1199.741
1199.741
1199.741
1199.741
1199.741
1199.741
1199.741
1199.741
1199.741
1199.741
1199.741
1199.741
1199.741
1199.741
1199.741
1199.741
1199.741
1199.741
1199.741
1199.741
1199.741
1199.741
1199.741
1199.741
1199.741
1199.741
1199.741
1199.741
1199.741
1199.741
1199.741
1199.741
1199.741
1199.741
1199.741
1199.741
1199.741
1199.741
1199.741
1199.741
1199.741
1199.741
1199.741
1199.741
1199.741
1199.741
1199.741
1199.741
1199.741
1199.741
1199.741
1199.741
1199.741
1199.741
1199.741
1199.741
1199.741
1199.74
1199.74
1199.74
1199.74
1199.74
1199.74
1199.74
1199.74
1199.74
1199.74
1199.74
1199.74
1199.74
1199.74
1199.74
1199.74
1199.74
1199.74
1199.74
1199.74
1199.74
1199.74
1199.74
1199.739
1199.739
1199.739
1199.739
1199.739
1199.739
1199.739
1199.739
1199.739
1199.739
1199.739
1199.739
1199.739
1199.457
1199.689
1199.765
1199.746
1199.738
1199.74
1199.741
1199.74
1199.74
1199.74
1199.74
1199.74
1199.739
1199.739
1199.739
1199.739
1199.738
1199.738
1199.738
1199.737
1199.737
1199.737
1199.736
1199.736
1199.736
1199.735
1199.735
1199.734
1199.734
1199.733
1199.733
1199.732
1199.732
1199.731
1199.73
1199.73
1199.729
1199.729
1199.728
1199.727
1199.727
1199.726
1199.725
1199.724
1199.724
1199.723
1199.722
1199.721
1199.721
1199.72
1199.719
1199.718
1199.717
1199.716
1199.715
1199.714
1199.714
1199.713
1199.712
1199.711
1199.71
1199.709
1199.708
1199.707
1199.706
1199.704
1199.703
1199.702
1199.701
1199.7
1199.699
1199.698
1199.697
1199.695
1199.694
1199.693
1199.692
1199.69
1199.689
1199.688
1199.687
1199.685
1199.684
1199.683
1199.681
1199.68
1199.678
1199.677
1199.676
1199.674
1199.673
1199.671
1199.67
1199.669
1199.667
1199.666
1199.664
1199.663
1199.662
1199.661
1199.439
1199.652
1199.708
1199.67
1199.643
1199.626
1199.608
1199.589
1199.57
1199.551
1199.532
1199.512
1199.493
1199.474
1199.455
1199.436
1199.417
1199.398
1199.379
1199.36
1199.341
1199.321
1199.302
1199.283
1199.264
1199.245
1199.226
1199.207
1199.188
1199.168
1199.149
1199.13
1199.111
1199.092
1199.073
1199.054
1199.034
1199.015
1198.996
1198.977
1198.958
1198.939
1198.92
1198.9
1198.881
1198.862
1198.843
1198.824
1198.805
1198.785
1198.766
1198.747
1198.728
1198.709
1198.689
1198.67
1198.651
1198.632
1198.613
1198.593
1198.574
1198.555
1198.536
1198.517
1198.497
1198.478
1198.459
1198.44
1198.42
1198.401
1198.382
1198.363
1198.344
1198.324
1198.305
1198.286
1198.267
1198.247
1198.228
1198.209
1198.19
1198.17
1198.151
1198.132
1198.112
1198.093
1198.074
1198.055
1198.035
1198.016
1197.997
1197.977
1197.958
1197.939
1197.92
1197.9
1197.881
1197.862
1197.842
1197.823
)
;

boundaryField
{
    bottomAir_bottom
    {
        type            symmetryPlane;
    }
    leftLet
    {
        type            fixedValue;
        value           uniform 1200;
    }
    rightLet
    {
        type            zeroGradient;
    }
    frontAndBack
    {
        type            empty;
    }
    bottomAir_to_wall
    {
        type            compressible::turbulentTemperatureCoupledBaffleMixed;
        refValue        nonuniform List<scalar> 
100
(
1153.51
1153.575
1153.607
1153.605
1153.593
1153.58
1153.565
1153.55
1153.534
1153.517
1153.5
1153.483
1153.466
1153.449
1153.432
1153.415
1153.397
1153.38
1153.362
1153.345
1153.328
1153.31
1153.293
1153.275
1153.258
1153.24
1153.223
1153.205
1153.188
1153.17
1153.153
1153.135
1153.118
1153.1
1153.083
1153.065
1153.048
1153.03
1153.013
1152.995
1152.977
1152.96
1152.942
1152.925
1152.907
1152.89
1152.872
1152.855
1152.837
1152.819
1152.802
1152.784
1152.767
1152.749
1152.732
1152.714
1152.696
1152.679
1152.661
1152.644
1152.626
1152.608
1152.591
1152.573
1152.556
1152.538
1152.52
1152.503
1152.485
1152.468
1152.45
1152.432
1152.415
1152.397
1152.38
1152.362
1152.344
1152.327
1152.309
1152.291
1152.274
1152.256
1152.239
1152.221
1152.203
1152.186
1152.168
1152.151
1152.133
1152.116
1152.099
1152.081
1152.064
1152.047
1152.03
1152.014
1151.998
1151.984
1151.971
1151.961
)
;
        refGradient     uniform 0;
        valueFraction   nonuniform List<scalar> 
100
(
0.5384615
0.5384615
0.5384615
0.5384615
0.5384615
0.5384615
0.5384615
0.5384615
0.5384615
0.5384615
0.5384615
0.5384615
0.5384615
0.5384615
0.5384615
0.5384615
0.5384615
0.5384615
0.5384615
0.5384615
0.5384615
0.5384615
0.5384615
0.5384615
0.5384615
0.5384615
0.5384615
0.5384615
0.5384615
0.5384615
0.5384615
0.5384615
0.5384615
0.5384615
0.5384615
0.5384615
0.5384615
0.5384615
0.5384615
0.5384615
0.5384615
0.5384615
0.5384615
0.5384615
0.5384615
0.5384615
0.5384615
0.5384615
0.5384615
0.5384615
0.5384615
0.5384615
0.5384615
0.5384615
0.5384615
0.5384615
0.5384615
0.5384615
0.5384615
0.5384615
0.5384615
0.5384615
0.5384615
0.5384615
0.5384615
0.5384615
0.5384615
0.5384615
0.5384615
0.5384615
0.5384615
0.5384615
0.5384615
0.5384615
0.5384615
0.5384615
0.5384615
0.5384615
0.5384615
0.5384615
0.5384615
0.5384615
0.5384615
0.5384615
0.5384615
0.5384615
0.5384615
0.5384615
0.5384615
0.5384615
0.5384615
0.5384615
0.5384615
0.5384615
0.5384615
0.5384615
0.5384615
0.5384615
0.5384615
0.5384615
)
;
        value           nonuniform List<scalar> 
100
(
1174.708
1174.841
1174.885
1174.866
1174.847
1174.832
1174.816
1174.799
1174.781
1174.763
1174.745
1174.727
1174.709
1174.691
1174.673
1174.655
1174.637
1174.619
1174.601
1174.583
1174.564
1174.546
1174.528
1174.51
1174.491
1174.473
1174.455
1174.437
1174.418
1174.4
1174.382
1174.364
1174.345
1174.327
1174.309
1174.291
1174.272
1174.254
1174.236
1174.217
1174.199
1174.181
1174.163
1174.144
1174.126
1174.108
1174.089
1174.071
1174.053
1174.034
1174.016
1173.998
1173.98
1173.961
1173.943
1173.925
1173.906
1173.888
1173.87
1173.851
1173.833
1173.815
1173.796
1173.778
1173.76
1173.741
1173.723
1173.704
1173.686
1173.668
1173.649
1173.631
1173.613
1173.594
1173.576
1173.558
1173.539
1173.521
1173.502
1173.484
1173.466
1173.447
1173.429
1173.411
1173.392
1173.374
1173.355
1173.337
1173.319
1173.301
1173.282
1173.264
1173.246
1173.228
1173.21
1173.192
1173.175
1173.158
1173.142
1173.128
)
;
        Tnbr            T;
        thicknessLayers 0();
        kappaLayers     0();
        kappa           fluidThermo;
        kappaName       none;
    }
}


// ************************************************************************* //
