0.38	550
0.378903	631.726
0.377647	682.453
0.376272	713.346
0.374782	733.217
0.373175	747.644
0.371452	759.022
0.369611	768.501
0.367648	776.723
0.365559	784.058
0.363335	790.748
0.36097	796.944
0.358459	802.743
0.355792	808.223
0.352957	813.439
0.349945	818.426
0.346739	823.214
0.343322	827.825
0.339685	832.261
0.335804	836.537
0.331662	840.655
0.327236	844.615
0.322496	848.422
0.31741	852.077
0.311937	855.582
0.306042	858.93
0.299666	862.126
0.292759	865.167
0.285248	868.055
0.277049	870.795
0.268	873.354
0.258	875.875
0.248624	877.895
0.239552	879.626
0.230886	881.119
0.222609	882.434
0.214703	883.61
0.207153	884.679
0.199941	885.663
0.193054	886.579
0.186476	887.438
0.180194	888.252
0.174195	889.027
0.168465	889.774
0.162994	890.504
0.157769	891.236
0.152779	892.003
0.148014	892.855
0.143464	893.761
0.139119	893.853
0.134969	889.52
0.131007	871.978
0.127224	833.747
0.123611	777.295
0.120162	709.555
0.116868	636.741
0.113722	566.812
0.110719	509.47
0.107852	472.502
0.105113	455.203
0.1025	449.876
0.1	450.443
0.0975	453.965
0.095	458.631
0.0925	463.474
0.09	468.019
0.0875	472.069
0.085	475.594
0.0825	478.671
0.08	481.404
0.0775	483.896
0.075	486.233
0.0725	488.487
0.07	490.71
0.0675	492.94
0.065	495.202
0.0625	497.509
0.06	499.867
0.0575	502.273
0.055	504.718
0.0525	507.19
0.05	509.672
0.0475	512.146
0.045	514.594
0.0425	516.998
0.04	519.341
0.0375	521.604
0.035	523.775
0.0325	525.839
0.03	527.786
0.0275	529.604
0.025	531.286
0.0225	532.825
0.02	534.215
0.0175	535.45
0.015	536.528
0.0125	537.444
0.01	538.197
0.0075	538.784
0.005	539.205
0.0025	539.457
0	539.499
