0.38	550
0.378903	658.656
0.377647	716.572
0.376272	747.772
0.374782	767.593
0.373175	782.168
0.371452	793.802
0.369611	803.557
0.367648	812.019
0.365559	819.528
0.363335	826.308
0.36097	832.501
0.358459	838.2
0.355792	843.482
0.352957	848.407
0.349945	853.014
0.346739	857.339
0.344336	860.201
0.343322	861.408
0.339685	865.23
0.335804	868.834
0.331662	872.231
0.327236	875.432
0.322496	878.451
0.31741	881.295
0.311937	883.973
0.306042	886.487
0.299666	888.842
0.292759	891.038
0.285248	893.075
0.277049	894.951
0.268	896.613
0.258	898.21
0.248624	899.395
0.239552	900.344
0.230886	901.11
0.222609	901.747
0.214703	902.298
0.207153	902.794
0.199941	903.259
0.193054	903.71
0.186476	904.162
0.180194	904.628
0.174195	905.118
0.168465	905.638
0.162994	906.189
0.157769	906.725
0.152779	907.017
0.148014	906.334
0.143464	902.54
0.139119	891.7
0.134969	871.014
0.131007	841.169
0.127224	804.6
0.123611	763.61
0.120162	720.17
0.116868	676.169
0.113722	633.598
0.110719	594.577
0.107852	561.037
0.105113	534.137
0.1025	513.931
0.1	499.517
0.0975	489.271
0.095	482.337
0.0925	477.89
0.09	475.244
0.0875	473.895
0.085	473.469
0.0825	473.712
0.08	474.477
0.0775	475.657
0.075	477.191
0.0725	479.048
0.07	481.215
0.0675	483.687
0.065	486.46
0.0625	489.528
0.06	492.88
0.0575	496.499
0.055	500.363
0.0525	504.44
0.05	508.692
0.0475	513.076
0.045	517.548
0.0425	522.062
0.04	526.571
0.0375	531.031
0.035	535.398
0.0325	539.631
0.03	543.694
0.0275	547.551
0.025	551.172
0.0225	554.529
0.02	557.595
0.0175	560.351
0.015	562.776
0.0125	564.854
0.01	566.572
0.0075	567.919
0.005	568.888
0.0025	569.47
0	569.569
