0.38	550
0.378903	805.116
0.377647	858.436
0.376272	869.365
0.374782	876.738
0.373175	882.164
0.371452	886.357
0.369611	889.686
0.367648	892.37
0.365559	894.539
0.36356	896.102
0.363335	896.28
0.36097	897.663
0.358459	898.704
0.355792	899.422
0.352957	899.825
0.349945	899.912
0.346739	899.68
0.343322	899.119
0.339685	898.211
0.336944	897.311
0.335804	896.962
0.331662	895.415
0.327236	893.498
0.322496	891.195
0.31741	888.488
0.311937	885.357
0.309103	883.648
0.306042	881.937
0.299666	878.27
0.292759	874.188
0.285248	869.578
0.280701	866.699
0.277049	864.577
0.268	859.182
0.258	853.457
0.248624	848.647
0.239552	845.227
0.230886	843.73
0.222609	844.656
0.214703	848.261
0.207153	854.541
0.199941	863.436
0.193054	874.754
0.186476	888.196
0.180194	903.427
0.174195	920.106
0.168465	937.9
0.162994	956.499
0.157769	975.622
0.152779	995.022
0.148014	1014.48
0.143464	1033.82
0.139119	1052.88
0.134969	1071.54
0.131007	1089.68
0.127224	1107.23
0.123611	1124.13
0.120162	1140.32
0.116868	1155.79
0.113722	1170.52
0.110719	1184.49
0.107852	1197.73
0.105113	1210.23
0.1025	1222.01
0.1	1233.12
0.0975	1244.06
0.095	1254.79
0.0925	1265.29
0.09	1275.53
0.0875	1285.5
0.085	1295.18
0.0825	1304.53
0.08	1313.55
0.0775	1322.22
0.075	1330.52
0.0725	1338.44
0.07	1345.97
0.0675	1353.11
0.065	1359.85
0.0625	1366.19
0.06	1372.13
0.0575	1377.69
0.055	1382.86
0.0525	1387.65
0.05	1392.09
0.0475	1396.18
0.045	1399.94
0.0425	1403.37
0.04	1406.51
0.0375	1409.37
0.035	1411.96
0.0325	1414.3
0.03	1416.39
0.0275	1418.27
0.025	1419.93
0.0225	1421.4
0.02	1422.68
0.0175	1423.79
0.015	1424.72
0.0125	1425.51
0.01	1426.14
0.0075	1426.62
0.005	1426.97
0.0025	1427.18
0	1427.21
