0	0
0.00254	1.96487e-05
0.00508	0.00016744
0.00762	0.00122646
0.01016	0.0068783
0.0127	0.0260912
0.01524	0.0652396
0.01778	0.118717
0.02032	0.176517
0.02286	0.23259
0.0254	0.284066
0.02794	0.330014
0.03048	0.370529
0.03302	0.406175
0.03556	0.437634
0.0381	0.465531
0.04064	0.490382
0.04318	0.5126
0.04572	0.532517
0.04826	0.5504
0.0508	0.566468
0.05334	0.580902
0.05588	0.59386
0.05842	0.605479
0.06096	0.615882
0.0635	0.62518
0.06604	0.633476
0.06858	0.640865
0.07112	0.647433
0.07366	0.653261
0.0762	0.658423
0.07874	0.662988
0.08128	0.667019
0.08382	0.670571
0.08636	0.673698
0.0889	0.676445
0.09144	0.678856
0.09398	0.680969
0.09652	0.682818
0.09906	0.684432
0.1016	0.685844
0.108285	0.688779
0.115181	0.690862
0.122173	0.692294
0.129174	0.693267
0.136119	0.693936
0.14299	0.694413
0.149873	0.694775
0.156892	0.695073
0.163819	0.695326
0.170777	0.695558
0.177687	0.695774
0.184575	0.695984
0.191512	0.696192
0.198413	0.696398
0.205408	0.696608
0.212444	0.69682
0.219465	0.697034
0.226413	0.697249
0.233497	0.69747
0.240482	0.69769
0.247537	0.697917
0.254636	0.698147
0.261752	0.698381
0.268857	0.698618
0.275922	0.698856
0.2831	0.699101
0.290191	0.699346
0.29736	0.699597
0.304595	0.699853
0.311885	0.700113
0.319217	0.700377
0.326577	0.700643
0.333952	0.700911
0.341326	0.70118
0.348686	0.701447
0.356015	0.70171
0.363562	0.701979
0.370994	0.702238
0.378498	0.702493
0.386068	0.702741
0.393552	0.702977
0.401083	0.703202
0.408654	0.703416
0.416259	0.703616
0.423892	0.703802
0.431544	0.703973
0.439379	0.704132
0.447226	0.704275
0.455079	0.704404
0.46293	0.704518
0.470956	0.704622
0.478971	0.704714
0.486969	0.704794
0.495135	0.704866
0.503275	0.70493
0.511378	0.704985
0.519645	0.705035
0.527867	0.705079
0.53625	0.705119
0.544577	0.705154
0.553064	0.705185
0.561714	0.705214
0.570296	0.70524
0.579038	0.705264
0.587701	0.705286
0.596522	0.705306
0.605503	0.705325
0.614392	0.705343
0.623437	0.70536
0.632576	0.705376
0.641741	0.705391
0.651064	0.705406
0.66041	0.70542
0.669914	0.705434
0.679436	0.705448
0.689118	0.705462
0.698963	0.705476
0.708821	0.70549
0.718842	0.705504
0.728873	0.705518
0.739067	0.705532
0.749426	0.705547
0.759954	0.705561
0.770487	0.705576
0.781189	0.705592
0.792062	0.705608
0.803108	0.705624
0.814155	0.70564
0.825376	0.705658
0.836773	0.705675
0.84835	0.705693
0.860109	0.705712
0.872053	0.705731
0.884186	0.705751
0.896509	0.705771
0.909027	0.705792
0.921741	0.705814
0.934656	0.705836
0.947774	0.705859
0.961099	0.705883
0.974633	0.705907
0.988381	0.705933
1.00235	0.705959
1.01653	0.705986
1.03094	0.706013
1.04557	0.706042
1.06067	0.706071
1.07602	0.706102
1.09161	0.706134
1.10745	0.706167
1.12354	0.706201
1.14015	0.706236
1.15702	0.706273
1.17424	0.706312
1.19174	0.706351
1.20966	0.706393
1.22788	0.706436
1.24654	0.706481
1.26565	0.706527
1.28508	0.706576
1.30499	0.706626
1.32523	0.706679
1.34596	0.706734
1.36705	0.706791
1.38865	0.70685
1.41062	0.706911
1.43297	0.706974
1.4557	0.707039
1.47898	0.707107
1.50267	0.707177
1.52659	0.707248
1.55091	0.707321
1.57566	0.707397
1.60063	0.707474
1.62603	0.707553
1.65167	0.707634
1.67755	0.707716
1.70346	0.707799
1.72959	0.707883
1.75574	0.707968
1.78189	0.708054
1.80803	0.70814
1.83415	0.708226
1.86024	0.708313
1.88605	0.708399
1.91157	0.708485
1.93677	0.70857
1.96186	0.708654
1.9866	0.708738
2.01072	0.70882
2.03443	0.708901
2.05771	0.708981
2.08054	0.709059
2.10289	0.709136
2.12475	0.709212
2.14609	0.709286
2.16689	0.709359
2.18713	0.709431
2.20679	0.709501
2.22591	0.709571
2.24455	0.709639
2.26268	0.709707
2.2803	0.709775
2.29739	0.709843
2.31407	0.709912
2.33019	0.709981
2.34587	0.710051
2.36111	0.710122
2.37589	0.710195
2.39035	0.71027
2.40434	0.710348
2.41798	0.710429
2.43128	0.710513
2.44407	0.710599
2.45665	0.710689
2.46886	0.710783
2.48069	0.710879
2.49229	0.71098
2.50351	0.711083
2.51448	0.711191
2.5252	0.711304
2.53568	0.711422
2.5459	0.711544
2.55586	0.711671
2.56556	0.711804
2.57499	0.71194
2.58416	0.712081
2.59321	0.712228
2.60198	0.712377
2.61064	0.712531
2.61901	0.712686
2.62726	0.712843
2.63538	0.713001
2.64321	0.713155
2.65091	0.713308
2.65848	0.713457
2.66592	0.713602
2.67322	0.713743
2.68038	0.713879
2.6874	0.71401
2.68991	0.714056
2.69243	0.714102
2.69494	0.714147
2.69745	0.714192
2.69997	0.714236
2.70248	0.714279
2.70499	0.714322
2.70751	0.714364
2.71002	0.714405
2.71253	0.714445
2.71505	0.714485
2.71756	0.714525
2.72007	0.714564
2.72259	0.714602
2.7251	0.714639
2.72761	0.714676
2.73013	0.714712
2.73264	0.714748
2.73515	0.714783
2.73767	0.714818
2.74018	0.714852
2.74269	0.714886
2.74521	0.714919
2.74772	0.714952
2.75023	0.714985
2.75275	0.715016
2.75526	0.715048
2.75777	0.715079
2.76029	0.71511
2.7628	0.71514
2.76531	0.71517
2.76783	0.7152
2.77034	0.71523
2.77285	0.715259
2.77537	0.715287
2.77788	0.715316
2.78039	0.715344
2.78291	0.715372
2.78542	0.7154
2.78793	0.715427
2.79045	0.715454
2.79296	0.715481
2.79547	0.715508
2.79799	0.715535
2.8005	0.715561
2.80301	0.715587
2.80553	0.715613
2.80804	0.715639
2.81055	0.715665
2.81307	0.71569
2.81558	0.715716
2.81809	0.715741
2.82061	0.715766
2.82312	0.715791
2.82563	0.715816
2.82815	0.71584
2.83066	0.715865
2.83317	0.71589
2.83569	0.715914
2.8382	0.715938
2.84071	0.715962
2.84323	0.715986
2.84574	0.71601
2.84825	0.716034
2.85077	0.716058
2.85328	0.716082
2.85579	0.716105
2.85831	0.716129
2.86082	0.716152
2.86333	0.716176
2.86585	0.716199
2.86836	0.716222
2.87087	0.716246
2.87339	0.716269
2.8759	0.716292
2.87841	0.716315
2.88093	0.716338
2.88344	0.716361
2.88595	0.716384
2.88847	0.716406
2.89098	0.716429
2.89349	0.716452
2.89601	0.716475
2.89852	0.716497
2.90103	0.71652
2.90355	0.716542
2.90606	0.716565
2.90857	0.716587
2.91109	0.71661
2.9136	0.716632
2.91611	0.716654
2.91863	0.716677
2.92114	0.716699
2.92365	0.716721
2.92617	0.716743
2.92868	0.716765
2.93119	0.716787
2.93371	0.716809
2.93622	0.716831
2.93873	0.716853
2.94125	0.716875
2.94376	0.716897
2.94627	0.716918
2.94879	0.71694
2.9513	0.716962
2.95381	0.716983
2.95633	0.717005
2.95884	0.717027
2.96135	0.717048
2.96387	0.717069
2.96638	0.717091
2.96889	0.717112
2.97141	0.717133
2.97392	0.717153
2.97643	0.717173
2.97895	0.717193
2.98146	0.71721
2.98397	0.717226
2.98649	0.717237
2.988	0.717243
