0	0
0.00254	4.48068e-07
0.00508	3.81834e-06
0.00762	2.7969e-05
0.01016	0.00015686
0.0127	0.000595032
0.01524	0.00148794
0.01778	0.00270789
0.02032	0.00402685
0.02286	0.00530711
0.0254	0.00648346
0.02794	0.00753489
0.03048	0.00846392
0.03302	0.00928361
0.03556	0.0100099
0.0381	0.0106572
0.04064	0.0112377
0.04318	0.0117609
0.04572	0.0122347
0.04826	0.0126652
0.0508	0.0130576
0.05334	0.0134161
0.05588	0.0137443
0.05842	0.0140453
0.06096	0.0143219
0.0635	0.0145767
0.06604	0.0148118
0.06858	0.0150294
0.07112	0.0152314
0.07366	0.0154195
0.0762	0.0155953
0.07874	0.0157604
0.08128	0.015916
0.08382	0.0160634
0.08636	0.0162037
0.0889	0.0163379
0.09144	0.0164669
0.09398	0.0165914
0.09652	0.0167122
0.09906	0.0168298
0.1016	0.0169453
0.108285	0.0172421
0.115181	0.0175408
0.122173	0.0178424
0.129174	0.018148
0.136119	0.0184585
0.14299	0.0187764
0.149873	0.0191081
0.156892	0.0194627
0.163819	0.0198312
0.170777	0.0202227
0.177687	0.0206357
0.184575	0.0210748
0.191512	0.0215485
0.198413	0.0220558
0.205408	0.0226116
0.212444	0.0232191
0.219465	0.0238801
0.226413	0.0245952
0.233497	0.0253951
0.240482	0.0262623
0.247537	0.0272274
0.254636	0.0282996
0.261752	0.029488
0.268857	0.0308004
0.275922	0.0322429
0.2831	0.0338626
0.290191	0.0356279
0.29736	0.0375928
0.304595	0.0397711
0.311885	0.0421738
0.319217	0.0448074
0.326577	0.047673
0.333952	0.0507648
0.341326	0.0540693
0.348686	0.0575644
0.356015	0.0612209
0.363562	0.0651383
0.370994	0.0691104
0.378498	0.0731926
0.386068	0.0773331
0.393552	0.0813982
0.401083	0.0854095
0.408654	0.0893104
0.416259	0.0930451
0.423892	0.0965651
0.431544	0.0998334
0.439379	0.102888
0.447226	0.105644
0.455079	0.108101
0.46293	0.110262
0.470956	0.112183
0.478971	0.113835
0.486969	0.115241
0.495135	0.116453
0.503275	0.117462
0.511378	0.118295
0.519645	0.118993
0.527867	0.119559
0.53625	0.120025
0.544577	0.120394
0.553064	0.120691
0.561714	0.120928
0.570296	0.121109
0.579038	0.121248
0.587701	0.121352
0.596522	0.121431
0.605503	0.121492
0.614392	0.121538
0.623437	0.121577
0.632576	0.121612
0.641741	0.121648
0.651064	0.12169
0.66041	0.121741
0.669914	0.121805
0.679436	0.121884
0.689118	0.121981
0.698963	0.122095
0.708821	0.122221
0.718842	0.122362
0.728873	0.122515
0.739067	0.122687
0.749426	0.122885
0.759954	0.123109
0.770487	0.123357
0.781189	0.123632
0.792062	0.123932
0.803108	0.124258
0.814155	0.124607
0.825376	0.124985
0.836773	0.125389
0.84835	0.125821
0.860109	0.126284
0.872053	0.126772
0.884186	0.127286
0.896509	0.127834
0.909027	0.128412
0.921741	0.129016
0.934656	0.129646
0.947774	0.130295
0.961099	0.130961
0.974633	0.131652
0.988381	0.13236
1.00235	0.133083
1.01653	0.133816
1.03094	0.134552
1.04557	0.13529
1.06067	0.136039
1.07602	0.136782
1.09161	0.137515
1.10745	0.13823
1.12354	0.138926
1.14015	0.139609
1.15702	0.140268
1.17424	0.140895
1.19174	0.141486
1.20966	0.142043
1.22788	0.142556
1.24654	0.143023
1.26565	0.143473
1.28508	0.143908
1.30499	0.144306
1.32523	0.144662
1.34596	0.144979
1.36705	0.145259
1.38865	0.145505
1.41062	0.145747
1.43297	0.145998
1.4557	0.146227
1.47898	0.14643
1.50267	0.146617
1.52659	0.146785
1.55091	0.14694
1.57566	0.147079
1.60063	0.147196
1.62603	0.147304
1.65167	0.1474
1.67755	0.147486
1.70346	0.147562
1.72959	0.147632
1.75574	0.147708
1.78189	0.147789
1.80803	0.147868
1.83415	0.14794
1.86024	0.148008
1.88605	0.148069
1.91157	0.148128
1.93677	0.148187
1.96186	0.14824
1.9866	0.148287
2.01072	0.148329
2.03443	0.148368
2.05771	0.148404
2.08054	0.148439
2.10289	0.148471
2.12475	0.148501
2.14609	0.148529
2.16689	0.148555
2.18713	0.148578
2.20679	0.148598
2.22591	0.148616
2.24455	0.148632
2.26268	0.148646
2.2803	0.14866
2.29739	0.148672
2.31407	0.148683
2.33019	0.14869
2.34587	0.148693
2.36111	0.14869
2.37589	0.148683
2.39035	0.14867
2.40434	0.148653
2.41798	0.148633
2.43128	0.148609
2.44407	0.148578
2.45665	0.148536
2.46886	0.148485
2.48069	0.14843
2.49229	0.148367
2.50351	0.148295
2.51448	0.148217
2.5252	0.148135
2.53568	0.148042
2.5459	0.147935
2.55586	0.147815
2.56556	0.147683
2.57499	0.147539
2.58416	0.147383
2.59321	0.147214
2.60198	0.147035
2.61064	0.146846
2.61901	0.146654
2.62726	0.146461
2.63538	0.146267
2.64321	0.146073
2.65091	0.145878
2.65848	0.145685
2.66592	0.145494
2.67322	0.145309
2.68038	0.14513
2.6874	0.144959
2.68991	0.144899
2.69243	0.14484
2.69494	0.144782
2.69745	0.144724
2.69997	0.144667
2.70248	0.144611
2.70499	0.144556
2.70751	0.144502
2.71002	0.144448
2.71253	0.144396
2.71505	0.144344
2.71756	0.144293
2.72007	0.144244
2.72259	0.144194
2.7251	0.144146
2.72761	0.144099
2.73013	0.144052
2.73264	0.144006
2.73515	0.143961
2.73767	0.143917
2.74018	0.143873
2.74269	0.143831
2.74521	0.143788
2.74772	0.143747
2.75023	0.143706
2.75275	0.143666
2.75526	0.143626
2.75777	0.143587
2.76029	0.143548
2.7628	0.14351
2.76531	0.143472
2.76783	0.143435
2.77034	0.143399
2.77285	0.143362
2.77537	0.143327
2.77788	0.143291
2.78039	0.143256
2.78291	0.143222
2.78542	0.143187
2.78793	0.143153
2.79045	0.14312
2.79296	0.143087
2.79547	0.143054
2.79799	0.143021
2.8005	0.142989
2.80301	0.142957
2.80553	0.142925
2.80804	0.142894
2.81055	0.142863
2.81307	0.142832
2.81558	0.142801
2.81809	0.142771
2.82061	0.14274
2.82312	0.14271
2.82563	0.142681
2.82815	0.142651
2.83066	0.142622
2.83317	0.142593
2.83569	0.142564
2.8382	0.142535
2.84071	0.142506
2.84323	0.142478
2.84574	0.14245
2.84825	0.142422
2.85077	0.142394
2.85328	0.142366
2.85579	0.142338
2.85831	0.142311
2.86082	0.142283
2.86333	0.142256
2.86585	0.142229
2.86836	0.142202
2.87087	0.142175
2.87339	0.142148
2.8759	0.142122
2.87841	0.142095
2.88093	0.142069
2.88344	0.142042
2.88595	0.142016
2.88847	0.14199
2.89098	0.141964
2.89349	0.141938
2.89601	0.141912
2.89852	0.141886
2.90103	0.14186
2.90355	0.141834
2.90606	0.141809
2.90857	0.141783
2.91109	0.141758
2.9136	0.141732
2.91611	0.141707
2.91863	0.141681
2.92114	0.141656
2.92365	0.141631
2.92617	0.141606
2.92868	0.141581
2.93119	0.141556
2.93371	0.141531
2.93622	0.141506
2.93873	0.141481
2.94125	0.141456
2.94376	0.141432
2.94627	0.141407
2.94879	0.141382
2.9513	0.141358
2.95381	0.141333
2.95633	0.141309
2.95884	0.141284
2.96135	0.14126
2.96387	0.141236
2.96638	0.141212
2.96889	0.141188
2.97141	0.141164
2.97392	0.141141
2.97643	0.141118
2.97895	0.141097
2.98146	0.141076
2.98397	0.141059
2.98649	0.141046
2.988	0.141042
