0	300
0.00254	300.001
0.00508	300.011
0.00762	300.098
0.01016	300.643
0.0127	302.842
0.01524	308.342
0.01778	317.359
0.02032	328.676
0.02286	341.154
0.0254	353.951
0.02794	366.539
0.03048	378.631
0.03302	390.112
0.03556	400.962
0.0381	411.196
0.04064	420.838
0.04318	429.911
0.04572	438.434
0.04826	446.42
0.0508	453.881
0.05334	460.825
0.05588	467.262
0.05842	473.204
0.06096	478.665
0.0635	483.663
0.06604	488.219
0.06858	492.357
0.07112	496.105
0.07366	499.489
0.0762	502.54
0.07874	505.288
0.08128	507.761
0.08382	509.989
0.08636	511.999
0.0889	513.817
0.09144	515.468
0.09398	516.974
0.09652	518.355
0.09906	519.63
0.1016	520.82
0.108285	523.655
0.115181	526.267
0.122173	528.781
0.129174	531.293
0.136119	533.867
0.14299	536.558
0.149873	539.442
0.156892	542.613
0.163819	546.003
0.170777	549.704
0.177687	553.712
0.184575	558.081
0.191512	562.915
0.198413	568.219
0.205408	574.171
0.212444	580.831
0.219465	588.245
0.226413	596.441
0.233497	605.801
0.240482	616.146
0.247537	627.859
0.254636	641.072
0.261752	655.902
0.268857	672.44
0.275922	690.735
0.2831	711.339
0.290191	733.779
0.29736	758.64
0.304595	785.965
0.311885	815.722
0.319217	847.796
0.326577	881.979
0.333952	917.975
0.341326	955.402
0.348686	993.809
0.356015	1032.69
0.363562	1072.87
0.370994	1112.03
0.378498	1150.58
0.386068	1187.91
0.393552	1222.78
0.401083	1255.43
0.408654	1285.43
0.416259	1312.43
0.423892	1336.21
0.431544	1356.71
0.439379	1374.35
0.447226	1388.85
0.455079	1400.5
0.46293	1409.57
0.470956	1416.51
0.478971	1421.48
0.486969	1424.79
0.495135	1426.73
0.503275	1427.53
0.511378	1427.52
0.519645	1426.84
0.527867	1425.69
0.53625	1424.18
0.544577	1422.45
0.553064	1420.58
0.561714	1418.64
0.570296	1416.72
0.579038	1414.84
0.587701	1413.09
0.596522	1411.44
0.605503	1409.94
0.614392	1408.64
0.623437	1407.51
0.632576	1406.57
0.641741	1405.85
0.651064	1405.37
0.66041	1405.14
0.669914	1405.15
0.679436	1405.39
0.689118	1405.87
0.698963	1406.55
0.708821	1407.34
0.718842	1408.25
0.728873	1409.24
0.739067	1410.41
0.749426	1411.84
0.759954	1413.52
0.770487	1415.45
0.781189	1417.66
0.792062	1420.12
0.803108	1422.85
0.814155	1425.85
0.825376	1429.17
0.836773	1432.76
0.84835	1436.66
0.860109	1440.89
0.872053	1445.39
0.884186	1450.18
0.896509	1455.38
0.909027	1460.96
0.921741	1466.87
0.934656	1473.12
0.947774	1479.63
0.961099	1486.4
0.974633	1493.55
0.988381	1501.03
1.00235	1508.83
1.01653	1516.88
1.03094	1525.13
1.04557	1533.59
1.06067	1542.34
1.07602	1551.23
1.09161	1560.17
1.10745	1569.1
1.12354	1577.98
1.14015	1586.92
1.15702	1595.69
1.17424	1604.21
1.19174	1612.38
1.20966	1620.19
1.22788	1627.48
1.24654	1634.19
1.26565	1640.69
1.28508	1646.98
1.30499	1652.68
1.32523	1657.66
1.34596	1661.94
1.36705	1665.54
1.38865	1668.46
1.41062	1671.12
1.43297	1673.64
1.4557	1675.58
1.47898	1676.91
1.50267	1677.81
1.52659	1678.29
1.55091	1678.41
1.57566	1678.11
1.60063	1677.26
1.62603	1676.07
1.65167	1674.58
1.67755	1672.78
1.70346	1670.69
1.72959	1668.34
1.75574	1666.01
1.78189	1663.72
1.80803	1661.39
1.83415	1658.95
1.86024	1656.45
1.88605	1653.88
1.91157	1651.37
1.93677	1648.92
1.96186	1646.46
1.9866	1643.99
2.01072	1641.56
2.03443	1639.18
2.05771	1636.86
2.08054	1634.6
2.10289	1632.41
2.12475	1630.28
2.14609	1628.2
2.16689	1626.18
2.18713	1624.2
2.20679	1622.27
2.22591	1620.38
2.24455	1618.52
2.26268	1616.69
2.2803	1614.89
2.29739	1613.11
2.31407	1611.34
2.33019	1609.56
2.34587	1607.72
2.36111	1605.83
2.37589	1603.88
2.39035	1601.84
2.40434	1599.78
2.41798	1597.67
2.43128	1595.51
2.44407	1593.29
2.45665	1590.92
2.46886	1588.46
2.48069	1585.96
2.49229	1583.38
2.50351	1580.73
2.51448	1578.02
2.5252	1575.28
2.53568	1572.42
2.5459	1569.4
2.55586	1566.22
2.56556	1562.9
2.57499	1559.45
2.58416	1555.84
2.59321	1552.05
2.60198	1548.14
2.61064	1544.06
2.61901	1539.97
2.62726	1535.85
2.63538	1531.7
2.64321	1527.61
2.65091	1523.51
2.65848	1519.45
2.66592	1515.47
2.67322	1511.6
2.68038	1507.84
2.6874	1504.25
2.68991	1502.99
2.69243	1501.75
2.69494	1500.52
2.69745	1499.3
2.69997	1498.11
2.70248	1496.93
2.70499	1495.77
2.70751	1494.62
2.71002	1493.5
2.71253	1492.39
2.71505	1491.3
2.71756	1490.23
2.72007	1489.18
2.72259	1488.14
2.7251	1487.13
2.72761	1486.13
2.73013	1485.15
2.73264	1484.19
2.73515	1483.25
2.73767	1482.32
2.74018	1481.41
2.74269	1480.52
2.74521	1479.64
2.74772	1478.78
2.75023	1477.93
2.75275	1477.1
2.75526	1476.28
2.75777	1475.48
2.76029	1474.69
2.7628	1473.91
2.76531	1473.14
2.76783	1472.39
2.77034	1471.65
2.77285	1470.92
2.77537	1470.21
2.77788	1469.5
2.78039	1468.81
2.78291	1468.12
2.78542	1467.45
2.78793	1466.78
2.79045	1466.13
2.79296	1465.48
2.79547	1464.85
2.79799	1464.22
2.8005	1463.6
2.80301	1463
2.80553	1462.4
2.80804	1461.81
2.81055	1461.22
2.81307	1460.65
2.81558	1460.08
2.81809	1459.52
2.82061	1458.97
2.82312	1458.42
2.82563	1457.89
2.82815	1457.36
2.83066	1456.83
2.83317	1456.32
2.83569	1455.81
2.8382	1455.3
2.84071	1454.81
2.84323	1454.31
2.84574	1453.83
2.84825	1453.35
2.85077	1452.88
2.85328	1452.41
2.85579	1451.94
2.85831	1451.49
2.86082	1451.04
2.86333	1450.59
2.86585	1450.15
2.86836	1449.71
2.87087	1449.28
2.87339	1448.85
2.8759	1448.42
2.87841	1448
2.88093	1447.59
2.88344	1447.18
2.88595	1446.77
2.88847	1446.37
2.89098	1445.97
2.89349	1445.57
2.89601	1445.18
2.89852	1444.79
2.90103	1444.41
2.90355	1444.03
2.90606	1443.65
2.90857	1443.27
2.91109	1442.9
2.9136	1442.53
2.91611	1442.17
2.91863	1441.8
2.92114	1441.44
2.92365	1441.09
2.92617	1440.73
2.92868	1440.38
2.93119	1440.03
2.93371	1439.68
2.93622	1439.34
2.93873	1439
2.94125	1438.66
2.94376	1438.32
2.94627	1437.98
2.94879	1437.65
2.9513	1437.32
2.95381	1436.99
2.95633	1436.67
2.95884	1436.34
2.96135	1436.02
2.96387	1435.7
2.96638	1435.39
2.96889	1435.07
2.97141	1434.76
2.97392	1434.45
2.97643	1434.15
2.97895	1433.86
2.98146	1433.59
2.98397	1433.34
2.98649	1433.16
2.988	1433.12
