/*--------------------------------*- C++ -*----------------------------------*\
| =========                 |                                                 |
| \\      /  F ield         | OpenFOAM: The Open Source CFD Toolbox           |
|  \\    /   O peration     | Version:  2.3.0                                 |
|   \\  /    A nd           | Web:      www.OpenFOAM.org                      |
|    \\/     M anipulation  |                                                 |
\*---------------------------------------------------------------------------*/
FoamFile
{
    version     2.0;
    format      ascii;
    class       volScalarField;
    location    "10000/topAir";
    object      p_rgh;
}
// * * * * * * * * * * * * * * * * * * * * * * * * * * * * * * * * * * * * * //

dimensions      [1 -1 -2 0 0 0 0];

internalField   nonuniform List<scalar> 
4000
(
99868.37
99899.6
99926.55
99923.06
99920.28
99920.65
99920.92
99920.86
99920.82
99920.81
99920.8
99920.78
99920.77
99920.76
99920.75
99920.73
99920.72
99920.71
99920.69
99920.68
99920.67
99920.66
99920.64
99920.63
99920.62
99920.61
99920.6
99920.58
99920.57
99920.56
99920.55
99920.53
99920.52
99920.51
99920.5
99920.48
99920.47
99920.46
99920.45
99920.44
99920.42
99920.41
99920.4
99920.39
99920.37
99920.36
99920.35
99920.34
99920.33
99920.31
99920.3
99920.29
99920.28
99920.26
99920.25
99920.24
99920.23
99920.22
99920.2
99920.19
99920.18
99920.17
99920.15
99920.14
99920.13
99920.12
99920.11
99920.09
99920.08
99920.07
99920.06
99920.04
99920.03
99920.02
99920.01
99919.99
99919.98
99919.97
99919.96
99919.94
99919.93
99919.92
99919.91
99919.89
99919.88
99919.87
99919.86
99919.84
99919.83
99919.82
99919.8
99919.79
99919.77
99919.76
99919.75
99919.73
99919.71
99919.7
99919.68
99919.65
99868.3
99899.59
99926.56
99923.06
99920.28
99920.65
99920.92
99920.86
99920.82
99920.81
99920.8
99920.78
99920.77
99920.76
99920.75
99920.73
99920.72
99920.71
99920.69
99920.68
99920.67
99920.66
99920.64
99920.63
99920.62
99920.61
99920.59
99920.58
99920.57
99920.56
99920.55
99920.53
99920.52
99920.51
99920.5
99920.48
99920.47
99920.46
99920.45
99920.44
99920.42
99920.41
99920.4
99920.39
99920.37
99920.36
99920.35
99920.34
99920.33
99920.31
99920.3
99920.29
99920.28
99920.26
99920.25
99920.24
99920.23
99920.22
99920.2
99920.19
99920.18
99920.17
99920.15
99920.14
99920.13
99920.12
99920.11
99920.09
99920.08
99920.07
99920.06
99920.04
99920.03
99920.02
99920.01
99919.99
99919.98
99919.97
99919.96
99919.94
99919.93
99919.92
99919.91
99919.89
99919.88
99919.87
99919.86
99919.84
99919.83
99919.82
99919.8
99919.79
99919.78
99919.76
99919.75
99919.73
99919.72
99919.7
99919.68
99919.67
99868.32
99899.58
99926.56
99923.06
99920.28
99920.65
99920.92
99920.86
99920.82
99920.81
99920.8
99920.78
99920.77
99920.76
99920.75
99920.73
99920.72
99920.71
99920.69
99920.68
99920.67
99920.66
99920.64
99920.63
99920.62
99920.61
99920.6
99920.58
99920.57
99920.56
99920.55
99920.53
99920.52
99920.51
99920.5
99920.48
99920.47
99920.46
99920.45
99920.44
99920.42
99920.41
99920.4
99920.39
99920.37
99920.36
99920.35
99920.34
99920.33
99920.31
99920.3
99920.29
99920.28
99920.26
99920.25
99920.24
99920.23
99920.22
99920.2
99920.19
99920.18
99920.17
99920.15
99920.14
99920.13
99920.12
99920.11
99920.09
99920.08
99920.07
99920.06
99920.04
99920.03
99920.02
99920.01
99919.99
99919.98
99919.97
99919.96
99919.94
99919.93
99919.92
99919.91
99919.89
99919.88
99919.87
99919.86
99919.84
99919.83
99919.82
99919.8
99919.79
99919.78
99919.76
99919.75
99919.73
99919.72
99919.7
99919.69
99919.67
99868.3
99899.57
99926.56
99923.05
99920.27
99920.65
99920.91
99920.86
99920.82
99920.81
99920.8
99920.78
99920.77
99920.76
99920.74
99920.73
99920.72
99920.71
99920.69
99920.68
99920.67
99920.66
99920.64
99920.63
99920.62
99920.61
99920.59
99920.58
99920.57
99920.56
99920.55
99920.53
99920.52
99920.51
99920.5
99920.48
99920.47
99920.46
99920.45
99920.44
99920.42
99920.41
99920.4
99920.39
99920.37
99920.36
99920.35
99920.34
99920.33
99920.31
99920.3
99920.29
99920.28
99920.26
99920.25
99920.24
99920.23
99920.22
99920.2
99920.19
99920.18
99920.17
99920.15
99920.14
99920.13
99920.12
99920.11
99920.09
99920.08
99920.07
99920.06
99920.04
99920.03
99920.02
99920.01
99919.99
99919.98
99919.97
99919.96
99919.94
99919.93
99919.92
99919.91
99919.89
99919.88
99919.87
99919.86
99919.84
99919.83
99919.82
99919.8
99919.79
99919.78
99919.76
99919.75
99919.74
99919.72
99919.71
99919.69
99919.68
99868.3
99899.56
99926.55
99923.05
99920.27
99920.65
99920.91
99920.86
99920.82
99920.81
99920.8
99920.78
99920.77
99920.76
99920.75
99920.73
99920.72
99920.71
99920.69
99920.68
99920.67
99920.66
99920.64
99920.63
99920.62
99920.61
99920.59
99920.58
99920.57
99920.56
99920.55
99920.53
99920.52
99920.51
99920.5
99920.48
99920.47
99920.46
99920.45
99920.44
99920.42
99920.41
99920.4
99920.39
99920.37
99920.36
99920.35
99920.34
99920.33
99920.31
99920.3
99920.29
99920.28
99920.26
99920.25
99920.24
99920.23
99920.22
99920.2
99920.19
99920.18
99920.17
99920.15
99920.14
99920.13
99920.12
99920.11
99920.09
99920.08
99920.07
99920.06
99920.04
99920.03
99920.02
99920.01
99919.99
99919.98
99919.97
99919.96
99919.94
99919.93
99919.92
99919.91
99919.89
99919.88
99919.87
99919.86
99919.84
99919.83
99919.82
99919.8
99919.79
99919.78
99919.76
99919.75
99919.74
99919.72
99919.71
99919.7
99919.68
99868.29
99899.56
99926.55
99923.05
99920.27
99920.64
99920.91
99920.86
99920.81
99920.81
99920.8
99920.78
99920.77
99920.76
99920.74
99920.73
99920.72
99920.71
99920.69
99920.68
99920.67
99920.66
99920.64
99920.63
99920.62
99920.61
99920.59
99920.58
99920.57
99920.56
99920.55
99920.53
99920.52
99920.51
99920.5
99920.48
99920.47
99920.46
99920.45
99920.44
99920.42
99920.41
99920.4
99920.39
99920.37
99920.36
99920.35
99920.34
99920.33
99920.31
99920.3
99920.29
99920.28
99920.26
99920.25
99920.24
99920.23
99920.22
99920.2
99920.19
99920.18
99920.17
99920.15
99920.14
99920.13
99920.12
99920.11
99920.09
99920.08
99920.07
99920.06
99920.04
99920.03
99920.02
99920.01
99919.99
99919.98
99919.97
99919.96
99919.95
99919.93
99919.92
99919.91
99919.89
99919.88
99919.87
99919.86
99919.84
99919.83
99919.82
99919.81
99919.79
99919.78
99919.77
99919.75
99919.74
99919.73
99919.71
99919.7
99919.69
99868.29
99899.55
99926.55
99923.05
99920.27
99920.64
99920.91
99920.86
99920.81
99920.81
99920.8
99920.78
99920.77
99920.76
99920.74
99920.73
99920.72
99920.71
99920.69
99920.68
99920.67
99920.66
99920.64
99920.63
99920.62
99920.61
99920.59
99920.58
99920.57
99920.56
99920.55
99920.53
99920.52
99920.51
99920.5
99920.48
99920.47
99920.46
99920.45
99920.44
99920.42
99920.41
99920.4
99920.39
99920.37
99920.36
99920.35
99920.34
99920.33
99920.31
99920.3
99920.29
99920.28
99920.26
99920.25
99920.24
99920.23
99920.22
99920.2
99920.19
99920.18
99920.17
99920.15
99920.14
99920.13
99920.12
99920.11
99920.09
99920.08
99920.07
99920.06
99920.04
99920.03
99920.02
99920.01
99919.99
99919.98
99919.97
99919.96
99919.95
99919.93
99919.92
99919.91
99919.9
99919.88
99919.87
99919.86
99919.84
99919.83
99919.82
99919.81
99919.79
99919.78
99919.77
99919.75
99919.74
99919.73
99919.72
99919.7
99919.69
99868.29
99899.55
99926.54
99923.05
99920.27
99920.64
99920.91
99920.85
99920.81
99920.8
99920.79
99920.78
99920.77
99920.76
99920.74
99920.73
99920.72
99920.71
99920.69
99920.68
99920.67
99920.66
99920.64
99920.63
99920.62
99920.61
99920.59
99920.58
99920.57
99920.56
99920.55
99920.53
99920.52
99920.51
99920.5
99920.48
99920.47
99920.46
99920.45
99920.44
99920.42
99920.41
99920.4
99920.39
99920.37
99920.36
99920.35
99920.34
99920.33
99920.31
99920.3
99920.29
99920.28
99920.26
99920.25
99920.24
99920.23
99920.22
99920.2
99920.19
99920.18
99920.17
99920.15
99920.14
99920.13
99920.12
99920.11
99920.09
99920.08
99920.07
99920.06
99920.04
99920.03
99920.02
99920.01
99919.99
99919.98
99919.97
99919.96
99919.95
99919.93
99919.92
99919.91
99919.9
99919.88
99919.87
99919.86
99919.85
99919.83
99919.82
99919.81
99919.79
99919.78
99919.77
99919.76
99919.74
99919.73
99919.72
99919.71
99919.69
99868.28
99899.55
99926.54
99923.04
99920.26
99920.64
99920.91
99920.85
99920.81
99920.8
99920.79
99920.78
99920.77
99920.76
99920.74
99920.73
99920.72
99920.71
99920.69
99920.68
99920.67
99920.66
99920.64
99920.63
99920.62
99920.61
99920.59
99920.58
99920.57
99920.56
99920.55
99920.53
99920.52
99920.51
99920.5
99920.48
99920.47
99920.46
99920.45
99920.44
99920.42
99920.41
99920.4
99920.39
99920.37
99920.36
99920.35
99920.34
99920.33
99920.31
99920.3
99920.29
99920.28
99920.26
99920.25
99920.24
99920.23
99920.22
99920.2
99920.19
99920.18
99920.17
99920.15
99920.14
99920.13
99920.12
99920.11
99920.09
99920.08
99920.07
99920.06
99920.04
99920.03
99920.02
99920.01
99920
99919.98
99919.97
99919.96
99919.95
99919.93
99919.92
99919.91
99919.9
99919.88
99919.87
99919.86
99919.85
99919.83
99919.82
99919.81
99919.8
99919.78
99919.77
99919.76
99919.74
99919.73
99919.72
99919.71
99919.7
99868.28
99899.54
99926.54
99923.04
99920.26
99920.64
99920.91
99920.85
99920.81
99920.8
99920.79
99920.78
99920.77
99920.75
99920.74
99920.73
99920.72
99920.7
99920.69
99920.68
99920.67
99920.66
99920.64
99920.63
99920.62
99920.61
99920.59
99920.58
99920.57
99920.56
99920.54
99920.53
99920.52
99920.51
99920.5
99920.48
99920.47
99920.46
99920.45
99920.44
99920.42
99920.41
99920.4
99920.39
99920.37
99920.36
99920.35
99920.34
99920.33
99920.31
99920.3
99920.29
99920.28
99920.26
99920.25
99920.24
99920.23
99920.22
99920.2
99920.19
99920.18
99920.17
99920.15
99920.14
99920.13
99920.12
99920.11
99920.09
99920.08
99920.07
99920.06
99920.04
99920.03
99920.02
99920.01
99920
99919.98
99919.97
99919.96
99919.95
99919.93
99919.92
99919.91
99919.9
99919.88
99919.87
99919.86
99919.85
99919.83
99919.82
99919.81
99919.8
99919.78
99919.77
99919.76
99919.75
99919.73
99919.72
99919.71
99919.7
99868.28
99899.54
99926.54
99923.04
99920.26
99920.63
99920.91
99920.85
99920.81
99920.8
99920.79
99920.78
99920.77
99920.75
99920.74
99920.73
99920.72
99920.7
99920.69
99920.68
99920.67
99920.66
99920.64
99920.63
99920.62
99920.61
99920.59
99920.58
99920.57
99920.56
99920.55
99920.53
99920.52
99920.51
99920.5
99920.48
99920.47
99920.46
99920.45
99920.44
99920.42
99920.41
99920.4
99920.39
99920.37
99920.36
99920.35
99920.34
99920.33
99920.31
99920.3
99920.29
99920.28
99920.26
99920.25
99920.24
99920.23
99920.22
99920.2
99920.19
99920.18
99920.17
99920.15
99920.14
99920.13
99920.12
99920.11
99920.09
99920.08
99920.07
99920.06
99920.04
99920.03
99920.02
99920.01
99920
99919.98
99919.97
99919.96
99919.95
99919.93
99919.92
99919.91
99919.9
99919.88
99919.87
99919.86
99919.85
99919.83
99919.82
99919.81
99919.8
99919.78
99919.77
99919.76
99919.75
99919.74
99919.72
99919.71
99919.7
99868.27
99899.54
99926.54
99923.04
99920.26
99920.63
99920.9
99920.85
99920.81
99920.8
99920.79
99920.78
99920.77
99920.75
99920.74
99920.73
99920.72
99920.7
99920.69
99920.68
99920.67
99920.65
99920.64
99920.63
99920.62
99920.61
99920.59
99920.58
99920.57
99920.56
99920.54
99920.53
99920.52
99920.51
99920.5
99920.48
99920.47
99920.46
99920.45
99920.43
99920.42
99920.41
99920.4
99920.39
99920.37
99920.36
99920.35
99920.34
99920.33
99920.31
99920.3
99920.29
99920.28
99920.26
99920.25
99920.24
99920.23
99920.22
99920.2
99920.19
99920.18
99920.17
99920.15
99920.14
99920.13
99920.12
99920.11
99920.09
99920.08
99920.07
99920.06
99920.04
99920.03
99920.02
99920.01
99920
99919.98
99919.97
99919.96
99919.95
99919.93
99919.92
99919.91
99919.9
99919.88
99919.87
99919.86
99919.85
99919.84
99919.82
99919.81
99919.8
99919.79
99919.77
99919.76
99919.75
99919.74
99919.73
99919.71
99919.7
99868.27
99899.54
99926.54
99923.04
99920.26
99920.63
99920.9
99920.85
99920.81
99920.8
99920.79
99920.78
99920.77
99920.75
99920.74
99920.73
99920.72
99920.7
99920.69
99920.68
99920.67
99920.65
99920.64
99920.63
99920.62
99920.61
99920.59
99920.58
99920.57
99920.56
99920.54
99920.53
99920.52
99920.51
99920.5
99920.48
99920.47
99920.46
99920.45
99920.44
99920.42
99920.41
99920.4
99920.39
99920.37
99920.36
99920.35
99920.34
99920.33
99920.31
99920.3
99920.29
99920.28
99920.26
99920.25
99920.24
99920.23
99920.22
99920.2
99920.19
99920.18
99920.17
99920.15
99920.14
99920.13
99920.12
99920.11
99920.09
99920.08
99920.07
99920.06
99920.05
99920.03
99920.02
99920.01
99920
99919.98
99919.97
99919.96
99919.95
99919.93
99919.92
99919.91
99919.9
99919.89
99919.87
99919.86
99919.85
99919.84
99919.82
99919.81
99919.8
99919.79
99919.77
99919.76
99919.75
99919.74
99919.73
99919.72
99919.7
99868.27
99899.54
99926.53
99923.04
99920.26
99920.63
99920.9
99920.85
99920.81
99920.8
99920.79
99920.78
99920.76
99920.75
99920.74
99920.73
99920.72
99920.7
99920.69
99920.68
99920.67
99920.65
99920.64
99920.63
99920.62
99920.61
99920.59
99920.58
99920.57
99920.56
99920.54
99920.53
99920.52
99920.51
99920.5
99920.48
99920.47
99920.46
99920.45
99920.43
99920.42
99920.41
99920.4
99920.39
99920.37
99920.36
99920.35
99920.34
99920.33
99920.31
99920.3
99920.29
99920.28
99920.26
99920.25
99920.24
99920.23
99920.22
99920.2
99920.19
99920.18
99920.17
99920.15
99920.14
99920.13
99920.12
99920.11
99920.09
99920.08
99920.07
99920.06
99920.05
99920.03
99920.02
99920.01
99920
99919.98
99919.97
99919.96
99919.95
99919.93
99919.92
99919.91
99919.9
99919.89
99919.87
99919.86
99919.85
99919.84
99919.82
99919.81
99919.8
99919.79
99919.78
99919.76
99919.75
99919.74
99919.73
99919.72
99919.71
99868.27
99899.53
99926.53
99923.03
99920.26
99920.63
99920.9
99920.85
99920.81
99920.8
99920.79
99920.78
99920.76
99920.75
99920.74
99920.73
99920.72
99920.7
99920.69
99920.68
99920.67
99920.65
99920.64
99920.63
99920.62
99920.61
99920.59
99920.58
99920.57
99920.56
99920.54
99920.53
99920.52
99920.51
99920.5
99920.48
99920.47
99920.46
99920.45
99920.43
99920.42
99920.41
99920.4
99920.39
99920.37
99920.36
99920.35
99920.34
99920.33
99920.31
99920.3
99920.29
99920.28
99920.26
99920.25
99920.24
99920.23
99920.22
99920.2
99920.19
99920.18
99920.17
99920.16
99920.14
99920.13
99920.12
99920.11
99920.09
99920.08
99920.07
99920.06
99920.05
99920.03
99920.02
99920.01
99920
99919.98
99919.97
99919.96
99919.95
99919.94
99919.92
99919.91
99919.9
99919.89
99919.87
99919.86
99919.85
99919.84
99919.83
99919.81
99919.8
99919.79
99919.78
99919.77
99919.75
99919.74
99919.73
99919.72
99919.71
99868.27
99899.53
99926.53
99923.03
99920.25
99920.63
99920.9
99920.85
99920.8
99920.8
99920.79
99920.78
99920.76
99920.75
99920.74
99920.73
99920.71
99920.7
99920.69
99920.68
99920.67
99920.65
99920.64
99920.63
99920.62
99920.61
99920.59
99920.58
99920.57
99920.56
99920.54
99920.53
99920.52
99920.51
99920.5
99920.48
99920.47
99920.46
99920.45
99920.43
99920.42
99920.41
99920.4
99920.39
99920.37
99920.36
99920.35
99920.34
99920.33
99920.31
99920.3
99920.29
99920.28
99920.26
99920.25
99920.24
99920.23
99920.22
99920.2
99920.19
99920.18
99920.17
99920.16
99920.14
99920.13
99920.12
99920.11
99920.09
99920.08
99920.07
99920.06
99920.05
99920.03
99920.02
99920.01
99920
99919.98
99919.97
99919.96
99919.95
99919.94
99919.92
99919.91
99919.9
99919.89
99919.87
99919.86
99919.85
99919.84
99919.83
99919.81
99919.8
99919.79
99919.78
99919.77
99919.75
99919.74
99919.73
99919.72
99919.71
99868.26
99899.53
99926.53
99923.03
99920.25
99920.63
99920.9
99920.84
99920.8
99920.8
99920.79
99920.78
99920.76
99920.75
99920.74
99920.73
99920.71
99920.7
99920.69
99920.68
99920.67
99920.65
99920.64
99920.63
99920.62
99920.61
99920.59
99920.58
99920.57
99920.56
99920.54
99920.53
99920.52
99920.51
99920.5
99920.48
99920.47
99920.46
99920.45
99920.43
99920.42
99920.41
99920.4
99920.39
99920.37
99920.36
99920.35
99920.34
99920.33
99920.31
99920.3
99920.29
99920.28
99920.26
99920.25
99920.24
99920.23
99920.22
99920.2
99920.19
99920.18
99920.17
99920.16
99920.14
99920.13
99920.12
99920.11
99920.09
99920.08
99920.07
99920.06
99920.05
99920.03
99920.02
99920.01
99920
99919.98
99919.97
99919.96
99919.95
99919.94
99919.92
99919.91
99919.9
99919.89
99919.88
99919.86
99919.85
99919.84
99919.83
99919.81
99919.8
99919.79
99919.78
99919.77
99919.76
99919.74
99919.73
99919.72
99919.71
99868.26
99899.53
99926.53
99923.03
99920.25
99920.63
99920.9
99920.84
99920.8
99920.8
99920.79
99920.77
99920.76
99920.75
99920.74
99920.73
99920.71
99920.7
99920.69
99920.68
99920.67
99920.65
99920.64
99920.63
99920.62
99920.6
99920.59
99920.58
99920.57
99920.56
99920.54
99920.53
99920.52
99920.51
99920.5
99920.48
99920.47
99920.46
99920.45
99920.43
99920.42
99920.41
99920.4
99920.39
99920.37
99920.36
99920.35
99920.34
99920.33
99920.31
99920.3
99920.29
99920.28
99920.26
99920.25
99920.24
99920.23
99920.22
99920.2
99920.19
99920.18
99920.17
99920.16
99920.14
99920.13
99920.12
99920.11
99920.09
99920.08
99920.07
99920.06
99920.05
99920.03
99920.02
99920.01
99920
99919.98
99919.97
99919.96
99919.95
99919.94
99919.92
99919.91
99919.9
99919.89
99919.88
99919.86
99919.85
99919.84
99919.83
99919.82
99919.8
99919.79
99919.78
99919.77
99919.76
99919.74
99919.73
99919.72
99919.71
99868.26
99899.53
99926.53
99923.03
99920.25
99920.63
99920.9
99920.84
99920.8
99920.8
99920.79
99920.77
99920.76
99920.75
99920.74
99920.73
99920.71
99920.7
99920.69
99920.68
99920.67
99920.65
99920.64
99920.63
99920.62
99920.6
99920.59
99920.58
99920.57
99920.56
99920.54
99920.53
99920.52
99920.51
99920.5
99920.48
99920.47
99920.46
99920.45
99920.43
99920.42
99920.41
99920.4
99920.39
99920.37
99920.36
99920.35
99920.34
99920.33
99920.31
99920.3
99920.29
99920.28
99920.26
99920.25
99920.24
99920.23
99920.22
99920.2
99920.19
99920.18
99920.17
99920.16
99920.14
99920.13
99920.12
99920.11
99920.09
99920.08
99920.07
99920.06
99920.05
99920.03
99920.02
99920.01
99920
99919.99
99919.97
99919.96
99919.95
99919.94
99919.92
99919.91
99919.9
99919.89
99919.88
99919.86
99919.85
99919.84
99919.83
99919.82
99919.8
99919.79
99919.78
99919.77
99919.76
99919.75
99919.73
99919.72
99919.71
99868.26
99899.53
99926.53
99923.03
99920.25
99920.63
99920.9
99920.84
99920.8
99920.79
99920.79
99920.77
99920.76
99920.75
99920.74
99920.73
99920.71
99920.7
99920.69
99920.68
99920.66
99920.65
99920.64
99920.63
99920.62
99920.6
99920.59
99920.58
99920.57
99920.56
99920.54
99920.53
99920.52
99920.51
99920.5
99920.48
99920.47
99920.46
99920.45
99920.43
99920.42
99920.41
99920.4
99920.39
99920.37
99920.36
99920.35
99920.34
99920.33
99920.31
99920.3
99920.29
99920.28
99920.26
99920.25
99920.24
99920.23
99920.22
99920.2
99920.19
99920.18
99920.17
99920.16
99920.14
99920.13
99920.12
99920.11
99920.09
99920.08
99920.07
99920.06
99920.05
99920.03
99920.02
99920.01
99920
99919.99
99919.97
99919.96
99919.95
99919.94
99919.92
99919.91
99919.9
99919.89
99919.88
99919.86
99919.85
99919.84
99919.83
99919.82
99919.81
99919.79
99919.78
99919.77
99919.76
99919.75
99919.73
99919.72
99919.71
99868.26
99899.53
99926.53
99923.03
99920.25
99920.62
99920.9
99920.84
99920.8
99920.79
99920.78
99920.77
99920.76
99920.75
99920.74
99920.72
99920.71
99920.7
99920.69
99920.68
99920.66
99920.65
99920.64
99920.63
99920.62
99920.6
99920.59
99920.58
99920.57
99920.56
99920.54
99920.53
99920.52
99920.51
99920.5
99920.48
99920.47
99920.46
99920.45
99920.43
99920.42
99920.41
99920.4
99920.39
99920.37
99920.36
99920.35
99920.34
99920.33
99920.31
99920.3
99920.29
99920.28
99920.26
99920.25
99920.24
99920.23
99920.22
99920.2
99920.19
99920.18
99920.17
99920.16
99920.14
99920.13
99920.12
99920.11
99920.09
99920.08
99920.07
99920.06
99920.05
99920.03
99920.02
99920.01
99920
99919.99
99919.97
99919.96
99919.95
99919.94
99919.93
99919.91
99919.9
99919.89
99919.88
99919.87
99919.85
99919.84
99919.83
99919.82
99919.81
99919.79
99919.78
99919.77
99919.76
99919.75
99919.74
99919.72
99919.71
99868.26
99899.52
99926.53
99923.03
99920.25
99920.62
99920.9
99920.84
99920.8
99920.79
99920.78
99920.77
99920.76
99920.75
99920.74
99920.72
99920.71
99920.7
99920.69
99920.68
99920.66
99920.65
99920.64
99920.63
99920.62
99920.6
99920.59
99920.58
99920.57
99920.56
99920.54
99920.53
99920.52
99920.51
99920.5
99920.48
99920.47
99920.46
99920.45
99920.43
99920.42
99920.41
99920.4
99920.39
99920.37
99920.36
99920.35
99920.34
99920.33
99920.31
99920.3
99920.29
99920.28
99920.26
99920.25
99920.24
99920.23
99920.22
99920.2
99920.19
99920.18
99920.17
99920.16
99920.14
99920.13
99920.12
99920.11
99920.09
99920.08
99920.07
99920.06
99920.05
99920.03
99920.02
99920.01
99920
99919.99
99919.97
99919.96
99919.95
99919.94
99919.93
99919.91
99919.9
99919.89
99919.88
99919.87
99919.85
99919.84
99919.83
99919.82
99919.81
99919.79
99919.78
99919.77
99919.76
99919.75
99919.74
99919.72
99919.71
99868.26
99899.52
99926.53
99923.03
99920.25
99920.62
99920.89
99920.84
99920.8
99920.79
99920.78
99920.77
99920.76
99920.75
99920.74
99920.72
99920.71
99920.7
99920.69
99920.68
99920.66
99920.65
99920.64
99920.63
99920.62
99920.6
99920.59
99920.58
99920.57
99920.56
99920.54
99920.53
99920.52
99920.51
99920.49
99920.48
99920.47
99920.46
99920.45
99920.43
99920.42
99920.41
99920.4
99920.39
99920.37
99920.36
99920.35
99920.34
99920.33
99920.31
99920.3
99920.29
99920.28
99920.26
99920.25
99920.24
99920.23
99920.22
99920.2
99920.19
99920.18
99920.17
99920.16
99920.14
99920.13
99920.12
99920.11
99920.1
99920.08
99920.07
99920.06
99920.05
99920.03
99920.02
99920.01
99920
99919.99
99919.97
99919.96
99919.95
99919.94
99919.93
99919.91
99919.9
99919.89
99919.88
99919.87
99919.85
99919.84
99919.83
99919.82
99919.81
99919.8
99919.78
99919.77
99919.76
99919.75
99919.74
99919.73
99919.71
99868.26
99899.52
99926.53
99923.03
99920.25
99920.62
99920.89
99920.84
99920.8
99920.79
99920.78
99920.77
99920.76
99920.75
99920.74
99920.72
99920.71
99920.7
99920.69
99920.68
99920.66
99920.65
99920.64
99920.63
99920.62
99920.6
99920.59
99920.58
99920.57
99920.56
99920.54
99920.53
99920.52
99920.51
99920.49
99920.48
99920.47
99920.46
99920.45
99920.43
99920.42
99920.41
99920.4
99920.39
99920.37
99920.36
99920.35
99920.34
99920.33
99920.31
99920.3
99920.29
99920.28
99920.26
99920.25
99920.24
99920.23
99920.22
99920.2
99920.19
99920.18
99920.17
99920.16
99920.14
99920.13
99920.12
99920.11
99920.1
99920.08
99920.07
99920.06
99920.05
99920.03
99920.02
99920.01
99920
99919.99
99919.97
99919.96
99919.95
99919.94
99919.93
99919.91
99919.9
99919.89
99919.88
99919.87
99919.85
99919.84
99919.83
99919.82
99919.81
99919.8
99919.78
99919.77
99919.76
99919.75
99919.74
99919.73
99919.71
99868.25
99899.52
99926.52
99923.03
99920.25
99920.62
99920.89
99920.84
99920.8
99920.79
99920.78
99920.77
99920.76
99920.75
99920.73
99920.72
99920.71
99920.7
99920.69
99920.68
99920.66
99920.65
99920.64
99920.63
99920.62
99920.6
99920.59
99920.58
99920.57
99920.56
99920.54
99920.53
99920.52
99920.51
99920.49
99920.48
99920.47
99920.46
99920.45
99920.43
99920.42
99920.41
99920.4
99920.39
99920.37
99920.36
99920.35
99920.34
99920.33
99920.31
99920.3
99920.29
99920.28
99920.26
99920.25
99920.24
99920.23
99920.22
99920.2
99920.19
99920.18
99920.17
99920.16
99920.14
99920.13
99920.12
99920.11
99920.1
99920.08
99920.07
99920.06
99920.05
99920.03
99920.02
99920.01
99920
99919.99
99919.97
99919.96
99919.95
99919.94
99919.93
99919.91
99919.9
99919.89
99919.88
99919.87
99919.86
99919.84
99919.83
99919.82
99919.81
99919.8
99919.78
99919.77
99919.76
99919.75
99919.74
99919.73
99919.72
99868.25
99899.52
99926.52
99923.03
99920.25
99920.62
99920.89
99920.84
99920.8
99920.79
99920.78
99920.77
99920.76
99920.75
99920.73
99920.72
99920.71
99920.7
99920.69
99920.68
99920.66
99920.65
99920.64
99920.63
99920.62
99920.6
99920.59
99920.58
99920.57
99920.56
99920.54
99920.53
99920.52
99920.51
99920.49
99920.48
99920.47
99920.46
99920.45
99920.43
99920.42
99920.41
99920.4
99920.39
99920.37
99920.36
99920.35
99920.34
99920.33
99920.31
99920.3
99920.29
99920.28
99920.26
99920.25
99920.24
99920.23
99920.22
99920.2
99920.19
99920.18
99920.17
99920.16
99920.14
99920.13
99920.12
99920.11
99920.1
99920.08
99920.07
99920.06
99920.05
99920.03
99920.02
99920.01
99920
99919.99
99919.97
99919.96
99919.95
99919.94
99919.93
99919.91
99919.9
99919.89
99919.88
99919.87
99919.86
99919.84
99919.83
99919.82
99919.81
99919.8
99919.79
99919.77
99919.76
99919.75
99919.74
99919.73
99919.72
99868.25
99899.52
99926.52
99923.03
99920.25
99920.62
99920.89
99920.84
99920.8
99920.79
99920.78
99920.77
99920.76
99920.75
99920.73
99920.72
99920.71
99920.7
99920.69
99920.67
99920.66
99920.65
99920.64
99920.63
99920.62
99920.6
99920.59
99920.58
99920.57
99920.55
99920.54
99920.53
99920.52
99920.51
99920.49
99920.48
99920.47
99920.46
99920.45
99920.43
99920.42
99920.41
99920.4
99920.39
99920.37
99920.36
99920.35
99920.34
99920.33
99920.31
99920.3
99920.29
99920.28
99920.26
99920.25
99920.24
99920.23
99920.22
99920.2
99920.19
99920.18
99920.17
99920.16
99920.14
99920.13
99920.12
99920.11
99920.1
99920.08
99920.07
99920.06
99920.05
99920.04
99920.02
99920.01
99920
99919.99
99919.98
99919.96
99919.95
99919.94
99919.93
99919.92
99919.9
99919.89
99919.88
99919.87
99919.86
99919.84
99919.83
99919.82
99919.81
99919.8
99919.79
99919.77
99919.76
99919.75
99919.74
99919.73
99919.72
99868.25
99899.52
99926.52
99923.03
99920.25
99920.62
99920.89
99920.84
99920.8
99920.79
99920.78
99920.77
99920.76
99920.75
99920.73
99920.72
99920.71
99920.7
99920.69
99920.67
99920.66
99920.65
99920.64
99920.63
99920.61
99920.6
99920.59
99920.58
99920.57
99920.55
99920.54
99920.53
99920.52
99920.51
99920.49
99920.48
99920.47
99920.46
99920.45
99920.43
99920.42
99920.41
99920.4
99920.39
99920.37
99920.36
99920.35
99920.34
99920.33
99920.31
99920.3
99920.29
99920.28
99920.26
99920.25
99920.24
99920.23
99920.22
99920.2
99920.19
99920.18
99920.17
99920.16
99920.14
99920.13
99920.12
99920.11
99920.1
99920.08
99920.07
99920.06
99920.05
99920.04
99920.02
99920.01
99920
99919.99
99919.98
99919.96
99919.95
99919.94
99919.93
99919.92
99919.9
99919.89
99919.88
99919.87
99919.86
99919.84
99919.83
99919.82
99919.81
99919.8
99919.79
99919.77
99919.76
99919.75
99919.74
99919.73
99919.72
99868.25
99899.52
99926.52
99923.02
99920.24
99920.62
99920.89
99920.84
99920.8
99920.79
99920.78
99920.77
99920.76
99920.75
99920.73
99920.72
99920.71
99920.7
99920.69
99920.67
99920.66
99920.65
99920.64
99920.63
99920.61
99920.6
99920.59
99920.58
99920.57
99920.55
99920.54
99920.53
99920.52
99920.51
99920.49
99920.48
99920.47
99920.46
99920.45
99920.43
99920.42
99920.41
99920.4
99920.39
99920.37
99920.36
99920.35
99920.34
99920.33
99920.31
99920.3
99920.29
99920.28
99920.26
99920.25
99920.24
99920.23
99920.22
99920.2
99920.19
99920.18
99920.17
99920.16
99920.14
99920.13
99920.12
99920.11
99920.1
99920.08
99920.07
99920.06
99920.05
99920.04
99920.02
99920.01
99920
99919.99
99919.98
99919.96
99919.95
99919.94
99919.93
99919.92
99919.9
99919.89
99919.88
99919.87
99919.86
99919.84
99919.83
99919.82
99919.81
99919.8
99919.79
99919.77
99919.76
99919.75
99919.74
99919.73
99919.72
99868.25
99899.52
99926.52
99923.02
99920.24
99920.62
99920.89
99920.84
99920.8
99920.79
99920.78
99920.77
99920.76
99920.75
99920.73
99920.72
99920.71
99920.7
99920.69
99920.67
99920.66
99920.65
99920.64
99920.63
99920.61
99920.6
99920.59
99920.58
99920.57
99920.55
99920.54
99920.53
99920.52
99920.51
99920.49
99920.48
99920.47
99920.46
99920.45
99920.43
99920.42
99920.41
99920.4
99920.39
99920.37
99920.36
99920.35
99920.34
99920.33
99920.31
99920.3
99920.29
99920.28
99920.26
99920.25
99920.24
99920.23
99920.22
99920.2
99920.19
99920.18
99920.17
99920.16
99920.14
99920.13
99920.12
99920.11
99920.1
99920.08
99920.07
99920.06
99920.05
99920.04
99920.02
99920.01
99920
99919.99
99919.98
99919.96
99919.95
99919.94
99919.93
99919.92
99919.9
99919.89
99919.88
99919.87
99919.86
99919.85
99919.83
99919.82
99919.81
99919.8
99919.79
99919.78
99919.76
99919.75
99919.74
99919.73
99919.72
99868.25
99899.52
99926.52
99923.02
99920.24
99920.62
99920.89
99920.84
99920.8
99920.79
99920.78
99920.77
99920.76
99920.74
99920.73
99920.72
99920.71
99920.7
99920.69
99920.67
99920.66
99920.65
99920.64
99920.63
99920.61
99920.6
99920.59
99920.58
99920.57
99920.55
99920.54
99920.53
99920.52
99920.51
99920.49
99920.48
99920.47
99920.46
99920.45
99920.43
99920.42
99920.41
99920.4
99920.39
99920.37
99920.36
99920.35
99920.34
99920.33
99920.31
99920.3
99920.29
99920.28
99920.26
99920.25
99920.24
99920.23
99920.22
99920.2
99920.19
99920.18
99920.17
99920.16
99920.14
99920.13
99920.12
99920.11
99920.1
99920.08
99920.07
99920.06
99920.05
99920.04
99920.02
99920.01
99920
99919.99
99919.98
99919.96
99919.95
99919.94
99919.93
99919.92
99919.9
99919.89
99919.88
99919.87
99919.86
99919.85
99919.83
99919.82
99919.81
99919.8
99919.79
99919.78
99919.76
99919.75
99919.74
99919.73
99919.72
99868.25
99899.52
99926.52
99923.02
99920.24
99920.62
99920.89
99920.84
99920.8
99920.79
99920.78
99920.77
99920.76
99920.74
99920.73
99920.72
99920.71
99920.7
99920.69
99920.67
99920.66
99920.65
99920.64
99920.63
99920.61
99920.6
99920.59
99920.58
99920.57
99920.55
99920.54
99920.53
99920.52
99920.51
99920.49
99920.48
99920.47
99920.46
99920.45
99920.43
99920.42
99920.41
99920.4
99920.39
99920.37
99920.36
99920.35
99920.34
99920.33
99920.31
99920.3
99920.29
99920.28
99920.26
99920.25
99920.24
99920.23
99920.22
99920.2
99920.19
99920.18
99920.17
99920.16
99920.14
99920.13
99920.12
99920.11
99920.1
99920.08
99920.07
99920.06
99920.05
99920.04
99920.02
99920.01
99920
99919.99
99919.98
99919.96
99919.95
99919.94
99919.93
99919.92
99919.9
99919.89
99919.88
99919.87
99919.86
99919.85
99919.83
99919.82
99919.81
99919.8
99919.79
99919.78
99919.76
99919.75
99919.74
99919.73
99919.72
99868.25
99899.52
99926.52
99923.02
99920.24
99920.62
99920.89
99920.84
99920.8
99920.79
99920.78
99920.77
99920.76
99920.74
99920.73
99920.72
99920.71
99920.7
99920.69
99920.67
99920.66
99920.65
99920.64
99920.63
99920.61
99920.6
99920.59
99920.58
99920.57
99920.55
99920.54
99920.53
99920.52
99920.51
99920.49
99920.48
99920.47
99920.46
99920.45
99920.43
99920.42
99920.41
99920.4
99920.39
99920.37
99920.36
99920.35
99920.34
99920.33
99920.31
99920.3
99920.29
99920.28
99920.26
99920.25
99920.24
99920.23
99920.22
99920.2
99920.19
99920.18
99920.17
99920.16
99920.14
99920.13
99920.12
99920.11
99920.1
99920.08
99920.07
99920.06
99920.05
99920.04
99920.02
99920.01
99920
99919.99
99919.98
99919.96
99919.95
99919.94
99919.93
99919.92
99919.9
99919.89
99919.88
99919.87
99919.86
99919.85
99919.83
99919.82
99919.81
99919.8
99919.79
99919.78
99919.76
99919.75
99919.74
99919.73
99919.72
99868.25
99899.52
99926.52
99923.02
99920.24
99920.62
99920.89
99920.84
99920.8
99920.79
99920.78
99920.77
99920.76
99920.74
99920.73
99920.72
99920.71
99920.7
99920.69
99920.67
99920.66
99920.65
99920.64
99920.63
99920.61
99920.6
99920.59
99920.58
99920.57
99920.55
99920.54
99920.53
99920.52
99920.51
99920.49
99920.48
99920.47
99920.46
99920.45
99920.43
99920.42
99920.41
99920.4
99920.39
99920.37
99920.36
99920.35
99920.34
99920.33
99920.31
99920.3
99920.29
99920.28
99920.26
99920.25
99920.24
99920.23
99920.22
99920.2
99920.19
99920.18
99920.17
99920.16
99920.14
99920.13
99920.12
99920.11
99920.1
99920.08
99920.07
99920.06
99920.05
99920.04
99920.02
99920.01
99920
99919.99
99919.98
99919.96
99919.95
99919.94
99919.93
99919.92
99919.9
99919.89
99919.88
99919.87
99919.86
99919.85
99919.83
99919.82
99919.81
99919.8
99919.79
99919.78
99919.76
99919.75
99919.74
99919.73
99919.72
99868.25
99899.52
99926.52
99923.02
99920.24
99920.62
99920.89
99920.84
99920.8
99920.79
99920.78
99920.77
99920.76
99920.74
99920.73
99920.72
99920.71
99920.7
99920.69
99920.67
99920.66
99920.65
99920.64
99920.63
99920.61
99920.6
99920.59
99920.58
99920.57
99920.55
99920.54
99920.53
99920.52
99920.51
99920.49
99920.48
99920.47
99920.46
99920.45
99920.43
99920.42
99920.41
99920.4
99920.39
99920.37
99920.36
99920.35
99920.34
99920.33
99920.31
99920.3
99920.29
99920.28
99920.26
99920.25
99920.24
99920.23
99920.22
99920.2
99920.19
99920.18
99920.17
99920.16
99920.14
99920.13
99920.12
99920.11
99920.1
99920.08
99920.07
99920.06
99920.05
99920.04
99920.02
99920.01
99920
99919.99
99919.98
99919.96
99919.95
99919.94
99919.93
99919.92
99919.9
99919.89
99919.88
99919.87
99919.86
99919.85
99919.83
99919.82
99919.81
99919.8
99919.79
99919.78
99919.76
99919.75
99919.74
99919.73
99919.72
99868.25
99899.52
99926.52
99923.02
99920.24
99920.62
99920.89
99920.84
99920.8
99920.79
99920.78
99920.77
99920.76
99920.74
99920.73
99920.72
99920.71
99920.7
99920.69
99920.67
99920.66
99920.65
99920.64
99920.63
99920.61
99920.6
99920.59
99920.58
99920.57
99920.55
99920.54
99920.53
99920.52
99920.51
99920.49
99920.48
99920.47
99920.46
99920.45
99920.43
99920.42
99920.41
99920.4
99920.39
99920.37
99920.36
99920.35
99920.34
99920.33
99920.31
99920.3
99920.29
99920.28
99920.26
99920.25
99920.24
99920.23
99920.22
99920.2
99920.19
99920.18
99920.17
99920.16
99920.14
99920.13
99920.12
99920.11
99920.1
99920.08
99920.07
99920.06
99920.05
99920.04
99920.02
99920.01
99920
99919.99
99919.98
99919.96
99919.95
99919.94
99919.93
99919.92
99919.91
99919.89
99919.88
99919.87
99919.86
99919.85
99919.83
99919.82
99919.81
99919.8
99919.79
99919.78
99919.77
99919.75
99919.74
99919.73
99919.72
99868.24
99899.52
99926.52
99923.02
99920.24
99920.62
99920.89
99920.84
99920.8
99920.79
99920.78
99920.77
99920.76
99920.74
99920.73
99920.72
99920.71
99920.7
99920.69
99920.67
99920.66
99920.65
99920.64
99920.63
99920.61
99920.6
99920.59
99920.58
99920.57
99920.55
99920.54
99920.53
99920.52
99920.51
99920.49
99920.48
99920.47
99920.46
99920.45
99920.43
99920.42
99920.41
99920.4
99920.39
99920.37
99920.36
99920.35
99920.34
99920.33
99920.31
99920.3
99920.29
99920.28
99920.26
99920.25
99920.24
99920.23
99920.22
99920.2
99920.19
99920.18
99920.17
99920.16
99920.14
99920.13
99920.12
99920.11
99920.1
99920.08
99920.07
99920.06
99920.05
99920.04
99920.02
99920.01
99920
99919.99
99919.98
99919.96
99919.95
99919.94
99919.93
99919.92
99919.91
99919.89
99919.88
99919.87
99919.86
99919.85
99919.83
99919.82
99919.81
99919.8
99919.79
99919.78
99919.77
99919.75
99919.74
99919.73
99919.72
99868.24
99899.52
99926.52
99923.02
99920.24
99920.62
99920.89
99920.84
99920.8
99920.79
99920.78
99920.77
99920.76
99920.74
99920.73
99920.72
99920.71
99920.7
99920.69
99920.67
99920.66
99920.65
99920.64
99920.63
99920.61
99920.6
99920.59
99920.58
99920.57
99920.55
99920.54
99920.53
99920.52
99920.51
99920.49
99920.48
99920.47
99920.46
99920.45
99920.43
99920.42
99920.41
99920.4
99920.39
99920.37
99920.36
99920.35
99920.34
99920.33
99920.31
99920.3
99920.29
99920.28
99920.26
99920.25
99920.24
99920.23
99920.22
99920.2
99920.19
99920.18
99920.17
99920.16
99920.14
99920.13
99920.12
99920.11
99920.1
99920.08
99920.07
99920.06
99920.05
99920.04
99920.02
99920.01
99920
99919.99
99919.98
99919.96
99919.95
99919.94
99919.93
99919.92
99919.91
99919.89
99919.88
99919.87
99919.86
99919.85
99919.83
99919.82
99919.81
99919.8
99919.79
99919.78
99919.77
99919.75
99919.74
99919.73
99919.72
99868.24
99899.52
99926.52
99923.02
99920.24
99920.62
99920.89
99920.84
99920.8
99920.79
99920.78
99920.77
99920.76
99920.74
99920.73
99920.72
99920.71
99920.7
99920.69
99920.67
99920.66
99920.65
99920.64
99920.63
99920.61
99920.6
99920.59
99920.58
99920.57
99920.55
99920.54
99920.53
99920.52
99920.51
99920.49
99920.48
99920.47
99920.46
99920.45
99920.43
99920.42
99920.41
99920.4
99920.39
99920.37
99920.36
99920.35
99920.34
99920.33
99920.31
99920.3
99920.29
99920.28
99920.26
99920.25
99920.24
99920.23
99920.22
99920.2
99920.19
99920.18
99920.17
99920.16
99920.14
99920.13
99920.12
99920.11
99920.1
99920.08
99920.07
99920.06
99920.05
99920.04
99920.02
99920.01
99920
99919.99
99919.98
99919.96
99919.95
99919.94
99919.93
99919.92
99919.91
99919.89
99919.88
99919.87
99919.86
99919.85
99919.83
99919.82
99919.81
99919.8
99919.79
99919.78
99919.77
99919.75
99919.74
99919.73
99919.72
99868.22
99899.53
99926.53
99923.02
99920.24
99920.62
99920.89
99920.84
99920.8
99920.79
99920.78
99920.77
99920.76
99920.74
99920.73
99920.72
99920.71
99920.7
99920.69
99920.67
99920.66
99920.65
99920.64
99920.63
99920.61
99920.6
99920.59
99920.58
99920.57
99920.55
99920.54
99920.53
99920.52
99920.51
99920.49
99920.48
99920.47
99920.46
99920.45
99920.43
99920.42
99920.41
99920.4
99920.39
99920.37
99920.36
99920.35
99920.34
99920.33
99920.31
99920.3
99920.29
99920.28
99920.26
99920.25
99920.24
99920.23
99920.22
99920.2
99920.19
99920.18
99920.17
99920.16
99920.14
99920.13
99920.12
99920.11
99920.1
99920.08
99920.07
99920.06
99920.05
99920.04
99920.02
99920.01
99920
99919.99
99919.98
99919.96
99919.95
99919.94
99919.93
99919.92
99919.91
99919.89
99919.88
99919.87
99919.86
99919.85
99919.83
99919.82
99919.81
99919.8
99919.79
99919.78
99919.77
99919.75
99919.74
99919.73
99919.72
)
;

boundaryField
{
    topAir_top
    {
        type            symmetryPlane;
    }
    leftLet
    {
        type            fixedValue;
        value           uniform 100000;
    }
    rightLet
    {
        type            fixedFluxPressure;
        gradient        nonuniform List<scalar> 
40
(
-2.459648
-1.670899
-1.493693
-1.343766
-1.282149
-1.237025
-1.211816
-1.193256
-1.181039
-1.171707
-1.16501
-1.159662
-1.155648
-1.152299
-1.149725
-1.147494
-1.145751
-1.1442
-1.142967
-1.141855
-1.14095
-1.140137
-1.139453
-1.13885
-1.138323
-1.137873
-1.137461
-1.137124
-1.136802
-1.136551
-1.136301
-1.136116
-1.135927
-1.135797
-1.135662
-1.13558
-1.135491
-1.135471
-1.135395
-1.13572
)
;
        value           nonuniform List<scalar> 
40
(
99919.64
99919.66
99919.67
99919.67
99919.68
99919.68
99919.68
99919.69
99919.69
99919.69
99919.69
99919.7
99919.7
99919.7
99919.7
99919.7
99919.7
99919.7
99919.71
99919.71
99919.71
99919.71
99919.71
99919.71
99919.71
99919.71
99919.71
99919.71
99919.71
99919.71
99919.71
99919.71
99919.71
99919.71
99919.71
99919.71
99919.71
99919.71
99919.71
99919.71
)
;
    }
    frontAndBack
    {
        type            empty;
    }
    topAir_to_wall
    {
        type            fixedFluxPressure;
        gradient        uniform 0;
        value           nonuniform List<scalar> 
100
(
99868.37
99899.6
99926.55
99923.06
99920.28
99920.65
99920.92
99920.86
99920.82
99920.81
99920.8
99920.78
99920.77
99920.76
99920.75
99920.73
99920.72
99920.71
99920.69
99920.68
99920.67
99920.66
99920.64
99920.63
99920.62
99920.61
99920.6
99920.58
99920.57
99920.56
99920.55
99920.53
99920.52
99920.51
99920.5
99920.48
99920.47
99920.46
99920.45
99920.44
99920.42
99920.41
99920.4
99920.39
99920.37
99920.36
99920.35
99920.34
99920.33
99920.31
99920.3
99920.29
99920.28
99920.26
99920.25
99920.24
99920.23
99920.22
99920.2
99920.19
99920.18
99920.17
99920.15
99920.14
99920.13
99920.12
99920.11
99920.09
99920.08
99920.07
99920.06
99920.04
99920.03
99920.02
99920.01
99919.99
99919.98
99919.97
99919.96
99919.94
99919.93
99919.92
99919.91
99919.89
99919.88
99919.87
99919.86
99919.84
99919.83
99919.82
99919.8
99919.79
99919.77
99919.76
99919.75
99919.73
99919.71
99919.7
99919.68
99919.65
)
;
    }
}


// ************************************************************************* //
