/*--------------------------------*- C++ -*----------------------------------*\
| =========                 |                                                 |
| \\      /  F ield         | OpenFOAM: The Open Source CFD Toolbox           |
|  \\    /   O peration     | Version:  2.3.0                                 |
|   \\  /    A nd           | Web:      www.OpenFOAM.org                      |
|    \\/     M anipulation  |                                                 |
\*---------------------------------------------------------------------------*/
FoamFile
{
    version     2.0;
    format      ascii;
    class       volScalarField;
    location    "10000/topAir";
    object      rho;
}
// * * * * * * * * * * * * * * * * * * * * * * * * * * * * * * * * * * * * * //

dimensions      [1 -3 0 0 0 0 0];

internalField   nonuniform List<scalar> 
4000
(
1.15733
1.157515
1.157736
1.157654
1.157574
1.157526
1.157477
1.157425
1.157373
1.157321
1.15727
1.157218
1.157166
1.157114
1.157063
1.157011
1.156959
1.156908
1.156856
1.156804
1.156752
1.156701
1.156649
1.156597
1.156546
1.156494
1.156442
1.15639
1.156339
1.156287
1.156235
1.156183
1.156132
1.15608
1.156028
1.155976
1.155925
1.155873
1.155821
1.155769
1.155718
1.155666
1.155614
1.155562
1.15551
1.155459
1.155407
1.155355
1.155303
1.155252
1.1552
1.155148
1.155096
1.155044
1.154993
1.154941
1.154889
1.154837
1.154785
1.154734
1.154682
1.15463
1.154578
1.154526
1.154474
1.154423
1.154371
1.154319
1.154267
1.154215
1.154163
1.154112
1.15406
1.154008
1.153956
1.153904
1.153852
1.153801
1.153749
1.153697
1.153645
1.153593
1.153541
1.153489
1.153437
1.153386
1.153334
1.153282
1.15323
1.153178
1.153126
1.153074
1.153022
1.152971
1.152919
1.152867
1.152815
1.152763
1.152711
1.152659
1.157381
1.157618
1.157891
1.15786
1.157832
1.157835
1.157837
1.157836
1.157836
1.157835
1.157835
1.157834
1.157833
1.157833
1.157832
1.157832
1.157831
1.15783
1.157829
1.157828
1.157828
1.157827
1.157826
1.157825
1.157824
1.157823
1.157822
1.15782
1.157819
1.157818
1.157817
1.157816
1.157814
1.157813
1.157812
1.15781
1.157809
1.157808
1.157806
1.157805
1.157803
1.157801
1.1578
1.157798
1.157797
1.157795
1.157793
1.157791
1.15779
1.157788
1.157786
1.157784
1.157782
1.15778
1.157778
1.157776
1.157774
1.157772
1.15777
1.157767
1.157765
1.157763
1.157761
1.157759
1.157756
1.157754
1.157751
1.157749
1.157747
1.157744
1.157742
1.157739
1.157736
1.157734
1.157731
1.157729
1.157726
1.157723
1.15772
1.157718
1.157715
1.157712
1.157709
1.157706
1.157703
1.1577
1.157697
1.157694
1.157691
1.157688
1.157685
1.157682
1.157679
1.157676
1.157673
1.15767
1.157666
1.157664
1.157661
1.157659
1.157381
1.157618
1.157891
1.15786
1.157832
1.157835
1.157838
1.157837
1.157837
1.157837
1.157837
1.157837
1.157836
1.157836
1.157836
1.157836
1.157836
1.157836
1.157836
1.157835
1.157835
1.157835
1.157835
1.157835
1.157835
1.157834
1.157834
1.157834
1.157834
1.157834
1.157834
1.157834
1.157833
1.157833
1.157833
1.157833
1.157833
1.157833
1.157832
1.157832
1.157832
1.157832
1.157832
1.157832
1.157831
1.157831
1.157831
1.157831
1.157831
1.157831
1.15783
1.15783
1.15783
1.15783
1.15783
1.157829
1.157829
1.157829
1.157829
1.157829
1.157829
1.157828
1.157828
1.157828
1.157828
1.157828
1.157827
1.157827
1.157827
1.157827
1.157827
1.157826
1.157826
1.157826
1.157826
1.157826
1.157825
1.157825
1.157825
1.157825
1.157824
1.157824
1.157824
1.157824
1.157824
1.157823
1.157823
1.157823
1.157823
1.157822
1.157822
1.157822
1.157822
1.157821
1.157821
1.157821
1.157821
1.15782
1.15782
1.15782
1.157381
1.157618
1.157891
1.15786
1.157832
1.157835
1.157838
1.157837
1.157837
1.157837
1.157837
1.157837
1.157836
1.157836
1.157836
1.157836
1.157836
1.157836
1.157836
1.157835
1.157835
1.157835
1.157835
1.157835
1.157835
1.157835
1.157834
1.157834
1.157834
1.157834
1.157834
1.157834
1.157834
1.157833
1.157833
1.157833
1.157833
1.157833
1.157833
1.157832
1.157832
1.157832
1.157832
1.157832
1.157832
1.157832
1.157831
1.157831
1.157831
1.157831
1.157831
1.157831
1.157831
1.15783
1.15783
1.15783
1.15783
1.15783
1.15783
1.15783
1.157829
1.157829
1.157829
1.157829
1.157829
1.157829
1.157829
1.157828
1.157828
1.157828
1.157828
1.157828
1.157828
1.157828
1.157827
1.157827
1.157827
1.157827
1.157827
1.157827
1.157826
1.157826
1.157826
1.157826
1.157826
1.157826
1.157826
1.157825
1.157825
1.157825
1.157825
1.157825
1.157825
1.157824
1.157824
1.157824
1.157824
1.157824
1.157824
1.157824
1.157381
1.157618
1.157891
1.15786
1.157832
1.157835
1.157838
1.157837
1.157837
1.157837
1.157837
1.157837
1.157836
1.157836
1.157836
1.157836
1.157836
1.157836
1.157836
1.157835
1.157835
1.157835
1.157835
1.157835
1.157835
1.157835
1.157834
1.157834
1.157834
1.157834
1.157834
1.157834
1.157833
1.157833
1.157833
1.157833
1.157833
1.157833
1.157833
1.157832
1.157832
1.157832
1.157832
1.157832
1.157832
1.157832
1.157831
1.157831
1.157831
1.157831
1.157831
1.157831
1.157831
1.15783
1.15783
1.15783
1.15783
1.15783
1.15783
1.15783
1.157829
1.157829
1.157829
1.157829
1.157829
1.157829
1.157829
1.157828
1.157828
1.157828
1.157828
1.157828
1.157828
1.157828
1.157827
1.157827
1.157827
1.157827
1.157827
1.157827
1.157826
1.157826
1.157826
1.157826
1.157826
1.157826
1.157826
1.157825
1.157825
1.157825
1.157825
1.157825
1.157825
1.157825
1.157824
1.157824
1.157824
1.157824
1.157824
1.157824
1.157381
1.157618
1.157891
1.15786
1.157832
1.157835
1.157838
1.157837
1.157837
1.157837
1.157837
1.157837
1.157836
1.157836
1.157836
1.157836
1.157836
1.157836
1.157836
1.157835
1.157835
1.157835
1.157835
1.157835
1.157835
1.157835
1.157834
1.157834
1.157834
1.157834
1.157834
1.157834
1.157833
1.157833
1.157833
1.157833
1.157833
1.157833
1.157833
1.157832
1.157832
1.157832
1.157832
1.157832
1.157832
1.157832
1.157831
1.157831
1.157831
1.157831
1.157831
1.157831
1.157831
1.15783
1.15783
1.15783
1.15783
1.15783
1.15783
1.15783
1.157829
1.157829
1.157829
1.157829
1.157829
1.157829
1.157829
1.157828
1.157828
1.157828
1.157828
1.157828
1.157828
1.157828
1.157827
1.157827
1.157827
1.157827
1.157827
1.157827
1.157826
1.157826
1.157826
1.157826
1.157826
1.157826
1.157826
1.157825
1.157825
1.157825
1.157825
1.157825
1.157825
1.157825
1.157824
1.157824
1.157824
1.157824
1.157824
1.157824
1.15738
1.157618
1.157891
1.15786
1.157832
1.157835
1.157838
1.157837
1.157837
1.157837
1.157837
1.157837
1.157836
1.157836
1.157836
1.157836
1.157836
1.157836
1.157836
1.157835
1.157835
1.157835
1.157835
1.157835
1.157835
1.157835
1.157834
1.157834
1.157834
1.157834
1.157834
1.157834
1.157833
1.157833
1.157833
1.157833
1.157833
1.157833
1.157833
1.157832
1.157832
1.157832
1.157832
1.157832
1.157832
1.157832
1.157831
1.157831
1.157831
1.157831
1.157831
1.157831
1.157831
1.15783
1.15783
1.15783
1.15783
1.15783
1.15783
1.15783
1.157829
1.157829
1.157829
1.157829
1.157829
1.157829
1.157829
1.157828
1.157828
1.157828
1.157828
1.157828
1.157828
1.157828
1.157827
1.157827
1.157827
1.157827
1.157827
1.157827
1.157826
1.157826
1.157826
1.157826
1.157826
1.157826
1.157826
1.157825
1.157825
1.157825
1.157825
1.157825
1.157825
1.157825
1.157824
1.157824
1.157824
1.157824
1.157824
1.157824
1.15738
1.157618
1.157891
1.15786
1.157832
1.157835
1.157838
1.157837
1.157837
1.157837
1.157837
1.157837
1.157836
1.157836
1.157836
1.157836
1.157836
1.157836
1.157836
1.157835
1.157835
1.157835
1.157835
1.157835
1.157835
1.157835
1.157834
1.157834
1.157834
1.157834
1.157834
1.157834
1.157833
1.157833
1.157833
1.157833
1.157833
1.157833
1.157833
1.157832
1.157832
1.157832
1.157832
1.157832
1.157832
1.157832
1.157831
1.157831
1.157831
1.157831
1.157831
1.157831
1.157831
1.15783
1.15783
1.15783
1.15783
1.15783
1.15783
1.15783
1.157829
1.157829
1.157829
1.157829
1.157829
1.157829
1.157829
1.157828
1.157828
1.157828
1.157828
1.157828
1.157828
1.157828
1.157827
1.157827
1.157827
1.157827
1.157827
1.157827
1.157826
1.157826
1.157826
1.157826
1.157826
1.157826
1.157826
1.157825
1.157825
1.157825
1.157825
1.157825
1.157825
1.157825
1.157824
1.157824
1.157824
1.157824
1.157824
1.157824
1.15738
1.157618
1.157891
1.15786
1.157832
1.157835
1.157838
1.157837
1.157837
1.157837
1.157837
1.157837
1.157836
1.157836
1.157836
1.157836
1.157836
1.157836
1.157836
1.157835
1.157835
1.157835
1.157835
1.157835
1.157835
1.157834
1.157834
1.157834
1.157834
1.157834
1.157834
1.157834
1.157833
1.157833
1.157833
1.157833
1.157833
1.157833
1.157833
1.157832
1.157832
1.157832
1.157832
1.157832
1.157832
1.157832
1.157831
1.157831
1.157831
1.157831
1.157831
1.157831
1.157831
1.15783
1.15783
1.15783
1.15783
1.15783
1.15783
1.15783
1.157829
1.157829
1.157829
1.157829
1.157829
1.157829
1.157829
1.157828
1.157828
1.157828
1.157828
1.157828
1.157828
1.157828
1.157827
1.157827
1.157827
1.157827
1.157827
1.157827
1.157826
1.157826
1.157826
1.157826
1.157826
1.157826
1.157826
1.157825
1.157825
1.157825
1.157825
1.157825
1.157825
1.157825
1.157824
1.157824
1.157824
1.157824
1.157824
1.157824
1.15738
1.157618
1.157891
1.15786
1.157832
1.157835
1.157838
1.157837
1.157837
1.157837
1.157837
1.157837
1.157836
1.157836
1.157836
1.157836
1.157836
1.157836
1.157836
1.157835
1.157835
1.157835
1.157835
1.157835
1.157835
1.157834
1.157834
1.157834
1.157834
1.157834
1.157834
1.157834
1.157833
1.157833
1.157833
1.157833
1.157833
1.157833
1.157833
1.157832
1.157832
1.157832
1.157832
1.157832
1.157832
1.157832
1.157831
1.157831
1.157831
1.157831
1.157831
1.157831
1.157831
1.15783
1.15783
1.15783
1.15783
1.15783
1.15783
1.15783
1.157829
1.157829
1.157829
1.157829
1.157829
1.157829
1.157829
1.157828
1.157828
1.157828
1.157828
1.157828
1.157828
1.157828
1.157827
1.157827
1.157827
1.157827
1.157827
1.157827
1.157826
1.157826
1.157826
1.157826
1.157826
1.157826
1.157826
1.157825
1.157825
1.157825
1.157825
1.157825
1.157825
1.157825
1.157824
1.157824
1.157824
1.157824
1.157824
1.157824
1.15738
1.157618
1.157891
1.15786
1.157832
1.157835
1.157838
1.157837
1.157837
1.157837
1.157837
1.157837
1.157836
1.157836
1.157836
1.157836
1.157836
1.157836
1.157836
1.157835
1.157835
1.157835
1.157835
1.157835
1.157835
1.157834
1.157834
1.157834
1.157834
1.157834
1.157834
1.157834
1.157833
1.157833
1.157833
1.157833
1.157833
1.157833
1.157833
1.157832
1.157832
1.157832
1.157832
1.157832
1.157832
1.157832
1.157831
1.157831
1.157831
1.157831
1.157831
1.157831
1.157831
1.15783
1.15783
1.15783
1.15783
1.15783
1.15783
1.15783
1.157829
1.157829
1.157829
1.157829
1.157829
1.157829
1.157829
1.157828
1.157828
1.157828
1.157828
1.157828
1.157828
1.157828
1.157827
1.157827
1.157827
1.157827
1.157827
1.157827
1.157826
1.157826
1.157826
1.157826
1.157826
1.157826
1.157826
1.157825
1.157825
1.157825
1.157825
1.157825
1.157825
1.157825
1.157824
1.157824
1.157824
1.157824
1.157824
1.157824
1.15738
1.157618
1.157891
1.15786
1.157832
1.157835
1.157838
1.157837
1.157837
1.157837
1.157837
1.157837
1.157836
1.157836
1.157836
1.157836
1.157836
1.157836
1.157836
1.157835
1.157835
1.157835
1.157835
1.157835
1.157835
1.157834
1.157834
1.157834
1.157834
1.157834
1.157834
1.157834
1.157833
1.157833
1.157833
1.157833
1.157833
1.157833
1.157833
1.157832
1.157832
1.157832
1.157832
1.157832
1.157832
1.157832
1.157831
1.157831
1.157831
1.157831
1.157831
1.157831
1.157831
1.15783
1.15783
1.15783
1.15783
1.15783
1.15783
1.15783
1.157829
1.157829
1.157829
1.157829
1.157829
1.157829
1.157829
1.157828
1.157828
1.157828
1.157828
1.157828
1.157828
1.157828
1.157827
1.157827
1.157827
1.157827
1.157827
1.157827
1.157826
1.157826
1.157826
1.157826
1.157826
1.157826
1.157826
1.157825
1.157825
1.157825
1.157825
1.157825
1.157825
1.157825
1.157824
1.157824
1.157824
1.157824
1.157824
1.157824
1.15738
1.157618
1.157891
1.15786
1.157832
1.157835
1.157838
1.157837
1.157837
1.157837
1.157837
1.157837
1.157836
1.157836
1.157836
1.157836
1.157836
1.157836
1.157835
1.157835
1.157835
1.157835
1.157835
1.157835
1.157835
1.157834
1.157834
1.157834
1.157834
1.157834
1.157834
1.157834
1.157833
1.157833
1.157833
1.157833
1.157833
1.157833
1.157833
1.157832
1.157832
1.157832
1.157832
1.157832
1.157832
1.157832
1.157831
1.157831
1.157831
1.157831
1.157831
1.157831
1.157831
1.15783
1.15783
1.15783
1.15783
1.15783
1.15783
1.15783
1.157829
1.157829
1.157829
1.157829
1.157829
1.157829
1.157829
1.157828
1.157828
1.157828
1.157828
1.157828
1.157828
1.157828
1.157827
1.157827
1.157827
1.157827
1.157827
1.157827
1.157826
1.157826
1.157826
1.157826
1.157826
1.157826
1.157826
1.157825
1.157825
1.157825
1.157825
1.157825
1.157825
1.157825
1.157824
1.157824
1.157824
1.157824
1.157824
1.157824
1.15738
1.157618
1.157891
1.15786
1.157832
1.157835
1.157838
1.157837
1.157837
1.157837
1.157837
1.157837
1.157836
1.157836
1.157836
1.157836
1.157836
1.157836
1.157835
1.157835
1.157835
1.157835
1.157835
1.157835
1.157835
1.157834
1.157834
1.157834
1.157834
1.157834
1.157834
1.157834
1.157833
1.157833
1.157833
1.157833
1.157833
1.157833
1.157833
1.157832
1.157832
1.157832
1.157832
1.157832
1.157832
1.157832
1.157831
1.157831
1.157831
1.157831
1.157831
1.157831
1.157831
1.15783
1.15783
1.15783
1.15783
1.15783
1.15783
1.15783
1.157829
1.157829
1.157829
1.157829
1.157829
1.157829
1.157829
1.157828
1.157828
1.157828
1.157828
1.157828
1.157828
1.157828
1.157827
1.157827
1.157827
1.157827
1.157827
1.157827
1.157826
1.157826
1.157826
1.157826
1.157826
1.157826
1.157826
1.157825
1.157825
1.157825
1.157825
1.157825
1.157825
1.157825
1.157824
1.157824
1.157824
1.157824
1.157824
1.157824
1.15738
1.157618
1.157891
1.15786
1.157832
1.157835
1.157838
1.157837
1.157837
1.157837
1.157837
1.157837
1.157836
1.157836
1.157836
1.157836
1.157836
1.157836
1.157835
1.157835
1.157835
1.157835
1.157835
1.157835
1.157835
1.157834
1.157834
1.157834
1.157834
1.157834
1.157834
1.157834
1.157833
1.157833
1.157833
1.157833
1.157833
1.157833
1.157833
1.157832
1.157832
1.157832
1.157832
1.157832
1.157832
1.157832
1.157831
1.157831
1.157831
1.157831
1.157831
1.157831
1.157831
1.15783
1.15783
1.15783
1.15783
1.15783
1.15783
1.15783
1.157829
1.157829
1.157829
1.157829
1.157829
1.157829
1.157829
1.157828
1.157828
1.157828
1.157828
1.157828
1.157828
1.157828
1.157827
1.157827
1.157827
1.157827
1.157827
1.157827
1.157826
1.157826
1.157826
1.157826
1.157826
1.157826
1.157826
1.157825
1.157825
1.157825
1.157825
1.157825
1.157825
1.157825
1.157824
1.157824
1.157824
1.157824
1.157824
1.157824
1.15738
1.157618
1.157891
1.15786
1.157832
1.157835
1.157838
1.157837
1.157837
1.157837
1.157837
1.157836
1.157836
1.157836
1.157836
1.157836
1.157836
1.157836
1.157835
1.157835
1.157835
1.157835
1.157835
1.157835
1.157835
1.157834
1.157834
1.157834
1.157834
1.157834
1.157834
1.157834
1.157833
1.157833
1.157833
1.157833
1.157833
1.157833
1.157833
1.157832
1.157832
1.157832
1.157832
1.157832
1.157832
1.157832
1.157831
1.157831
1.157831
1.157831
1.157831
1.157831
1.157831
1.15783
1.15783
1.15783
1.15783
1.15783
1.15783
1.15783
1.157829
1.157829
1.157829
1.157829
1.157829
1.157829
1.157829
1.157828
1.157828
1.157828
1.157828
1.157828
1.157828
1.157828
1.157827
1.157827
1.157827
1.157827
1.157827
1.157827
1.157826
1.157826
1.157826
1.157826
1.157826
1.157826
1.157826
1.157825
1.157825
1.157825
1.157825
1.157825
1.157825
1.157825
1.157824
1.157824
1.157824
1.157824
1.157824
1.157824
1.15738
1.157618
1.157891
1.15786
1.157832
1.157835
1.157838
1.157837
1.157837
1.157837
1.157837
1.157836
1.157836
1.157836
1.157836
1.157836
1.157836
1.157836
1.157835
1.157835
1.157835
1.157835
1.157835
1.157835
1.157835
1.157834
1.157834
1.157834
1.157834
1.157834
1.157834
1.157834
1.157833
1.157833
1.157833
1.157833
1.157833
1.157833
1.157833
1.157832
1.157832
1.157832
1.157832
1.157832
1.157832
1.157832
1.157831
1.157831
1.157831
1.157831
1.157831
1.157831
1.157831
1.15783
1.15783
1.15783
1.15783
1.15783
1.15783
1.15783
1.157829
1.157829
1.157829
1.157829
1.157829
1.157829
1.157829
1.157828
1.157828
1.157828
1.157828
1.157828
1.157828
1.157828
1.157827
1.157827
1.157827
1.157827
1.157827
1.157827
1.157826
1.157826
1.157826
1.157826
1.157826
1.157826
1.157826
1.157825
1.157825
1.157825
1.157825
1.157825
1.157825
1.157825
1.157824
1.157824
1.157824
1.157824
1.157824
1.157824
1.15738
1.157618
1.157891
1.15786
1.157832
1.157835
1.157838
1.157837
1.157837
1.157837
1.157837
1.157836
1.157836
1.157836
1.157836
1.157836
1.157836
1.157836
1.157835
1.157835
1.157835
1.157835
1.157835
1.157835
1.157835
1.157834
1.157834
1.157834
1.157834
1.157834
1.157834
1.157834
1.157833
1.157833
1.157833
1.157833
1.157833
1.157833
1.157833
1.157832
1.157832
1.157832
1.157832
1.157832
1.157832
1.157832
1.157831
1.157831
1.157831
1.157831
1.157831
1.157831
1.157831
1.15783
1.15783
1.15783
1.15783
1.15783
1.15783
1.15783
1.157829
1.157829
1.157829
1.157829
1.157829
1.157829
1.157829
1.157828
1.157828
1.157828
1.157828
1.157828
1.157828
1.157828
1.157827
1.157827
1.157827
1.157827
1.157827
1.157827
1.157826
1.157826
1.157826
1.157826
1.157826
1.157826
1.157826
1.157825
1.157825
1.157825
1.157825
1.157825
1.157825
1.157825
1.157824
1.157824
1.157824
1.157824
1.157824
1.157824
1.15738
1.157618
1.157891
1.15786
1.157832
1.157835
1.157838
1.157837
1.157837
1.157837
1.157837
1.157836
1.157836
1.157836
1.157836
1.157836
1.157836
1.157836
1.157835
1.157835
1.157835
1.157835
1.157835
1.157835
1.157835
1.157834
1.157834
1.157834
1.157834
1.157834
1.157834
1.157834
1.157833
1.157833
1.157833
1.157833
1.157833
1.157833
1.157833
1.157832
1.157832
1.157832
1.157832
1.157832
1.157832
1.157832
1.157831
1.157831
1.157831
1.157831
1.157831
1.157831
1.157831
1.15783
1.15783
1.15783
1.15783
1.15783
1.15783
1.15783
1.157829
1.157829
1.157829
1.157829
1.157829
1.157829
1.157829
1.157828
1.157828
1.157828
1.157828
1.157828
1.157828
1.157828
1.157827
1.157827
1.157827
1.157827
1.157827
1.157827
1.157826
1.157826
1.157826
1.157826
1.157826
1.157826
1.157826
1.157825
1.157825
1.157825
1.157825
1.157825
1.157825
1.157825
1.157824
1.157824
1.157824
1.157824
1.157824
1.157824
1.15738
1.157618
1.15789
1.15786
1.157832
1.157835
1.157838
1.157837
1.157837
1.157837
1.157837
1.157836
1.157836
1.157836
1.157836
1.157836
1.157836
1.157836
1.157835
1.157835
1.157835
1.157835
1.157835
1.157835
1.157835
1.157834
1.157834
1.157834
1.157834
1.157834
1.157834
1.157834
1.157833
1.157833
1.157833
1.157833
1.157833
1.157833
1.157833
1.157832
1.157832
1.157832
1.157832
1.157832
1.157832
1.157832
1.157831
1.157831
1.157831
1.157831
1.157831
1.157831
1.157831
1.15783
1.15783
1.15783
1.15783
1.15783
1.15783
1.15783
1.157829
1.157829
1.157829
1.157829
1.157829
1.157829
1.157829
1.157828
1.157828
1.157828
1.157828
1.157828
1.157828
1.157828
1.157827
1.157827
1.157827
1.157827
1.157827
1.157827
1.157826
1.157826
1.157826
1.157826
1.157826
1.157826
1.157826
1.157825
1.157825
1.157825
1.157825
1.157825
1.157825
1.157825
1.157824
1.157824
1.157824
1.157824
1.157824
1.157824
1.15738
1.157618
1.15789
1.15786
1.157832
1.157835
1.157838
1.157837
1.157837
1.157837
1.157837
1.157836
1.157836
1.157836
1.157836
1.157836
1.157836
1.157836
1.157835
1.157835
1.157835
1.157835
1.157835
1.157835
1.157835
1.157834
1.157834
1.157834
1.157834
1.157834
1.157834
1.157834
1.157833
1.157833
1.157833
1.157833
1.157833
1.157833
1.157833
1.157832
1.157832
1.157832
1.157832
1.157832
1.157832
1.157832
1.157831
1.157831
1.157831
1.157831
1.157831
1.157831
1.157831
1.15783
1.15783
1.15783
1.15783
1.15783
1.15783
1.15783
1.157829
1.157829
1.157829
1.157829
1.157829
1.157829
1.157829
1.157828
1.157828
1.157828
1.157828
1.157828
1.157828
1.157828
1.157827
1.157827
1.157827
1.157827
1.157827
1.157827
1.157826
1.157826
1.157826
1.157826
1.157826
1.157826
1.157826
1.157825
1.157825
1.157825
1.157825
1.157825
1.157825
1.157825
1.157824
1.157824
1.157824
1.157824
1.157824
1.157824
1.15738
1.157618
1.15789
1.15786
1.157832
1.157835
1.157838
1.157837
1.157837
1.157837
1.157837
1.157836
1.157836
1.157836
1.157836
1.157836
1.157836
1.157836
1.157835
1.157835
1.157835
1.157835
1.157835
1.157835
1.157835
1.157834
1.157834
1.157834
1.157834
1.157834
1.157834
1.157834
1.157833
1.157833
1.157833
1.157833
1.157833
1.157833
1.157833
1.157832
1.157832
1.157832
1.157832
1.157832
1.157832
1.157832
1.157831
1.157831
1.157831
1.157831
1.157831
1.157831
1.157831
1.15783
1.15783
1.15783
1.15783
1.15783
1.15783
1.15783
1.157829
1.157829
1.157829
1.157829
1.157829
1.157829
1.157829
1.157828
1.157828
1.157828
1.157828
1.157828
1.157828
1.157828
1.157827
1.157827
1.157827
1.157827
1.157827
1.157827
1.157826
1.157826
1.157826
1.157826
1.157826
1.157826
1.157826
1.157825
1.157825
1.157825
1.157825
1.157825
1.157825
1.157825
1.157824
1.157824
1.157824
1.157824
1.157824
1.157824
1.15738
1.157618
1.15789
1.15786
1.157832
1.157835
1.157838
1.157837
1.157837
1.157837
1.157837
1.157836
1.157836
1.157836
1.157836
1.157836
1.157836
1.157836
1.157835
1.157835
1.157835
1.157835
1.157835
1.157835
1.157835
1.157834
1.157834
1.157834
1.157834
1.157834
1.157834
1.157834
1.157833
1.157833
1.157833
1.157833
1.157833
1.157833
1.157833
1.157832
1.157832
1.157832
1.157832
1.157832
1.157832
1.157832
1.157831
1.157831
1.157831
1.157831
1.157831
1.157831
1.157831
1.15783
1.15783
1.15783
1.15783
1.15783
1.15783
1.15783
1.157829
1.157829
1.157829
1.157829
1.157829
1.157829
1.157829
1.157828
1.157828
1.157828
1.157828
1.157828
1.157828
1.157828
1.157827
1.157827
1.157827
1.157827
1.157827
1.157827
1.157826
1.157826
1.157826
1.157826
1.157826
1.157826
1.157826
1.157825
1.157825
1.157825
1.157825
1.157825
1.157825
1.157825
1.157824
1.157824
1.157824
1.157824
1.157824
1.157824
1.15738
1.157618
1.15789
1.15786
1.157832
1.157835
1.157838
1.157837
1.157837
1.157837
1.157837
1.157836
1.157836
1.157836
1.157836
1.157836
1.157836
1.157836
1.157835
1.157835
1.157835
1.157835
1.157835
1.157835
1.157835
1.157834
1.157834
1.157834
1.157834
1.157834
1.157834
1.157834
1.157833
1.157833
1.157833
1.157833
1.157833
1.157833
1.157833
1.157832
1.157832
1.157832
1.157832
1.157832
1.157832
1.157832
1.157831
1.157831
1.157831
1.157831
1.157831
1.157831
1.157831
1.15783
1.15783
1.15783
1.15783
1.15783
1.15783
1.15783
1.157829
1.157829
1.157829
1.157829
1.157829
1.157829
1.157829
1.157828
1.157828
1.157828
1.157828
1.157828
1.157828
1.157828
1.157827
1.157827
1.157827
1.157827
1.157827
1.157827
1.157826
1.157826
1.157826
1.157826
1.157826
1.157826
1.157826
1.157825
1.157825
1.157825
1.157825
1.157825
1.157825
1.157825
1.157825
1.157824
1.157824
1.157824
1.157824
1.157824
1.15738
1.157618
1.15789
1.15786
1.157832
1.157835
1.157838
1.157837
1.157837
1.157837
1.157837
1.157836
1.157836
1.157836
1.157836
1.157836
1.157836
1.157836
1.157835
1.157835
1.157835
1.157835
1.157835
1.157835
1.157835
1.157834
1.157834
1.157834
1.157834
1.157834
1.157834
1.157834
1.157833
1.157833
1.157833
1.157833
1.157833
1.157833
1.157833
1.157832
1.157832
1.157832
1.157832
1.157832
1.157832
1.157832
1.157831
1.157831
1.157831
1.157831
1.157831
1.157831
1.157831
1.15783
1.15783
1.15783
1.15783
1.15783
1.15783
1.15783
1.157829
1.157829
1.157829
1.157829
1.157829
1.157829
1.157829
1.157828
1.157828
1.157828
1.157828
1.157828
1.157828
1.157828
1.157827
1.157827
1.157827
1.157827
1.157827
1.157827
1.157826
1.157826
1.157826
1.157826
1.157826
1.157826
1.157826
1.157825
1.157825
1.157825
1.157825
1.157825
1.157825
1.157825
1.157825
1.157824
1.157824
1.157824
1.157824
1.157824
1.15738
1.157618
1.15789
1.15786
1.157832
1.157835
1.157838
1.157837
1.157837
1.157837
1.157837
1.157836
1.157836
1.157836
1.157836
1.157836
1.157836
1.157836
1.157835
1.157835
1.157835
1.157835
1.157835
1.157835
1.157835
1.157834
1.157834
1.157834
1.157834
1.157834
1.157834
1.157834
1.157833
1.157833
1.157833
1.157833
1.157833
1.157833
1.157833
1.157832
1.157832
1.157832
1.157832
1.157832
1.157832
1.157832
1.157831
1.157831
1.157831
1.157831
1.157831
1.157831
1.157831
1.15783
1.15783
1.15783
1.15783
1.15783
1.15783
1.15783
1.157829
1.157829
1.157829
1.157829
1.157829
1.157829
1.157829
1.157828
1.157828
1.157828
1.157828
1.157828
1.157828
1.157828
1.157827
1.157827
1.157827
1.157827
1.157827
1.157827
1.157826
1.157826
1.157826
1.157826
1.157826
1.157826
1.157826
1.157825
1.157825
1.157825
1.157825
1.157825
1.157825
1.157825
1.157825
1.157824
1.157824
1.157824
1.157824
1.157824
1.15738
1.157618
1.15789
1.15786
1.157832
1.157835
1.157838
1.157837
1.157837
1.157837
1.157837
1.157836
1.157836
1.157836
1.157836
1.157836
1.157836
1.157836
1.157835
1.157835
1.157835
1.157835
1.157835
1.157835
1.157835
1.157834
1.157834
1.157834
1.157834
1.157834
1.157834
1.157834
1.157833
1.157833
1.157833
1.157833
1.157833
1.157833
1.157833
1.157832
1.157832
1.157832
1.157832
1.157832
1.157832
1.157832
1.157831
1.157831
1.157831
1.157831
1.157831
1.157831
1.157831
1.15783
1.15783
1.15783
1.15783
1.15783
1.15783
1.15783
1.157829
1.157829
1.157829
1.157829
1.157829
1.157829
1.157829
1.157828
1.157828
1.157828
1.157828
1.157828
1.157828
1.157828
1.157827
1.157827
1.157827
1.157827
1.157827
1.157827
1.157827
1.157826
1.157826
1.157826
1.157826
1.157826
1.157826
1.157826
1.157825
1.157825
1.157825
1.157825
1.157825
1.157825
1.157825
1.157824
1.157824
1.157824
1.157824
1.157824
1.15738
1.157618
1.15789
1.15786
1.157832
1.157835
1.157838
1.157837
1.157837
1.157837
1.157837
1.157836
1.157836
1.157836
1.157836
1.157836
1.157836
1.157836
1.157835
1.157835
1.157835
1.157835
1.157835
1.157835
1.157835
1.157834
1.157834
1.157834
1.157834
1.157834
1.157834
1.157834
1.157833
1.157833
1.157833
1.157833
1.157833
1.157833
1.157833
1.157832
1.157832
1.157832
1.157832
1.157832
1.157832
1.157832
1.157831
1.157831
1.157831
1.157831
1.157831
1.157831
1.157831
1.15783
1.15783
1.15783
1.15783
1.15783
1.15783
1.15783
1.157829
1.157829
1.157829
1.157829
1.157829
1.157829
1.157829
1.157828
1.157828
1.157828
1.157828
1.157828
1.157828
1.157828
1.157827
1.157827
1.157827
1.157827
1.157827
1.157827
1.157827
1.157826
1.157826
1.157826
1.157826
1.157826
1.157826
1.157826
1.157825
1.157825
1.157825
1.157825
1.157825
1.157825
1.157825
1.157824
1.157824
1.157824
1.157824
1.157824
1.15738
1.157618
1.15789
1.15786
1.157832
1.157835
1.157838
1.157837
1.157837
1.157837
1.157837
1.157836
1.157836
1.157836
1.157836
1.157836
1.157836
1.157836
1.157835
1.157835
1.157835
1.157835
1.157835
1.157835
1.157835
1.157834
1.157834
1.157834
1.157834
1.157834
1.157834
1.157834
1.157833
1.157833
1.157833
1.157833
1.157833
1.157833
1.157833
1.157832
1.157832
1.157832
1.157832
1.157832
1.157832
1.157832
1.157831
1.157831
1.157831
1.157831
1.157831
1.157831
1.157831
1.15783
1.15783
1.15783
1.15783
1.15783
1.15783
1.15783
1.157829
1.157829
1.157829
1.157829
1.157829
1.157829
1.157829
1.157828
1.157828
1.157828
1.157828
1.157828
1.157828
1.157828
1.157827
1.157827
1.157827
1.157827
1.157827
1.157827
1.157827
1.157826
1.157826
1.157826
1.157826
1.157826
1.157826
1.157826
1.157825
1.157825
1.157825
1.157825
1.157825
1.157825
1.157825
1.157824
1.157824
1.157824
1.157824
1.157824
1.15738
1.157618
1.15789
1.15786
1.157832
1.157835
1.157838
1.157837
1.157837
1.157837
1.157837
1.157836
1.157836
1.157836
1.157836
1.157836
1.157836
1.157836
1.157835
1.157835
1.157835
1.157835
1.157835
1.157835
1.157835
1.157834
1.157834
1.157834
1.157834
1.157834
1.157834
1.157834
1.157833
1.157833
1.157833
1.157833
1.157833
1.157833
1.157833
1.157832
1.157832
1.157832
1.157832
1.157832
1.157832
1.157832
1.157831
1.157831
1.157831
1.157831
1.157831
1.157831
1.157831
1.15783
1.15783
1.15783
1.15783
1.15783
1.15783
1.15783
1.157829
1.157829
1.157829
1.157829
1.157829
1.157829
1.157829
1.157828
1.157828
1.157828
1.157828
1.157828
1.157828
1.157828
1.157827
1.157827
1.157827
1.157827
1.157827
1.157827
1.157827
1.157826
1.157826
1.157826
1.157826
1.157826
1.157826
1.157826
1.157825
1.157825
1.157825
1.157825
1.157825
1.157825
1.157825
1.157824
1.157824
1.157824
1.157824
1.157824
1.15738
1.157618
1.15789
1.15786
1.157832
1.157835
1.157838
1.157837
1.157837
1.157837
1.157837
1.157836
1.157836
1.157836
1.157836
1.157836
1.157836
1.157836
1.157835
1.157835
1.157835
1.157835
1.157835
1.157835
1.157835
1.157834
1.157834
1.157834
1.157834
1.157834
1.157834
1.157834
1.157833
1.157833
1.157833
1.157833
1.157833
1.157833
1.157833
1.157832
1.157832
1.157832
1.157832
1.157832
1.157832
1.157832
1.157831
1.157831
1.157831
1.157831
1.157831
1.157831
1.157831
1.15783
1.15783
1.15783
1.15783
1.15783
1.15783
1.15783
1.157829
1.157829
1.157829
1.157829
1.157829
1.157829
1.157829
1.157828
1.157828
1.157828
1.157828
1.157828
1.157828
1.157828
1.157827
1.157827
1.157827
1.157827
1.157827
1.157827
1.157827
1.157826
1.157826
1.157826
1.157826
1.157826
1.157826
1.157826
1.157825
1.157825
1.157825
1.157825
1.157825
1.157825
1.157825
1.157824
1.157824
1.157824
1.157824
1.157824
1.15738
1.157618
1.15789
1.15786
1.157832
1.157835
1.157838
1.157837
1.157837
1.157837
1.157837
1.157836
1.157836
1.157836
1.157836
1.157836
1.157836
1.157836
1.157835
1.157835
1.157835
1.157835
1.157835
1.157835
1.157835
1.157834
1.157834
1.157834
1.157834
1.157834
1.157834
1.157834
1.157833
1.157833
1.157833
1.157833
1.157833
1.157833
1.157833
1.157832
1.157832
1.157832
1.157832
1.157832
1.157832
1.157832
1.157831
1.157831
1.157831
1.157831
1.157831
1.157831
1.157831
1.15783
1.15783
1.15783
1.15783
1.15783
1.15783
1.15783
1.157829
1.157829
1.157829
1.157829
1.157829
1.157829
1.157829
1.157828
1.157828
1.157828
1.157828
1.157828
1.157828
1.157828
1.157827
1.157827
1.157827
1.157827
1.157827
1.157827
1.157827
1.157826
1.157826
1.157826
1.157826
1.157826
1.157826
1.157826
1.157825
1.157825
1.157825
1.157825
1.157825
1.157825
1.157825
1.157824
1.157824
1.157824
1.157824
1.157824
1.15738
1.157618
1.15789
1.15786
1.157832
1.157835
1.157838
1.157837
1.157837
1.157837
1.157837
1.157836
1.157836
1.157836
1.157836
1.157836
1.157836
1.157836
1.157835
1.157835
1.157835
1.157835
1.157835
1.157835
1.157835
1.157834
1.157834
1.157834
1.157834
1.157834
1.157834
1.157834
1.157833
1.157833
1.157833
1.157833
1.157833
1.157833
1.157833
1.157832
1.157832
1.157832
1.157832
1.157832
1.157832
1.157832
1.157831
1.157831
1.157831
1.157831
1.157831
1.157831
1.157831
1.15783
1.15783
1.15783
1.15783
1.15783
1.15783
1.15783
1.157829
1.157829
1.157829
1.157829
1.157829
1.157829
1.157829
1.157828
1.157828
1.157828
1.157828
1.157828
1.157828
1.157828
1.157827
1.157827
1.157827
1.157827
1.157827
1.157827
1.157827
1.157826
1.157826
1.157826
1.157826
1.157826
1.157826
1.157826
1.157825
1.157825
1.157825
1.157825
1.157825
1.157825
1.157825
1.157824
1.157824
1.157824
1.157824
1.157824
1.15738
1.157618
1.15789
1.15786
1.157832
1.157835
1.157838
1.157837
1.157837
1.157837
1.157837
1.157836
1.157836
1.157836
1.157836
1.157836
1.157836
1.157836
1.157835
1.157835
1.157835
1.157835
1.157835
1.157835
1.157835
1.157834
1.157834
1.157834
1.157834
1.157834
1.157834
1.157834
1.157833
1.157833
1.157833
1.157833
1.157833
1.157833
1.157833
1.157832
1.157832
1.157832
1.157832
1.157832
1.157832
1.157832
1.157831
1.157831
1.157831
1.157831
1.157831
1.157831
1.157831
1.15783
1.15783
1.15783
1.15783
1.15783
1.15783
1.15783
1.157829
1.157829
1.157829
1.157829
1.157829
1.157829
1.157829
1.157828
1.157828
1.157828
1.157828
1.157828
1.157828
1.157828
1.157827
1.157827
1.157827
1.157827
1.157827
1.157827
1.157827
1.157826
1.157826
1.157826
1.157826
1.157826
1.157826
1.157826
1.157825
1.157825
1.157825
1.157825
1.157825
1.157825
1.157825
1.157824
1.157824
1.157824
1.157824
1.157824
1.15738
1.157618
1.15789
1.15786
1.157832
1.157835
1.157838
1.157837
1.157837
1.157837
1.157837
1.157836
1.157836
1.157836
1.157836
1.157836
1.157836
1.157836
1.157835
1.157835
1.157835
1.157835
1.157835
1.157835
1.157835
1.157834
1.157834
1.157834
1.157834
1.157834
1.157834
1.157834
1.157833
1.157833
1.157833
1.157833
1.157833
1.157833
1.157833
1.157832
1.157832
1.157832
1.157832
1.157832
1.157832
1.157832
1.157831
1.157831
1.157831
1.157831
1.157831
1.157831
1.157831
1.15783
1.15783
1.15783
1.15783
1.15783
1.15783
1.15783
1.157829
1.157829
1.157829
1.157829
1.157829
1.157829
1.157829
1.157828
1.157828
1.157828
1.157828
1.157828
1.157828
1.157828
1.157827
1.157827
1.157827
1.157827
1.157827
1.157827
1.157827
1.157826
1.157826
1.157826
1.157826
1.157826
1.157826
1.157826
1.157825
1.157825
1.157825
1.157825
1.157825
1.157825
1.157825
1.157824
1.157824
1.157824
1.157824
1.157824
1.15738
1.157618
1.15789
1.15786
1.157832
1.157835
1.157838
1.157837
1.157837
1.157837
1.157837
1.157836
1.157836
1.157836
1.157836
1.157836
1.157836
1.157836
1.157835
1.157835
1.157835
1.157835
1.157835
1.157835
1.157835
1.157834
1.157834
1.157834
1.157834
1.157834
1.157834
1.157834
1.157833
1.157833
1.157833
1.157833
1.157833
1.157833
1.157833
1.157832
1.157832
1.157832
1.157832
1.157832
1.157832
1.157832
1.157831
1.157831
1.157831
1.157831
1.157831
1.157831
1.157831
1.15783
1.15783
1.15783
1.15783
1.15783
1.15783
1.15783
1.157829
1.157829
1.157829
1.157829
1.157829
1.157829
1.157829
1.157828
1.157828
1.157828
1.157828
1.157828
1.157828
1.157828
1.157827
1.157827
1.157827
1.157827
1.157827
1.157827
1.157827
1.157826
1.157826
1.157826
1.157826
1.157826
1.157826
1.157826
1.157825
1.157825
1.157825
1.157825
1.157825
1.157825
1.157825
1.157824
1.157824
1.157824
1.157824
1.157824
1.15738
1.157618
1.15789
1.15786
1.157832
1.157835
1.157838
1.157837
1.157837
1.157837
1.157837
1.157836
1.157836
1.157836
1.157836
1.157836
1.157836
1.157836
1.157835
1.157835
1.157835
1.157835
1.157835
1.157835
1.157835
1.157834
1.157834
1.157834
1.157834
1.157834
1.157834
1.157834
1.157833
1.157833
1.157833
1.157833
1.157833
1.157833
1.157833
1.157832
1.157832
1.157832
1.157832
1.157832
1.157832
1.157832
1.157831
1.157831
1.157831
1.157831
1.157831
1.157831
1.157831
1.15783
1.15783
1.15783
1.15783
1.15783
1.15783
1.15783
1.157829
1.157829
1.157829
1.157829
1.157829
1.157829
1.157829
1.157828
1.157828
1.157828
1.157828
1.157828
1.157828
1.157828
1.157827
1.157827
1.157827
1.157827
1.157827
1.157827
1.157827
1.157826
1.157826
1.157826
1.157826
1.157826
1.157826
1.157826
1.157825
1.157825
1.157825
1.157825
1.157825
1.157825
1.157825
1.157824
1.157824
1.157824
1.157824
1.157824
1.15738
1.157618
1.15789
1.15786
1.157832
1.157835
1.157838
1.157837
1.157837
1.157837
1.157837
1.157836
1.157836
1.157836
1.157836
1.157836
1.157836
1.157836
1.157835
1.157835
1.157835
1.157835
1.157835
1.157835
1.157835
1.157834
1.157834
1.157834
1.157834
1.157834
1.157834
1.157834
1.157833
1.157833
1.157833
1.157833
1.157833
1.157833
1.157833
1.157832
1.157832
1.157832
1.157832
1.157832
1.157832
1.157832
1.157831
1.157831
1.157831
1.157831
1.157831
1.157831
1.157831
1.15783
1.15783
1.15783
1.15783
1.15783
1.15783
1.15783
1.157829
1.157829
1.157829
1.157829
1.157829
1.157829
1.157829
1.157828
1.157828
1.157828
1.157828
1.157828
1.157828
1.157828
1.157827
1.157827
1.157827
1.157827
1.157827
1.157827
1.157827
1.157826
1.157826
1.157826
1.157826
1.157826
1.157826
1.157826
1.157825
1.157825
1.157825
1.157825
1.157825
1.157825
1.157825
1.157824
1.157824
1.157824
1.157824
1.157824
1.15738
1.157618
1.15789
1.15786
1.157832
1.157835
1.157838
1.157837
1.157837
1.157837
1.157837
1.157836
1.157836
1.157836
1.157836
1.157836
1.157836
1.157836
1.157835
1.157835
1.157835
1.157835
1.157835
1.157835
1.157835
1.157834
1.157834
1.157834
1.157834
1.157834
1.157834
1.157834
1.157833
1.157833
1.157833
1.157833
1.157833
1.157833
1.157833
1.157832
1.157832
1.157832
1.157832
1.157832
1.157832
1.157832
1.157831
1.157831
1.157831
1.157831
1.157831
1.157831
1.157831
1.15783
1.15783
1.15783
1.15783
1.15783
1.15783
1.15783
1.157829
1.157829
1.157829
1.157829
1.157829
1.157829
1.157829
1.157828
1.157828
1.157828
1.157828
1.157828
1.157828
1.157828
1.157827
1.157827
1.157827
1.157827
1.157827
1.157827
1.157827
1.157826
1.157826
1.157826
1.157826
1.157826
1.157826
1.157826
1.157825
1.157825
1.157825
1.157825
1.157825
1.157825
1.157825
1.157824
1.157824
1.157824
1.157824
1.157824
1.15738
1.157618
1.157891
1.15786
1.157832
1.157835
1.157838
1.157837
1.157837
1.157837
1.157837
1.157836
1.157836
1.157836
1.157836
1.157836
1.157836
1.157836
1.157835
1.157835
1.157835
1.157835
1.157835
1.157835
1.157835
1.157834
1.157834
1.157834
1.157834
1.157834
1.157834
1.157834
1.157833
1.157833
1.157833
1.157833
1.157833
1.157833
1.157833
1.157832
1.157832
1.157832
1.157832
1.157832
1.157832
1.157832
1.157831
1.157831
1.157831
1.157831
1.157831
1.157831
1.157831
1.15783
1.15783
1.15783
1.15783
1.15783
1.15783
1.15783
1.157829
1.157829
1.157829
1.157829
1.157829
1.157829
1.157829
1.157828
1.157828
1.157828
1.157828
1.157828
1.157828
1.157828
1.157827
1.157827
1.157827
1.157827
1.157827
1.157827
1.157827
1.157826
1.157826
1.157826
1.157826
1.157826
1.157826
1.157826
1.157825
1.157825
1.157825
1.157825
1.157825
1.157825
1.157825
1.157824
1.157824
1.157824
1.157824
1.157824
)
;

boundaryField
{
    topAir_top
    {
        type            symmetryPlane;
    }
    leftLet
    {
        type            calculated;
        value           uniform 1.158623;
    }
    rightLet
    {
        type            calculated;
        value           nonuniform List<scalar> 
40
(
1.152659
1.157659
1.15782
1.157823
1.157824
1.157824
1.157824
1.157824
1.157824
1.157824
1.157824
1.157824
1.157824
1.157824
1.157824
1.157824
1.157824
1.157824
1.157824
1.157824
1.157824
1.157824
1.157824
1.157824
1.157824
1.157824
1.157824
1.157824
1.157824
1.157824
1.157824
1.157824
1.157824
1.157824
1.157824
1.157824
1.157824
1.157824
1.157824
1.157824
)
;
    }
    frontAndBack
    {
        type            empty;
    }
    topAir_to_wall
    {
        type            calculated;
        value           nonuniform List<scalar> 
100
(
1.068899
1.069134
1.069359
1.069284
1.069216
1.069178
1.06914
1.069098
1.069056
1.069015
1.068973
1.068932
1.06889
1.068849
1.068807
1.068766
1.068724
1.068683
1.068641
1.068599
1.068558
1.068516
1.068475
1.068433
1.068392
1.06835
1.068309
1.068267
1.068226
1.068184
1.068143
1.068101
1.06806
1.068019
1.067977
1.067936
1.067894
1.067853
1.067811
1.06777
1.067728
1.067687
1.067645
1.067604
1.067562
1.067521
1.067479
1.067438
1.067396
1.067355
1.067313
1.067272
1.06723
1.067188
1.067147
1.067105
1.067064
1.067022
1.066981
1.066939
1.066898
1.066856
1.066815
1.066773
1.066732
1.06669
1.066648
1.066607
1.066565
1.066524
1.066482
1.066441
1.066399
1.066357
1.066316
1.066274
1.066233
1.066191
1.066149
1.066108
1.066066
1.066025
1.065983
1.065941
1.0659
1.065858
1.065817
1.065775
1.065733
1.065692
1.06565
1.065609
1.065568
1.065527
1.065486
1.065446
1.065406
1.065367
1.065331
1.0653
)
;
    }
}


// ************************************************************************* //
