/*--------------------------------*- C++ -*----------------------------------*\
| =========                 |                                                 |
| \\      /  F ield         | OpenFOAM: The Open Source CFD Toolbox           |
|  \\    /   O peration     | Version:  2.3.0                                 |
|   \\  /    A nd           | Web:      www.OpenFOAM.org                      |
|    \\/     M anipulation  |                                                 |
\*---------------------------------------------------------------------------*/
FoamFile
{
    version     2.0;
    format      ascii;
    class       volScalarField;
    location    "9800/bottomAir";
    object      p;
}
// * * * * * * * * * * * * * * * * * * * * * * * * * * * * * * * * * * * * * //

dimensions      [1 -1 -2 0 0 0 0];

internalField   nonuniform List<scalar> 
4000
(
99756.73
99814.45
99864.31
99857.88
99852.75
99853.44
99853.95
99853.86
99853.79
99853.79
99853.78
99853.77
99853.75
99853.74
99853.72
99853.71
99853.7
99853.68
99853.67
99853.65
99853.64
99853.62
99853.61
99853.6
99853.58
99853.57
99853.55
99853.54
99853.52
99853.51
99853.49
99853.48
99853.46
99853.45
99853.43
99853.42
99853.41
99853.39
99853.38
99853.36
99853.35
99853.33
99853.32
99853.3
99853.29
99853.27
99853.26
99853.24
99853.23
99853.21
99853.2
99853.18
99853.17
99853.15
99853.14
99853.12
99853.11
99853.09
99853.08
99853.06
99853.05
99853.03
99853.02
99853.01
99852.99
99852.98
99852.96
99852.95
99852.93
99852.92
99852.9
99852.89
99852.87
99852.86
99852.84
99852.83
99852.81
99852.8
99852.79
99852.77
99852.76
99852.74
99852.73
99852.71
99852.7
99852.69
99852.67
99852.66
99852.64
99852.63
99852.62
99852.6
99852.59
99852.58
99852.56
99852.55
99852.54
99852.52
99852.51
99852.5
99756.77
99814.43
99864.3
99857.88
99852.75
99853.44
99853.95
99853.86
99853.79
99853.79
99853.78
99853.77
99853.75
99853.74
99853.72
99853.71
99853.7
99853.68
99853.67
99853.65
99853.64
99853.62
99853.61
99853.6
99853.58
99853.57
99853.55
99853.54
99853.52
99853.51
99853.49
99853.48
99853.46
99853.45
99853.43
99853.42
99853.41
99853.39
99853.38
99853.36
99853.35
99853.33
99853.32
99853.3
99853.29
99853.27
99853.26
99853.24
99853.23
99853.21
99853.2
99853.18
99853.17
99853.15
99853.14
99853.12
99853.11
99853.09
99853.08
99853.06
99853.05
99853.03
99853.02
99853.01
99852.99
99852.98
99852.96
99852.95
99852.93
99852.92
99852.9
99852.89
99852.87
99852.86
99852.84
99852.83
99852.81
99852.8
99852.79
99852.77
99852.76
99852.74
99852.73
99852.71
99852.7
99852.69
99852.67
99852.66
99852.64
99852.63
99852.62
99852.6
99852.59
99852.58
99852.56
99852.55
99852.54
99852.52
99852.51
99852.5
99756.78
99814.42
99864.3
99857.88
99852.75
99853.44
99853.95
99853.86
99853.79
99853.79
99853.78
99853.77
99853.75
99853.74
99853.72
99853.71
99853.7
99853.68
99853.67
99853.65
99853.64
99853.62
99853.61
99853.6
99853.58
99853.57
99853.55
99853.54
99853.52
99853.51
99853.49
99853.48
99853.46
99853.45
99853.43
99853.42
99853.41
99853.39
99853.38
99853.36
99853.35
99853.33
99853.32
99853.3
99853.29
99853.27
99853.26
99853.24
99853.23
99853.21
99853.2
99853.18
99853.17
99853.15
99853.14
99853.12
99853.11
99853.09
99853.08
99853.06
99853.05
99853.03
99853.02
99853.01
99852.99
99852.98
99852.96
99852.95
99852.93
99852.92
99852.9
99852.89
99852.87
99852.86
99852.84
99852.83
99852.81
99852.8
99852.79
99852.77
99852.76
99852.74
99852.73
99852.71
99852.7
99852.69
99852.67
99852.66
99852.64
99852.63
99852.62
99852.6
99852.59
99852.58
99852.56
99852.55
99852.54
99852.52
99852.51
99852.5
99756.79
99814.42
99864.3
99857.88
99852.75
99853.44
99853.95
99853.86
99853.79
99853.79
99853.78
99853.77
99853.75
99853.74
99853.72
99853.71
99853.7
99853.68
99853.67
99853.65
99853.64
99853.62
99853.61
99853.6
99853.58
99853.57
99853.55
99853.54
99853.52
99853.51
99853.49
99853.48
99853.46
99853.45
99853.43
99853.42
99853.41
99853.39
99853.38
99853.36
99853.35
99853.33
99853.32
99853.3
99853.29
99853.27
99853.26
99853.24
99853.23
99853.21
99853.2
99853.18
99853.17
99853.15
99853.14
99853.12
99853.11
99853.09
99853.08
99853.06
99853.05
99853.03
99853.02
99853.01
99852.99
99852.98
99852.96
99852.95
99852.93
99852.92
99852.9
99852.89
99852.87
99852.86
99852.84
99852.83
99852.81
99852.8
99852.79
99852.77
99852.76
99852.74
99852.73
99852.71
99852.7
99852.69
99852.67
99852.66
99852.64
99852.63
99852.62
99852.6
99852.59
99852.58
99852.56
99852.55
99852.54
99852.52
99852.51
99852.5
99756.79
99814.42
99864.29
99857.88
99852.75
99853.44
99853.95
99853.86
99853.79
99853.79
99853.78
99853.77
99853.75
99853.74
99853.72
99853.71
99853.7
99853.68
99853.67
99853.65
99853.64
99853.62
99853.61
99853.6
99853.58
99853.57
99853.55
99853.54
99853.52
99853.51
99853.49
99853.48
99853.46
99853.45
99853.43
99853.42
99853.41
99853.39
99853.38
99853.36
99853.35
99853.33
99853.32
99853.3
99853.29
99853.27
99853.26
99853.24
99853.23
99853.21
99853.2
99853.18
99853.17
99853.15
99853.14
99853.12
99853.11
99853.09
99853.08
99853.06
99853.05
99853.03
99853.02
99853.01
99852.99
99852.98
99852.96
99852.95
99852.93
99852.92
99852.9
99852.89
99852.87
99852.86
99852.84
99852.83
99852.81
99852.8
99852.79
99852.77
99852.76
99852.74
99852.73
99852.71
99852.7
99852.69
99852.67
99852.66
99852.64
99852.63
99852.62
99852.6
99852.59
99852.58
99852.56
99852.55
99852.54
99852.52
99852.51
99852.5
99756.8
99814.42
99864.3
99857.88
99852.75
99853.44
99853.95
99853.86
99853.8
99853.79
99853.78
99853.77
99853.75
99853.74
99853.72
99853.71
99853.7
99853.68
99853.67
99853.65
99853.64
99853.62
99853.61
99853.6
99853.58
99853.57
99853.55
99853.54
99853.52
99853.51
99853.49
99853.48
99853.46
99853.45
99853.44
99853.42
99853.41
99853.39
99853.38
99853.36
99853.35
99853.33
99853.32
99853.3
99853.29
99853.27
99853.26
99853.24
99853.23
99853.21
99853.2
99853.18
99853.17
99853.15
99853.14
99853.12
99853.11
99853.09
99853.08
99853.06
99853.05
99853.03
99853.02
99853.01
99852.99
99852.98
99852.96
99852.95
99852.93
99852.92
99852.9
99852.89
99852.87
99852.86
99852.84
99852.83
99852.81
99852.8
99852.79
99852.77
99852.76
99852.74
99852.73
99852.71
99852.7
99852.69
99852.67
99852.66
99852.64
99852.63
99852.62
99852.6
99852.59
99852.57
99852.56
99852.55
99852.53
99852.52
99852.51
99852.5
99756.8
99814.42
99864.3
99857.88
99852.75
99853.44
99853.95
99853.86
99853.8
99853.79
99853.78
99853.77
99853.75
99853.74
99853.72
99853.71
99853.7
99853.68
99853.67
99853.65
99853.64
99853.62
99853.61
99853.6
99853.58
99853.57
99853.55
99853.54
99853.52
99853.51
99853.49
99853.48
99853.46
99853.45
99853.44
99853.42
99853.41
99853.39
99853.38
99853.36
99853.35
99853.33
99853.32
99853.3
99853.29
99853.27
99853.26
99853.24
99853.23
99853.21
99853.2
99853.18
99853.17
99853.15
99853.14
99853.12
99853.11
99853.09
99853.08
99853.06
99853.05
99853.03
99853.02
99853.01
99852.99
99852.98
99852.96
99852.95
99852.93
99852.92
99852.9
99852.89
99852.87
99852.86
99852.84
99852.83
99852.81
99852.8
99852.79
99852.77
99852.76
99852.74
99852.73
99852.71
99852.7
99852.69
99852.67
99852.66
99852.64
99852.63
99852.62
99852.6
99852.59
99852.57
99852.56
99852.55
99852.53
99852.52
99852.51
99852.49
99756.8
99814.42
99864.3
99857.88
99852.75
99853.44
99853.95
99853.86
99853.8
99853.79
99853.78
99853.77
99853.75
99853.74
99853.73
99853.71
99853.7
99853.68
99853.67
99853.65
99853.64
99853.63
99853.61
99853.6
99853.58
99853.57
99853.55
99853.54
99853.52
99853.51
99853.49
99853.48
99853.46
99853.45
99853.44
99853.42
99853.41
99853.39
99853.38
99853.36
99853.35
99853.33
99853.32
99853.3
99853.29
99853.27
99853.26
99853.24
99853.23
99853.21
99853.2
99853.18
99853.17
99853.15
99853.14
99853.12
99853.11
99853.09
99853.08
99853.06
99853.05
99853.03
99853.02
99853
99852.99
99852.98
99852.96
99852.95
99852.93
99852.92
99852.9
99852.89
99852.87
99852.86
99852.84
99852.83
99852.81
99852.8
99852.79
99852.77
99852.76
99852.74
99852.73
99852.71
99852.7
99852.68
99852.67
99852.66
99852.64
99852.63
99852.62
99852.6
99852.59
99852.57
99852.56
99852.55
99852.53
99852.52
99852.51
99852.49
99756.8
99814.43
99864.3
99857.88
99852.75
99853.44
99853.96
99853.86
99853.8
99853.79
99853.78
99853.77
99853.75
99853.74
99853.73
99853.71
99853.7
99853.68
99853.67
99853.65
99853.64
99853.63
99853.61
99853.6
99853.58
99853.57
99853.55
99853.54
99853.52
99853.51
99853.49
99853.48
99853.46
99853.45
99853.44
99853.42
99853.41
99853.39
99853.38
99853.36
99853.35
99853.33
99853.32
99853.3
99853.29
99853.27
99853.26
99853.24
99853.23
99853.21
99853.2
99853.18
99853.17
99853.15
99853.14
99853.12
99853.11
99853.09
99853.08
99853.06
99853.05
99853.03
99853.02
99853
99852.99
99852.98
99852.96
99852.95
99852.93
99852.92
99852.9
99852.89
99852.87
99852.86
99852.84
99852.83
99852.81
99852.8
99852.78
99852.77
99852.76
99852.74
99852.73
99852.71
99852.7
99852.68
99852.67
99852.66
99852.64
99852.63
99852.61
99852.6
99852.59
99852.57
99852.56
99852.55
99852.53
99852.52
99852.51
99852.49
99756.8
99814.43
99864.3
99857.88
99852.75
99853.45
99853.96
99853.86
99853.8
99853.79
99853.78
99853.77
99853.75
99853.74
99853.73
99853.71
99853.7
99853.68
99853.67
99853.65
99853.64
99853.63
99853.61
99853.6
99853.58
99853.57
99853.55
99853.54
99853.52
99853.51
99853.49
99853.48
99853.47
99853.45
99853.44
99853.42
99853.41
99853.39
99853.38
99853.36
99853.35
99853.33
99853.32
99853.3
99853.29
99853.27
99853.26
99853.24
99853.23
99853.21
99853.2
99853.18
99853.17
99853.15
99853.14
99853.12
99853.11
99853.09
99853.08
99853.06
99853.05
99853.03
99853.02
99853
99852.99
99852.98
99852.96
99852.95
99852.93
99852.92
99852.9
99852.89
99852.87
99852.86
99852.84
99852.83
99852.81
99852.8
99852.78
99852.77
99852.76
99852.74
99852.73
99852.71
99852.7
99852.68
99852.67
99852.66
99852.64
99852.63
99852.61
99852.6
99852.59
99852.57
99852.56
99852.55
99852.53
99852.52
99852.51
99852.49
99756.81
99814.43
99864.3
99857.88
99852.75
99853.45
99853.96
99853.86
99853.8
99853.79
99853.78
99853.77
99853.75
99853.74
99853.73
99853.71
99853.7
99853.68
99853.67
99853.66
99853.64
99853.63
99853.61
99853.6
99853.58
99853.57
99853.55
99853.54
99853.52
99853.51
99853.49
99853.48
99853.47
99853.45
99853.44
99853.42
99853.41
99853.39
99853.38
99853.36
99853.35
99853.33
99853.32
99853.3
99853.29
99853.27
99853.26
99853.24
99853.23
99853.21
99853.2
99853.18
99853.17
99853.15
99853.14
99853.12
99853.11
99853.09
99853.08
99853.06
99853.05
99853.03
99853.02
99853
99852.99
99852.97
99852.96
99852.95
99852.93
99852.92
99852.9
99852.89
99852.87
99852.86
99852.84
99852.83
99852.81
99852.8
99852.78
99852.77
99852.75
99852.74
99852.73
99852.71
99852.7
99852.68
99852.67
99852.66
99852.64
99852.63
99852.61
99852.6
99852.59
99852.57
99852.56
99852.54
99852.53
99852.52
99852.5
99852.49
99756.81
99814.43
99864.3
99857.88
99852.75
99853.45
99853.96
99853.87
99853.8
99853.79
99853.78
99853.77
99853.76
99853.74
99853.73
99853.71
99853.7
99853.68
99853.67
99853.66
99853.64
99853.63
99853.61
99853.6
99853.58
99853.57
99853.55
99853.54
99853.52
99853.51
99853.49
99853.48
99853.47
99853.45
99853.44
99853.42
99853.41
99853.39
99853.38
99853.36
99853.35
99853.33
99853.32
99853.3
99853.29
99853.27
99853.26
99853.24
99853.23
99853.21
99853.2
99853.18
99853.17
99853.15
99853.14
99853.12
99853.11
99853.09
99853.08
99853.06
99853.05
99853.03
99853.02
99853
99852.99
99852.97
99852.96
99852.95
99852.93
99852.92
99852.9
99852.89
99852.87
99852.86
99852.84
99852.83
99852.81
99852.8
99852.78
99852.77
99852.75
99852.74
99852.73
99852.71
99852.7
99852.68
99852.67
99852.65
99852.64
99852.63
99852.61
99852.6
99852.58
99852.57
99852.56
99852.54
99852.53
99852.52
99852.5
99852.49
99756.81
99814.43
99864.3
99857.88
99852.75
99853.45
99853.96
99853.87
99853.8
99853.79
99853.79
99853.77
99853.76
99853.74
99853.73
99853.71
99853.7
99853.68
99853.67
99853.66
99853.64
99853.63
99853.61
99853.6
99853.58
99853.57
99853.55
99853.54
99853.52
99853.51
99853.5
99853.48
99853.47
99853.45
99853.44
99853.42
99853.41
99853.39
99853.38
99853.36
99853.35
99853.33
99853.32
99853.3
99853.29
99853.27
99853.26
99853.24
99853.23
99853.21
99853.2
99853.18
99853.17
99853.15
99853.14
99853.12
99853.11
99853.09
99853.08
99853.06
99853.05
99853.03
99853.02
99853
99852.99
99852.97
99852.96
99852.94
99852.93
99852.92
99852.9
99852.89
99852.87
99852.86
99852.84
99852.83
99852.81
99852.8
99852.78
99852.77
99852.75
99852.74
99852.73
99852.71
99852.7
99852.68
99852.67
99852.65
99852.64
99852.63
99852.61
99852.6
99852.58
99852.57
99852.56
99852.54
99852.53
99852.52
99852.5
99852.49
99756.81
99814.43
99864.3
99857.88
99852.75
99853.45
99853.96
99853.87
99853.8
99853.79
99853.79
99853.77
99853.76
99853.74
99853.73
99853.71
99853.7
99853.69
99853.67
99853.66
99853.64
99853.63
99853.61
99853.6
99853.58
99853.57
99853.55
99853.54
99853.52
99853.51
99853.5
99853.48
99853.47
99853.45
99853.44
99853.42
99853.41
99853.39
99853.38
99853.36
99853.35
99853.33
99853.32
99853.3
99853.29
99853.27
99853.26
99853.24
99853.23
99853.21
99853.2
99853.18
99853.17
99853.15
99853.14
99853.12
99853.11
99853.09
99853.08
99853.06
99853.05
99853.03
99853.02
99853
99852.99
99852.97
99852.96
99852.94
99852.93
99852.92
99852.9
99852.89
99852.87
99852.86
99852.84
99852.83
99852.81
99852.8
99852.78
99852.77
99852.75
99852.74
99852.72
99852.71
99852.7
99852.68
99852.67
99852.65
99852.64
99852.62
99852.61
99852.6
99852.58
99852.57
99852.56
99852.54
99852.53
99852.51
99852.5
99852.49
99756.81
99814.43
99864.3
99857.88
99852.75
99853.45
99853.96
99853.87
99853.8
99853.8
99853.79
99853.77
99853.76
99853.74
99853.73
99853.72
99853.7
99853.69
99853.67
99853.66
99853.64
99853.63
99853.61
99853.6
99853.58
99853.57
99853.55
99853.54
99853.53
99853.51
99853.5
99853.48
99853.47
99853.45
99853.44
99853.42
99853.41
99853.39
99853.38
99853.36
99853.35
99853.33
99853.32
99853.3
99853.29
99853.27
99853.26
99853.24
99853.23
99853.21
99853.2
99853.18
99853.17
99853.15
99853.14
99853.12
99853.11
99853.09
99853.08
99853.06
99853.05
99853.03
99853.02
99853
99852.99
99852.97
99852.96
99852.94
99852.93
99852.91
99852.9
99852.89
99852.87
99852.86
99852.84
99852.83
99852.81
99852.8
99852.78
99852.77
99852.75
99852.74
99852.72
99852.71
99852.69
99852.68
99852.67
99852.65
99852.64
99852.62
99852.61
99852.6
99852.58
99852.57
99852.55
99852.54
99852.53
99852.51
99852.5
99852.49
99756.81
99814.44
99864.3
99857.88
99852.76
99853.45
99853.96
99853.87
99853.8
99853.8
99853.79
99853.77
99853.76
99853.74
99853.73
99853.72
99853.7
99853.69
99853.67
99853.66
99853.64
99853.63
99853.61
99853.6
99853.58
99853.57
99853.56
99853.54
99853.53
99853.51
99853.5
99853.48
99853.47
99853.45
99853.44
99853.42
99853.41
99853.39
99853.38
99853.36
99853.35
99853.33
99853.32
99853.3
99853.29
99853.27
99853.26
99853.24
99853.23
99853.21
99853.2
99853.18
99853.17
99853.15
99853.14
99853.12
99853.11
99853.09
99853.08
99853.06
99853.05
99853.03
99853.02
99853
99852.99
99852.97
99852.96
99852.94
99852.93
99852.91
99852.9
99852.88
99852.87
99852.86
99852.84
99852.83
99852.81
99852.8
99852.78
99852.77
99852.75
99852.74
99852.72
99852.71
99852.69
99852.68
99852.67
99852.65
99852.64
99852.62
99852.61
99852.59
99852.58
99852.57
99852.55
99852.54
99852.53
99852.51
99852.5
99852.49
99756.82
99814.44
99864.3
99857.89
99852.76
99853.45
99853.96
99853.87
99853.8
99853.8
99853.79
99853.77
99853.76
99853.75
99853.73
99853.72
99853.7
99853.69
99853.67
99853.66
99853.64
99853.63
99853.61
99853.6
99853.59
99853.57
99853.56
99853.54
99853.53
99853.51
99853.5
99853.48
99853.47
99853.45
99853.44
99853.42
99853.41
99853.39
99853.38
99853.36
99853.35
99853.33
99853.32
99853.3
99853.29
99853.27
99853.26
99853.24
99853.23
99853.21
99853.2
99853.18
99853.17
99853.15
99853.14
99853.12
99853.11
99853.09
99853.08
99853.06
99853.05
99853.03
99853.02
99853
99852.99
99852.97
99852.96
99852.94
99852.93
99852.91
99852.9
99852.88
99852.87
99852.85
99852.84
99852.83
99852.81
99852.8
99852.78
99852.77
99852.75
99852.74
99852.72
99852.71
99852.69
99852.68
99852.66
99852.65
99852.64
99852.62
99852.61
99852.59
99852.58
99852.57
99852.55
99852.54
99852.52
99852.51
99852.5
99852.48
99756.82
99814.44
99864.31
99857.89
99852.76
99853.45
99853.96
99853.87
99853.8
99853.8
99853.79
99853.78
99853.76
99853.75
99853.73
99853.72
99853.7
99853.69
99853.67
99853.66
99853.64
99853.63
99853.62
99853.6
99853.59
99853.57
99853.56
99853.54
99853.53
99853.51
99853.5
99853.48
99853.47
99853.45
99853.44
99853.42
99853.41
99853.39
99853.38
99853.36
99853.35
99853.33
99853.32
99853.3
99853.29
99853.27
99853.26
99853.24
99853.23
99853.21
99853.2
99853.18
99853.17
99853.15
99853.14
99853.12
99853.11
99853.09
99853.08
99853.06
99853.05
99853.03
99853.02
99853
99852.99
99852.97
99852.96
99852.94
99852.93
99852.91
99852.9
99852.88
99852.87
99852.85
99852.84
99852.82
99852.81
99852.8
99852.78
99852.77
99852.75
99852.74
99852.72
99852.71
99852.69
99852.68
99852.66
99852.65
99852.63
99852.62
99852.61
99852.59
99852.58
99852.56
99852.55
99852.54
99852.52
99852.51
99852.5
99852.48
99756.82
99814.44
99864.31
99857.89
99852.76
99853.46
99853.97
99853.87
99853.81
99853.8
99853.79
99853.78
99853.76
99853.75
99853.73
99853.72
99853.7
99853.69
99853.67
99853.66
99853.65
99853.63
99853.62
99853.6
99853.59
99853.57
99853.56
99853.54
99853.53
99853.51
99853.5
99853.48
99853.47
99853.45
99853.44
99853.42
99853.41
99853.39
99853.38
99853.36
99853.35
99853.33
99853.32
99853.3
99853.29
99853.27
99853.26
99853.24
99853.23
99853.21
99853.2
99853.18
99853.17
99853.15
99853.14
99853.12
99853.11
99853.09
99853.08
99853.06
99853.05
99853.03
99853.02
99853
99852.99
99852.97
99852.96
99852.94
99852.93
99852.91
99852.9
99852.88
99852.87
99852.85
99852.84
99852.82
99852.81
99852.79
99852.78
99852.76
99852.75
99852.74
99852.72
99852.71
99852.69
99852.68
99852.66
99852.65
99852.63
99852.62
99852.6
99852.59
99852.58
99852.56
99852.55
99852.53
99852.52
99852.51
99852.49
99852.48
99756.82
99814.44
99864.31
99857.89
99852.76
99853.46
99853.97
99853.88
99853.81
99853.8
99853.79
99853.78
99853.76
99853.75
99853.73
99853.72
99853.7
99853.69
99853.68
99853.66
99853.65
99853.63
99853.62
99853.6
99853.59
99853.57
99853.56
99853.54
99853.53
99853.51
99853.5
99853.48
99853.47
99853.45
99853.44
99853.42
99853.41
99853.39
99853.38
99853.36
99853.35
99853.33
99853.32
99853.3
99853.29
99853.27
99853.26
99853.24
99853.23
99853.21
99853.2
99853.18
99853.17
99853.15
99853.14
99853.12
99853.11
99853.09
99853.08
99853.06
99853.05
99853.03
99853.02
99853
99852.99
99852.97
99852.96
99852.94
99852.93
99852.91
99852.9
99852.88
99852.87
99852.85
99852.84
99852.82
99852.81
99852.79
99852.78
99852.76
99852.75
99852.73
99852.72
99852.71
99852.69
99852.68
99852.66
99852.65
99852.63
99852.62
99852.6
99852.59
99852.57
99852.56
99852.55
99852.53
99852.52
99852.51
99852.49
99852.48
99756.83
99814.45
99864.31
99857.89
99852.76
99853.46
99853.97
99853.88
99853.81
99853.8
99853.79
99853.78
99853.76
99853.75
99853.74
99853.72
99853.71
99853.69
99853.68
99853.66
99853.65
99853.63
99853.62
99853.6
99853.59
99853.57
99853.56
99853.54
99853.53
99853.51
99853.5
99853.48
99853.47
99853.45
99853.44
99853.42
99853.41
99853.39
99853.38
99853.36
99853.35
99853.33
99853.32
99853.3
99853.29
99853.27
99853.26
99853.24
99853.23
99853.21
99853.2
99853.18
99853.17
99853.15
99853.14
99853.12
99853.11
99853.09
99853.08
99853.06
99853.05
99853.03
99853.02
99853
99852.99
99852.97
99852.96
99852.94
99852.93
99852.91
99852.9
99852.88
99852.87
99852.85
99852.84
99852.82
99852.81
99852.79
99852.78
99852.76
99852.75
99852.73
99852.72
99852.7
99852.69
99852.67
99852.66
99852.65
99852.63
99852.62
99852.6
99852.59
99852.57
99852.56
99852.54
99852.53
99852.52
99852.5
99852.49
99852.48
99756.83
99814.45
99864.31
99857.89
99852.77
99853.46
99853.97
99853.88
99853.81
99853.81
99853.8
99853.78
99853.77
99853.75
99853.74
99853.72
99853.71
99853.69
99853.68
99853.66
99853.65
99853.63
99853.62
99853.6
99853.59
99853.57
99853.56
99853.54
99853.53
99853.51
99853.5
99853.48
99853.47
99853.45
99853.44
99853.42
99853.41
99853.39
99853.38
99853.36
99853.35
99853.33
99853.32
99853.3
99853.29
99853.27
99853.26
99853.24
99853.23
99853.21
99853.2
99853.18
99853.17
99853.15
99853.14
99853.12
99853.11
99853.09
99853.08
99853.06
99853.05
99853.03
99853.02
99853
99852.99
99852.97
99852.96
99852.94
99852.93
99852.91
99852.9
99852.88
99852.87
99852.85
99852.84
99852.82
99852.81
99852.79
99852.78
99852.76
99852.75
99852.73
99852.72
99852.7
99852.69
99852.67
99852.66
99852.64
99852.63
99852.61
99852.6
99852.59
99852.57
99852.56
99852.54
99852.53
99852.52
99852.5
99852.49
99852.47
99756.83
99814.45
99864.32
99857.9
99852.77
99853.46
99853.97
99853.88
99853.81
99853.81
99853.8
99853.78
99853.77
99853.75
99853.74
99853.72
99853.71
99853.69
99853.68
99853.66
99853.65
99853.63
99853.62
99853.6
99853.59
99853.57
99853.56
99853.54
99853.53
99853.51
99853.5
99853.48
99853.47
99853.45
99853.44
99853.42
99853.41
99853.39
99853.38
99853.36
99853.35
99853.33
99853.32
99853.3
99853.29
99853.27
99853.26
99853.24
99853.23
99853.21
99853.2
99853.18
99853.17
99853.15
99853.14
99853.12
99853.11
99853.09
99853.08
99853.06
99853.05
99853.03
99853.02
99853
99852.99
99852.97
99852.96
99852.94
99852.93
99852.91
99852.9
99852.88
99852.87
99852.85
99852.84
99852.82
99852.81
99852.79
99852.78
99852.76
99852.75
99852.73
99852.72
99852.7
99852.69
99852.67
99852.66
99852.64
99852.63
99852.61
99852.6
99852.58
99852.57
99852.56
99852.54
99852.53
99852.51
99852.5
99852.49
99852.47
99756.84
99814.46
99864.32
99857.9
99852.77
99853.47
99853.98
99853.88
99853.81
99853.81
99853.8
99853.78
99853.77
99853.75
99853.74
99853.72
99853.71
99853.69
99853.68
99853.66
99853.65
99853.63
99853.62
99853.6
99853.59
99853.57
99853.56
99853.54
99853.53
99853.51
99853.5
99853.48
99853.47
99853.45
99853.44
99853.42
99853.41
99853.39
99853.38
99853.36
99853.35
99853.33
99853.32
99853.3
99853.29
99853.27
99853.26
99853.24
99853.23
99853.21
99853.2
99853.18
99853.17
99853.15
99853.14
99853.12
99853.11
99853.09
99853.08
99853.06
99853.05
99853.03
99853.02
99853
99852.99
99852.97
99852.96
99852.94
99852.93
99852.91
99852.9
99852.88
99852.87
99852.85
99852.84
99852.82
99852.81
99852.79
99852.78
99852.76
99852.75
99852.73
99852.72
99852.7
99852.69
99852.67
99852.66
99852.64
99852.63
99852.61
99852.6
99852.58
99852.57
99852.55
99852.54
99852.52
99852.51
99852.5
99852.48
99852.47
99756.84
99814.46
99864.32
99857.9
99852.77
99853.47
99853.98
99853.88
99853.82
99853.81
99853.8
99853.79
99853.77
99853.76
99853.74
99853.73
99853.71
99853.7
99853.68
99853.66
99853.65
99853.63
99853.62
99853.6
99853.59
99853.57
99853.56
99853.54
99853.53
99853.51
99853.5
99853.48
99853.47
99853.45
99853.44
99853.42
99853.41
99853.39
99853.38
99853.36
99853.35
99853.33
99853.32
99853.3
99853.29
99853.27
99853.26
99853.24
99853.23
99853.21
99853.2
99853.18
99853.17
99853.15
99853.14
99853.12
99853.11
99853.09
99853.08
99853.06
99853.05
99853.03
99853.02
99853
99852.99
99852.97
99852.96
99852.94
99852.93
99852.91
99852.9
99852.88
99852.87
99852.85
99852.84
99852.82
99852.81
99852.79
99852.78
99852.76
99852.75
99852.73
99852.71
99852.7
99852.68
99852.67
99852.65
99852.64
99852.62
99852.61
99852.59
99852.58
99852.57
99852.55
99852.54
99852.52
99852.51
99852.49
99852.48
99852.47
99756.85
99814.46
99864.32
99857.9
99852.78
99853.47
99853.98
99853.89
99853.82
99853.81
99853.8
99853.79
99853.77
99853.76
99853.74
99853.73
99853.71
99853.7
99853.68
99853.67
99853.65
99853.64
99853.62
99853.61
99853.59
99853.58
99853.56
99853.54
99853.53
99853.51
99853.5
99853.48
99853.47
99853.45
99853.44
99853.42
99853.41
99853.39
99853.38
99853.36
99853.35
99853.33
99853.32
99853.3
99853.29
99853.27
99853.26
99853.24
99853.23
99853.21
99853.2
99853.18
99853.17
99853.15
99853.14
99853.12
99853.11
99853.09
99853.08
99853.06
99853.05
99853.03
99853.02
99853
99852.99
99852.97
99852.96
99852.94
99852.93
99852.91
99852.9
99852.88
99852.87
99852.85
99852.84
99852.82
99852.81
99852.79
99852.77
99852.76
99852.74
99852.73
99852.71
99852.7
99852.68
99852.67
99852.65
99852.64
99852.62
99852.61
99852.59
99852.58
99852.56
99852.55
99852.53
99852.52
99852.51
99852.49
99852.48
99852.46
99756.85
99814.47
99864.33
99857.91
99852.78
99853.47
99853.98
99853.89
99853.82
99853.81
99853.8
99853.79
99853.77
99853.76
99853.74
99853.73
99853.71
99853.7
99853.68
99853.67
99853.65
99853.64
99853.62
99853.61
99853.59
99853.58
99853.56
99853.54
99853.53
99853.51
99853.5
99853.48
99853.47
99853.45
99853.44
99853.42
99853.41
99853.39
99853.38
99853.36
99853.35
99853.33
99853.32
99853.3
99853.29
99853.27
99853.26
99853.24
99853.23
99853.21
99853.2
99853.18
99853.17
99853.15
99853.14
99853.12
99853.11
99853.09
99853.08
99853.06
99853.05
99853.03
99853.02
99853
99852.99
99852.97
99852.96
99852.94
99852.93
99852.91
99852.9
99852.88
99852.87
99852.85
99852.83
99852.82
99852.8
99852.79
99852.77
99852.76
99852.74
99852.73
99852.71
99852.7
99852.68
99852.67
99852.65
99852.64
99852.62
99852.61
99852.59
99852.58
99852.56
99852.55
99852.53
99852.52
99852.5
99852.49
99852.47
99852.46
99756.86
99814.47
99864.33
99857.91
99852.78
99853.48
99853.99
99853.89
99853.82
99853.82
99853.81
99853.79
99853.77
99853.76
99853.74
99853.73
99853.71
99853.7
99853.68
99853.67
99853.65
99853.64
99853.62
99853.61
99853.59
99853.58
99853.56
99853.55
99853.53
99853.52
99853.5
99853.49
99853.47
99853.45
99853.44
99853.42
99853.41
99853.39
99853.38
99853.36
99853.35
99853.33
99853.32
99853.3
99853.29
99853.27
99853.26
99853.24
99853.23
99853.21
99853.2
99853.18
99853.17
99853.15
99853.14
99853.12
99853.11
99853.09
99853.08
99853.06
99853.05
99853.03
99853.02
99853
99852.99
99852.97
99852.96
99852.94
99852.93
99852.91
99852.9
99852.88
99852.87
99852.85
99852.83
99852.82
99852.8
99852.79
99852.77
99852.76
99852.74
99852.73
99852.71
99852.7
99852.68
99852.67
99852.65
99852.63
99852.62
99852.6
99852.59
99852.57
99852.56
99852.54
99852.53
99852.51
99852.5
99852.48
99852.47
99852.46
99756.86
99814.48
99864.33
99857.91
99852.78
99853.48
99853.99
99853.89
99853.83
99853.82
99853.81
99853.79
99853.78
99853.76
99853.75
99853.73
99853.71
99853.7
99853.68
99853.67
99853.65
99853.64
99853.62
99853.61
99853.59
99853.58
99853.56
99853.55
99853.53
99853.52
99853.5
99853.48
99853.47
99853.45
99853.44
99853.42
99853.41
99853.39
99853.38
99853.36
99853.35
99853.33
99853.32
99853.3
99853.29
99853.27
99853.26
99853.24
99853.23
99853.21
99853.2
99853.18
99853.17
99853.15
99853.14
99853.12
99853.11
99853.09
99853.08
99853.06
99853.05
99853.03
99853.02
99853
99852.99
99852.97
99852.96
99852.94
99852.93
99852.91
99852.9
99852.88
99852.86
99852.85
99852.83
99852.82
99852.8
99852.79
99852.77
99852.76
99852.74
99852.73
99852.71
99852.7
99852.68
99852.66
99852.65
99852.63
99852.62
99852.6
99852.59
99852.57
99852.56
99852.54
99852.52
99852.51
99852.5
99852.48
99852.47
99852.45
99756.87
99814.48
99864.34
99857.92
99852.79
99853.48
99853.99
99853.9
99853.83
99853.82
99853.81
99853.79
99853.78
99853.76
99853.75
99853.73
99853.72
99853.7
99853.69
99853.67
99853.65
99853.64
99853.62
99853.61
99853.59
99853.58
99853.56
99853.55
99853.53
99853.52
99853.5
99853.49
99853.47
99853.46
99853.44
99853.43
99853.41
99853.39
99853.38
99853.36
99853.35
99853.33
99853.32
99853.3
99853.29
99853.27
99853.26
99853.24
99853.23
99853.21
99853.2
99853.18
99853.17
99853.15
99853.14
99853.12
99853.11
99853.09
99853.08
99853.06
99853.05
99853.03
99853.02
99853
99852.99
99852.97
99852.96
99852.94
99852.93
99852.91
99852.9
99852.88
99852.86
99852.85
99852.83
99852.82
99852.8
99852.79
99852.77
99852.76
99852.74
99852.73
99852.71
99852.69
99852.68
99852.66
99852.65
99852.63
99852.62
99852.6
99852.58
99852.57
99852.55
99852.54
99852.52
99852.51
99852.49
99852.48
99852.46
99852.45
99756.87
99814.49
99864.34
99857.92
99852.79
99853.49
99853.99
99853.9
99853.83
99853.82
99853.81
99853.8
99853.78
99853.76
99853.75
99853.73
99853.72
99853.7
99853.69
99853.67
99853.65
99853.64
99853.62
99853.61
99853.59
99853.58
99853.56
99853.55
99853.53
99853.52
99853.5
99853.49
99853.47
99853.45
99853.44
99853.42
99853.41
99853.39
99853.38
99853.36
99853.35
99853.33
99853.32
99853.3
99853.29
99853.27
99853.26
99853.24
99853.23
99853.21
99853.2
99853.18
99853.17
99853.15
99853.14
99853.12
99853.11
99853.09
99853.08
99853.06
99853.05
99853.03
99853.02
99853
99852.99
99852.97
99852.96
99852.94
99852.93
99852.91
99852.89
99852.88
99852.86
99852.85
99852.83
99852.82
99852.8
99852.79
99852.77
99852.76
99852.74
99852.72
99852.71
99852.69
99852.68
99852.66
99852.65
99852.63
99852.61
99852.6
99852.58
99852.57
99852.55
99852.53
99852.52
99852.5
99852.49
99852.47
99852.46
99852.44
99756.88
99814.5
99864.35
99857.93
99852.8
99853.49
99854
99853.9
99853.83
99853.83
99853.82
99853.8
99853.78
99853.77
99853.75
99853.73
99853.72
99853.7
99853.69
99853.67
99853.66
99853.64
99853.62
99853.61
99853.59
99853.58
99853.56
99853.55
99853.53
99853.52
99853.5
99853.49
99853.47
99853.46
99853.44
99853.43
99853.41
99853.4
99853.38
99853.36
99853.35
99853.33
99853.32
99853.3
99853.29
99853.27
99853.26
99853.24
99853.23
99853.21
99853.2
99853.18
99853.17
99853.15
99853.14
99853.12
99853.11
99853.09
99853.08
99853.06
99853.05
99853.03
99853.02
99853
99852.99
99852.97
99852.96
99852.94
99852.93
99852.91
99852.89
99852.88
99852.86
99852.85
99852.83
99852.82
99852.8
99852.79
99852.77
99852.76
99852.74
99852.72
99852.71
99852.69
99852.68
99852.66
99852.64
99852.63
99852.61
99852.6
99852.58
99852.56
99852.55
99852.53
99852.51
99852.5
99852.48
99852.47
99852.45
99852.44
99756.89
99814.5
99864.35
99857.93
99852.8
99853.49
99854
99853.91
99853.84
99853.83
99853.82
99853.8
99853.78
99853.77
99853.75
99853.73
99853.72
99853.7
99853.69
99853.67
99853.66
99853.64
99853.62
99853.61
99853.59
99853.58
99853.56
99853.55
99853.53
99853.52
99853.5
99853.49
99853.47
99853.46
99853.44
99853.42
99853.41
99853.39
99853.38
99853.36
99853.35
99853.33
99853.32
99853.3
99853.29
99853.27
99853.26
99853.24
99853.23
99853.21
99853.2
99853.18
99853.17
99853.15
99853.14
99853.12
99853.11
99853.09
99853.08
99853.06
99853.05
99853.03
99853.02
99853
99852.99
99852.97
99852.96
99852.94
99852.92
99852.91
99852.89
99852.88
99852.86
99852.85
99852.83
99852.82
99852.8
99852.79
99852.77
99852.75
99852.74
99852.72
99852.71
99852.69
99852.68
99852.66
99852.64
99852.63
99852.61
99852.59
99852.58
99852.56
99852.54
99852.53
99852.51
99852.49
99852.48
99852.46
99852.45
99852.43
99756.9
99814.51
99864.36
99857.94
99852.81
99853.5
99854.01
99853.91
99853.84
99853.83
99853.82
99853.8
99853.79
99853.77
99853.75
99853.74
99853.72
99853.7
99853.69
99853.67
99853.66
99853.64
99853.63
99853.61
99853.59
99853.58
99853.56
99853.55
99853.53
99853.52
99853.5
99853.49
99853.47
99853.46
99853.44
99853.43
99853.41
99853.4
99853.38
99853.36
99853.35
99853.33
99853.32
99853.3
99853.29
99853.27
99853.26
99853.24
99853.23
99853.21
99853.2
99853.18
99853.17
99853.15
99853.14
99853.12
99853.11
99853.09
99853.08
99853.06
99853.05
99853.03
99853.02
99853
99852.99
99852.97
99852.96
99852.94
99852.92
99852.91
99852.89
99852.88
99852.86
99852.85
99852.83
99852.82
99852.8
99852.79
99852.77
99852.75
99852.74
99852.72
99852.71
99852.69
99852.67
99852.66
99852.64
99852.63
99852.61
99852.59
99852.58
99852.56
99852.54
99852.52
99852.51
99852.49
99852.47
99852.46
99852.44
99852.43
99756.91
99814.52
99864.36
99857.94
99852.81
99853.5
99854.01
99853.91
99853.84
99853.83
99853.82
99853.8
99853.78
99853.77
99853.75
99853.74
99853.72
99853.7
99853.69
99853.67
99853.66
99853.64
99853.63
99853.61
99853.59
99853.58
99853.56
99853.55
99853.53
99853.52
99853.5
99853.49
99853.47
99853.46
99853.44
99853.43
99853.41
99853.39
99853.38
99853.36
99853.35
99853.33
99853.32
99853.3
99853.29
99853.27
99853.26
99853.24
99853.23
99853.21
99853.2
99853.18
99853.17
99853.15
99853.14
99853.12
99853.11
99853.09
99853.08
99853.06
99853.05
99853.03
99853.02
99853
99852.99
99852.97
99852.96
99852.94
99852.92
99852.91
99852.89
99852.88
99852.86
99852.85
99852.83
99852.82
99852.8
99852.78
99852.77
99852.75
99852.74
99852.72
99852.71
99852.69
99852.67
99852.66
99852.64
99852.62
99852.61
99852.59
99852.57
99852.56
99852.54
99852.52
99852.5
99852.49
99852.47
99852.45
99852.43
99852.42
99756.92
99814.54
99864.37
99857.95
99852.82
99853.51
99854.01
99853.92
99853.84
99853.84
99853.82
99853.81
99853.79
99853.77
99853.75
99853.74
99853.72
99853.71
99853.69
99853.67
99853.66
99853.64
99853.63
99853.61
99853.6
99853.58
99853.56
99853.55
99853.53
99853.52
99853.5
99853.49
99853.47
99853.46
99853.44
99853.43
99853.41
99853.4
99853.38
99853.37
99853.35
99853.33
99853.32
99853.3
99853.29
99853.27
99853.26
99853.24
99853.23
99853.21
99853.2
99853.18
99853.17
99853.15
99853.14
99853.12
99853.11
99853.09
99853.08
99853.06
99853.05
99853.03
99853.02
99853
99852.99
99852.97
99852.96
99852.94
99852.92
99852.91
99852.89
99852.88
99852.86
99852.85
99852.83
99852.82
99852.8
99852.78
99852.77
99852.75
99852.74
99852.72
99852.71
99852.69
99852.67
99852.66
99852.64
99852.62
99852.61
99852.59
99852.57
99852.55
99852.54
99852.52
99852.5
99852.48
99852.46
99852.44
99852.43
99852.41
99756.93
99814.54
99864.38
99857.95
99852.82
99853.51
99854.01
99853.92
99853.84
99853.83
99853.82
99853.8
99853.79
99853.77
99853.75
99853.74
99853.72
99853.71
99853.69
99853.67
99853.66
99853.64
99853.63
99853.61
99853.59
99853.58
99853.56
99853.55
99853.53
99853.52
99853.5
99853.49
99853.47
99853.46
99853.44
99853.43
99853.41
99853.4
99853.38
99853.36
99853.35
99853.33
99853.32
99853.3
99853.29
99853.27
99853.26
99853.24
99853.23
99853.21
99853.2
99853.18
99853.17
99853.15
99853.14
99853.12
99853.11
99853.09
99853.08
99853.06
99853.05
99853.03
99853.02
99853
99852.99
99852.97
99852.95
99852.94
99852.92
99852.91
99852.89
99852.88
99852.86
99852.85
99852.83
99852.82
99852.8
99852.78
99852.77
99852.75
99852.74
99852.72
99852.7
99852.69
99852.67
99852.66
99852.64
99852.62
99852.6
99852.59
99852.57
99852.55
99852.53
99852.51
99852.5
99852.48
99852.46
99852.44
99852.42
99852.4
99756.97
99814.58
99864.39
99857.96
99852.83
99853.51
99854.02
99853.92
99853.85
99853.84
99853.83
99853.81
99853.79
99853.77
99853.76
99853.74
99853.72
99853.71
99853.69
99853.67
99853.66
99853.64
99853.63
99853.61
99853.6
99853.58
99853.56
99853.55
99853.53
99853.52
99853.5
99853.49
99853.47
99853.46
99853.44
99853.43
99853.41
99853.4
99853.38
99853.37
99853.35
99853.33
99853.32
99853.3
99853.29
99853.27
99853.26
99853.24
99853.23
99853.21
99853.2
99853.18
99853.17
99853.15
99853.14
99853.12
99853.11
99853.09
99853.08
99853.06
99853.05
99853.03
99853.02
99853
99852.99
99852.97
99852.95
99852.94
99852.92
99852.91
99852.89
99852.88
99852.86
99852.85
99852.83
99852.82
99852.8
99852.78
99852.77
99852.75
99852.74
99852.72
99852.7
99852.69
99852.67
99852.65
99852.64
99852.62
99852.6
99852.59
99852.57
99852.55
99852.53
99852.51
99852.49
99852.47
99852.45
99852.43
99852.4
99852.38
99756.94
99814.59
99864.4
99857.96
99852.83
99853.52
99854.02
99853.92
99853.85
99853.84
99853.83
99853.81
99853.79
99853.77
99853.76
99853.74
99853.72
99853.71
99853.69
99853.67
99853.66
99853.64
99853.63
99853.61
99853.6
99853.58
99853.56
99853.55
99853.53
99853.52
99853.5
99853.49
99853.47
99853.46
99853.44
99853.43
99853.41
99853.4
99853.38
99853.36
99853.35
99853.33
99853.32
99853.3
99853.29
99853.27
99853.26
99853.24
99853.23
99853.21
99853.2
99853.18
99853.17
99853.15
99853.14
99853.12
99853.11
99853.09
99853.08
99853.06
99853.05
99853.03
99853.02
99853
99852.99
99852.97
99852.95
99852.94
99852.92
99852.91
99852.89
99852.88
99852.86
99852.85
99852.83
99852.82
99852.8
99852.78
99852.77
99852.75
99852.74
99852.72
99852.7
99852.69
99852.67
99852.65
99852.64
99852.62
99852.6
99852.59
99852.57
99852.55
99852.53
99852.51
99852.49
99852.47
99852.44
99852.42
99852.39
99852.37
99757.09
99814.62
99864.38
99857.96
99852.83
99853.52
99854.02
99853.92
99853.85
99853.84
99853.83
99853.81
99853.79
99853.77
99853.76
99853.74
99853.72
99853.71
99853.69
99853.67
99853.66
99853.64
99853.63
99853.61
99853.6
99853.58
99853.56
99853.55
99853.53
99853.52
99853.5
99853.49
99853.47
99853.46
99853.44
99853.43
99853.41
99853.4
99853.38
99853.37
99853.35
99853.33
99853.32
99853.3
99853.29
99853.27
99853.26
99853.24
99853.23
99853.21
99853.2
99853.18
99853.17
99853.15
99853.14
99853.12
99853.11
99853.09
99853.08
99853.06
99853.05
99853.03
99853.02
99853
99852.99
99852.97
99852.95
99852.94
99852.92
99852.91
99852.89
99852.88
99852.86
99852.85
99852.83
99852.82
99852.8
99852.78
99852.77
99852.75
99852.74
99852.72
99852.7
99852.69
99852.67
99852.65
99852.64
99852.62
99852.6
99852.58
99852.57
99852.55
99852.53
99852.51
99852.49
99852.46
99852.44
99852.41
99852.38
99852.34
)
;

boundaryField
{
    bottomAir_bottom
    {
        type            symmetryPlane;
    }
    leftLet
    {
        type            calculated;
        value           uniform 100000;
    }
    rightLet
    {
        type            calculated;
        value           nonuniform List<scalar> 
40
(
99852.49
99852.49
99852.49
99852.49
99852.49
99852.49
99852.49
99852.49
99852.49
99852.49
99852.49
99852.48
99852.48
99852.48
99852.48
99852.48
99852.48
99852.48
99852.47
99852.47
99852.47
99852.47
99852.47
99852.46
99852.46
99852.46
99852.45
99852.45
99852.45
99852.44
99852.44
99852.43
99852.43
99852.42
99852.41
99852.4
99852.39
99852.37
99852.35
99852.31
)
;
    }
    frontAndBack
    {
        type            empty;
    }
    bottomAir_to_wall
    {
        type            calculated;
        value           nonuniform List<scalar> 
100
(
99757.09
99814.62
99864.38
99857.96
99852.83
99853.52
99854.02
99853.92
99853.85
99853.84
99853.83
99853.81
99853.79
99853.77
99853.76
99853.74
99853.72
99853.71
99853.69
99853.67
99853.66
99853.64
99853.63
99853.61
99853.6
99853.58
99853.56
99853.55
99853.53
99853.52
99853.5
99853.49
99853.47
99853.46
99853.44
99853.43
99853.41
99853.4
99853.38
99853.37
99853.35
99853.33
99853.32
99853.3
99853.29
99853.27
99853.26
99853.24
99853.23
99853.21
99853.2
99853.18
99853.17
99853.15
99853.14
99853.12
99853.11
99853.09
99853.08
99853.06
99853.05
99853.03
99853.02
99853
99852.99
99852.97
99852.95
99852.94
99852.92
99852.91
99852.89
99852.88
99852.86
99852.85
99852.83
99852.82
99852.8
99852.78
99852.77
99852.75
99852.74
99852.72
99852.7
99852.69
99852.67
99852.65
99852.64
99852.62
99852.6
99852.58
99852.57
99852.55
99852.53
99852.51
99852.49
99852.46
99852.44
99852.41
99852.38
99852.34
)
;
    }
}


// ************************************************************************* //
