/*--------------------------------*- C++ -*----------------------------------*\
| =========                 |                                                 |
| \\      /  F ield         | OpenFOAM: The Open Source CFD Toolbox           |
|  \\    /   O peration     | Version:  2.3.0                                 |
|   \\  /    A nd           | Web:      www.OpenFOAM.org                      |
|    \\/     M anipulation  |                                                 |
\*---------------------------------------------------------------------------*/
FoamFile
{
    version     2.0;
    format      ascii;
    class       volScalarField;
    location    "9800/bottomAir";
    object      rho;
}
// * * * * * * * * * * * * * * * * * * * * * * * * * * * * * * * * * * * * * //

dimensions      [1 -3 0 0 0 0 0];

internalField   nonuniform List<scalar> 
4000
(
0.289084
0.2891942
0.2893202
0.2893062
0.2892932
0.2892947
0.289296
0.2892957
0.2892956
0.2892955
0.2892955
0.2892955
0.2892954
0.2892954
0.2892953
0.2892953
0.2892953
0.2892952
0.2892952
0.2892951
0.2892951
0.289295
0.289295
0.289295
0.2892949
0.2892949
0.2892948
0.2892948
0.2892947
0.2892947
0.2892947
0.2892946
0.2892946
0.2892945
0.2892945
0.2892944
0.2892944
0.2892944
0.2892943
0.2892943
0.2892942
0.2892942
0.2892941
0.2892941
0.2892941
0.289294
0.289294
0.2892939
0.2892939
0.2892938
0.2892938
0.2892938
0.2892937
0.2892937
0.2892936
0.2892936
0.2892935
0.2892935
0.2892934
0.2892934
0.2892934
0.2892933
0.2892933
0.2892932
0.2892932
0.2892931
0.2892931
0.2892931
0.289293
0.289293
0.2892929
0.2892929
0.2892928
0.2892928
0.2892928
0.2892927
0.2892927
0.2892926
0.2892926
0.2892925
0.2892925
0.2892925
0.2892924
0.2892924
0.2892923
0.2892923
0.2892922
0.2892922
0.2892922
0.2892921
0.2892921
0.289292
0.289292
0.289292
0.2892919
0.2892919
0.2892918
0.2892918
0.2892918
0.2892917
0.2890841
0.2891942
0.2893201
0.2893062
0.2892931
0.2892946
0.2892959
0.2892957
0.2892955
0.2892955
0.2892955
0.2892954
0.2892954
0.2892954
0.2892953
0.2892953
0.2892952
0.2892952
0.2892951
0.2892951
0.2892951
0.289295
0.289295
0.2892949
0.2892949
0.2892948
0.2892948
0.2892948
0.2892947
0.2892947
0.2892946
0.2892946
0.2892945
0.2892945
0.2892945
0.2892944
0.2892944
0.2892943
0.2892943
0.2892942
0.2892942
0.2892942
0.2892941
0.2892941
0.289294
0.289294
0.2892939
0.2892939
0.2892939
0.2892938
0.2892938
0.2892937
0.2892937
0.2892936
0.2892936
0.2892935
0.2892935
0.2892935
0.2892934
0.2892934
0.2892933
0.2892933
0.2892932
0.2892932
0.2892932
0.2892931
0.2892931
0.289293
0.289293
0.2892929
0.2892929
0.2892929
0.2892928
0.2892928
0.2892927
0.2892927
0.2892926
0.2892926
0.2892926
0.2892925
0.2892925
0.2892924
0.2892924
0.2892923
0.2892923
0.2892923
0.2892922
0.2892922
0.2892921
0.2892921
0.2892921
0.289292
0.289292
0.2892919
0.2892919
0.2892919
0.2892918
0.2892918
0.2892917
0.2892917
0.2890841
0.2891942
0.2893201
0.2893062
0.2892931
0.2892946
0.2892959
0.2892957
0.2892955
0.2892955
0.2892955
0.2892954
0.2892954
0.2892954
0.2892953
0.2892953
0.2892952
0.2892952
0.2892951
0.2892951
0.2892951
0.289295
0.289295
0.2892949
0.2892949
0.2892948
0.2892948
0.2892948
0.2892947
0.2892947
0.2892946
0.2892946
0.2892945
0.2892945
0.2892945
0.2892944
0.2892944
0.2892943
0.2892943
0.2892942
0.2892942
0.2892942
0.2892941
0.2892941
0.289294
0.289294
0.2892939
0.2892939
0.2892939
0.2892938
0.2892938
0.2892937
0.2892937
0.2892936
0.2892936
0.2892936
0.2892935
0.2892935
0.2892934
0.2892934
0.2892933
0.2892933
0.2892932
0.2892932
0.2892932
0.2892931
0.2892931
0.289293
0.289293
0.2892929
0.2892929
0.2892929
0.2892928
0.2892928
0.2892927
0.2892927
0.2892926
0.2892926
0.2892926
0.2892925
0.2892925
0.2892924
0.2892924
0.2892923
0.2892923
0.2892923
0.2892922
0.2892922
0.2892921
0.2892921
0.2892921
0.289292
0.289292
0.2892919
0.2892919
0.2892919
0.2892918
0.2892918
0.2892917
0.2892917
0.2890841
0.2891942
0.2893201
0.2893062
0.2892931
0.2892946
0.2892959
0.2892957
0.2892955
0.2892955
0.2892955
0.2892954
0.2892954
0.2892954
0.2892953
0.2892953
0.2892952
0.2892952
0.2892951
0.2892951
0.2892951
0.289295
0.289295
0.2892949
0.2892949
0.2892948
0.2892948
0.2892948
0.2892947
0.2892947
0.2892946
0.2892946
0.2892945
0.2892945
0.2892945
0.2892944
0.2892944
0.2892943
0.2892943
0.2892942
0.2892942
0.2892942
0.2892941
0.2892941
0.289294
0.289294
0.2892939
0.2892939
0.2892939
0.2892938
0.2892938
0.2892937
0.2892937
0.2892936
0.2892936
0.2892936
0.2892935
0.2892935
0.2892934
0.2892934
0.2892933
0.2892933
0.2892932
0.2892932
0.2892932
0.2892931
0.2892931
0.289293
0.289293
0.2892929
0.2892929
0.2892929
0.2892928
0.2892928
0.2892927
0.2892927
0.2892926
0.2892926
0.2892926
0.2892925
0.2892925
0.2892924
0.2892924
0.2892923
0.2892923
0.2892923
0.2892922
0.2892922
0.2892921
0.2892921
0.2892921
0.289292
0.289292
0.2892919
0.2892919
0.2892919
0.2892918
0.2892918
0.2892917
0.2892917
0.2890841
0.2891942
0.2893201
0.2893062
0.2892931
0.2892946
0.2892959
0.2892957
0.2892955
0.2892955
0.2892955
0.2892954
0.2892954
0.2892954
0.2892953
0.2892953
0.2892952
0.2892952
0.2892951
0.2892951
0.2892951
0.289295
0.289295
0.2892949
0.2892949
0.2892949
0.2892948
0.2892948
0.2892947
0.2892947
0.2892946
0.2892946
0.2892946
0.2892945
0.2892945
0.2892944
0.2892944
0.2892943
0.2892943
0.2892942
0.2892942
0.2892942
0.2892941
0.2892941
0.289294
0.289294
0.2892939
0.2892939
0.2892939
0.2892938
0.2892938
0.2892937
0.2892937
0.2892936
0.2892936
0.2892936
0.2892935
0.2892935
0.2892934
0.2892934
0.2892933
0.2892933
0.2892933
0.2892932
0.2892932
0.2892931
0.2892931
0.289293
0.289293
0.2892929
0.2892929
0.2892929
0.2892928
0.2892928
0.2892927
0.2892927
0.2892926
0.2892926
0.2892926
0.2892925
0.2892925
0.2892924
0.2892924
0.2892924
0.2892923
0.2892923
0.2892922
0.2892922
0.2892921
0.2892921
0.2892921
0.289292
0.289292
0.2892919
0.2892919
0.2892919
0.2892918
0.2892918
0.2892917
0.2892917
0.2890841
0.2891942
0.2893201
0.2893062
0.2892931
0.2892946
0.2892959
0.2892957
0.2892955
0.2892955
0.2892955
0.2892954
0.2892954
0.2892954
0.2892953
0.2892953
0.2892952
0.2892952
0.2892951
0.2892951
0.2892951
0.289295
0.289295
0.2892949
0.2892949
0.2892949
0.2892948
0.2892948
0.2892947
0.2892947
0.2892946
0.2892946
0.2892946
0.2892945
0.2892945
0.2892944
0.2892944
0.2892943
0.2892943
0.2892942
0.2892942
0.2892942
0.2892941
0.2892941
0.289294
0.289294
0.2892939
0.2892939
0.2892939
0.2892938
0.2892938
0.2892937
0.2892937
0.2892936
0.2892936
0.2892936
0.2892935
0.2892935
0.2892934
0.2892934
0.2892933
0.2892933
0.2892933
0.2892932
0.2892932
0.2892931
0.2892931
0.289293
0.289293
0.2892929
0.2892929
0.2892929
0.2892928
0.2892928
0.2892927
0.2892927
0.2892926
0.2892926
0.2892926
0.2892925
0.2892925
0.2892924
0.2892924
0.2892924
0.2892923
0.2892923
0.2892922
0.2892922
0.2892921
0.2892921
0.2892921
0.289292
0.289292
0.2892919
0.2892919
0.2892919
0.2892918
0.2892918
0.2892917
0.2892917
0.2890841
0.2891942
0.2893201
0.2893062
0.2892931
0.2892946
0.2892959
0.2892957
0.2892955
0.2892955
0.2892955
0.2892954
0.2892954
0.2892954
0.2892953
0.2892953
0.2892952
0.2892952
0.2892952
0.2892951
0.2892951
0.289295
0.289295
0.2892949
0.2892949
0.2892949
0.2892948
0.2892948
0.2892947
0.2892947
0.2892946
0.2892946
0.2892946
0.2892945
0.2892945
0.2892944
0.2892944
0.2892943
0.2892943
0.2892942
0.2892942
0.2892942
0.2892941
0.2892941
0.289294
0.289294
0.2892939
0.2892939
0.2892939
0.2892938
0.2892938
0.2892937
0.2892937
0.2892936
0.2892936
0.2892936
0.2892935
0.2892935
0.2892934
0.2892934
0.2892933
0.2892933
0.2892933
0.2892932
0.2892932
0.2892931
0.2892931
0.289293
0.289293
0.2892929
0.2892929
0.2892929
0.2892928
0.2892928
0.2892927
0.2892927
0.2892926
0.2892926
0.2892926
0.2892925
0.2892925
0.2892924
0.2892924
0.2892924
0.2892923
0.2892923
0.2892922
0.2892922
0.2892921
0.2892921
0.2892921
0.289292
0.289292
0.2892919
0.2892919
0.2892919
0.2892918
0.2892918
0.2892917
0.2892917
0.2890841
0.2891942
0.2893201
0.2893062
0.2892931
0.2892946
0.2892959
0.2892957
0.2892955
0.2892955
0.2892955
0.2892954
0.2892954
0.2892954
0.2892953
0.2892953
0.2892952
0.2892952
0.2892952
0.2892951
0.2892951
0.289295
0.289295
0.2892949
0.2892949
0.2892949
0.2892948
0.2892948
0.2892947
0.2892947
0.2892946
0.2892946
0.2892946
0.2892945
0.2892945
0.2892944
0.2892944
0.2892943
0.2892943
0.2892943
0.2892942
0.2892942
0.2892941
0.2892941
0.289294
0.289294
0.2892939
0.2892939
0.2892939
0.2892938
0.2892938
0.2892937
0.2892937
0.2892936
0.2892936
0.2892936
0.2892935
0.2892935
0.2892934
0.2892934
0.2892933
0.2892933
0.2892933
0.2892932
0.2892932
0.2892931
0.2892931
0.289293
0.289293
0.2892929
0.2892929
0.2892929
0.2892928
0.2892928
0.2892927
0.2892927
0.2892926
0.2892926
0.2892926
0.2892925
0.2892925
0.2892924
0.2892924
0.2892924
0.2892923
0.2892923
0.2892922
0.2892922
0.2892921
0.2892921
0.2892921
0.289292
0.289292
0.2892919
0.2892919
0.2892919
0.2892918
0.2892918
0.2892917
0.2892917
0.2890841
0.2891942
0.2893201
0.2893062
0.2892931
0.2892946
0.2892959
0.2892957
0.2892955
0.2892955
0.2892955
0.2892954
0.2892954
0.2892954
0.2892953
0.2892953
0.2892952
0.2892952
0.2892952
0.2892951
0.2892951
0.289295
0.289295
0.2892949
0.2892949
0.2892949
0.2892948
0.2892948
0.2892947
0.2892947
0.2892946
0.2892946
0.2892946
0.2892945
0.2892945
0.2892944
0.2892944
0.2892943
0.2892943
0.2892943
0.2892942
0.2892942
0.2892941
0.2892941
0.289294
0.289294
0.2892939
0.2892939
0.2892939
0.2892938
0.2892938
0.2892937
0.2892937
0.2892936
0.2892936
0.2892936
0.2892935
0.2892935
0.2892934
0.2892934
0.2892933
0.2892933
0.2892933
0.2892932
0.2892932
0.2892931
0.2892931
0.289293
0.289293
0.2892929
0.2892929
0.2892929
0.2892928
0.2892928
0.2892927
0.2892927
0.2892926
0.2892926
0.2892926
0.2892925
0.2892925
0.2892924
0.2892924
0.2892924
0.2892923
0.2892923
0.2892922
0.2892922
0.2892921
0.2892921
0.2892921
0.289292
0.289292
0.2892919
0.2892919
0.2892919
0.2892918
0.2892918
0.2892917
0.2892917
0.2890841
0.2891942
0.2893201
0.2893062
0.2892931
0.2892946
0.2892959
0.2892957
0.2892955
0.2892955
0.2892955
0.2892954
0.2892954
0.2892954
0.2892953
0.2892953
0.2892952
0.2892952
0.2892952
0.2892951
0.2892951
0.289295
0.289295
0.2892949
0.2892949
0.2892949
0.2892948
0.2892948
0.2892947
0.2892947
0.2892946
0.2892946
0.2892946
0.2892945
0.2892945
0.2892944
0.2892944
0.2892943
0.2892943
0.2892943
0.2892942
0.2892942
0.2892941
0.2892941
0.289294
0.289294
0.2892939
0.2892939
0.2892939
0.2892938
0.2892938
0.2892937
0.2892937
0.2892936
0.2892936
0.2892936
0.2892935
0.2892935
0.2892934
0.2892934
0.2892933
0.2892933
0.2892933
0.2892932
0.2892932
0.2892931
0.2892931
0.289293
0.289293
0.2892929
0.2892929
0.2892929
0.2892928
0.2892928
0.2892927
0.2892927
0.2892926
0.2892926
0.2892926
0.2892925
0.2892925
0.2892924
0.2892924
0.2892923
0.2892923
0.2892923
0.2892922
0.2892922
0.2892921
0.2892921
0.2892921
0.289292
0.289292
0.2892919
0.2892919
0.2892919
0.2892918
0.2892918
0.2892917
0.2892917
0.2890841
0.2891942
0.2893201
0.2893062
0.2892931
0.2892946
0.2892959
0.2892957
0.2892955
0.2892955
0.2892955
0.2892955
0.2892954
0.2892954
0.2892953
0.2892953
0.2892952
0.2892952
0.2892952
0.2892951
0.2892951
0.289295
0.289295
0.2892949
0.2892949
0.2892949
0.2892948
0.2892948
0.2892947
0.2892947
0.2892946
0.2892946
0.2892946
0.2892945
0.2892945
0.2892944
0.2892944
0.2892943
0.2892943
0.2892943
0.2892942
0.2892942
0.2892941
0.2892941
0.289294
0.289294
0.2892939
0.2892939
0.2892939
0.2892938
0.2892938
0.2892937
0.2892937
0.2892936
0.2892936
0.2892936
0.2892935
0.2892935
0.2892934
0.2892934
0.2892933
0.2892933
0.2892933
0.2892932
0.2892932
0.2892931
0.2892931
0.289293
0.289293
0.2892929
0.2892929
0.2892929
0.2892928
0.2892928
0.2892927
0.2892927
0.2892926
0.2892926
0.2892926
0.2892925
0.2892925
0.2892924
0.2892924
0.2892923
0.2892923
0.2892923
0.2892922
0.2892922
0.2892921
0.2892921
0.2892921
0.289292
0.289292
0.2892919
0.2892919
0.2892919
0.2892918
0.2892918
0.2892917
0.2892917
0.2890842
0.2891942
0.2893201
0.2893062
0.2892931
0.2892946
0.2892959
0.2892957
0.2892955
0.2892955
0.2892955
0.2892955
0.2892954
0.2892954
0.2892953
0.2892953
0.2892952
0.2892952
0.2892952
0.2892951
0.2892951
0.289295
0.289295
0.2892949
0.2892949
0.2892949
0.2892948
0.2892948
0.2892947
0.2892947
0.2892946
0.2892946
0.2892946
0.2892945
0.2892945
0.2892944
0.2892944
0.2892943
0.2892943
0.2892943
0.2892942
0.2892942
0.2892941
0.2892941
0.289294
0.289294
0.2892939
0.2892939
0.2892939
0.2892938
0.2892938
0.2892937
0.2892937
0.2892936
0.2892936
0.2892936
0.2892935
0.2892935
0.2892934
0.2892934
0.2892933
0.2892933
0.2892933
0.2892932
0.2892932
0.2892931
0.2892931
0.289293
0.289293
0.2892929
0.2892929
0.2892929
0.2892928
0.2892928
0.2892927
0.2892927
0.2892926
0.2892926
0.2892926
0.2892925
0.2892925
0.2892924
0.2892924
0.2892923
0.2892923
0.2892923
0.2892922
0.2892922
0.2892921
0.2892921
0.2892921
0.289292
0.289292
0.2892919
0.2892919
0.2892918
0.2892918
0.2892918
0.2892917
0.2892917
0.2890842
0.2891942
0.2893201
0.2893062
0.2892931
0.2892946
0.2892959
0.2892957
0.2892955
0.2892955
0.2892955
0.2892955
0.2892954
0.2892954
0.2892953
0.2892953
0.2892952
0.2892952
0.2892952
0.2892951
0.2892951
0.289295
0.289295
0.2892949
0.2892949
0.2892949
0.2892948
0.2892948
0.2892947
0.2892947
0.2892946
0.2892946
0.2892946
0.2892945
0.2892945
0.2892944
0.2892944
0.2892943
0.2892943
0.2892943
0.2892942
0.2892942
0.2892941
0.2892941
0.289294
0.289294
0.2892939
0.2892939
0.2892939
0.2892938
0.2892938
0.2892937
0.2892937
0.2892936
0.2892936
0.2892936
0.2892935
0.2892935
0.2892934
0.2892934
0.2892933
0.2892933
0.2892933
0.2892932
0.2892932
0.2892931
0.2892931
0.289293
0.289293
0.2892929
0.2892929
0.2892929
0.2892928
0.2892928
0.2892927
0.2892927
0.2892926
0.2892926
0.2892926
0.2892925
0.2892925
0.2892924
0.2892924
0.2892923
0.2892923
0.2892923
0.2892922
0.2892922
0.2892921
0.2892921
0.2892921
0.289292
0.289292
0.2892919
0.2892919
0.2892918
0.2892918
0.2892918
0.2892917
0.2892917
0.2890842
0.2891942
0.2893201
0.2893062
0.2892932
0.2892946
0.2892959
0.2892957
0.2892955
0.2892955
0.2892955
0.2892955
0.2892954
0.2892954
0.2892953
0.2892953
0.2892952
0.2892952
0.2892952
0.2892951
0.2892951
0.289295
0.289295
0.2892949
0.2892949
0.2892949
0.2892948
0.2892948
0.2892947
0.2892947
0.2892946
0.2892946
0.2892946
0.2892945
0.2892945
0.2892944
0.2892944
0.2892943
0.2892943
0.2892943
0.2892942
0.2892942
0.2892941
0.2892941
0.289294
0.289294
0.2892939
0.2892939
0.2892939
0.2892938
0.2892938
0.2892937
0.2892937
0.2892936
0.2892936
0.2892936
0.2892935
0.2892935
0.2892934
0.2892934
0.2892933
0.2892933
0.2892933
0.2892932
0.2892932
0.2892931
0.2892931
0.289293
0.289293
0.2892929
0.2892929
0.2892929
0.2892928
0.2892928
0.2892927
0.2892927
0.2892926
0.2892926
0.2892926
0.2892925
0.2892925
0.2892924
0.2892924
0.2892923
0.2892923
0.2892923
0.2892922
0.2892922
0.2892921
0.2892921
0.2892921
0.289292
0.289292
0.2892919
0.2892919
0.2892918
0.2892918
0.2892918
0.2892917
0.2892917
0.2890842
0.2891942
0.2893201
0.2893062
0.2892932
0.2892947
0.2892959
0.2892957
0.2892956
0.2892955
0.2892955
0.2892955
0.2892954
0.2892954
0.2892953
0.2892953
0.2892952
0.2892952
0.2892952
0.2892951
0.2892951
0.289295
0.289295
0.2892949
0.2892949
0.2892949
0.2892948
0.2892948
0.2892947
0.2892947
0.2892946
0.2892946
0.2892946
0.2892945
0.2892945
0.2892944
0.2892944
0.2892943
0.2892943
0.2892943
0.2892942
0.2892942
0.2892941
0.2892941
0.289294
0.289294
0.2892939
0.2892939
0.2892939
0.2892938
0.2892938
0.2892937
0.2892937
0.2892936
0.2892936
0.2892936
0.2892935
0.2892935
0.2892934
0.2892934
0.2892933
0.2892933
0.2892933
0.2892932
0.2892932
0.2892931
0.2892931
0.289293
0.289293
0.2892929
0.2892929
0.2892929
0.2892928
0.2892928
0.2892927
0.2892927
0.2892926
0.2892926
0.2892926
0.2892925
0.2892925
0.2892924
0.2892924
0.2892923
0.2892923
0.2892923
0.2892922
0.2892922
0.2892921
0.2892921
0.289292
0.289292
0.289292
0.2892919
0.2892919
0.2892918
0.2892918
0.2892918
0.2892917
0.2892917
0.2890842
0.2891942
0.2893201
0.2893062
0.2892932
0.2892947
0.2892959
0.2892957
0.2892956
0.2892955
0.2892955
0.2892955
0.2892954
0.2892954
0.2892953
0.2892953
0.2892952
0.2892952
0.2892952
0.2892951
0.2892951
0.289295
0.289295
0.2892949
0.2892949
0.2892949
0.2892948
0.2892948
0.2892947
0.2892947
0.2892946
0.2892946
0.2892946
0.2892945
0.2892945
0.2892944
0.2892944
0.2892943
0.2892943
0.2892943
0.2892942
0.2892942
0.2892941
0.2892941
0.289294
0.289294
0.289294
0.2892939
0.2892939
0.2892938
0.2892938
0.2892937
0.2892937
0.2892936
0.2892936
0.2892936
0.2892935
0.2892935
0.2892934
0.2892934
0.2892933
0.2892933
0.2892933
0.2892932
0.2892932
0.2892931
0.2892931
0.289293
0.289293
0.2892929
0.2892929
0.2892929
0.2892928
0.2892928
0.2892927
0.2892927
0.2892926
0.2892926
0.2892926
0.2892925
0.2892925
0.2892924
0.2892924
0.2892923
0.2892923
0.2892923
0.2892922
0.2892922
0.2892921
0.2892921
0.289292
0.289292
0.289292
0.2892919
0.2892919
0.2892918
0.2892918
0.2892918
0.2892917
0.2892917
0.2890842
0.2891942
0.2893201
0.2893062
0.2892932
0.2892947
0.2892959
0.2892957
0.2892956
0.2892955
0.2892955
0.2892955
0.2892954
0.2892954
0.2892953
0.2892953
0.2892953
0.2892952
0.2892952
0.2892951
0.2892951
0.289295
0.289295
0.289295
0.2892949
0.2892949
0.2892948
0.2892948
0.2892947
0.2892947
0.2892946
0.2892946
0.2892946
0.2892945
0.2892945
0.2892944
0.2892944
0.2892943
0.2892943
0.2892943
0.2892942
0.2892942
0.2892941
0.2892941
0.289294
0.289294
0.289294
0.2892939
0.2892939
0.2892938
0.2892938
0.2892937
0.2892937
0.2892936
0.2892936
0.2892936
0.2892935
0.2892935
0.2892934
0.2892934
0.2892933
0.2892933
0.2892933
0.2892932
0.2892932
0.2892931
0.2892931
0.289293
0.289293
0.2892929
0.2892929
0.2892929
0.2892928
0.2892928
0.2892927
0.2892927
0.2892926
0.2892926
0.2892926
0.2892925
0.2892925
0.2892924
0.2892924
0.2892923
0.2892923
0.2892923
0.2892922
0.2892922
0.2892921
0.2892921
0.289292
0.289292
0.289292
0.2892919
0.2892919
0.2892918
0.2892918
0.2892918
0.2892917
0.2892917
0.2890842
0.2891942
0.2893201
0.2893062
0.2892932
0.2892947
0.289296
0.2892957
0.2892956
0.2892955
0.2892955
0.2892955
0.2892954
0.2892954
0.2892953
0.2892953
0.2892953
0.2892952
0.2892952
0.2892951
0.2892951
0.289295
0.289295
0.289295
0.2892949
0.2892949
0.2892948
0.2892948
0.2892947
0.2892947
0.2892946
0.2892946
0.2892946
0.2892945
0.2892945
0.2892944
0.2892944
0.2892943
0.2892943
0.2892943
0.2892942
0.2892942
0.2892941
0.2892941
0.289294
0.289294
0.289294
0.2892939
0.2892939
0.2892938
0.2892938
0.2892937
0.2892937
0.2892936
0.2892936
0.2892936
0.2892935
0.2892935
0.2892934
0.2892934
0.2892933
0.2892933
0.2892933
0.2892932
0.2892932
0.2892931
0.2892931
0.289293
0.289293
0.2892929
0.2892929
0.2892929
0.2892928
0.2892928
0.2892927
0.2892927
0.2892926
0.2892926
0.2892926
0.2892925
0.2892925
0.2892924
0.2892924
0.2892923
0.2892923
0.2892923
0.2892922
0.2892922
0.2892921
0.2892921
0.289292
0.289292
0.289292
0.2892919
0.2892919
0.2892918
0.2892918
0.2892918
0.2892917
0.2892917
0.2890842
0.2891942
0.2893201
0.2893062
0.2892932
0.2892947
0.289296
0.2892957
0.2892956
0.2892955
0.2892955
0.2892955
0.2892954
0.2892954
0.2892953
0.2892953
0.2892953
0.2892952
0.2892952
0.2892951
0.2892951
0.289295
0.289295
0.289295
0.2892949
0.2892949
0.2892948
0.2892948
0.2892947
0.2892947
0.2892947
0.2892946
0.2892946
0.2892945
0.2892945
0.2892944
0.2892944
0.2892943
0.2892943
0.2892943
0.2892942
0.2892942
0.2892941
0.2892941
0.289294
0.289294
0.289294
0.2892939
0.2892939
0.2892938
0.2892938
0.2892937
0.2892937
0.2892936
0.2892936
0.2892936
0.2892935
0.2892935
0.2892934
0.2892934
0.2892933
0.2892933
0.2892933
0.2892932
0.2892932
0.2892931
0.2892931
0.289293
0.289293
0.2892929
0.2892929
0.2892929
0.2892928
0.2892928
0.2892927
0.2892927
0.2892926
0.2892926
0.2892926
0.2892925
0.2892925
0.2892924
0.2892924
0.2892923
0.2892923
0.2892923
0.2892922
0.2892922
0.2892921
0.2892921
0.289292
0.289292
0.289292
0.2892919
0.2892919
0.2892918
0.2892918
0.2892918
0.2892917
0.2892917
0.2890842
0.2891942
0.2893201
0.2893062
0.2892932
0.2892947
0.289296
0.2892957
0.2892956
0.2892955
0.2892955
0.2892955
0.2892954
0.2892954
0.2892953
0.2892953
0.2892953
0.2892952
0.2892952
0.2892951
0.2892951
0.289295
0.289295
0.289295
0.2892949
0.2892949
0.2892948
0.2892948
0.2892947
0.2892947
0.2892947
0.2892946
0.2892946
0.2892945
0.2892945
0.2892944
0.2892944
0.2892943
0.2892943
0.2892943
0.2892942
0.2892942
0.2892941
0.2892941
0.289294
0.289294
0.289294
0.2892939
0.2892939
0.2892938
0.2892938
0.2892937
0.2892937
0.2892936
0.2892936
0.2892936
0.2892935
0.2892935
0.2892934
0.2892934
0.2892933
0.2892933
0.2892933
0.2892932
0.2892932
0.2892931
0.2892931
0.289293
0.289293
0.2892929
0.2892929
0.2892929
0.2892928
0.2892928
0.2892927
0.2892927
0.2892926
0.2892926
0.2892926
0.2892925
0.2892925
0.2892924
0.2892924
0.2892923
0.2892923
0.2892923
0.2892922
0.2892922
0.2892921
0.2892921
0.289292
0.289292
0.289292
0.2892919
0.2892919
0.2892918
0.2892918
0.2892917
0.2892917
0.2892917
0.2890842
0.2891942
0.2893201
0.2893062
0.2892932
0.2892947
0.289296
0.2892958
0.2892956
0.2892956
0.2892955
0.2892955
0.2892954
0.2892954
0.2892953
0.2892953
0.2892953
0.2892952
0.2892952
0.2892951
0.2892951
0.289295
0.289295
0.289295
0.2892949
0.2892949
0.2892948
0.2892948
0.2892947
0.2892947
0.2892947
0.2892946
0.2892946
0.2892945
0.2892945
0.2892944
0.2892944
0.2892943
0.2892943
0.2892943
0.2892942
0.2892942
0.2892941
0.2892941
0.289294
0.289294
0.289294
0.2892939
0.2892939
0.2892938
0.2892938
0.2892937
0.2892937
0.2892936
0.2892936
0.2892936
0.2892935
0.2892935
0.2892934
0.2892934
0.2892933
0.2892933
0.2892933
0.2892932
0.2892932
0.2892931
0.2892931
0.289293
0.289293
0.2892929
0.2892929
0.2892929
0.2892928
0.2892928
0.2892927
0.2892927
0.2892926
0.2892926
0.2892926
0.2892925
0.2892925
0.2892924
0.2892924
0.2892923
0.2892923
0.2892923
0.2892922
0.2892922
0.2892921
0.2892921
0.289292
0.289292
0.289292
0.2892919
0.2892919
0.2892918
0.2892918
0.2892917
0.2892917
0.2892917
0.2890842
0.2891942
0.2893201
0.2893062
0.2892932
0.2892947
0.289296
0.2892958
0.2892956
0.2892956
0.2892955
0.2892955
0.2892954
0.2892954
0.2892954
0.2892953
0.2892953
0.2892952
0.2892952
0.2892951
0.2892951
0.289295
0.289295
0.289295
0.2892949
0.2892949
0.2892948
0.2892948
0.2892947
0.2892947
0.2892947
0.2892946
0.2892946
0.2892945
0.2892945
0.2892944
0.2892944
0.2892943
0.2892943
0.2892943
0.2892942
0.2892942
0.2892941
0.2892941
0.289294
0.289294
0.289294
0.2892939
0.2892939
0.2892938
0.2892938
0.2892937
0.2892937
0.2892936
0.2892936
0.2892936
0.2892935
0.2892935
0.2892934
0.2892934
0.2892933
0.2892933
0.2892933
0.2892932
0.2892932
0.2892931
0.2892931
0.289293
0.289293
0.2892929
0.2892929
0.2892929
0.2892928
0.2892928
0.2892927
0.2892927
0.2892926
0.2892926
0.2892926
0.2892925
0.2892925
0.2892924
0.2892924
0.2892923
0.2892923
0.2892923
0.2892922
0.2892922
0.2892921
0.2892921
0.289292
0.289292
0.289292
0.2892919
0.2892919
0.2892918
0.2892918
0.2892917
0.2892917
0.2892917
0.2890842
0.2891942
0.2893201
0.2893062
0.2892932
0.2892947
0.289296
0.2892958
0.2892956
0.2892956
0.2892955
0.2892955
0.2892954
0.2892954
0.2892954
0.2892953
0.2892953
0.2892952
0.2892952
0.2892951
0.2892951
0.2892951
0.289295
0.289295
0.2892949
0.2892949
0.2892948
0.2892948
0.2892947
0.2892947
0.2892947
0.2892946
0.2892946
0.2892945
0.2892945
0.2892944
0.2892944
0.2892944
0.2892943
0.2892943
0.2892942
0.2892942
0.2892941
0.2892941
0.289294
0.289294
0.289294
0.2892939
0.2892939
0.2892938
0.2892938
0.2892937
0.2892937
0.2892937
0.2892936
0.2892936
0.2892935
0.2892935
0.2892934
0.2892934
0.2892933
0.2892933
0.2892933
0.2892932
0.2892932
0.2892931
0.2892931
0.289293
0.289293
0.2892929
0.2892929
0.2892929
0.2892928
0.2892928
0.2892927
0.2892927
0.2892926
0.2892926
0.2892926
0.2892925
0.2892925
0.2892924
0.2892924
0.2892923
0.2892923
0.2892922
0.2892922
0.2892922
0.2892921
0.2892921
0.289292
0.289292
0.2892919
0.2892919
0.2892919
0.2892918
0.2892918
0.2892917
0.2892917
0.2892917
0.2890842
0.2891942
0.2893202
0.2893062
0.2892932
0.2892947
0.289296
0.2892958
0.2892956
0.2892956
0.2892955
0.2892955
0.2892954
0.2892954
0.2892954
0.2892953
0.2892953
0.2892952
0.2892952
0.2892951
0.2892951
0.2892951
0.289295
0.289295
0.2892949
0.2892949
0.2892948
0.2892948
0.2892947
0.2892947
0.2892947
0.2892946
0.2892946
0.2892945
0.2892945
0.2892944
0.2892944
0.2892944
0.2892943
0.2892943
0.2892942
0.2892942
0.2892941
0.2892941
0.289294
0.289294
0.289294
0.2892939
0.2892939
0.2892938
0.2892938
0.2892937
0.2892937
0.2892937
0.2892936
0.2892936
0.2892935
0.2892935
0.2892934
0.2892934
0.2892933
0.2892933
0.2892933
0.2892932
0.2892932
0.2892931
0.2892931
0.289293
0.289293
0.289293
0.2892929
0.2892929
0.2892928
0.2892928
0.2892927
0.2892927
0.2892926
0.2892926
0.2892926
0.2892925
0.2892925
0.2892924
0.2892924
0.2892923
0.2892923
0.2892922
0.2892922
0.2892922
0.2892921
0.2892921
0.289292
0.289292
0.2892919
0.2892919
0.2892919
0.2892918
0.2892918
0.2892917
0.2892917
0.2892917
0.2890842
0.2891942
0.2893202
0.2893062
0.2892932
0.2892947
0.289296
0.2892958
0.2892956
0.2892956
0.2892955
0.2892955
0.2892954
0.2892954
0.2892954
0.2892953
0.2892953
0.2892952
0.2892952
0.2892951
0.2892951
0.2892951
0.289295
0.289295
0.2892949
0.2892949
0.2892948
0.2892948
0.2892947
0.2892947
0.2892947
0.2892946
0.2892946
0.2892945
0.2892945
0.2892944
0.2892944
0.2892944
0.2892943
0.2892943
0.2892942
0.2892942
0.2892941
0.2892941
0.289294
0.289294
0.289294
0.2892939
0.2892939
0.2892938
0.2892938
0.2892937
0.2892937
0.2892937
0.2892936
0.2892936
0.2892935
0.2892935
0.2892934
0.2892934
0.2892933
0.2892933
0.2892933
0.2892932
0.2892932
0.2892931
0.2892931
0.289293
0.289293
0.289293
0.2892929
0.2892929
0.2892928
0.2892928
0.2892927
0.2892927
0.2892926
0.2892926
0.2892926
0.2892925
0.2892925
0.2892924
0.2892924
0.2892923
0.2892923
0.2892922
0.2892922
0.2892922
0.2892921
0.2892921
0.289292
0.289292
0.2892919
0.2892919
0.2892919
0.2892918
0.2892918
0.2892917
0.2892917
0.2892916
0.2890842
0.2891943
0.2893202
0.2893062
0.2892932
0.2892947
0.289296
0.2892958
0.2892956
0.2892956
0.2892955
0.2892955
0.2892955
0.2892954
0.2892954
0.2892953
0.2892953
0.2892952
0.2892952
0.2892951
0.2892951
0.2892951
0.289295
0.289295
0.2892949
0.2892949
0.2892948
0.2892948
0.2892948
0.2892947
0.2892947
0.2892946
0.2892946
0.2892945
0.2892945
0.2892944
0.2892944
0.2892944
0.2892943
0.2892943
0.2892942
0.2892942
0.2892941
0.2892941
0.289294
0.289294
0.289294
0.2892939
0.2892939
0.2892938
0.2892938
0.2892937
0.2892937
0.2892937
0.2892936
0.2892936
0.2892935
0.2892935
0.2892934
0.2892934
0.2892933
0.2892933
0.2892933
0.2892932
0.2892932
0.2892931
0.2892931
0.289293
0.289293
0.289293
0.2892929
0.2892929
0.2892928
0.2892928
0.2892927
0.2892927
0.2892926
0.2892926
0.2892926
0.2892925
0.2892925
0.2892924
0.2892924
0.2892923
0.2892923
0.2892922
0.2892922
0.2892922
0.2892921
0.2892921
0.289292
0.289292
0.2892919
0.2892919
0.2892919
0.2892918
0.2892918
0.2892917
0.2892917
0.2892916
0.2890843
0.2891943
0.2893202
0.2893062
0.2892932
0.2892947
0.289296
0.2892958
0.2892956
0.2892956
0.2892955
0.2892955
0.2892955
0.2892954
0.2892954
0.2892953
0.2892953
0.2892952
0.2892952
0.2892951
0.2892951
0.2892951
0.289295
0.289295
0.2892949
0.2892949
0.2892948
0.2892948
0.2892948
0.2892947
0.2892947
0.2892946
0.2892946
0.2892945
0.2892945
0.2892944
0.2892944
0.2892944
0.2892943
0.2892943
0.2892942
0.2892942
0.2892941
0.2892941
0.289294
0.289294
0.289294
0.2892939
0.2892939
0.2892938
0.2892938
0.2892937
0.2892937
0.2892937
0.2892936
0.2892936
0.2892935
0.2892935
0.2892934
0.2892934
0.2892933
0.2892933
0.2892933
0.2892932
0.2892932
0.2892931
0.2892931
0.289293
0.289293
0.289293
0.2892929
0.2892929
0.2892928
0.2892928
0.2892927
0.2892927
0.2892926
0.2892926
0.2892926
0.2892925
0.2892925
0.2892924
0.2892924
0.2892923
0.2892923
0.2892922
0.2892922
0.2892922
0.2892921
0.2892921
0.289292
0.289292
0.2892919
0.2892919
0.2892918
0.2892918
0.2892918
0.2892917
0.2892917
0.2892916
0.2890843
0.2891943
0.2893202
0.2893062
0.2892932
0.2892947
0.289296
0.2892958
0.2892956
0.2892956
0.2892956
0.2892955
0.2892955
0.2892954
0.2892954
0.2892953
0.2892953
0.2892952
0.2892952
0.2892952
0.2892951
0.2892951
0.289295
0.289295
0.2892949
0.2892949
0.2892948
0.2892948
0.2892948
0.2892947
0.2892947
0.2892946
0.2892946
0.2892945
0.2892945
0.2892944
0.2892944
0.2892944
0.2892943
0.2892943
0.2892942
0.2892942
0.2892941
0.2892941
0.2892941
0.289294
0.289294
0.2892939
0.2892939
0.2892938
0.2892938
0.2892937
0.2892937
0.2892937
0.2892936
0.2892936
0.2892935
0.2892935
0.2892934
0.2892934
0.2892933
0.2892933
0.2892933
0.2892932
0.2892932
0.2892931
0.2892931
0.289293
0.289293
0.289293
0.2892929
0.2892929
0.2892928
0.2892928
0.2892927
0.2892927
0.2892926
0.2892926
0.2892926
0.2892925
0.2892925
0.2892924
0.2892924
0.2892923
0.2892923
0.2892922
0.2892922
0.2892922
0.2892921
0.2892921
0.289292
0.289292
0.2892919
0.2892919
0.2892918
0.2892918
0.2892918
0.2892917
0.2892917
0.2892916
0.2890843
0.2891943
0.2893202
0.2893063
0.2892932
0.2892947
0.289296
0.2892958
0.2892956
0.2892956
0.2892956
0.2892955
0.2892955
0.2892954
0.2892954
0.2892953
0.2892953
0.2892952
0.2892952
0.2892952
0.2892951
0.2892951
0.289295
0.289295
0.2892949
0.2892949
0.2892948
0.2892948
0.2892948
0.2892947
0.2892947
0.2892946
0.2892946
0.2892945
0.2892945
0.2892944
0.2892944
0.2892944
0.2892943
0.2892943
0.2892942
0.2892942
0.2892941
0.2892941
0.2892941
0.289294
0.289294
0.2892939
0.2892939
0.2892938
0.2892938
0.2892937
0.2892937
0.2892937
0.2892936
0.2892936
0.2892935
0.2892935
0.2892934
0.2892934
0.2892933
0.2892933
0.2892933
0.2892932
0.2892932
0.2892931
0.2892931
0.289293
0.289293
0.289293
0.2892929
0.2892929
0.2892928
0.2892928
0.2892927
0.2892927
0.2892926
0.2892926
0.2892926
0.2892925
0.2892925
0.2892924
0.2892924
0.2892923
0.2892923
0.2892922
0.2892922
0.2892922
0.2892921
0.2892921
0.289292
0.289292
0.2892919
0.2892919
0.2892918
0.2892918
0.2892918
0.2892917
0.2892917
0.2892916
0.2890843
0.2891943
0.2893202
0.2893063
0.2892932
0.2892947
0.289296
0.2892958
0.2892956
0.2892956
0.2892956
0.2892955
0.2892955
0.2892954
0.2892954
0.2892953
0.2892953
0.2892952
0.2892952
0.2892952
0.2892951
0.2892951
0.289295
0.289295
0.2892949
0.2892949
0.2892948
0.2892948
0.2892948
0.2892947
0.2892947
0.2892946
0.2892946
0.2892945
0.2892945
0.2892945
0.2892944
0.2892944
0.2892943
0.2892943
0.2892942
0.2892942
0.2892941
0.2892941
0.2892941
0.289294
0.289294
0.2892939
0.2892939
0.2892938
0.2892938
0.2892937
0.2892937
0.2892937
0.2892936
0.2892936
0.2892935
0.2892935
0.2892934
0.2892934
0.2892934
0.2892933
0.2892933
0.2892932
0.2892932
0.2892931
0.2892931
0.289293
0.289293
0.289293
0.2892929
0.2892929
0.2892928
0.2892928
0.2892927
0.2892927
0.2892926
0.2892926
0.2892926
0.2892925
0.2892925
0.2892924
0.2892924
0.2892923
0.2892923
0.2892922
0.2892922
0.2892921
0.2892921
0.2892921
0.289292
0.289292
0.2892919
0.2892919
0.2892918
0.2892918
0.2892917
0.2892917
0.2892917
0.2892916
0.2890843
0.2891943
0.2893202
0.2893063
0.2892932
0.2892947
0.289296
0.2892958
0.2892956
0.2892956
0.2892956
0.2892955
0.2892955
0.2892954
0.2892954
0.2892953
0.2892953
0.2892953
0.2892952
0.2892952
0.2892951
0.2892951
0.289295
0.289295
0.2892949
0.2892949
0.2892949
0.2892948
0.2892948
0.2892947
0.2892947
0.2892946
0.2892946
0.2892945
0.2892945
0.2892945
0.2892944
0.2892944
0.2892943
0.2892943
0.2892942
0.2892942
0.2892941
0.2892941
0.2892941
0.289294
0.289294
0.2892939
0.2892939
0.2892938
0.2892938
0.2892937
0.2892937
0.2892937
0.2892936
0.2892936
0.2892935
0.2892935
0.2892934
0.2892934
0.2892934
0.2892933
0.2892933
0.2892932
0.2892932
0.2892931
0.2892931
0.289293
0.289293
0.289293
0.2892929
0.2892929
0.2892928
0.2892928
0.2892927
0.2892927
0.2892926
0.2892926
0.2892926
0.2892925
0.2892925
0.2892924
0.2892924
0.2892923
0.2892923
0.2892922
0.2892922
0.2892921
0.2892921
0.2892921
0.289292
0.289292
0.2892919
0.2892919
0.2892918
0.2892918
0.2892917
0.2892917
0.2892917
0.2892916
0.2890843
0.2891943
0.2893202
0.2893063
0.2892933
0.2892948
0.289296
0.2892958
0.2892956
0.2892956
0.2892956
0.2892955
0.2892955
0.2892954
0.2892954
0.2892953
0.2892953
0.2892953
0.2892952
0.2892952
0.2892951
0.2892951
0.289295
0.289295
0.2892949
0.2892949
0.2892949
0.2892948
0.2892948
0.2892947
0.2892947
0.2892946
0.2892946
0.2892945
0.2892945
0.2892945
0.2892944
0.2892944
0.2892943
0.2892943
0.2892942
0.2892942
0.2892941
0.2892941
0.2892941
0.289294
0.289294
0.2892939
0.2892939
0.2892938
0.2892938
0.2892938
0.2892937
0.2892937
0.2892936
0.2892936
0.2892935
0.2892935
0.2892934
0.2892934
0.2892934
0.2892933
0.2892933
0.2892932
0.2892932
0.2892931
0.2892931
0.289293
0.289293
0.289293
0.2892929
0.2892929
0.2892928
0.2892928
0.2892927
0.2892927
0.2892926
0.2892926
0.2892926
0.2892925
0.2892925
0.2892924
0.2892924
0.2892923
0.2892923
0.2892922
0.2892922
0.2892921
0.2892921
0.2892921
0.289292
0.289292
0.2892919
0.2892919
0.2892918
0.2892918
0.2892917
0.2892917
0.2892916
0.2892916
0.2890843
0.2891944
0.2893202
0.2893063
0.2892933
0.2892948
0.289296
0.2892958
0.2892956
0.2892956
0.2892956
0.2892955
0.2892955
0.2892954
0.2892954
0.2892954
0.2892953
0.2892953
0.2892952
0.2892952
0.2892951
0.2892951
0.289295
0.289295
0.2892949
0.2892949
0.2892949
0.2892948
0.2892948
0.2892947
0.2892947
0.2892946
0.2892946
0.2892945
0.2892945
0.2892945
0.2892944
0.2892944
0.2892943
0.2892943
0.2892942
0.2892942
0.2892941
0.2892941
0.2892941
0.289294
0.289294
0.2892939
0.2892939
0.2892938
0.2892938
0.2892938
0.2892937
0.2892937
0.2892936
0.2892936
0.2892935
0.2892935
0.2892934
0.2892934
0.2892934
0.2892933
0.2892933
0.2892932
0.2892932
0.2892931
0.2892931
0.289293
0.289293
0.289293
0.2892929
0.2892929
0.2892928
0.2892928
0.2892927
0.2892927
0.2892926
0.2892926
0.2892926
0.2892925
0.2892925
0.2892924
0.2892924
0.2892923
0.2892923
0.2892922
0.2892922
0.2892921
0.2892921
0.2892921
0.289292
0.289292
0.2892919
0.2892919
0.2892918
0.2892918
0.2892917
0.2892917
0.2892916
0.2892916
0.2890844
0.2891944
0.2893203
0.2893063
0.2892933
0.2892948
0.2892961
0.2892958
0.2892957
0.2892956
0.2892956
0.2892955
0.2892955
0.2892955
0.2892954
0.2892954
0.2892953
0.2892953
0.2892952
0.2892952
0.2892951
0.2892951
0.289295
0.289295
0.289295
0.2892949
0.2892949
0.2892948
0.2892948
0.2892947
0.2892947
0.2892946
0.2892946
0.2892946
0.2892945
0.2892945
0.2892944
0.2892944
0.2892943
0.2892943
0.2892942
0.2892942
0.2892942
0.2892941
0.2892941
0.289294
0.289294
0.2892939
0.2892939
0.2892938
0.2892938
0.2892938
0.2892937
0.2892937
0.2892936
0.2892936
0.2892935
0.2892935
0.2892934
0.2892934
0.2892934
0.2892933
0.2892933
0.2892932
0.2892932
0.2892931
0.2892931
0.2892931
0.289293
0.289293
0.2892929
0.2892929
0.2892928
0.2892928
0.2892927
0.2892927
0.2892926
0.2892926
0.2892926
0.2892925
0.2892925
0.2892924
0.2892924
0.2892923
0.2892923
0.2892922
0.2892922
0.2892921
0.2892921
0.2892921
0.289292
0.289292
0.2892919
0.2892919
0.2892918
0.2892918
0.2892917
0.2892917
0.2892916
0.2892916
0.2890844
0.2891944
0.2893203
0.2893063
0.2892933
0.2892948
0.2892961
0.2892958
0.2892957
0.2892956
0.2892956
0.2892956
0.2892955
0.2892955
0.2892954
0.2892954
0.2892953
0.2892953
0.2892952
0.2892952
0.2892951
0.2892951
0.289295
0.289295
0.289295
0.2892949
0.2892949
0.2892948
0.2892948
0.2892947
0.2892947
0.2892946
0.2892946
0.2892946
0.2892945
0.2892945
0.2892944
0.2892944
0.2892943
0.2892943
0.2892942
0.2892942
0.2892942
0.2892941
0.2892941
0.289294
0.289294
0.2892939
0.2892939
0.2892938
0.2892938
0.2892938
0.2892937
0.2892937
0.2892936
0.2892936
0.2892935
0.2892935
0.2892935
0.2892934
0.2892934
0.2892933
0.2892933
0.2892932
0.2892932
0.2892931
0.2892931
0.2892931
0.289293
0.289293
0.2892929
0.2892929
0.2892928
0.2892928
0.2892927
0.2892927
0.2892927
0.2892926
0.2892926
0.2892925
0.2892925
0.2892924
0.2892924
0.2892923
0.2892923
0.2892922
0.2892922
0.2892921
0.2892921
0.2892921
0.289292
0.289292
0.2892919
0.2892919
0.2892918
0.2892918
0.2892917
0.2892917
0.2892916
0.2892916
0.2890844
0.2891944
0.2893203
0.2893063
0.2892933
0.2892948
0.2892961
0.2892959
0.2892957
0.2892956
0.2892956
0.2892956
0.2892955
0.2892955
0.2892954
0.2892954
0.2892953
0.2892953
0.2892952
0.2892952
0.2892951
0.2892951
0.289295
0.289295
0.289295
0.2892949
0.2892949
0.2892948
0.2892948
0.2892947
0.2892947
0.2892946
0.2892946
0.2892946
0.2892945
0.2892945
0.2892944
0.2892944
0.2892943
0.2892943
0.2892942
0.2892942
0.2892942
0.2892941
0.2892941
0.289294
0.289294
0.2892939
0.2892939
0.2892939
0.2892938
0.2892938
0.2892937
0.2892937
0.2892936
0.2892936
0.2892935
0.2892935
0.2892935
0.2892934
0.2892934
0.2892933
0.2892933
0.2892932
0.2892932
0.2892931
0.2892931
0.2892931
0.289293
0.289293
0.2892929
0.2892929
0.2892928
0.2892928
0.2892927
0.2892927
0.2892927
0.2892926
0.2892926
0.2892925
0.2892925
0.2892924
0.2892924
0.2892923
0.2892923
0.2892922
0.2892922
0.2892921
0.2892921
0.2892921
0.289292
0.289292
0.2892919
0.2892919
0.2892918
0.2892918
0.2892917
0.2892917
0.2892916
0.2892916
0.2890844
0.2891945
0.2893203
0.2893064
0.2892933
0.2892948
0.2892961
0.2892959
0.2892957
0.2892957
0.2892956
0.2892956
0.2892955
0.2892955
0.2892954
0.2892954
0.2892953
0.2892953
0.2892952
0.2892952
0.2892951
0.2892951
0.2892951
0.289295
0.289295
0.2892949
0.2892949
0.2892948
0.2892948
0.2892947
0.2892947
0.2892947
0.2892946
0.2892946
0.2892945
0.2892945
0.2892944
0.2892944
0.2892943
0.2892943
0.2892943
0.2892942
0.2892942
0.2892941
0.2892941
0.289294
0.289294
0.2892939
0.2892939
0.2892939
0.2892938
0.2892938
0.2892937
0.2892937
0.2892936
0.2892936
0.2892936
0.2892935
0.2892935
0.2892934
0.2892934
0.2892933
0.2892933
0.2892932
0.2892932
0.2892932
0.2892931
0.2892931
0.289293
0.289293
0.2892929
0.2892929
0.2892928
0.2892928
0.2892928
0.2892927
0.2892927
0.2892926
0.2892926
0.2892925
0.2892925
0.2892924
0.2892924
0.2892923
0.2892923
0.2892923
0.2892922
0.2892922
0.2892921
0.2892921
0.289292
0.289292
0.2892919
0.2892919
0.2892918
0.2892918
0.2892917
0.2892917
0.2892916
0.2892915
0.2890845
0.2891945
0.2893204
0.2893064
0.2892933
0.2892948
0.2892961
0.2892959
0.2892957
0.2892957
0.2892956
0.2892956
0.2892955
0.2892955
0.2892954
0.2892954
0.2892953
0.2892953
0.2892952
0.2892952
0.2892952
0.2892951
0.2892951
0.289295
0.289295
0.2892949
0.2892949
0.2892949
0.2892948
0.2892948
0.2892947
0.2892947
0.2892946
0.2892946
0.2892946
0.2892945
0.2892945
0.2892944
0.2892944
0.2892943
0.2892943
0.2892943
0.2892942
0.2892942
0.2892941
0.2892941
0.2892941
0.289294
0.289294
0.2892939
0.2892939
0.2892939
0.2892938
0.2892938
0.2892937
0.2892937
0.2892937
0.2892936
0.2892936
0.2892936
0.2892935
0.2892935
0.2892934
0.2892934
0.2892934
0.2892933
0.2892933
0.2892933
0.2892932
0.2892932
0.2892932
0.2892931
0.2892931
0.289293
0.289293
0.289293
0.2892929
0.2892929
0.2892929
0.2892928
0.2892928
0.2892928
0.2892927
0.2892927
0.2892927
0.2892926
0.2892926
0.2892926
0.2892925
0.2892925
0.2892924
0.2892924
0.2892924
0.2892923
0.2892923
0.2892923
0.2892922
0.2892922
0.2892921
0.2892921
0.2890845
0.2891946
0.2893204
0.2893065
0.2892935
0.289295
0.2892963
0.2892961
0.2892959
0.2892959
0.2892959
0.2892959
0.2892959
0.2892959
0.289296
0.289296
0.289296
0.289296
0.289296
0.2892961
0.2892961
0.2892962
0.2892962
0.2892963
0.2892963
0.2892964
0.2892964
0.2892965
0.2892966
0.2892966
0.2892967
0.2892968
0.2892969
0.289297
0.2892971
0.2892972
0.2892973
0.2892974
0.2892975
0.2892976
0.2892977
0.2892978
0.289298
0.2892981
0.2892982
0.2892984
0.2892985
0.2892987
0.2892988
0.289299
0.2892991
0.2892993
0.2892994
0.2892996
0.2892998
0.2892999
0.2893001
0.2893003
0.2893005
0.2893007
0.2893009
0.2893011
0.2893013
0.2893015
0.2893017
0.2893019
0.2893021
0.2893023
0.2893025
0.2893028
0.289303
0.2893032
0.2893035
0.2893037
0.2893039
0.2893042
0.2893044
0.2893047
0.2893049
0.2893052
0.2893055
0.2893057
0.289306
0.2893063
0.2893065
0.2893068
0.2893071
0.2893074
0.2893077
0.2893079
0.2893082
0.2893085
0.2893088
0.2893091
0.2893094
0.2893097
0.2893099
0.2893102
0.2893104
0.2893106
0.2890893
0.2892037
0.289334
0.2893246
0.2893161
0.2893222
0.289328
0.2893324
0.2893367
0.2893413
0.2893458
0.2893503
0.2893548
0.2893594
0.2893639
0.2893684
0.2893729
0.2893775
0.289382
0.2893865
0.2893911
0.2893956
0.2894001
0.2894046
0.2894092
0.2894137
0.2894182
0.2894228
0.2894273
0.2894318
0.2894364
0.2894409
0.2894455
0.28945
0.2894545
0.2894591
0.2894636
0.2894682
0.2894727
0.2894773
0.2894818
0.2894863
0.2894909
0.2894954
0.2895
0.2895045
0.2895091
0.2895136
0.2895182
0.2895227
0.2895273
0.2895318
0.2895364
0.289541
0.2895455
0.2895501
0.2895546
0.2895592
0.2895637
0.2895683
0.2895729
0.2895774
0.289582
0.2895866
0.2895911
0.2895957
0.2896002
0.2896048
0.2896094
0.2896139
0.2896185
0.2896231
0.2896276
0.2896322
0.2896368
0.2896414
0.2896459
0.2896505
0.2896551
0.2896596
0.2896642
0.2896688
0.2896734
0.2896779
0.2896825
0.2896871
0.2896917
0.2896963
0.2897008
0.2897054
0.28971
0.2897146
0.2897191
0.2897237
0.2897283
0.2897329
0.2897374
0.289742
0.2897465
0.2897511
)
;

boundaryField
{
    bottomAir_bottom
    {
        type            symmetryPlane;
    }
    leftLet
    {
        type            calculated;
        value           uniform 0.2896557;
    }
    rightLet
    {
        type            calculated;
        value           nonuniform List<scalar> 
40
(
0.2892917
0.2892917
0.2892917
0.2892917
0.2892917
0.2892917
0.2892917
0.2892917
0.2892917
0.2892917
0.2892917
0.2892917
0.2892917
0.2892917
0.2892917
0.2892917
0.2892917
0.2892917
0.2892917
0.2892916
0.2892916
0.2892916
0.2892916
0.2892916
0.2892916
0.2892916
0.2892916
0.2892916
0.2892916
0.2892916
0.2892916
0.2892916
0.2892916
0.2892916
0.2892915
0.2892915
0.2892915
0.289292
0.2893105
0.289751
)
;
    }
    frontAndBack
    {
        type            empty;
    }
    bottomAir_to_wall
    {
        type            calculated;
        value           nonuniform List<scalar> 
100
(
0.2951751
0.2953113
0.2954472
0.295433
0.2954225
0.2954282
0.2954338
0.2954378
0.295442
0.2954463
0.2954508
0.2954552
0.2954596
0.2954641
0.2954685
0.295473
0.2954775
0.295482
0.2954865
0.295491
0.2954955
0.2955
0.2955045
0.295509
0.2955135
0.295518
0.2955225
0.295527
0.2955315
0.295536
0.2955405
0.2955451
0.2955496
0.2955541
0.2955586
0.2955631
0.2955676
0.2955722
0.2955767
0.2955812
0.2955857
0.2955903
0.2955948
0.2955993
0.2956038
0.2956084
0.2956129
0.2956174
0.295622
0.2956265
0.295631
0.2956355
0.2956401
0.2956446
0.2956491
0.2956537
0.2956582
0.2956628
0.2956673
0.2956718
0.2956764
0.2956809
0.2956854
0.29569
0.2956945
0.2956991
0.2957036
0.2957082
0.2957127
0.2957172
0.2957218
0.2957263
0.2957309
0.2957354
0.29574
0.2957445
0.2957491
0.2957536
0.2957582
0.2957627
0.2957673
0.2957718
0.2957764
0.2957809
0.2957854
0.29579
0.2957945
0.2957991
0.2958036
0.2958081
0.2958126
0.2958171
0.2958216
0.2958261
0.2958305
0.2958348
0.2958391
0.2958433
0.2958472
0.2958505
)
;
    }
}


// ************************************************************************* //
