/*--------------------------------*- C++ -*----------------------------------*\
| =========                 |                                                 |
| \\      /  F ield         | OpenFOAM: The Open Source CFD Toolbox           |
|  \\    /   O peration     | Version:  2.3.0                                 |
|   \\  /    A nd           | Web:      www.OpenFOAM.org                      |
|    \\/     M anipulation  |                                                 |
\*---------------------------------------------------------------------------*/
FoamFile
{
    version     2.0;
    format      ascii;
    class       volScalarField;
    location    "9700/topAir";
    object      p;
}
// * * * * * * * * * * * * * * * * * * * * * * * * * * * * * * * * * * * * * //

dimensions      [1 -1 -2 0 0 0 0];

internalField   nonuniform List<scalar> 
4000
(
99710.41
99778.83
99838.19
99830.55
99824.42
99825.23
99825.82
99825.7
99825.61
99825.59
99825.56
99825.54
99825.51
99825.48
99825.45
99825.43
99825.4
99825.38
99825.35
99825.32
99825.3
99825.27
99825.25
99825.22
99825.2
99825.17
99825.15
99825.12
99825.1
99825.08
99825.05
99825.03
99825
99824.98
99824.95
99824.93
99824.9
99824.88
99824.86
99824.83
99824.81
99824.78
99824.76
99824.74
99824.71
99824.69
99824.66
99824.64
99824.62
99824.59
99824.57
99824.54
99824.52
99824.5
99824.47
99824.45
99824.42
99824.4
99824.37
99824.35
99824.33
99824.3
99824.28
99824.25
99824.23
99824.21
99824.18
99824.16
99824.13
99824.11
99824.08
99824.06
99824.03
99824.01
99823.98
99823.96
99823.94
99823.91
99823.88
99823.86
99823.83
99823.81
99823.78
99823.76
99823.73
99823.7
99823.68
99823.65
99823.62
99823.6
99823.57
99823.54
99823.51
99823.48
99823.44
99823.41
99823.37
99823.33
99823.28
99823.21
99710.16
99778.8
99838.23
99830.56
99824.42
99825.23
99825.82
99825.7
99825.61
99825.59
99825.56
99825.53
99825.51
99825.48
99825.45
99825.43
99825.4
99825.37
99825.35
99825.32
99825.3
99825.27
99825.25
99825.22
99825.2
99825.17
99825.15
99825.12
99825.1
99825.08
99825.05
99825.03
99825
99824.98
99824.95
99824.93
99824.9
99824.88
99824.86
99824.83
99824.81
99824.78
99824.76
99824.74
99824.71
99824.69
99824.66
99824.64
99824.62
99824.59
99824.57
99824.54
99824.52
99824.5
99824.47
99824.45
99824.42
99824.4
99824.37
99824.35
99824.33
99824.3
99824.28
99824.25
99824.23
99824.21
99824.18
99824.16
99824.13
99824.11
99824.08
99824.06
99824.03
99824.01
99823.98
99823.96
99823.94
99823.91
99823.89
99823.86
99823.83
99823.81
99823.78
99823.76
99823.73
99823.71
99823.68
99823.65
99823.62
99823.6
99823.57
99823.54
99823.51
99823.48
99823.45
99823.41
99823.38
99823.34
99823.3
99823.26
99710.21
99778.78
99838.21
99830.55
99824.42
99825.23
99825.82
99825.7
99825.6
99825.59
99825.56
99825.53
99825.51
99825.48
99825.45
99825.43
99825.4
99825.38
99825.35
99825.32
99825.3
99825.27
99825.25
99825.22
99825.2
99825.17
99825.15
99825.12
99825.1
99825.08
99825.05
99825.03
99825
99824.98
99824.95
99824.93
99824.9
99824.88
99824.86
99824.83
99824.81
99824.78
99824.76
99824.74
99824.71
99824.69
99824.66
99824.64
99824.62
99824.59
99824.57
99824.54
99824.52
99824.5
99824.47
99824.45
99824.42
99824.4
99824.37
99824.35
99824.33
99824.3
99824.28
99824.25
99824.23
99824.21
99824.18
99824.16
99824.13
99824.11
99824.08
99824.06
99824.03
99824.01
99823.99
99823.96
99823.94
99823.91
99823.89
99823.86
99823.83
99823.81
99823.78
99823.76
99823.73
99823.71
99823.68
99823.65
99823.63
99823.6
99823.57
99823.54
99823.51
99823.48
99823.45
99823.42
99823.38
99823.35
99823.31
99823.28
99710.16
99778.73
99838.19
99830.54
99824.41
99825.22
99825.81
99825.69
99825.6
99825.58
99825.56
99825.53
99825.5
99825.48
99825.45
99825.43
99825.4
99825.37
99825.35
99825.32
99825.3
99825.27
99825.25
99825.22
99825.2
99825.17
99825.15
99825.12
99825.1
99825.07
99825.05
99825.03
99825
99824.98
99824.95
99824.93
99824.9
99824.88
99824.86
99824.83
99824.81
99824.78
99824.76
99824.74
99824.71
99824.69
99824.66
99824.64
99824.62
99824.59
99824.57
99824.54
99824.52
99824.5
99824.47
99824.45
99824.42
99824.4
99824.37
99824.35
99824.33
99824.3
99824.28
99824.25
99824.23
99824.21
99824.18
99824.16
99824.13
99824.11
99824.08
99824.06
99824.03
99824.01
99823.99
99823.96
99823.94
99823.91
99823.89
99823.86
99823.84
99823.81
99823.78
99823.76
99823.73
99823.71
99823.68
99823.65
99823.63
99823.6
99823.57
99823.54
99823.51
99823.48
99823.45
99823.42
99823.39
99823.36
99823.33
99823.3
99710.15
99778.72
99838.19
99830.54
99824.4
99825.22
99825.81
99825.69
99825.6
99825.58
99825.56
99825.53
99825.5
99825.48
99825.45
99825.43
99825.4
99825.37
99825.35
99825.32
99825.3
99825.27
99825.25
99825.22
99825.2
99825.17
99825.15
99825.12
99825.1
99825.08
99825.05
99825.03
99825
99824.98
99824.95
99824.93
99824.9
99824.88
99824.86
99824.83
99824.81
99824.78
99824.76
99824.74
99824.71
99824.69
99824.66
99824.64
99824.62
99824.59
99824.57
99824.54
99824.52
99824.5
99824.47
99824.45
99824.42
99824.4
99824.37
99824.35
99824.33
99824.3
99824.28
99824.25
99824.23
99824.21
99824.18
99824.16
99824.13
99824.11
99824.08
99824.06
99824.03
99824.01
99823.99
99823.96
99823.94
99823.91
99823.89
99823.86
99823.84
99823.81
99823.79
99823.76
99823.73
99823.71
99823.68
99823.66
99823.63
99823.6
99823.57
99823.55
99823.52
99823.49
99823.46
99823.43
99823.4
99823.37
99823.34
99823.32
99710.12
99778.69
99838.17
99830.53
99824.39
99825.21
99825.8
99825.68
99825.59
99825.58
99825.56
99825.53
99825.5
99825.47
99825.45
99825.42
99825.4
99825.37
99825.35
99825.32
99825.3
99825.27
99825.25
99825.22
99825.2
99825.17
99825.15
99825.12
99825.1
99825.07
99825.05
99825.03
99825
99824.98
99824.95
99824.93
99824.9
99824.88
99824.86
99824.83
99824.81
99824.78
99824.76
99824.74
99824.71
99824.69
99824.66
99824.64
99824.62
99824.59
99824.57
99824.54
99824.52
99824.5
99824.47
99824.45
99824.42
99824.4
99824.37
99824.35
99824.33
99824.3
99824.28
99824.25
99824.23
99824.21
99824.18
99824.16
99824.13
99824.11
99824.08
99824.06
99824.04
99824.01
99823.99
99823.96
99823.94
99823.91
99823.89
99823.86
99823.84
99823.81
99823.79
99823.76
99823.73
99823.71
99823.68
99823.66
99823.63
99823.6
99823.58
99823.55
99823.52
99823.49
99823.47
99823.44
99823.41
99823.38
99823.36
99823.33
99710.11
99778.68
99838.16
99830.52
99824.39
99825.2
99825.8
99825.68
99825.59
99825.57
99825.55
99825.53
99825.5
99825.47
99825.45
99825.42
99825.4
99825.37
99825.35
99825.32
99825.3
99825.27
99825.25
99825.22
99825.2
99825.17
99825.15
99825.12
99825.1
99825.07
99825.05
99825.03
99825
99824.98
99824.95
99824.93
99824.9
99824.88
99824.86
99824.83
99824.81
99824.78
99824.76
99824.74
99824.71
99824.69
99824.66
99824.64
99824.62
99824.59
99824.57
99824.54
99824.52
99824.5
99824.47
99824.45
99824.42
99824.4
99824.38
99824.35
99824.33
99824.3
99824.28
99824.25
99824.23
99824.21
99824.18
99824.16
99824.13
99824.11
99824.08
99824.06
99824.04
99824.01
99823.99
99823.96
99823.94
99823.91
99823.89
99823.86
99823.84
99823.81
99823.79
99823.76
99823.74
99823.71
99823.69
99823.66
99823.63
99823.61
99823.58
99823.55
99823.53
99823.5
99823.47
99823.45
99823.42
99823.39
99823.37
99823.34
99710.1
99778.66
99838.15
99830.51
99824.38
99825.2
99825.79
99825.68
99825.59
99825.57
99825.55
99825.52
99825.5
99825.47
99825.45
99825.42
99825.39
99825.37
99825.34
99825.32
99825.29
99825.27
99825.24
99825.22
99825.2
99825.17
99825.15
99825.12
99825.1
99825.07
99825.05
99825.02
99825
99824.98
99824.95
99824.93
99824.9
99824.88
99824.86
99824.83
99824.81
99824.78
99824.76
99824.74
99824.71
99824.69
99824.66
99824.64
99824.62
99824.59
99824.57
99824.54
99824.52
99824.5
99824.47
99824.45
99824.42
99824.4
99824.37
99824.35
99824.33
99824.3
99824.28
99824.25
99824.23
99824.21
99824.18
99824.16
99824.13
99824.11
99824.08
99824.06
99824.04
99824.01
99823.99
99823.96
99823.94
99823.91
99823.89
99823.86
99823.84
99823.81
99823.79
99823.76
99823.74
99823.71
99823.69
99823.66
99823.64
99823.61
99823.58
99823.56
99823.53
99823.5
99823.48
99823.45
99823.43
99823.4
99823.38
99823.35
99710.08
99778.65
99838.14
99830.51
99824.37
99825.19
99825.79
99825.67
99825.58
99825.57
99825.55
99825.52
99825.5
99825.47
99825.44
99825.42
99825.39
99825.37
99825.34
99825.32
99825.29
99825.27
99825.25
99825.22
99825.2
99825.17
99825.15
99825.12
99825.1
99825.07
99825.05
99825.03
99825
99824.98
99824.95
99824.93
99824.9
99824.88
99824.86
99824.83
99824.81
99824.78
99824.76
99824.74
99824.71
99824.69
99824.66
99824.64
99824.62
99824.59
99824.57
99824.54
99824.52
99824.5
99824.47
99824.45
99824.42
99824.4
99824.38
99824.35
99824.33
99824.3
99824.28
99824.25
99824.23
99824.21
99824.18
99824.16
99824.13
99824.11
99824.09
99824.06
99824.04
99824.01
99823.99
99823.96
99823.94
99823.91
99823.89
99823.86
99823.84
99823.81
99823.79
99823.76
99823.74
99823.71
99823.69
99823.66
99823.64
99823.61
99823.59
99823.56
99823.54
99823.51
99823.48
99823.46
99823.43
99823.41
99823.39
99823.36
99710.07
99778.64
99838.14
99830.5
99824.37
99825.18
99825.79
99825.67
99825.58
99825.56
99825.54
99825.52
99825.49
99825.47
99825.44
99825.42
99825.39
99825.37
99825.34
99825.32
99825.29
99825.27
99825.24
99825.22
99825.19
99825.17
99825.15
99825.12
99825.1
99825.07
99825.05
99825.02
99825
99824.98
99824.95
99824.93
99824.9
99824.88
99824.86
99824.83
99824.81
99824.78
99824.76
99824.74
99824.71
99824.69
99824.66
99824.64
99824.62
99824.59
99824.57
99824.54
99824.52
99824.5
99824.47
99824.45
99824.42
99824.4
99824.38
99824.35
99824.33
99824.3
99824.28
99824.25
99824.23
99824.21
99824.18
99824.16
99824.13
99824.11
99824.09
99824.06
99824.04
99824.01
99823.99
99823.96
99823.94
99823.91
99823.89
99823.87
99823.84
99823.82
99823.79
99823.77
99823.74
99823.72
99823.69
99823.67
99823.64
99823.62
99823.59
99823.56
99823.54
99823.51
99823.49
99823.47
99823.44
99823.42
99823.39
99823.37
99710.06
99778.63
99838.13
99830.49
99824.36
99825.18
99825.78
99825.66
99825.57
99825.56
99825.54
99825.52
99825.49
99825.47
99825.44
99825.42
99825.39
99825.37
99825.34
99825.32
99825.29
99825.27
99825.24
99825.22
99825.19
99825.17
99825.15
99825.12
99825.1
99825.07
99825.05
99825.02
99825
99824.98
99824.95
99824.93
99824.9
99824.88
99824.86
99824.83
99824.81
99824.78
99824.76
99824.74
99824.71
99824.69
99824.66
99824.64
99824.62
99824.59
99824.57
99824.54
99824.52
99824.5
99824.47
99824.45
99824.42
99824.4
99824.38
99824.35
99824.33
99824.3
99824.28
99824.26
99824.23
99824.21
99824.18
99824.16
99824.13
99824.11
99824.09
99824.06
99824.04
99824.01
99823.99
99823.96
99823.94
99823.92
99823.89
99823.87
99823.84
99823.82
99823.79
99823.77
99823.74
99823.72
99823.69
99823.67
99823.64
99823.62
99823.59
99823.57
99823.54
99823.52
99823.5
99823.47
99823.45
99823.42
99823.4
99823.38
99710.05
99778.62
99838.12
99830.49
99824.36
99825.17
99825.78
99825.66
99825.57
99825.56
99825.54
99825.51
99825.49
99825.46
99825.44
99825.41
99825.39
99825.36
99825.34
99825.31
99825.29
99825.27
99825.24
99825.22
99825.19
99825.17
99825.14
99825.12
99825.1
99825.07
99825.05
99825.02
99825
99824.98
99824.95
99824.93
99824.9
99824.88
99824.85
99824.83
99824.81
99824.78
99824.76
99824.73
99824.71
99824.69
99824.66
99824.64
99824.62
99824.59
99824.57
99824.54
99824.52
99824.5
99824.47
99824.45
99824.42
99824.4
99824.38
99824.35
99824.33
99824.3
99824.28
99824.26
99824.23
99824.21
99824.18
99824.16
99824.13
99824.11
99824.09
99824.06
99824.04
99824.01
99823.99
99823.97
99823.94
99823.92
99823.89
99823.87
99823.84
99823.82
99823.79
99823.77
99823.74
99823.72
99823.7
99823.67
99823.65
99823.62
99823.6
99823.57
99823.55
99823.52
99823.5
99823.48
99823.45
99823.43
99823.41
99823.39
99710.04
99778.62
99838.12
99830.48
99824.35
99825.17
99825.77
99825.66
99825.57
99825.55
99825.54
99825.51
99825.49
99825.46
99825.44
99825.41
99825.39
99825.36
99825.34
99825.31
99825.29
99825.27
99825.24
99825.22
99825.19
99825.17
99825.14
99825.12
99825.1
99825.07
99825.05
99825.02
99825
99824.98
99824.95
99824.93
99824.9
99824.88
99824.86
99824.83
99824.81
99824.78
99824.76
99824.74
99824.71
99824.69
99824.66
99824.64
99824.62
99824.59
99824.57
99824.54
99824.52
99824.5
99824.47
99824.45
99824.42
99824.4
99824.38
99824.35
99824.33
99824.3
99824.28
99824.26
99824.23
99824.21
99824.18
99824.16
99824.14
99824.11
99824.09
99824.06
99824.04
99824.01
99823.99
99823.97
99823.94
99823.92
99823.89
99823.87
99823.84
99823.82
99823.8
99823.77
99823.75
99823.72
99823.7
99823.67
99823.65
99823.62
99823.6
99823.58
99823.55
99823.53
99823.5
99823.48
99823.46
99823.44
99823.41
99823.39
99710.04
99778.61
99838.11
99830.48
99824.35
99825.16
99825.77
99825.65
99825.56
99825.55
99825.53
99825.51
99825.48
99825.46
99825.43
99825.41
99825.39
99825.36
99825.34
99825.31
99825.29
99825.26
99825.24
99825.22
99825.19
99825.17
99825.14
99825.12
99825.09
99825.07
99825.05
99825.02
99825
99824.97
99824.95
99824.93
99824.9
99824.88
99824.85
99824.83
99824.81
99824.78
99824.76
99824.73
99824.71
99824.69
99824.66
99824.64
99824.62
99824.59
99824.57
99824.54
99824.52
99824.5
99824.47
99824.45
99824.42
99824.4
99824.38
99824.35
99824.33
99824.3
99824.28
99824.26
99824.23
99824.21
99824.18
99824.16
99824.14
99824.11
99824.09
99824.06
99824.04
99824.02
99823.99
99823.97
99823.94
99823.92
99823.89
99823.87
99823.85
99823.82
99823.8
99823.77
99823.75
99823.72
99823.7
99823.68
99823.65
99823.63
99823.6
99823.58
99823.56
99823.53
99823.51
99823.49
99823.46
99823.44
99823.42
99823.4
99710.03
99778.6
99838.11
99830.47
99824.34
99825.16
99825.76
99825.65
99825.56
99825.55
99825.53
99825.5
99825.48
99825.46
99825.43
99825.41
99825.38
99825.36
99825.34
99825.31
99825.29
99825.26
99825.24
99825.22
99825.19
99825.17
99825.14
99825.12
99825.09
99825.07
99825.05
99825.02
99825
99824.97
99824.95
99824.93
99824.9
99824.88
99824.85
99824.83
99824.81
99824.78
99824.76
99824.74
99824.71
99824.69
99824.66
99824.64
99824.62
99824.59
99824.57
99824.54
99824.52
99824.5
99824.47
99824.45
99824.42
99824.4
99824.38
99824.35
99824.33
99824.3
99824.28
99824.26
99824.23
99824.21
99824.18
99824.16
99824.14
99824.11
99824.09
99824.06
99824.04
99824.02
99823.99
99823.97
99823.94
99823.92
99823.9
99823.87
99823.85
99823.82
99823.8
99823.77
99823.75
99823.73
99823.7
99823.68
99823.65
99823.63
99823.61
99823.58
99823.56
99823.54
99823.51
99823.49
99823.47
99823.45
99823.42
99823.4
99710.02
99778.6
99838.1
99830.47
99824.34
99825.16
99825.76
99825.64
99825.56
99825.54
99825.53
99825.5
99825.48
99825.45
99825.43
99825.41
99825.38
99825.36
99825.33
99825.31
99825.29
99825.26
99825.24
99825.21
99825.19
99825.17
99825.14
99825.12
99825.09
99825.07
99825.05
99825.02
99825
99824.97
99824.95
99824.93
99824.9
99824.88
99824.85
99824.83
99824.81
99824.78
99824.76
99824.73
99824.71
99824.69
99824.66
99824.64
99824.62
99824.59
99824.57
99824.54
99824.52
99824.5
99824.47
99824.45
99824.42
99824.4
99824.38
99824.35
99824.33
99824.3
99824.28
99824.26
99824.23
99824.21
99824.18
99824.16
99824.14
99824.11
99824.09
99824.06
99824.04
99824.02
99823.99
99823.97
99823.94
99823.92
99823.9
99823.87
99823.85
99823.82
99823.8
99823.78
99823.75
99823.73
99823.7
99823.68
99823.66
99823.63
99823.61
99823.59
99823.56
99823.54
99823.52
99823.49
99823.47
99823.45
99823.43
99823.41
99710.02
99778.59
99838.1
99830.46
99824.33
99825.15
99825.76
99825.64
99825.55
99825.54
99825.52
99825.5
99825.48
99825.45
99825.43
99825.4
99825.38
99825.36
99825.33
99825.31
99825.28
99825.26
99825.24
99825.21
99825.19
99825.17
99825.14
99825.12
99825.09
99825.07
99825.05
99825.02
99825
99824.97
99824.95
99824.93
99824.9
99824.88
99824.85
99824.83
99824.81
99824.78
99824.76
99824.73
99824.71
99824.69
99824.66
99824.64
99824.62
99824.59
99824.57
99824.54
99824.52
99824.5
99824.47
99824.45
99824.42
99824.4
99824.38
99824.35
99824.33
99824.3
99824.28
99824.26
99824.23
99824.21
99824.19
99824.16
99824.14
99824.11
99824.09
99824.07
99824.04
99824.02
99823.99
99823.97
99823.95
99823.92
99823.9
99823.87
99823.85
99823.83
99823.8
99823.78
99823.75
99823.73
99823.71
99823.68
99823.66
99823.64
99823.61
99823.59
99823.57
99823.54
99823.52
99823.5
99823.48
99823.45
99823.43
99823.41
99710.01
99778.59
99838.1
99830.46
99824.33
99825.15
99825.75
99825.64
99825.55
99825.54
99825.52
99825.5
99825.47
99825.45
99825.43
99825.4
99825.38
99825.35
99825.33
99825.31
99825.28
99825.26
99825.24
99825.21
99825.19
99825.16
99825.14
99825.12
99825.09
99825.07
99825.04
99825.02
99825
99824.97
99824.95
99824.93
99824.9
99824.88
99824.85
99824.83
99824.81
99824.78
99824.76
99824.73
99824.71
99824.69
99824.66
99824.64
99824.62
99824.59
99824.57
99824.54
99824.52
99824.5
99824.47
99824.45
99824.42
99824.4
99824.38
99824.35
99824.33
99824.3
99824.28
99824.26
99824.23
99824.21
99824.19
99824.16
99824.14
99824.11
99824.09
99824.07
99824.04
99824.02
99823.99
99823.97
99823.95
99823.92
99823.9
99823.87
99823.85
99823.83
99823.8
99823.78
99823.76
99823.73
99823.71
99823.69
99823.66
99823.64
99823.62
99823.59
99823.57
99823.55
99823.52
99823.5
99823.48
99823.46
99823.44
99823.41
99710.01
99778.58
99838.09
99830.46
99824.33
99825.15
99825.75
99825.63
99825.55
99825.54
99825.52
99825.49
99825.47
99825.45
99825.42
99825.4
99825.38
99825.35
99825.33
99825.31
99825.28
99825.26
99825.24
99825.21
99825.19
99825.16
99825.14
99825.12
99825.09
99825.07
99825.04
99825.02
99825
99824.97
99824.95
99824.93
99824.9
99824.88
99824.85
99824.83
99824.81
99824.78
99824.76
99824.73
99824.71
99824.69
99824.66
99824.64
99824.62
99824.59
99824.57
99824.54
99824.52
99824.5
99824.47
99824.45
99824.42
99824.4
99824.38
99824.35
99824.33
99824.31
99824.28
99824.26
99824.23
99824.21
99824.19
99824.16
99824.14
99824.11
99824.09
99824.07
99824.04
99824.02
99824
99823.97
99823.95
99823.92
99823.9
99823.88
99823.85
99823.83
99823.81
99823.78
99823.76
99823.73
99823.71
99823.69
99823.66
99823.64
99823.62
99823.6
99823.57
99823.55
99823.53
99823.5
99823.48
99823.46
99823.44
99823.42
99710
99778.58
99838.09
99830.45
99824.32
99825.14
99825.75
99825.63
99825.55
99825.53
99825.52
99825.49
99825.47
99825.45
99825.42
99825.4
99825.38
99825.35
99825.33
99825.3
99825.28
99825.26
99825.23
99825.21
99825.19
99825.16
99825.14
99825.12
99825.09
99825.07
99825.04
99825.02
99825
99824.97
99824.95
99824.92
99824.9
99824.88
99824.85
99824.83
99824.81
99824.78
99824.76
99824.73
99824.71
99824.69
99824.66
99824.64
99824.62
99824.59
99824.57
99824.54
99824.52
99824.5
99824.47
99824.45
99824.42
99824.4
99824.38
99824.35
99824.33
99824.31
99824.28
99824.26
99824.23
99824.21
99824.19
99824.16
99824.14
99824.11
99824.09
99824.07
99824.04
99824.02
99824
99823.97
99823.95
99823.92
99823.9
99823.88
99823.85
99823.83
99823.81
99823.78
99823.76
99823.74
99823.71
99823.69
99823.67
99823.64
99823.62
99823.6
99823.57
99823.55
99823.53
99823.51
99823.49
99823.46
99823.44
99823.42
99710
99778.57
99838.09
99830.45
99824.32
99825.14
99825.74
99825.63
99825.54
99825.53
99825.51
99825.49
99825.47
99825.44
99825.42
99825.4
99825.37
99825.35
99825.33
99825.3
99825.28
99825.26
99825.23
99825.21
99825.19
99825.16
99825.14
99825.11
99825.09
99825.07
99825.04
99825.02
99825
99824.97
99824.95
99824.92
99824.9
99824.88
99824.85
99824.83
99824.81
99824.78
99824.76
99824.73
99824.71
99824.69
99824.66
99824.64
99824.62
99824.59
99824.57
99824.54
99824.52
99824.5
99824.47
99824.45
99824.42
99824.4
99824.38
99824.35
99824.33
99824.31
99824.28
99824.26
99824.23
99824.21
99824.19
99824.16
99824.14
99824.12
99824.09
99824.07
99824.04
99824.02
99824
99823.97
99823.95
99823.93
99823.9
99823.88
99823.85
99823.83
99823.81
99823.78
99823.76
99823.74
99823.71
99823.69
99823.67
99823.65
99823.62
99823.6
99823.58
99823.56
99823.53
99823.51
99823.49
99823.47
99823.45
99823.42
99709.99
99778.57
99838.08
99830.45
99824.32
99825.14
99825.74
99825.63
99825.54
99825.53
99825.51
99825.49
99825.46
99825.44
99825.42
99825.4
99825.37
99825.35
99825.33
99825.3
99825.28
99825.26
99825.23
99825.21
99825.18
99825.16
99825.14
99825.11
99825.09
99825.07
99825.04
99825.02
99825
99824.97
99824.95
99824.92
99824.9
99824.88
99824.85
99824.83
99824.81
99824.78
99824.76
99824.73
99824.71
99824.69
99824.66
99824.64
99824.62
99824.59
99824.57
99824.54
99824.52
99824.5
99824.47
99824.45
99824.42
99824.4
99824.38
99824.35
99824.33
99824.31
99824.28
99824.26
99824.23
99824.21
99824.19
99824.16
99824.14
99824.12
99824.09
99824.07
99824.04
99824.02
99824
99823.97
99823.95
99823.93
99823.9
99823.88
99823.86
99823.83
99823.81
99823.79
99823.76
99823.74
99823.72
99823.69
99823.67
99823.65
99823.62
99823.6
99823.58
99823.56
99823.54
99823.51
99823.49
99823.47
99823.45
99823.43
99709.99
99778.57
99838.08
99830.45
99824.32
99825.14
99825.74
99825.62
99825.54
99825.53
99825.51
99825.49
99825.46
99825.44
99825.42
99825.39
99825.37
99825.35
99825.32
99825.3
99825.28
99825.25
99825.23
99825.21
99825.18
99825.16
99825.14
99825.11
99825.09
99825.07
99825.04
99825.02
99825
99824.97
99824.95
99824.92
99824.9
99824.88
99824.85
99824.83
99824.81
99824.78
99824.76
99824.73
99824.71
99824.69
99824.66
99824.64
99824.62
99824.59
99824.57
99824.54
99824.52
99824.5
99824.47
99824.45
99824.42
99824.4
99824.38
99824.35
99824.33
99824.31
99824.28
99824.26
99824.23
99824.21
99824.19
99824.16
99824.14
99824.12
99824.09
99824.07
99824.05
99824.02
99824
99823.97
99823.95
99823.93
99823.9
99823.88
99823.86
99823.83
99823.81
99823.79
99823.76
99823.74
99823.72
99823.7
99823.67
99823.65
99823.63
99823.6
99823.58
99823.56
99823.54
99823.52
99823.49
99823.47
99823.45
99823.43
99709.98
99778.56
99838.08
99830.44
99824.31
99825.13
99825.74
99825.62
99825.54
99825.52
99825.51
99825.48
99825.46
99825.44
99825.42
99825.39
99825.37
99825.35
99825.32
99825.3
99825.28
99825.25
99825.23
99825.21
99825.18
99825.16
99825.14
99825.11
99825.09
99825.07
99825.04
99825.02
99824.99
99824.97
99824.95
99824.92
99824.9
99824.88
99824.85
99824.83
99824.81
99824.78
99824.76
99824.73
99824.71
99824.69
99824.66
99824.64
99824.62
99824.59
99824.57
99824.54
99824.52
99824.5
99824.47
99824.45
99824.42
99824.4
99824.38
99824.35
99824.33
99824.31
99824.28
99824.26
99824.24
99824.21
99824.19
99824.16
99824.14
99824.12
99824.09
99824.07
99824.05
99824.02
99824
99823.98
99823.95
99823.93
99823.9
99823.88
99823.86
99823.83
99823.81
99823.79
99823.77
99823.74
99823.72
99823.7
99823.67
99823.65
99823.63
99823.61
99823.58
99823.56
99823.54
99823.52
99823.5
99823.48
99823.45
99823.43
99709.98
99778.56
99838.08
99830.44
99824.31
99825.13
99825.74
99825.62
99825.53
99825.52
99825.51
99825.48
99825.46
99825.44
99825.41
99825.39
99825.37
99825.35
99825.32
99825.3
99825.28
99825.25
99825.23
99825.21
99825.18
99825.16
99825.14
99825.11
99825.09
99825.07
99825.04
99825.02
99824.99
99824.97
99824.95
99824.92
99824.9
99824.88
99824.85
99824.83
99824.8
99824.78
99824.76
99824.73
99824.71
99824.69
99824.66
99824.64
99824.62
99824.59
99824.57
99824.54
99824.52
99824.5
99824.47
99824.45
99824.43
99824.4
99824.38
99824.35
99824.33
99824.31
99824.28
99824.26
99824.24
99824.21
99824.19
99824.16
99824.14
99824.12
99824.09
99824.07
99824.05
99824.02
99824
99823.98
99823.95
99823.93
99823.91
99823.88
99823.86
99823.84
99823.81
99823.79
99823.77
99823.74
99823.72
99823.7
99823.68
99823.65
99823.63
99823.61
99823.59
99823.56
99823.54
99823.52
99823.5
99823.48
99823.46
99823.44
99709.98
99778.56
99838.07
99830.44
99824.31
99825.13
99825.73
99825.62
99825.53
99825.52
99825.51
99825.48
99825.46
99825.44
99825.41
99825.39
99825.37
99825.34
99825.32
99825.3
99825.28
99825.25
99825.23
99825.21
99825.18
99825.16
99825.14
99825.11
99825.09
99825.06
99825.04
99825.02
99824.99
99824.97
99824.95
99824.92
99824.9
99824.88
99824.85
99824.83
99824.8
99824.78
99824.76
99824.73
99824.71
99824.69
99824.66
99824.64
99824.61
99824.59
99824.57
99824.54
99824.52
99824.5
99824.47
99824.45
99824.43
99824.4
99824.38
99824.35
99824.33
99824.31
99824.28
99824.26
99824.24
99824.21
99824.19
99824.16
99824.14
99824.12
99824.09
99824.07
99824.05
99824.02
99824
99823.98
99823.95
99823.93
99823.91
99823.88
99823.86
99823.84
99823.81
99823.79
99823.77
99823.75
99823.72
99823.7
99823.68
99823.65
99823.63
99823.61
99823.59
99823.57
99823.54
99823.52
99823.5
99823.48
99823.46
99823.44
99709.98
99778.56
99838.07
99830.44
99824.31
99825.13
99825.73
99825.62
99825.53
99825.52
99825.5
99825.48
99825.46
99825.43
99825.41
99825.39
99825.37
99825.34
99825.32
99825.3
99825.27
99825.25
99825.23
99825.2
99825.18
99825.16
99825.13
99825.11
99825.09
99825.06
99825.04
99825.02
99824.99
99824.97
99824.95
99824.92
99824.9
99824.88
99824.85
99824.83
99824.8
99824.78
99824.76
99824.73
99824.71
99824.69
99824.66
99824.64
99824.62
99824.59
99824.57
99824.54
99824.52
99824.5
99824.47
99824.45
99824.43
99824.4
99824.38
99824.35
99824.33
99824.31
99824.28
99824.26
99824.24
99824.21
99824.19
99824.17
99824.14
99824.12
99824.09
99824.07
99824.05
99824.02
99824
99823.98
99823.95
99823.93
99823.91
99823.88
99823.86
99823.84
99823.82
99823.79
99823.77
99823.75
99823.72
99823.7
99823.68
99823.66
99823.63
99823.61
99823.59
99823.57
99823.55
99823.52
99823.5
99823.48
99823.46
99823.44
99709.97
99778.55
99838.07
99830.44
99824.31
99825.13
99825.73
99825.62
99825.53
99825.52
99825.5
99825.48
99825.46
99825.43
99825.41
99825.39
99825.37
99825.34
99825.32
99825.3
99825.27
99825.25
99825.23
99825.2
99825.18
99825.16
99825.13
99825.11
99825.09
99825.06
99825.04
99825.02
99824.99
99824.97
99824.95
99824.92
99824.9
99824.88
99824.85
99824.83
99824.8
99824.78
99824.76
99824.73
99824.71
99824.69
99824.66
99824.64
99824.61
99824.59
99824.57
99824.54
99824.52
99824.5
99824.47
99824.45
99824.43
99824.4
99824.38
99824.35
99824.33
99824.31
99824.28
99824.26
99824.24
99824.21
99824.19
99824.17
99824.14
99824.12
99824.09
99824.07
99824.05
99824.02
99824
99823.98
99823.95
99823.93
99823.91
99823.88
99823.86
99823.84
99823.82
99823.79
99823.77
99823.75
99823.72
99823.7
99823.68
99823.66
99823.64
99823.61
99823.59
99823.57
99823.55
99823.53
99823.5
99823.48
99823.46
99823.44
99709.97
99778.55
99838.07
99830.44
99824.3
99825.12
99825.73
99825.61
99825.53
99825.52
99825.5
99825.48
99825.45
99825.43
99825.41
99825.39
99825.36
99825.34
99825.32
99825.3
99825.27
99825.25
99825.23
99825.2
99825.18
99825.16
99825.13
99825.11
99825.09
99825.06
99825.04
99825.02
99824.99
99824.97
99824.95
99824.92
99824.9
99824.88
99824.85
99824.83
99824.8
99824.78
99824.76
99824.73
99824.71
99824.69
99824.66
99824.64
99824.61
99824.59
99824.57
99824.54
99824.52
99824.5
99824.47
99824.45
99824.43
99824.4
99824.38
99824.35
99824.33
99824.31
99824.28
99824.26
99824.24
99824.21
99824.19
99824.17
99824.14
99824.12
99824.1
99824.07
99824.05
99824.03
99824
99823.98
99823.96
99823.93
99823.91
99823.89
99823.86
99823.84
99823.82
99823.79
99823.77
99823.75
99823.73
99823.7
99823.68
99823.66
99823.64
99823.61
99823.59
99823.57
99823.55
99823.53
99823.51
99823.48
99823.46
99823.44
99709.97
99778.55
99838.07
99830.43
99824.3
99825.12
99825.73
99825.61
99825.53
99825.52
99825.5
99825.48
99825.45
99825.43
99825.41
99825.39
99825.36
99825.34
99825.32
99825.3
99825.27
99825.25
99825.23
99825.2
99825.18
99825.16
99825.13
99825.11
99825.09
99825.06
99825.04
99825.02
99824.99
99824.97
99824.95
99824.92
99824.9
99824.87
99824.85
99824.83
99824.8
99824.78
99824.76
99824.73
99824.71
99824.69
99824.66
99824.64
99824.61
99824.59
99824.57
99824.54
99824.52
99824.5
99824.47
99824.45
99824.43
99824.4
99824.38
99824.35
99824.33
99824.31
99824.28
99824.26
99824.24
99824.21
99824.19
99824.17
99824.14
99824.12
99824.1
99824.07
99824.05
99824.03
99824
99823.98
99823.96
99823.93
99823.91
99823.89
99823.86
99823.84
99823.82
99823.79
99823.77
99823.75
99823.73
99823.7
99823.68
99823.66
99823.64
99823.62
99823.59
99823.57
99823.55
99823.53
99823.51
99823.49
99823.46
99823.44
99709.97
99778.55
99838.07
99830.43
99824.3
99825.12
99825.73
99825.61
99825.53
99825.51
99825.5
99825.48
99825.45
99825.43
99825.41
99825.39
99825.36
99825.34
99825.32
99825.29
99825.27
99825.25
99825.23
99825.2
99825.18
99825.16
99825.13
99825.11
99825.09
99825.06
99825.04
99825.02
99824.99
99824.97
99824.95
99824.92
99824.9
99824.87
99824.85
99824.83
99824.8
99824.78
99824.76
99824.73
99824.71
99824.69
99824.66
99824.64
99824.61
99824.59
99824.57
99824.54
99824.52
99824.5
99824.47
99824.45
99824.43
99824.4
99824.38
99824.35
99824.33
99824.31
99824.28
99824.26
99824.24
99824.21
99824.19
99824.17
99824.14
99824.12
99824.1
99824.07
99824.05
99824.03
99824
99823.98
99823.96
99823.93
99823.91
99823.89
99823.86
99823.84
99823.82
99823.8
99823.77
99823.75
99823.73
99823.71
99823.68
99823.66
99823.64
99823.62
99823.59
99823.57
99823.55
99823.53
99823.51
99823.49
99823.47
99823.45
99709.96
99778.55
99838.07
99830.43
99824.3
99825.12
99825.73
99825.61
99825.53
99825.51
99825.5
99825.47
99825.45
99825.43
99825.41
99825.38
99825.36
99825.34
99825.32
99825.29
99825.27
99825.25
99825.22
99825.2
99825.18
99825.16
99825.13
99825.11
99825.09
99825.06
99825.04
99825.02
99824.99
99824.97
99824.95
99824.92
99824.9
99824.87
99824.85
99824.83
99824.8
99824.78
99824.76
99824.73
99824.71
99824.69
99824.66
99824.64
99824.61
99824.59
99824.57
99824.54
99824.52
99824.5
99824.47
99824.45
99824.43
99824.4
99824.38
99824.35
99824.33
99824.31
99824.28
99824.26
99824.24
99824.21
99824.19
99824.17
99824.14
99824.12
99824.1
99824.07
99824.05
99824.03
99824
99823.98
99823.96
99823.93
99823.91
99823.89
99823.86
99823.84
99823.82
99823.8
99823.77
99823.75
99823.73
99823.71
99823.68
99823.66
99823.64
99823.62
99823.6
99823.57
99823.55
99823.53
99823.51
99823.49
99823.47
99823.45
99709.96
99778.54
99838.06
99830.43
99824.3
99825.12
99825.72
99825.61
99825.52
99825.51
99825.5
99825.47
99825.45
99825.43
99825.41
99825.38
99825.36
99825.34
99825.32
99825.29
99825.27
99825.25
99825.22
99825.2
99825.18
99825.16
99825.13
99825.11
99825.09
99825.06
99825.04
99825.02
99824.99
99824.97
99824.94
99824.92
99824.9
99824.87
99824.85
99824.83
99824.8
99824.78
99824.76
99824.73
99824.71
99824.69
99824.66
99824.64
99824.61
99824.59
99824.57
99824.54
99824.52
99824.5
99824.47
99824.45
99824.43
99824.4
99824.38
99824.36
99824.33
99824.31
99824.28
99824.26
99824.24
99824.21
99824.19
99824.17
99824.14
99824.12
99824.1
99824.07
99824.05
99824.03
99824
99823.98
99823.96
99823.93
99823.91
99823.89
99823.87
99823.84
99823.82
99823.8
99823.77
99823.75
99823.73
99823.71
99823.68
99823.66
99823.64
99823.62
99823.6
99823.58
99823.55
99823.53
99823.51
99823.49
99823.47
99823.45
99709.96
99778.54
99838.06
99830.43
99824.3
99825.12
99825.72
99825.61
99825.52
99825.51
99825.5
99825.47
99825.45
99825.43
99825.41
99825.38
99825.36
99825.34
99825.32
99825.29
99825.27
99825.25
99825.22
99825.2
99825.18
99825.15
99825.13
99825.11
99825.09
99825.06
99825.04
99825.02
99824.99
99824.97
99824.94
99824.92
99824.9
99824.87
99824.85
99824.83
99824.8
99824.78
99824.76
99824.73
99824.71
99824.69
99824.66
99824.64
99824.61
99824.59
99824.57
99824.54
99824.52
99824.5
99824.47
99824.45
99824.43
99824.4
99824.38
99824.36
99824.33
99824.31
99824.28
99824.26
99824.24
99824.21
99824.19
99824.17
99824.14
99824.12
99824.1
99824.07
99824.05
99824.03
99824
99823.98
99823.96
99823.93
99823.91
99823.89
99823.87
99823.84
99823.82
99823.8
99823.77
99823.75
99823.73
99823.71
99823.69
99823.66
99823.64
99823.62
99823.6
99823.58
99823.55
99823.53
99823.51
99823.49
99823.47
99823.45
99709.96
99778.54
99838.06
99830.43
99824.3
99825.12
99825.72
99825.61
99825.52
99825.51
99825.5
99825.47
99825.45
99825.43
99825.41
99825.38
99825.36
99825.34
99825.32
99825.29
99825.27
99825.25
99825.22
99825.2
99825.18
99825.15
99825.13
99825.11
99825.08
99825.06
99825.04
99825.01
99824.99
99824.97
99824.94
99824.92
99824.9
99824.87
99824.85
99824.83
99824.8
99824.78
99824.76
99824.73
99824.71
99824.69
99824.66
99824.64
99824.61
99824.59
99824.57
99824.54
99824.52
99824.5
99824.47
99824.45
99824.43
99824.4
99824.38
99824.36
99824.33
99824.31
99824.28
99824.26
99824.24
99824.21
99824.19
99824.17
99824.14
99824.12
99824.1
99824.07
99824.05
99824.03
99824
99823.98
99823.96
99823.93
99823.91
99823.89
99823.87
99823.84
99823.82
99823.8
99823.78
99823.75
99823.73
99823.71
99823.69
99823.66
99823.64
99823.62
99823.6
99823.58
99823.55
99823.53
99823.51
99823.49
99823.47
99823.45
99709.96
99778.54
99838.06
99830.43
99824.3
99825.12
99825.72
99825.61
99825.52
99825.51
99825.5
99825.47
99825.45
99825.43
99825.41
99825.38
99825.36
99825.34
99825.31
99825.29
99825.27
99825.25
99825.22
99825.2
99825.18
99825.15
99825.13
99825.11
99825.08
99825.06
99825.04
99825.01
99824.99
99824.97
99824.94
99824.92
99824.9
99824.87
99824.85
99824.83
99824.8
99824.78
99824.76
99824.73
99824.71
99824.69
99824.66
99824.64
99824.61
99824.59
99824.57
99824.54
99824.52
99824.5
99824.47
99824.45
99824.43
99824.4
99824.38
99824.36
99824.33
99824.31
99824.28
99824.26
99824.24
99824.21
99824.19
99824.17
99824.14
99824.12
99824.1
99824.07
99824.05
99824.03
99824
99823.98
99823.96
99823.94
99823.91
99823.89
99823.87
99823.84
99823.82
99823.8
99823.78
99823.75
99823.73
99823.71
99823.69
99823.66
99823.64
99823.62
99823.6
99823.58
99823.56
99823.53
99823.51
99823.49
99823.47
99823.45
99709.95
99778.54
99838.06
99830.43
99824.3
99825.12
99825.72
99825.61
99825.52
99825.51
99825.5
99825.47
99825.45
99825.43
99825.4
99825.38
99825.36
99825.34
99825.31
99825.29
99825.27
99825.25
99825.22
99825.2
99825.18
99825.15
99825.13
99825.11
99825.08
99825.06
99825.04
99825.01
99824.99
99824.97
99824.94
99824.92
99824.9
99824.87
99824.85
99824.83
99824.8
99824.78
99824.76
99824.73
99824.71
99824.69
99824.66
99824.64
99824.61
99824.59
99824.57
99824.54
99824.52
99824.5
99824.47
99824.45
99824.43
99824.4
99824.38
99824.36
99824.33
99824.31
99824.28
99824.26
99824.24
99824.21
99824.19
99824.17
99824.14
99824.12
99824.1
99824.07
99824.05
99824.03
99824
99823.98
99823.96
99823.94
99823.91
99823.89
99823.87
99823.84
99823.82
99823.8
99823.78
99823.75
99823.73
99823.71
99823.69
99823.66
99823.64
99823.62
99823.6
99823.58
99823.56
99823.53
99823.51
99823.49
99823.47
99823.45
99709.95
99778.54
99838.06
99830.43
99824.3
99825.12
99825.72
99825.61
99825.52
99825.51
99825.49
99825.47
99825.45
99825.43
99825.4
99825.38
99825.36
99825.34
99825.31
99825.29
99825.27
99825.25
99825.22
99825.2
99825.18
99825.15
99825.13
99825.11
99825.08
99825.06
99825.04
99825.01
99824.99
99824.97
99824.94
99824.92
99824.9
99824.87
99824.85
99824.83
99824.8
99824.78
99824.76
99824.73
99824.71
99824.69
99824.66
99824.64
99824.61
99824.59
99824.57
99824.54
99824.52
99824.5
99824.47
99824.45
99824.43
99824.4
99824.38
99824.36
99824.33
99824.31
99824.28
99824.26
99824.24
99824.21
99824.19
99824.17
99824.14
99824.12
99824.1
99824.07
99824.05
99824.03
99824
99823.98
99823.96
99823.94
99823.91
99823.89
99823.87
99823.84
99823.82
99823.8
99823.78
99823.75
99823.73
99823.71
99823.69
99823.67
99823.64
99823.62
99823.6
99823.58
99823.56
99823.53
99823.51
99823.49
99823.47
99823.45
99709.94
99778.55
99838.07
99830.43
99824.3
99825.12
99825.72
99825.61
99825.52
99825.51
99825.49
99825.47
99825.45
99825.43
99825.4
99825.38
99825.36
99825.34
99825.31
99825.29
99825.27
99825.25
99825.22
99825.2
99825.18
99825.15
99825.13
99825.11
99825.08
99825.06
99825.04
99825.01
99824.99
99824.97
99824.94
99824.92
99824.9
99824.87
99824.85
99824.83
99824.8
99824.78
99824.76
99824.73
99824.71
99824.69
99824.66
99824.64
99824.61
99824.59
99824.57
99824.54
99824.52
99824.5
99824.47
99824.45
99824.43
99824.4
99824.38
99824.36
99824.33
99824.31
99824.28
99824.26
99824.24
99824.21
99824.19
99824.17
99824.14
99824.12
99824.1
99824.07
99824.05
99824.03
99824
99823.98
99823.96
99823.94
99823.91
99823.89
99823.87
99823.84
99823.82
99823.8
99823.78
99823.75
99823.73
99823.71
99823.69
99823.67
99823.64
99823.62
99823.6
99823.58
99823.56
99823.54
99823.51
99823.49
99823.47
99823.45
99709.92
99778.56
99838.07
99830.43
99824.3
99825.12
99825.72
99825.61
99825.52
99825.51
99825.49
99825.47
99825.45
99825.43
99825.4
99825.38
99825.36
99825.34
99825.31
99825.29
99825.27
99825.25
99825.22
99825.2
99825.18
99825.15
99825.13
99825.11
99825.08
99825.06
99825.04
99825.01
99824.99
99824.97
99824.94
99824.92
99824.9
99824.87
99824.85
99824.83
99824.8
99824.78
99824.76
99824.73
99824.71
99824.69
99824.66
99824.64
99824.61
99824.59
99824.57
99824.54
99824.52
99824.5
99824.47
99824.45
99824.43
99824.4
99824.38
99824.36
99824.33
99824.31
99824.28
99824.26
99824.24
99824.21
99824.19
99824.17
99824.14
99824.12
99824.1
99824.07
99824.05
99824.03
99824
99823.98
99823.96
99823.94
99823.91
99823.89
99823.87
99823.84
99823.82
99823.8
99823.78
99823.75
99823.73
99823.71
99823.69
99823.67
99823.64
99823.62
99823.6
99823.58
99823.56
99823.54
99823.51
99823.49
99823.47
99823.45
)
;

boundaryField
{
    topAir_top
    {
        type            symmetryPlane;
    }
    leftLet
    {
        type            calculated;
        value           uniform 100000;
    }
    rightLet
    {
        type            calculated;
        value           nonuniform List<scalar> 
40
(
99823.18
99823.24
99823.26
99823.29
99823.31
99823.32
99823.33
99823.34
99823.35
99823.36
99823.37
99823.37
99823.38
99823.39
99823.39
99823.4
99823.4
99823.4
99823.41
99823.41
99823.41
99823.42
99823.42
99823.42
99823.42
99823.43
99823.43
99823.43
99823.43
99823.43
99823.43
99823.44
99823.44
99823.44
99823.44
99823.44
99823.44
99823.44
99823.44
99823.44
)
;
    }
    frontAndBack
    {
        type            empty;
    }
    topAir_to_wall
    {
        type            calculated;
        value           nonuniform List<scalar> 
100
(
99710.41
99778.83
99838.19
99830.55
99824.42
99825.23
99825.82
99825.7
99825.61
99825.59
99825.56
99825.54
99825.51
99825.48
99825.45
99825.43
99825.4
99825.38
99825.35
99825.32
99825.3
99825.27
99825.25
99825.22
99825.2
99825.17
99825.15
99825.12
99825.1
99825.08
99825.05
99825.03
99825
99824.98
99824.95
99824.93
99824.9
99824.88
99824.86
99824.83
99824.81
99824.78
99824.76
99824.74
99824.71
99824.69
99824.66
99824.64
99824.62
99824.59
99824.57
99824.54
99824.52
99824.5
99824.47
99824.45
99824.42
99824.4
99824.37
99824.35
99824.33
99824.3
99824.28
99824.25
99824.23
99824.21
99824.18
99824.16
99824.13
99824.11
99824.08
99824.06
99824.03
99824.01
99823.98
99823.96
99823.94
99823.91
99823.88
99823.86
99823.83
99823.81
99823.78
99823.76
99823.73
99823.7
99823.68
99823.65
99823.62
99823.6
99823.57
99823.54
99823.51
99823.48
99823.44
99823.41
99823.37
99823.33
99823.28
99823.21
)
;
    }
}


// ************************************************************************* //
