/*--------------------------------*- C++ -*----------------------------------*\
| =========                 |                                                 |
| \\      /  F ield         | OpenFOAM: The Open Source CFD Toolbox           |
|  \\    /   O peration     | Version:  2.3.0                                 |
|   \\  /    A nd           | Web:      www.OpenFOAM.org                      |
|    \\/     M anipulation  |                                                 |
\*---------------------------------------------------------------------------*/
FoamFile
{
    version     2.0;
    format      ascii;
    class       volScalarField;
    location    "9700/bottomAir";
    object      p_rgh;
}
// * * * * * * * * * * * * * * * * * * * * * * * * * * * * * * * * * * * * * //

dimensions      [1 -1 -2 0 0 0 0];

internalField   nonuniform List<scalar> 
4000
(
99755.26
99813.33
99863.49
99857.01
99851.85
99852.55
99853.06
99852.97
99852.9
99852.9
99852.89
99852.87
99852.85
99852.84
99852.83
99852.81
99852.8
99852.78
99852.77
99852.75
99852.73
99852.72
99852.7
99852.69
99852.67
99852.66
99852.64
99852.63
99852.61
99852.6
99852.58
99852.57
99852.55
99852.53
99852.52
99852.5
99852.49
99852.47
99852.46
99852.44
99852.42
99852.41
99852.39
99852.38
99852.36
99852.35
99852.33
99852.31
99852.3
99852.28
99852.27
99852.25
99852.24
99852.22
99852.2
99852.19
99852.17
99852.16
99852.14
99852.13
99852.11
99852.09
99852.08
99852.06
99852.05
99852.03
99852.02
99852
99851.98
99851.97
99851.95
99851.94
99851.92
99851.91
99851.89
99851.88
99851.86
99851.85
99851.83
99851.81
99851.8
99851.78
99851.77
99851.75
99851.74
99851.72
99851.71
99851.69
99851.68
99851.67
99851.65
99851.64
99851.62
99851.61
99851.59
99851.58
99851.56
99851.55
99851.54
99851.52
99755.3
99813.31
99863.48
99857.01
99851.85
99852.55
99853.06
99852.97
99852.9
99852.9
99852.89
99852.87
99852.85
99852.84
99852.83
99852.81
99852.8
99852.78
99852.77
99852.75
99852.73
99852.72
99852.7
99852.69
99852.67
99852.66
99852.64
99852.63
99852.61
99852.6
99852.58
99852.57
99852.55
99852.53
99852.52
99852.5
99852.49
99852.47
99852.46
99852.44
99852.42
99852.41
99852.39
99852.38
99852.36
99852.35
99852.33
99852.31
99852.3
99852.28
99852.27
99852.25
99852.24
99852.22
99852.2
99852.19
99852.17
99852.16
99852.14
99852.13
99852.11
99852.09
99852.08
99852.06
99852.05
99852.03
99852.02
99852
99851.98
99851.97
99851.95
99851.94
99851.92
99851.91
99851.89
99851.88
99851.86
99851.85
99851.83
99851.81
99851.8
99851.78
99851.77
99851.75
99851.74
99851.72
99851.71
99851.69
99851.68
99851.66
99851.65
99851.64
99851.62
99851.61
99851.59
99851.58
99851.56
99851.55
99851.54
99851.52
99755.31
99813.3
99863.47
99857.01
99851.85
99852.55
99853.06
99852.97
99852.9
99852.9
99852.89
99852.87
99852.86
99852.84
99852.83
99852.81
99852.8
99852.78
99852.77
99852.75
99852.73
99852.72
99852.7
99852.69
99852.67
99852.66
99852.64
99852.63
99852.61
99852.6
99852.58
99852.57
99852.55
99852.53
99852.52
99852.5
99852.49
99852.47
99852.46
99852.44
99852.42
99852.41
99852.39
99852.38
99852.36
99852.35
99852.33
99852.31
99852.3
99852.28
99852.27
99852.25
99852.24
99852.22
99852.2
99852.19
99852.17
99852.16
99852.14
99852.13
99852.11
99852.09
99852.08
99852.06
99852.05
99852.03
99852.02
99852
99851.98
99851.97
99851.95
99851.94
99851.92
99851.91
99851.89
99851.88
99851.86
99851.85
99851.83
99851.81
99851.8
99851.78
99851.77
99851.75
99851.74
99851.72
99851.71
99851.69
99851.68
99851.66
99851.65
99851.64
99851.62
99851.61
99851.59
99851.58
99851.56
99851.55
99851.54
99851.52
99755.32
99813.3
99863.47
99857.01
99851.85
99852.55
99853.06
99852.97
99852.9
99852.9
99852.89
99852.87
99852.86
99852.84
99852.83
99852.81
99852.8
99852.78
99852.77
99852.75
99852.74
99852.72
99852.7
99852.69
99852.67
99852.66
99852.64
99852.63
99852.61
99852.6
99852.58
99852.57
99852.55
99852.53
99852.52
99852.5
99852.49
99852.47
99852.46
99852.44
99852.42
99852.41
99852.39
99852.38
99852.36
99852.35
99852.33
99852.31
99852.3
99852.28
99852.27
99852.25
99852.24
99852.22
99852.2
99852.19
99852.17
99852.16
99852.14
99852.13
99852.11
99852.09
99852.08
99852.06
99852.05
99852.03
99852.02
99852
99851.98
99851.97
99851.95
99851.94
99851.92
99851.91
99851.89
99851.88
99851.86
99851.85
99851.83
99851.81
99851.8
99851.78
99851.77
99851.75
99851.74
99851.72
99851.71
99851.69
99851.68
99851.66
99851.65
99851.64
99851.62
99851.61
99851.59
99851.58
99851.56
99851.55
99851.54
99851.52
99755.32
99813.3
99863.47
99857.01
99851.85
99852.55
99853.06
99852.97
99852.9
99852.9
99852.89
99852.87
99852.86
99852.84
99852.83
99852.81
99852.8
99852.78
99852.77
99852.75
99852.74
99852.72
99852.7
99852.69
99852.67
99852.66
99852.64
99852.63
99852.61
99852.6
99852.58
99852.57
99852.55
99852.53
99852.52
99852.5
99852.49
99852.47
99852.46
99852.44
99852.42
99852.41
99852.39
99852.38
99852.36
99852.35
99852.33
99852.31
99852.3
99852.28
99852.27
99852.25
99852.24
99852.22
99852.2
99852.19
99852.17
99852.16
99852.14
99852.13
99852.11
99852.09
99852.08
99852.06
99852.05
99852.03
99852.02
99852
99851.98
99851.97
99851.95
99851.94
99851.92
99851.91
99851.89
99851.88
99851.86
99851.85
99851.83
99851.81
99851.8
99851.78
99851.77
99851.75
99851.74
99851.72
99851.71
99851.69
99851.68
99851.66
99851.65
99851.64
99851.62
99851.61
99851.59
99851.58
99851.56
99851.55
99851.54
99851.52
99755.32
99813.3
99863.47
99857.01
99851.85
99852.55
99853.06
99852.97
99852.9
99852.9
99852.89
99852.87
99852.86
99852.84
99852.83
99852.81
99852.8
99852.78
99852.77
99852.75
99852.74
99852.72
99852.7
99852.69
99852.67
99852.66
99852.64
99852.63
99852.61
99852.6
99852.58
99852.57
99852.55
99852.53
99852.52
99852.5
99852.49
99852.47
99852.46
99852.44
99852.42
99852.41
99852.39
99852.38
99852.36
99852.35
99852.33
99852.31
99852.3
99852.28
99852.27
99852.25
99852.24
99852.22
99852.2
99852.19
99852.17
99852.16
99852.14
99852.13
99852.11
99852.09
99852.08
99852.06
99852.05
99852.03
99852.02
99852
99851.98
99851.97
99851.95
99851.94
99851.92
99851.91
99851.89
99851.88
99851.86
99851.84
99851.83
99851.81
99851.8
99851.78
99851.77
99851.75
99851.74
99851.72
99851.71
99851.69
99851.68
99851.66
99851.65
99851.63
99851.62
99851.61
99851.59
99851.58
99851.56
99851.55
99851.53
99851.52
99755.33
99813.3
99863.47
99857.01
99851.85
99852.55
99853.06
99852.97
99852.9
99852.9
99852.89
99852.87
99852.86
99852.84
99852.83
99852.81
99852.8
99852.78
99852.77
99852.75
99852.74
99852.72
99852.71
99852.69
99852.67
99852.66
99852.64
99852.63
99852.61
99852.6
99852.58
99852.57
99852.55
99852.53
99852.52
99852.5
99852.49
99852.47
99852.46
99852.44
99852.42
99852.41
99852.39
99852.38
99852.36
99852.35
99852.33
99852.31
99852.3
99852.28
99852.27
99852.25
99852.24
99852.22
99852.2
99852.19
99852.17
99852.16
99852.14
99852.13
99852.11
99852.09
99852.08
99852.06
99852.05
99852.03
99852.02
99852
99851.98
99851.97
99851.95
99851.94
99851.92
99851.91
99851.89
99851.88
99851.86
99851.84
99851.83
99851.81
99851.8
99851.78
99851.77
99851.75
99851.74
99851.72
99851.71
99851.69
99851.68
99851.66
99851.65
99851.63
99851.62
99851.61
99851.59
99851.58
99851.56
99851.55
99851.53
99851.52
99755.33
99813.3
99863.47
99857.01
99851.85
99852.55
99853.06
99852.97
99852.9
99852.9
99852.89
99852.87
99852.86
99852.84
99852.83
99852.81
99852.8
99852.78
99852.77
99852.75
99852.74
99852.72
99852.71
99852.69
99852.67
99852.66
99852.64
99852.63
99852.61
99852.6
99852.58
99852.57
99852.55
99852.53
99852.52
99852.5
99852.49
99852.47
99852.46
99852.44
99852.42
99852.41
99852.39
99852.38
99852.36
99852.35
99852.33
99852.31
99852.3
99852.28
99852.27
99852.25
99852.24
99852.22
99852.2
99852.19
99852.17
99852.16
99852.14
99852.13
99852.11
99852.09
99852.08
99852.06
99852.05
99852.03
99852.02
99852
99851.98
99851.97
99851.95
99851.94
99851.92
99851.91
99851.89
99851.88
99851.86
99851.84
99851.83
99851.81
99851.8
99851.78
99851.77
99851.75
99851.74
99851.72
99851.71
99851.69
99851.68
99851.66
99851.65
99851.63
99851.62
99851.6
99851.59
99851.58
99851.56
99851.55
99851.53
99851.52
99755.33
99813.3
99863.47
99857.01
99851.85
99852.55
99853.06
99852.97
99852.9
99852.9
99852.89
99852.87
99852.86
99852.84
99852.83
99852.81
99852.8
99852.78
99852.77
99852.75
99852.74
99852.72
99852.71
99852.69
99852.67
99852.66
99852.64
99852.63
99852.61
99852.6
99852.58
99852.57
99852.55
99852.53
99852.52
99852.5
99852.49
99852.47
99852.46
99852.44
99852.42
99852.41
99852.39
99852.38
99852.36
99852.35
99852.33
99852.31
99852.3
99852.28
99852.27
99852.25
99852.24
99852.22
99852.2
99852.19
99852.17
99852.16
99852.14
99852.13
99852.11
99852.09
99852.08
99852.06
99852.05
99852.03
99852.02
99852
99851.98
99851.97
99851.95
99851.94
99851.92
99851.91
99851.89
99851.87
99851.86
99851.84
99851.83
99851.81
99851.8
99851.78
99851.77
99851.75
99851.74
99851.72
99851.71
99851.69
99851.68
99851.66
99851.65
99851.63
99851.62
99851.6
99851.59
99851.58
99851.56
99851.55
99851.53
99851.52
99755.33
99813.3
99863.47
99857.01
99851.85
99852.55
99853.07
99852.97
99852.9
99852.9
99852.89
99852.87
99852.86
99852.84
99852.83
99852.81
99852.8
99852.78
99852.77
99852.75
99852.74
99852.72
99852.71
99852.69
99852.68
99852.66
99852.64
99852.63
99852.61
99852.6
99852.58
99852.57
99852.55
99852.53
99852.52
99852.5
99852.49
99852.47
99852.46
99852.44
99852.42
99852.41
99852.39
99852.38
99852.36
99852.35
99852.33
99852.31
99852.3
99852.28
99852.27
99852.25
99852.24
99852.22
99852.2
99852.19
99852.17
99852.16
99852.14
99852.13
99852.11
99852.09
99852.08
99852.06
99852.05
99852.03
99852.02
99852
99851.98
99851.97
99851.95
99851.94
99851.92
99851.91
99851.89
99851.87
99851.86
99851.84
99851.83
99851.81
99851.8
99851.78
99851.77
99851.75
99851.74
99851.72
99851.71
99851.69
99851.68
99851.66
99851.65
99851.63
99851.62
99851.6
99851.59
99851.57
99851.56
99851.55
99851.53
99851.52
99755.33
99813.3
99863.47
99857.01
99851.85
99852.55
99853.07
99852.97
99852.9
99852.9
99852.89
99852.87
99852.86
99852.84
99852.83
99852.81
99852.8
99852.78
99852.77
99852.75
99852.74
99852.72
99852.71
99852.69
99852.68
99852.66
99852.64
99852.63
99852.61
99852.6
99852.58
99852.57
99852.55
99852.54
99852.52
99852.5
99852.49
99852.47
99852.46
99852.44
99852.43
99852.41
99852.39
99852.38
99852.36
99852.35
99852.33
99852.31
99852.3
99852.28
99852.27
99852.25
99852.24
99852.22
99852.2
99852.19
99852.17
99852.16
99852.14
99852.13
99852.11
99852.09
99852.08
99852.06
99852.05
99852.03
99852.01
99852
99851.98
99851.97
99851.95
99851.94
99851.92
99851.91
99851.89
99851.87
99851.86
99851.84
99851.83
99851.81
99851.8
99851.78
99851.77
99851.75
99851.74
99851.72
99851.71
99851.69
99851.68
99851.66
99851.65
99851.63
99851.62
99851.6
99851.59
99851.57
99851.56
99851.55
99851.53
99851.52
99755.34
99813.3
99863.47
99857.02
99851.86
99852.55
99853.07
99852.97
99852.91
99852.9
99852.89
99852.87
99852.86
99852.84
99852.83
99852.81
99852.8
99852.78
99852.77
99852.75
99852.74
99852.72
99852.71
99852.69
99852.68
99852.66
99852.64
99852.63
99852.61
99852.6
99852.58
99852.57
99852.55
99852.54
99852.52
99852.5
99852.49
99852.47
99852.46
99852.44
99852.43
99852.41
99852.39
99852.38
99852.36
99852.35
99852.33
99852.31
99852.3
99852.28
99852.27
99852.25
99852.24
99852.22
99852.2
99852.19
99852.17
99852.16
99852.14
99852.13
99852.11
99852.09
99852.08
99852.06
99852.05
99852.03
99852.01
99852
99851.98
99851.97
99851.95
99851.94
99851.92
99851.91
99851.89
99851.87
99851.86
99851.84
99851.83
99851.81
99851.8
99851.78
99851.77
99851.75
99851.74
99851.72
99851.71
99851.69
99851.68
99851.66
99851.65
99851.63
99851.62
99851.6
99851.59
99851.57
99851.56
99851.54
99851.53
99851.52
99755.34
99813.3
99863.47
99857.02
99851.86
99852.55
99853.07
99852.97
99852.91
99852.9
99852.89
99852.87
99852.86
99852.84
99852.83
99852.81
99852.8
99852.78
99852.77
99852.75
99852.74
99852.72
99852.71
99852.69
99852.68
99852.66
99852.65
99852.63
99852.61
99852.6
99852.58
99852.57
99852.55
99852.54
99852.52
99852.5
99852.49
99852.47
99852.46
99852.44
99852.43
99852.41
99852.39
99852.38
99852.36
99852.35
99852.33
99852.31
99852.3
99852.28
99852.27
99852.25
99852.24
99852.22
99852.2
99852.19
99852.17
99852.16
99852.14
99852.12
99852.11
99852.09
99852.08
99852.06
99852.05
99852.03
99852.01
99852
99851.98
99851.97
99851.95
99851.94
99851.92
99851.9
99851.89
99851.87
99851.86
99851.84
99851.83
99851.81
99851.8
99851.78
99851.77
99851.75
99851.73
99851.72
99851.7
99851.69
99851.67
99851.66
99851.64
99851.63
99851.62
99851.6
99851.59
99851.57
99851.56
99851.54
99851.53
99851.52
99755.34
99813.31
99863.48
99857.02
99851.86
99852.56
99853.07
99852.98
99852.91
99852.9
99852.89
99852.88
99852.86
99852.85
99852.83
99852.82
99852.8
99852.78
99852.77
99852.75
99852.74
99852.72
99852.71
99852.69
99852.68
99852.66
99852.65
99852.63
99852.61
99852.6
99852.58
99852.57
99852.55
99852.54
99852.52
99852.5
99852.49
99852.47
99852.46
99852.44
99852.43
99852.41
99852.39
99852.38
99852.36
99852.35
99852.33
99852.31
99852.3
99852.28
99852.27
99852.25
99852.24
99852.22
99852.2
99852.19
99852.17
99852.16
99852.14
99852.12
99852.11
99852.09
99852.08
99852.06
99852.05
99852.03
99852.01
99852
99851.98
99851.97
99851.95
99851.94
99851.92
99851.9
99851.89
99851.87
99851.86
99851.84
99851.83
99851.81
99851.8
99851.78
99851.76
99851.75
99851.73
99851.72
99851.7
99851.69
99851.67
99851.66
99851.64
99851.63
99851.61
99851.6
99851.59
99851.57
99851.56
99851.54
99851.53
99851.51
99755.34
99813.31
99863.48
99857.02
99851.86
99852.56
99853.07
99852.98
99852.91
99852.9
99852.89
99852.88
99852.86
99852.85
99852.83
99852.82
99852.8
99852.79
99852.77
99852.75
99852.74
99852.72
99852.71
99852.69
99852.68
99852.66
99852.65
99852.63
99852.61
99852.6
99852.58
99852.57
99852.55
99852.54
99852.52
99852.5
99852.49
99852.47
99852.46
99852.44
99852.43
99852.41
99852.39
99852.38
99852.36
99852.35
99852.33
99852.31
99852.3
99852.28
99852.27
99852.25
99852.24
99852.22
99852.2
99852.19
99852.17
99852.16
99852.14
99852.12
99852.11
99852.09
99852.08
99852.06
99852.05
99852.03
99852.01
99852
99851.98
99851.97
99851.95
99851.94
99851.92
99851.9
99851.89
99851.87
99851.86
99851.84
99851.83
99851.81
99851.79
99851.78
99851.76
99851.75
99851.73
99851.72
99851.7
99851.69
99851.67
99851.66
99851.64
99851.63
99851.61
99851.6
99851.58
99851.57
99851.56
99851.54
99851.53
99851.51
99755.34
99813.31
99863.48
99857.02
99851.86
99852.56
99853.07
99852.98
99852.91
99852.9
99852.89
99852.88
99852.86
99852.85
99852.83
99852.82
99852.8
99852.79
99852.77
99852.76
99852.74
99852.72
99852.71
99852.69
99852.68
99852.66
99852.65
99852.63
99852.61
99852.6
99852.58
99852.57
99852.55
99852.54
99852.52
99852.5
99852.49
99852.47
99852.46
99852.44
99852.43
99852.41
99852.39
99852.38
99852.36
99852.35
99852.33
99852.31
99852.3
99852.28
99852.27
99852.25
99852.24
99852.22
99852.2
99852.19
99852.17
99852.16
99852.14
99852.12
99852.11
99852.09
99852.08
99852.06
99852.05
99852.03
99852.01
99852
99851.98
99851.97
99851.95
99851.94
99851.92
99851.9
99851.89
99851.87
99851.86
99851.84
99851.83
99851.81
99851.79
99851.78
99851.76
99851.75
99851.73
99851.72
99851.7
99851.69
99851.67
99851.66
99851.64
99851.63
99851.61
99851.6
99851.58
99851.57
99851.55
99851.54
99851.53
99851.51
99755.35
99813.31
99863.48
99857.02
99851.86
99852.56
99853.07
99852.98
99852.91
99852.9
99852.89
99852.88
99852.86
99852.85
99852.83
99852.82
99852.8
99852.79
99852.77
99852.76
99852.74
99852.72
99852.71
99852.69
99852.68
99852.66
99852.65
99852.63
99852.62
99852.6
99852.58
99852.57
99852.55
99852.54
99852.52
99852.5
99852.49
99852.47
99852.46
99852.44
99852.43
99852.41
99852.39
99852.38
99852.36
99852.35
99852.33
99852.31
99852.3
99852.28
99852.27
99852.25
99852.24
99852.22
99852.2
99852.19
99852.17
99852.16
99852.14
99852.12
99852.11
99852.09
99852.08
99852.06
99852.05
99852.03
99852.01
99852
99851.98
99851.97
99851.95
99851.93
99851.92
99851.9
99851.89
99851.87
99851.86
99851.84
99851.82
99851.81
99851.79
99851.78
99851.76
99851.75
99851.73
99851.72
99851.7
99851.69
99851.67
99851.66
99851.64
99851.63
99851.61
99851.6
99851.58
99851.57
99851.55
99851.54
99851.52
99851.51
99755.35
99813.31
99863.48
99857.02
99851.86
99852.56
99853.07
99852.98
99852.91
99852.91
99852.9
99852.88
99852.86
99852.85
99852.83
99852.82
99852.8
99852.79
99852.77
99852.76
99852.74
99852.73
99852.71
99852.69
99852.68
99852.66
99852.65
99852.63
99852.62
99852.6
99852.58
99852.57
99852.55
99852.54
99852.52
99852.51
99852.49
99852.47
99852.46
99852.44
99852.43
99852.41
99852.39
99852.38
99852.36
99852.35
99852.33
99852.31
99852.3
99852.28
99852.27
99852.25
99852.24
99852.22
99852.2
99852.19
99852.17
99852.16
99852.14
99852.12
99852.11
99852.09
99852.08
99852.06
99852.05
99852.03
99852.01
99852
99851.98
99851.97
99851.95
99851.93
99851.92
99851.9
99851.89
99851.87
99851.86
99851.84
99851.82
99851.81
99851.79
99851.78
99851.76
99851.75
99851.73
99851.72
99851.7
99851.68
99851.67
99851.65
99851.64
99851.62
99851.61
99851.59
99851.58
99851.57
99851.55
99851.54
99851.52
99851.51
99755.35
99813.32
99863.48
99857.02
99851.86
99852.56
99853.08
99852.98
99852.91
99852.91
99852.9
99852.88
99852.87
99852.85
99852.83
99852.82
99852.8
99852.79
99852.77
99852.76
99852.74
99852.73
99852.71
99852.69
99852.68
99852.66
99852.65
99852.63
99852.62
99852.6
99852.58
99852.57
99852.55
99852.54
99852.52
99852.51
99852.49
99852.47
99852.46
99852.44
99852.43
99852.41
99852.39
99852.38
99852.36
99852.35
99852.33
99852.31
99852.3
99852.28
99852.27
99852.25
99852.24
99852.22
99852.2
99852.19
99852.17
99852.16
99852.14
99852.12
99852.11
99852.09
99852.08
99852.06
99852.04
99852.03
99852.01
99852
99851.98
99851.97
99851.95
99851.93
99851.92
99851.9
99851.89
99851.87
99851.85
99851.84
99851.82
99851.81
99851.79
99851.78
99851.76
99851.75
99851.73
99851.71
99851.7
99851.68
99851.67
99851.65
99851.64
99851.62
99851.61
99851.59
99851.58
99851.56
99851.55
99851.53
99851.52
99851.51
99755.35
99813.32
99863.48
99857.03
99851.87
99852.56
99853.08
99852.98
99852.91
99852.91
99852.9
99852.88
99852.87
99852.85
99852.84
99852.82
99852.81
99852.79
99852.77
99852.76
99852.74
99852.73
99852.71
99852.7
99852.68
99852.66
99852.65
99852.63
99852.62
99852.6
99852.58
99852.57
99852.55
99852.54
99852.52
99852.51
99852.49
99852.47
99852.46
99852.44
99852.43
99852.41
99852.39
99852.38
99852.36
99852.35
99852.33
99852.32
99852.3
99852.28
99852.27
99852.25
99852.24
99852.22
99852.2
99852.19
99852.17
99852.16
99852.14
99852.12
99852.11
99852.09
99852.08
99852.06
99852.04
99852.03
99852.01
99852
99851.98
99851.97
99851.95
99851.93
99851.92
99851.9
99851.89
99851.87
99851.85
99851.84
99851.82
99851.81
99851.79
99851.78
99851.76
99851.74
99851.73
99851.71
99851.7
99851.68
99851.67
99851.65
99851.64
99851.62
99851.61
99851.59
99851.58
99851.56
99851.55
99851.53
99851.52
99851.5
99755.36
99813.32
99863.49
99857.03
99851.87
99852.57
99853.08
99852.99
99852.92
99852.91
99852.9
99852.88
99852.87
99852.85
99852.84
99852.82
99852.81
99852.79
99852.77
99852.76
99852.74
99852.73
99852.71
99852.7
99852.68
99852.66
99852.65
99852.63
99852.62
99852.6
99852.59
99852.57
99852.55
99852.54
99852.52
99852.51
99852.49
99852.47
99852.46
99852.44
99852.43
99852.41
99852.39
99852.38
99852.36
99852.35
99852.33
99852.31
99852.3
99852.28
99852.27
99852.25
99852.24
99852.22
99852.2
99852.19
99852.17
99852.16
99852.14
99852.12
99852.11
99852.09
99852.08
99852.06
99852.04
99852.03
99852.01
99852
99851.98
99851.96
99851.95
99851.93
99851.92
99851.9
99851.89
99851.87
99851.85
99851.84
99851.82
99851.81
99851.79
99851.77
99851.76
99851.74
99851.73
99851.71
99851.7
99851.68
99851.67
99851.65
99851.63
99851.62
99851.6
99851.59
99851.57
99851.56
99851.54
99851.53
99851.52
99851.5
99755.36
99813.32
99863.49
99857.03
99851.87
99852.57
99853.08
99852.99
99852.92
99852.91
99852.9
99852.89
99852.87
99852.85
99852.84
99852.82
99852.81
99852.79
99852.78
99852.76
99852.74
99852.73
99852.71
99852.7
99852.68
99852.66
99852.65
99852.63
99852.62
99852.6
99852.59
99852.57
99852.55
99852.54
99852.52
99852.51
99852.49
99852.47
99852.46
99852.44
99852.43
99852.41
99852.39
99852.38
99852.36
99852.35
99852.33
99852.32
99852.3
99852.28
99852.27
99852.25
99852.24
99852.22
99852.2
99852.19
99852.17
99852.16
99852.14
99852.12
99852.11
99852.09
99852.08
99852.06
99852.04
99852.03
99852.01
99852
99851.98
99851.96
99851.95
99851.93
99851.92
99851.9
99851.89
99851.87
99851.85
99851.84
99851.82
99851.81
99851.79
99851.77
99851.76
99851.74
99851.73
99851.71
99851.7
99851.68
99851.66
99851.65
99851.63
99851.62
99851.6
99851.59
99851.57
99851.56
99851.54
99851.53
99851.51
99851.5
99755.36
99813.33
99863.49
99857.03
99851.87
99852.57
99853.08
99852.99
99852.92
99852.91
99852.9
99852.89
99852.87
99852.86
99852.84
99852.82
99852.81
99852.79
99852.78
99852.76
99852.74
99852.73
99852.71
99852.7
99852.68
99852.67
99852.65
99852.63
99852.62
99852.6
99852.59
99852.57
99852.55
99852.54
99852.52
99852.51
99852.49
99852.47
99852.46
99852.44
99852.43
99852.41
99852.39
99852.38
99852.36
99852.35
99852.33
99852.31
99852.3
99852.28
99852.27
99852.25
99852.24
99852.22
99852.2
99852.19
99852.17
99852.16
99852.14
99852.12
99852.11
99852.09
99852.08
99852.06
99852.04
99852.03
99852.01
99852
99851.98
99851.96
99851.95
99851.93
99851.92
99851.9
99851.88
99851.87
99851.85
99851.84
99851.82
99851.8
99851.79
99851.77
99851.76
99851.74
99851.73
99851.71
99851.69
99851.68
99851.66
99851.65
99851.63
99851.62
99851.6
99851.59
99851.57
99851.56
99851.54
99851.53
99851.51
99851.5
99755.37
99813.33
99863.49
99857.03
99851.87
99852.57
99853.09
99852.99
99852.92
99852.92
99852.91
99852.89
99852.87
99852.86
99852.84
99852.83
99852.81
99852.79
99852.78
99852.76
99852.75
99852.73
99852.71
99852.7
99852.68
99852.67
99852.65
99852.63
99852.62
99852.6
99852.59
99852.57
99852.55
99852.54
99852.52
99852.51
99852.49
99852.47
99852.46
99852.44
99852.43
99852.41
99852.39
99852.38
99852.36
99852.35
99852.33
99852.32
99852.3
99852.28
99852.27
99852.25
99852.24
99852.22
99852.2
99852.19
99852.17
99852.16
99852.14
99852.12
99852.11
99852.09
99852.08
99852.06
99852.04
99852.03
99852.01
99852
99851.98
99851.96
99851.95
99851.93
99851.92
99851.9
99851.88
99851.87
99851.85
99851.84
99851.82
99851.8
99851.79
99851.77
99851.76
99851.74
99851.72
99851.71
99851.69
99851.68
99851.66
99851.65
99851.63
99851.61
99851.6
99851.58
99851.57
99851.55
99851.54
99851.52
99851.51
99851.49
99755.37
99813.33
99863.5
99857.04
99851.88
99852.58
99853.09
99852.99
99852.92
99852.92
99852.91
99852.89
99852.87
99852.86
99852.84
99852.83
99852.81
99852.79
99852.78
99852.76
99852.75
99852.73
99852.71
99852.7
99852.68
99852.67
99852.65
99852.63
99852.62
99852.6
99852.59
99852.57
99852.55
99852.54
99852.52
99852.51
99852.49
99852.47
99852.46
99852.44
99852.43
99852.41
99852.39
99852.38
99852.36
99852.35
99852.33
99852.31
99852.3
99852.28
99852.27
99852.25
99852.24
99852.22
99852.2
99852.19
99852.17
99852.16
99852.14
99852.12
99852.11
99852.09
99852.08
99852.06
99852.04
99852.03
99852.01
99852
99851.98
99851.96
99851.95
99851.93
99851.92
99851.9
99851.88
99851.87
99851.85
99851.84
99851.82
99851.8
99851.79
99851.77
99851.75
99851.74
99851.72
99851.71
99851.69
99851.67
99851.66
99851.64
99851.63
99851.61
99851.6
99851.58
99851.57
99851.55
99851.54
99851.52
99851.51
99851.49
99755.38
99813.34
99863.5
99857.04
99851.88
99852.58
99853.09
99853
99852.93
99852.92
99852.91
99852.89
99852.88
99852.86
99852.84
99852.83
99852.81
99852.8
99852.78
99852.76
99852.75
99852.73
99852.72
99852.7
99852.68
99852.67
99852.65
99852.64
99852.62
99852.6
99852.59
99852.57
99852.56
99852.54
99852.52
99852.51
99852.49
99852.48
99852.46
99852.44
99852.43
99852.41
99852.4
99852.38
99852.36
99852.35
99852.33
99852.32
99852.3
99852.28
99852.27
99852.25
99852.24
99852.22
99852.2
99852.19
99852.17
99852.16
99852.14
99852.12
99852.11
99852.09
99852.08
99852.06
99852.04
99852.03
99852.01
99852
99851.98
99851.96
99851.95
99851.93
99851.92
99851.9
99851.88
99851.87
99851.85
99851.83
99851.82
99851.8
99851.79
99851.77
99851.75
99851.74
99851.72
99851.71
99851.69
99851.67
99851.66
99851.64
99851.63
99851.61
99851.59
99851.58
99851.56
99851.55
99851.53
99851.52
99851.5
99851.49
99755.38
99813.34
99863.5
99857.04
99851.88
99852.58
99853.09
99853
99852.93
99852.92
99852.91
99852.89
99852.88
99852.86
99852.84
99852.83
99852.81
99852.8
99852.78
99852.76
99852.75
99852.73
99852.72
99852.7
99852.68
99852.67
99852.65
99852.64
99852.62
99852.6
99852.59
99852.57
99852.55
99852.54
99852.52
99852.51
99852.49
99852.47
99852.46
99852.44
99852.43
99852.41
99852.39
99852.38
99852.36
99852.35
99852.33
99852.32
99852.3
99852.28
99852.27
99852.25
99852.24
99852.22
99852.2
99852.19
99852.17
99852.16
99852.14
99852.12
99852.11
99852.09
99852.08
99852.06
99852.04
99852.03
99852.01
99851.99
99851.98
99851.96
99851.95
99851.93
99851.91
99851.9
99851.88
99851.87
99851.85
99851.83
99851.82
99851.8
99851.79
99851.77
99851.75
99851.74
99851.72
99851.7
99851.69
99851.67
99851.66
99851.64
99851.62
99851.61
99851.59
99851.58
99851.56
99851.54
99851.53
99851.51
99851.5
99851.49
99755.39
99813.35
99863.51
99857.05
99851.89
99852.58
99853.1
99853
99852.93
99852.92
99852.91
99852.9
99852.88
99852.86
99852.85
99852.83
99852.81
99852.8
99852.78
99852.77
99852.75
99852.73
99852.72
99852.7
99852.68
99852.67
99852.65
99852.64
99852.62
99852.6
99852.59
99852.57
99852.56
99852.54
99852.52
99852.51
99852.49
99852.48
99852.46
99852.44
99852.43
99852.41
99852.4
99852.38
99852.36
99852.35
99852.33
99852.32
99852.3
99852.28
99852.27
99852.25
99852.24
99852.22
99852.2
99852.19
99852.17
99852.16
99852.14
99852.12
99852.11
99852.09
99852.08
99852.06
99852.04
99852.03
99852.01
99852
99851.98
99851.96
99851.95
99851.93
99851.91
99851.9
99851.88
99851.87
99851.85
99851.83
99851.82
99851.8
99851.78
99851.77
99851.75
99851.74
99851.72
99851.7
99851.69
99851.67
99851.65
99851.64
99851.62
99851.61
99851.59
99851.57
99851.56
99851.54
99851.53
99851.51
99851.5
99851.48
99755.39
99813.35
99863.51
99857.05
99851.89
99852.59
99853.1
99853
99852.93
99852.93
99852.91
99852.9
99852.88
99852.86
99852.85
99852.83
99852.81
99852.8
99852.78
99852.77
99852.75
99852.73
99852.72
99852.7
99852.68
99852.67
99852.65
99852.64
99852.62
99852.6
99852.59
99852.57
99852.56
99852.54
99852.52
99852.51
99852.49
99852.48
99852.46
99852.44
99852.43
99852.41
99852.4
99852.38
99852.36
99852.35
99852.33
99852.32
99852.3
99852.28
99852.27
99852.25
99852.24
99852.22
99852.2
99852.19
99852.17
99852.16
99852.14
99852.12
99852.11
99852.09
99852.07
99852.06
99852.04
99852.03
99852.01
99851.99
99851.98
99851.96
99851.95
99851.93
99851.91
99851.9
99851.88
99851.86
99851.85
99851.83
99851.82
99851.8
99851.78
99851.77
99851.75
99851.73
99851.72
99851.7
99851.68
99851.67
99851.65
99851.64
99851.62
99851.6
99851.59
99851.57
99851.55
99851.54
99851.52
99851.51
99851.49
99851.48
99755.4
99813.36
99863.51
99857.05
99851.89
99852.59
99853.1
99853.01
99852.94
99852.93
99852.92
99852.9
99852.88
99852.87
99852.85
99852.83
99852.82
99852.8
99852.78
99852.77
99852.75
99852.73
99852.72
99852.7
99852.69
99852.67
99852.65
99852.64
99852.62
99852.6
99852.59
99852.57
99852.56
99852.54
99852.52
99852.51
99852.49
99852.48
99852.46
99852.44
99852.43
99852.41
99852.4
99852.38
99852.36
99852.35
99852.33
99852.32
99852.3
99852.28
99852.27
99852.25
99852.24
99852.22
99852.2
99852.19
99852.17
99852.16
99852.14
99852.12
99852.11
99852.09
99852.08
99852.06
99852.04
99852.03
99852.01
99851.99
99851.98
99851.96
99851.95
99851.93
99851.91
99851.9
99851.88
99851.86
99851.85
99851.83
99851.82
99851.8
99851.78
99851.77
99851.75
99851.73
99851.72
99851.7
99851.68
99851.67
99851.65
99851.63
99851.62
99851.6
99851.58
99851.57
99851.55
99851.53
99851.52
99851.5
99851.49
99851.47
99755.4
99813.36
99863.52
99857.06
99851.9
99852.59
99853.1
99853.01
99852.94
99852.93
99852.92
99852.9
99852.88
99852.87
99852.85
99852.83
99852.82
99852.8
99852.78
99852.77
99852.75
99852.73
99852.72
99852.7
99852.69
99852.67
99852.65
99852.64
99852.62
99852.6
99852.59
99852.57
99852.56
99852.54
99852.52
99852.51
99852.49
99852.48
99852.46
99852.44
99852.43
99852.41
99852.4
99852.38
99852.36
99852.35
99852.33
99852.32
99852.3
99852.28
99852.27
99852.25
99852.24
99852.22
99852.2
99852.19
99852.17
99852.15
99852.14
99852.12
99852.11
99852.09
99852.07
99852.06
99852.04
99852.03
99852.01
99851.99
99851.98
99851.96
99851.95
99851.93
99851.91
99851.9
99851.88
99851.86
99851.85
99851.83
99851.81
99851.8
99851.78
99851.77
99851.75
99851.73
99851.72
99851.7
99851.68
99851.66
99851.65
99851.63
99851.61
99851.6
99851.58
99851.56
99851.55
99851.53
99851.51
99851.5
99851.48
99851.47
99755.41
99813.37
99863.52
99857.06
99851.9
99852.6
99853.11
99853.01
99852.94
99852.93
99852.92
99852.9
99852.89
99852.87
99852.85
99852.84
99852.82
99852.8
99852.79
99852.77
99852.75
99852.74
99852.72
99852.7
99852.69
99852.67
99852.65
99852.64
99852.62
99852.61
99852.59
99852.57
99852.56
99852.54
99852.52
99852.51
99852.49
99852.48
99852.46
99852.44
99852.43
99852.41
99852.4
99852.38
99852.36
99852.35
99852.33
99852.32
99852.3
99852.28
99852.27
99852.25
99852.24
99852.22
99852.2
99852.19
99852.17
99852.16
99852.14
99852.12
99852.11
99852.09
99852.07
99852.06
99852.04
99852.03
99852.01
99851.99
99851.98
99851.96
99851.95
99851.93
99851.91
99851.9
99851.88
99851.86
99851.85
99851.83
99851.81
99851.8
99851.78
99851.76
99851.75
99851.73
99851.71
99851.7
99851.68
99851.66
99851.65
99851.63
99851.61
99851.59
99851.58
99851.56
99851.54
99851.53
99851.51
99851.49
99851.48
99851.46
99755.42
99813.38
99863.53
99857.07
99851.91
99852.6
99853.11
99853.01
99852.94
99852.93
99852.92
99852.9
99852.89
99852.87
99852.85
99852.84
99852.82
99852.8
99852.79
99852.77
99852.75
99852.74
99852.72
99852.7
99852.69
99852.67
99852.65
99852.64
99852.62
99852.6
99852.59
99852.57
99852.56
99852.54
99852.52
99852.51
99852.49
99852.48
99852.46
99852.44
99852.43
99852.41
99852.4
99852.38
99852.36
99852.35
99852.33
99852.32
99852.3
99852.28
99852.27
99852.25
99852.24
99852.22
99852.2
99852.19
99852.17
99852.15
99852.14
99852.12
99852.11
99852.09
99852.07
99852.06
99852.04
99852.03
99852.01
99851.99
99851.98
99851.96
99851.94
99851.93
99851.91
99851.9
99851.88
99851.86
99851.85
99851.83
99851.81
99851.8
99851.78
99851.76
99851.75
99851.73
99851.71
99851.7
99851.68
99851.66
99851.64
99851.63
99851.61
99851.59
99851.57
99851.56
99851.54
99851.52
99851.5
99851.49
99851.47
99851.46
99755.43
99813.39
99863.54
99857.07
99851.91
99852.61
99853.12
99853.02
99852.95
99852.94
99852.93
99852.91
99852.89
99852.87
99852.86
99852.84
99852.82
99852.8
99852.79
99852.77
99852.75
99852.74
99852.72
99852.7
99852.69
99852.67
99852.65
99852.64
99852.62
99852.61
99852.59
99852.57
99852.56
99852.54
99852.52
99852.51
99852.49
99852.48
99852.46
99852.44
99852.43
99852.41
99852.4
99852.38
99852.36
99852.35
99852.33
99852.32
99852.3
99852.28
99852.27
99852.25
99852.24
99852.22
99852.2
99852.19
99852.17
99852.16
99852.14
99852.12
99852.11
99852.09
99852.07
99852.06
99852.04
99852.03
99852.01
99851.99
99851.98
99851.96
99851.94
99851.93
99851.91
99851.9
99851.88
99851.86
99851.85
99851.83
99851.81
99851.8
99851.78
99851.76
99851.75
99851.73
99851.71
99851.69
99851.68
99851.66
99851.64
99851.62
99851.61
99851.59
99851.57
99851.55
99851.54
99851.52
99851.5
99851.48
99851.46
99851.45
99755.44
99813.4
99863.54
99857.08
99851.91
99852.61
99853.12
99853.02
99852.95
99852.94
99852.93
99852.91
99852.89
99852.87
99852.85
99852.84
99852.82
99852.8
99852.79
99852.77
99852.75
99852.74
99852.72
99852.7
99852.69
99852.67
99852.65
99852.64
99852.62
99852.61
99852.59
99852.57
99852.56
99852.54
99852.52
99852.51
99852.49
99852.48
99852.46
99852.44
99852.43
99852.41
99852.4
99852.38
99852.36
99852.35
99852.33
99852.32
99852.3
99852.28
99852.27
99852.25
99852.24
99852.22
99852.2
99852.19
99852.17
99852.15
99852.14
99852.12
99852.11
99852.09
99852.07
99852.06
99852.04
99852.03
99852.01
99851.99
99851.98
99851.96
99851.94
99851.93
99851.91
99851.9
99851.88
99851.86
99851.85
99851.83
99851.81
99851.8
99851.78
99851.76
99851.75
99851.73
99851.71
99851.69
99851.68
99851.66
99851.64
99851.62
99851.6
99851.59
99851.57
99851.55
99851.53
99851.51
99851.49
99851.48
99851.46
99851.44
99755.46
99813.41
99863.55
99857.09
99851.92
99852.62
99853.12
99853.03
99852.95
99852.94
99852.93
99852.91
99852.89
99852.87
99852.86
99852.84
99852.82
99852.81
99852.79
99852.77
99852.75
99852.74
99852.72
99852.7
99852.69
99852.67
99852.66
99852.64
99852.62
99852.61
99852.59
99852.57
99852.56
99852.54
99852.53
99852.51
99852.49
99852.48
99852.46
99852.44
99852.43
99852.41
99852.4
99852.38
99852.36
99852.35
99852.33
99852.32
99852.3
99852.28
99852.27
99852.25
99852.24
99852.22
99852.2
99852.19
99852.17
99852.16
99852.14
99852.12
99852.11
99852.09
99852.07
99852.06
99852.04
99852.03
99852.01
99851.99
99851.98
99851.96
99851.94
99851.93
99851.91
99851.9
99851.88
99851.86
99851.85
99851.83
99851.81
99851.8
99851.78
99851.76
99851.74
99851.73
99851.71
99851.69
99851.68
99851.66
99851.64
99851.62
99851.6
99851.58
99851.57
99851.55
99851.53
99851.51
99851.49
99851.47
99851.45
99851.43
99755.46
99813.42
99863.55
99857.09
99851.92
99852.62
99853.12
99853.03
99852.95
99852.94
99852.93
99852.91
99852.89
99852.87
99852.86
99852.84
99852.82
99852.8
99852.79
99852.77
99852.75
99852.74
99852.72
99852.7
99852.69
99852.67
99852.65
99852.64
99852.62
99852.61
99852.59
99852.57
99852.56
99852.54
99852.52
99852.51
99852.49
99852.48
99852.46
99852.44
99852.43
99852.41
99852.4
99852.38
99852.36
99852.35
99852.33
99852.32
99852.3
99852.28
99852.27
99852.25
99852.24
99852.22
99852.2
99852.19
99852.17
99852.15
99852.14
99852.12
99852.11
99852.09
99852.07
99852.06
99852.04
99852.03
99852.01
99851.99
99851.98
99851.96
99851.94
99851.93
99851.91
99851.9
99851.88
99851.86
99851.85
99851.83
99851.81
99851.8
99851.78
99851.76
99851.74
99851.73
99851.71
99851.69
99851.67
99851.66
99851.64
99851.62
99851.6
99851.58
99851.56
99851.54
99851.52
99851.5
99851.48
99851.46
99851.44
99851.42
99755.5
99813.46
99863.57
99857.1
99851.93
99852.62
99853.13
99853.03
99852.96
99852.95
99852.93
99852.91
99852.89
99852.88
99852.86
99852.84
99852.82
99852.81
99852.79
99852.77
99852.76
99852.74
99852.72
99852.71
99852.69
99852.67
99852.66
99852.64
99852.62
99852.61
99852.59
99852.57
99852.56
99852.54
99852.53
99852.51
99852.49
99852.48
99852.46
99852.44
99852.43
99852.41
99852.4
99852.38
99852.36
99852.35
99852.33
99852.32
99852.3
99852.28
99852.27
99852.25
99852.24
99852.22
99852.2
99852.19
99852.17
99852.16
99852.14
99852.12
99852.11
99852.09
99852.07
99852.06
99852.04
99852.03
99852.01
99851.99
99851.98
99851.96
99851.94
99851.93
99851.91
99851.9
99851.88
99851.86
99851.85
99851.83
99851.81
99851.79
99851.78
99851.76
99851.74
99851.73
99851.71
99851.69
99851.67
99851.66
99851.64
99851.62
99851.6
99851.58
99851.56
99851.54
99851.52
99851.5
99851.48
99851.45
99851.43
99851.4
99755.47
99813.47
99863.57
99857.1
99851.93
99852.62
99853.13
99853.03
99852.96
99852.95
99852.93
99852.91
99852.89
99852.88
99852.86
99852.84
99852.82
99852.81
99852.79
99852.77
99852.76
99852.74
99852.72
99852.7
99852.69
99852.67
99852.66
99852.64
99852.62
99852.61
99852.59
99852.57
99852.56
99852.54
99852.53
99852.51
99852.49
99852.48
99852.46
99852.44
99852.43
99852.41
99852.4
99852.38
99852.36
99852.35
99852.33
99852.32
99852.3
99852.28
99852.27
99852.25
99852.24
99852.22
99852.2
99852.19
99852.17
99852.15
99852.14
99852.12
99852.11
99852.09
99852.07
99852.06
99852.04
99852.03
99852.01
99851.99
99851.98
99851.96
99851.94
99851.93
99851.91
99851.89
99851.88
99851.86
99851.85
99851.83
99851.81
99851.79
99851.78
99851.76
99851.74
99851.73
99851.71
99851.69
99851.67
99851.65
99851.64
99851.62
99851.6
99851.58
99851.56
99851.54
99851.52
99851.49
99851.47
99851.44
99851.42
99851.39
99755.63
99813.5
99863.55
99857.09
99851.94
99852.63
99853.13
99853.03
99852.96
99852.95
99852.93
99852.91
99852.89
99852.88
99852.86
99852.84
99852.82
99852.81
99852.79
99852.77
99852.76
99852.74
99852.72
99852.71
99852.69
99852.67
99852.66
99852.64
99852.62
99852.61
99852.59
99852.57
99852.56
99852.54
99852.53
99852.51
99852.49
99852.48
99852.46
99852.44
99852.43
99852.41
99852.4
99852.38
99852.36
99852.35
99852.33
99852.32
99852.3
99852.28
99852.27
99852.25
99852.24
99852.22
99852.2
99852.19
99852.17
99852.15
99852.14
99852.12
99852.11
99852.09
99852.07
99852.06
99852.04
99852.03
99852.01
99851.99
99851.98
99851.96
99851.94
99851.93
99851.91
99851.89
99851.88
99851.86
99851.85
99851.83
99851.81
99851.79
99851.78
99851.76
99851.74
99851.73
99851.71
99851.69
99851.67
99851.65
99851.64
99851.62
99851.6
99851.58
99851.56
99851.54
99851.51
99851.49
99851.47
99851.44
99851.4
99851.36
)
;

boundaryField
{
    bottomAir_bottom
    {
        type            symmetryPlane;
    }
    leftLet
    {
        type            fixedValue;
        value           uniform 100000;
    }
    rightLet
    {
        type            fixedFluxPressure;
        gradient        nonuniform List<scalar> 
40
(
-1.393351
-1.392667
-1.392934
-1.393005
-1.393238
-1.393445
-1.393785
-1.394112
-1.394582
-1.395044
-1.395666
-1.396296
-1.397097
-1.397942
-1.398968
-1.400097
-1.401412
-1.402924
-1.404632
-1.406671
-1.408936
-1.411725
-1.414817
-1.418708
-1.423084
-1.428681
-1.435153
-1.443558
-1.453661
-1.467077
-1.483962
-1.507337
-1.538224
-1.584572
-1.648595
-1.760692
-1.9185
-2.288243
-2.75165
-4.666344
)
;
        value           nonuniform List<scalar> 
40
(
99851.52
99851.52
99851.51
99851.51
99851.51
99851.51
99851.51
99851.51
99851.51
99851.51
99851.51
99851.51
99851.51
99851.51
99851.51
99851.5
99851.5
99851.5
99851.5
99851.5
99851.5
99851.49
99851.49
99851.49
99851.48
99851.48
99851.48
99851.47
99851.47
99851.47
99851.46
99851.45
99851.45
99851.44
99851.43
99851.42
99851.41
99851.39
99851.38
99851.33
)
;
    }
    frontAndBack
    {
        type            empty;
    }
    bottomAir_to_wall
    {
        type            fixedFluxPressure;
        gradient        uniform 0;
        value           nonuniform List<scalar> 
100
(
99755.63
99813.5
99863.55
99857.09
99851.94
99852.63
99853.13
99853.03
99852.96
99852.95
99852.93
99852.91
99852.89
99852.88
99852.86
99852.84
99852.82
99852.81
99852.79
99852.77
99852.76
99852.74
99852.72
99852.71
99852.69
99852.67
99852.66
99852.64
99852.62
99852.61
99852.59
99852.57
99852.56
99852.54
99852.53
99852.51
99852.49
99852.48
99852.46
99852.44
99852.43
99852.41
99852.4
99852.38
99852.36
99852.35
99852.33
99852.32
99852.3
99852.28
99852.27
99852.25
99852.24
99852.22
99852.2
99852.19
99852.17
99852.15
99852.14
99852.12
99852.11
99852.09
99852.07
99852.06
99852.04
99852.03
99852.01
99851.99
99851.98
99851.96
99851.94
99851.93
99851.91
99851.89
99851.88
99851.86
99851.85
99851.83
99851.81
99851.79
99851.78
99851.76
99851.74
99851.73
99851.71
99851.69
99851.67
99851.65
99851.64
99851.62
99851.6
99851.58
99851.56
99851.54
99851.51
99851.49
99851.47
99851.44
99851.4
99851.36
)
;
    }
}


// ************************************************************************* //
