/*--------------------------------*- C++ -*----------------------------------*\
| =========                 |                                                 |
| \\      /  F ield         | OpenFOAM: The Open Source CFD Toolbox           |
|  \\    /   O peration     | Version:  2.3.0                                 |
|   \\  /    A nd           | Web:      www.OpenFOAM.org                      |
|    \\/     M anipulation  |                                                 |
\*---------------------------------------------------------------------------*/
FoamFile
{
    version     2.0;
    format      ascii;
    class       volScalarField;
    location    "9700/bottomAir";
    object      rho;
}
// * * * * * * * * * * * * * * * * * * * * * * * * * * * * * * * * * * * * * //

dimensions      [1 -3 0 0 0 0 0];

internalField   nonuniform List<scalar> 
4000
(
0.2890805
0.2891914
0.2893181
0.2893041
0.2892909
0.2892925
0.2892937
0.2892935
0.2892933
0.2892933
0.2892933
0.2892932
0.2892932
0.2892932
0.2892931
0.2892931
0.289293
0.289293
0.2892929
0.2892929
0.2892928
0.2892928
0.2892928
0.2892927
0.2892927
0.2892926
0.2892926
0.2892925
0.2892925
0.2892924
0.2892924
0.2892923
0.2892923
0.2892923
0.2892922
0.2892922
0.2892921
0.2892921
0.289292
0.289292
0.2892919
0.2892919
0.2892918
0.2892918
0.2892917
0.2892917
0.2892917
0.2892916
0.2892916
0.2892915
0.2892915
0.2892914
0.2892914
0.2892913
0.2892913
0.2892912
0.2892912
0.2892911
0.2892911
0.2892911
0.289291
0.289291
0.2892909
0.2892909
0.2892908
0.2892908
0.2892907
0.2892907
0.2892906
0.2892906
0.2892906
0.2892905
0.2892905
0.2892904
0.2892904
0.2892903
0.2892903
0.2892902
0.2892902
0.2892901
0.2892901
0.2892901
0.28929
0.28929
0.2892899
0.2892899
0.2892898
0.2892898
0.2892897
0.2892897
0.2892897
0.2892896
0.2892896
0.2892895
0.2892895
0.2892894
0.2892894
0.2892894
0.2892893
0.2892893
0.2890806
0.2891914
0.2893181
0.289304
0.2892909
0.2892924
0.2892937
0.2892935
0.2892933
0.2892933
0.2892933
0.2892932
0.2892932
0.2892931
0.2892931
0.289293
0.289293
0.289293
0.2892929
0.2892929
0.2892928
0.2892928
0.2892927
0.2892927
0.2892926
0.2892926
0.2892925
0.2892925
0.2892925
0.2892924
0.2892924
0.2892923
0.2892923
0.2892922
0.2892922
0.2892921
0.2892921
0.289292
0.289292
0.289292
0.2892919
0.2892919
0.2892918
0.2892918
0.2892917
0.2892917
0.2892916
0.2892916
0.2892915
0.2892915
0.2892914
0.2892914
0.2892914
0.2892913
0.2892913
0.2892912
0.2892912
0.2892911
0.2892911
0.289291
0.289291
0.2892909
0.2892909
0.2892908
0.2892908
0.2892908
0.2892907
0.2892907
0.2892906
0.2892906
0.2892905
0.2892905
0.2892904
0.2892904
0.2892903
0.2892903
0.2892903
0.2892902
0.2892902
0.2892901
0.2892901
0.28929
0.28929
0.2892899
0.2892899
0.2892898
0.2892898
0.2892898
0.2892897
0.2892897
0.2892896
0.2892896
0.2892895
0.2892895
0.2892895
0.2892894
0.2892894
0.2892893
0.2892893
0.2892892
0.2890806
0.2891913
0.289318
0.289304
0.2892909
0.2892924
0.2892937
0.2892935
0.2892933
0.2892933
0.2892933
0.2892932
0.2892932
0.2892931
0.2892931
0.289293
0.289293
0.289293
0.2892929
0.2892929
0.2892928
0.2892928
0.2892927
0.2892927
0.2892926
0.2892926
0.2892925
0.2892925
0.2892925
0.2892924
0.2892924
0.2892923
0.2892923
0.2892922
0.2892922
0.2892921
0.2892921
0.289292
0.289292
0.289292
0.2892919
0.2892919
0.2892918
0.2892918
0.2892917
0.2892917
0.2892916
0.2892916
0.2892915
0.2892915
0.2892914
0.2892914
0.2892914
0.2892913
0.2892913
0.2892912
0.2892912
0.2892911
0.2892911
0.289291
0.289291
0.2892909
0.2892909
0.2892908
0.2892908
0.2892908
0.2892907
0.2892907
0.2892906
0.2892906
0.2892905
0.2892905
0.2892904
0.2892904
0.2892903
0.2892903
0.2892903
0.2892902
0.2892902
0.2892901
0.2892901
0.28929
0.28929
0.2892899
0.2892899
0.2892898
0.2892898
0.2892898
0.2892897
0.2892897
0.2892896
0.2892896
0.2892895
0.2892895
0.2892895
0.2892894
0.2892894
0.2892893
0.2892893
0.2892892
0.2890806
0.2891913
0.289318
0.289304
0.2892909
0.2892924
0.2892937
0.2892935
0.2892933
0.2892933
0.2892933
0.2892932
0.2892932
0.2892931
0.2892931
0.289293
0.289293
0.289293
0.2892929
0.2892929
0.2892928
0.2892928
0.2892927
0.2892927
0.2892926
0.2892926
0.2892925
0.2892925
0.2892925
0.2892924
0.2892924
0.2892923
0.2892923
0.2892922
0.2892922
0.2892921
0.2892921
0.289292
0.289292
0.289292
0.2892919
0.2892919
0.2892918
0.2892918
0.2892917
0.2892917
0.2892916
0.2892916
0.2892915
0.2892915
0.2892914
0.2892914
0.2892914
0.2892913
0.2892913
0.2892912
0.2892912
0.2892911
0.2892911
0.289291
0.289291
0.2892909
0.2892909
0.2892908
0.2892908
0.2892908
0.2892907
0.2892907
0.2892906
0.2892906
0.2892905
0.2892905
0.2892904
0.2892904
0.2892903
0.2892903
0.2892903
0.2892902
0.2892902
0.2892901
0.2892901
0.28929
0.28929
0.2892899
0.2892899
0.2892899
0.2892898
0.2892898
0.2892897
0.2892897
0.2892896
0.2892896
0.2892895
0.2892895
0.2892895
0.2892894
0.2892894
0.2892893
0.2892893
0.2892892
0.2890807
0.2891913
0.289318
0.289304
0.2892909
0.2892924
0.2892937
0.2892935
0.2892933
0.2892933
0.2892933
0.2892932
0.2892932
0.2892931
0.2892931
0.289293
0.289293
0.289293
0.2892929
0.2892929
0.2892928
0.2892928
0.2892927
0.2892927
0.2892926
0.2892926
0.2892926
0.2892925
0.2892925
0.2892924
0.2892924
0.2892923
0.2892923
0.2892922
0.2892922
0.2892921
0.2892921
0.289292
0.289292
0.289292
0.2892919
0.2892919
0.2892918
0.2892918
0.2892917
0.2892917
0.2892916
0.2892916
0.2892915
0.2892915
0.2892914
0.2892914
0.2892914
0.2892913
0.2892913
0.2892912
0.2892912
0.2892911
0.2892911
0.289291
0.289291
0.2892909
0.2892909
0.2892908
0.2892908
0.2892908
0.2892907
0.2892907
0.2892906
0.2892906
0.2892905
0.2892905
0.2892904
0.2892904
0.2892903
0.2892903
0.2892903
0.2892902
0.2892902
0.2892901
0.2892901
0.28929
0.28929
0.2892899
0.2892899
0.2892899
0.2892898
0.2892898
0.2892897
0.2892897
0.2892896
0.2892896
0.2892895
0.2892895
0.2892895
0.2892894
0.2892894
0.2892893
0.2892893
0.2892892
0.2890807
0.2891913
0.289318
0.289304
0.2892909
0.2892924
0.2892937
0.2892935
0.2892933
0.2892933
0.2892933
0.2892932
0.2892932
0.2892931
0.2892931
0.289293
0.289293
0.289293
0.2892929
0.2892929
0.2892928
0.2892928
0.2892927
0.2892927
0.2892926
0.2892926
0.2892926
0.2892925
0.2892925
0.2892924
0.2892924
0.2892923
0.2892923
0.2892922
0.2892922
0.2892921
0.2892921
0.289292
0.289292
0.289292
0.2892919
0.2892919
0.2892918
0.2892918
0.2892917
0.2892917
0.2892916
0.2892916
0.2892915
0.2892915
0.2892914
0.2892914
0.2892914
0.2892913
0.2892913
0.2892912
0.2892912
0.2892911
0.2892911
0.289291
0.289291
0.2892909
0.2892909
0.2892909
0.2892908
0.2892908
0.2892907
0.2892907
0.2892906
0.2892906
0.2892905
0.2892905
0.2892904
0.2892904
0.2892903
0.2892903
0.2892903
0.2892902
0.2892902
0.2892901
0.2892901
0.28929
0.28929
0.2892899
0.2892899
0.2892899
0.2892898
0.2892898
0.2892897
0.2892897
0.2892896
0.2892896
0.2892895
0.2892895
0.2892895
0.2892894
0.2892894
0.2892893
0.2892893
0.2892892
0.2890807
0.2891913
0.289318
0.289304
0.2892909
0.2892924
0.2892937
0.2892935
0.2892933
0.2892933
0.2892933
0.2892932
0.2892932
0.2892931
0.2892931
0.289293
0.289293
0.289293
0.2892929
0.2892929
0.2892928
0.2892928
0.2892927
0.2892927
0.2892926
0.2892926
0.2892926
0.2892925
0.2892925
0.2892924
0.2892924
0.2892923
0.2892923
0.2892922
0.2892922
0.2892921
0.2892921
0.289292
0.289292
0.289292
0.2892919
0.2892919
0.2892918
0.2892918
0.2892917
0.2892917
0.2892916
0.2892916
0.2892915
0.2892915
0.2892915
0.2892914
0.2892914
0.2892913
0.2892913
0.2892912
0.2892912
0.2892911
0.2892911
0.289291
0.289291
0.2892909
0.2892909
0.2892909
0.2892908
0.2892908
0.2892907
0.2892907
0.2892906
0.2892906
0.2892905
0.2892905
0.2892904
0.2892904
0.2892903
0.2892903
0.2892903
0.2892902
0.2892902
0.2892901
0.2892901
0.28929
0.28929
0.2892899
0.2892899
0.2892899
0.2892898
0.2892898
0.2892897
0.2892897
0.2892896
0.2892896
0.2892895
0.2892895
0.2892895
0.2892894
0.2892894
0.2892893
0.2892893
0.2892892
0.2890807
0.2891914
0.289318
0.289304
0.2892909
0.2892924
0.2892937
0.2892935
0.2892933
0.2892933
0.2892933
0.2892932
0.2892932
0.2892931
0.2892931
0.289293
0.289293
0.289293
0.2892929
0.2892929
0.2892928
0.2892928
0.2892927
0.2892927
0.2892926
0.2892926
0.2892926
0.2892925
0.2892925
0.2892924
0.2892924
0.2892923
0.2892923
0.2892922
0.2892922
0.2892921
0.2892921
0.289292
0.289292
0.289292
0.2892919
0.2892919
0.2892918
0.2892918
0.2892917
0.2892917
0.2892916
0.2892916
0.2892915
0.2892915
0.2892915
0.2892914
0.2892914
0.2892913
0.2892913
0.2892912
0.2892912
0.2892911
0.2892911
0.289291
0.289291
0.2892909
0.2892909
0.2892909
0.2892908
0.2892908
0.2892907
0.2892907
0.2892906
0.2892906
0.2892905
0.2892905
0.2892904
0.2892904
0.2892903
0.2892903
0.2892903
0.2892902
0.2892902
0.2892901
0.2892901
0.28929
0.28929
0.2892899
0.2892899
0.2892899
0.2892898
0.2892898
0.2892897
0.2892897
0.2892896
0.2892896
0.2892895
0.2892895
0.2892895
0.2892894
0.2892894
0.2892893
0.2892893
0.2892892
0.2890807
0.2891914
0.2893181
0.289304
0.2892909
0.2892924
0.2892937
0.2892935
0.2892933
0.2892933
0.2892933
0.2892932
0.2892932
0.2892931
0.2892931
0.2892931
0.289293
0.289293
0.2892929
0.2892929
0.2892928
0.2892928
0.2892927
0.2892927
0.2892926
0.2892926
0.2892926
0.2892925
0.2892925
0.2892924
0.2892924
0.2892923
0.2892923
0.2892922
0.2892922
0.2892921
0.2892921
0.2892921
0.289292
0.289292
0.2892919
0.2892919
0.2892918
0.2892918
0.2892917
0.2892917
0.2892916
0.2892916
0.2892915
0.2892915
0.2892915
0.2892914
0.2892914
0.2892913
0.2892913
0.2892912
0.2892912
0.2892911
0.2892911
0.289291
0.289291
0.2892909
0.2892909
0.2892909
0.2892908
0.2892908
0.2892907
0.2892907
0.2892906
0.2892906
0.2892905
0.2892905
0.2892904
0.2892904
0.2892903
0.2892903
0.2892903
0.2892902
0.2892902
0.2892901
0.2892901
0.28929
0.28929
0.2892899
0.2892899
0.2892898
0.2892898
0.2892898
0.2892897
0.2892897
0.2892896
0.2892896
0.2892895
0.2892895
0.2892895
0.2892894
0.2892894
0.2892893
0.2892893
0.2892892
0.2890807
0.2891914
0.2893181
0.289304
0.2892909
0.2892924
0.2892937
0.2892935
0.2892933
0.2892933
0.2892933
0.2892932
0.2892932
0.2892931
0.2892931
0.2892931
0.289293
0.289293
0.2892929
0.2892929
0.2892928
0.2892928
0.2892927
0.2892927
0.2892926
0.2892926
0.2892926
0.2892925
0.2892925
0.2892924
0.2892924
0.2892923
0.2892923
0.2892922
0.2892922
0.2892921
0.2892921
0.2892921
0.289292
0.289292
0.2892919
0.2892919
0.2892918
0.2892918
0.2892917
0.2892917
0.2892916
0.2892916
0.2892915
0.2892915
0.2892915
0.2892914
0.2892914
0.2892913
0.2892913
0.2892912
0.2892912
0.2892911
0.2892911
0.289291
0.289291
0.2892909
0.2892909
0.2892909
0.2892908
0.2892908
0.2892907
0.2892907
0.2892906
0.2892906
0.2892905
0.2892905
0.2892904
0.2892904
0.2892903
0.2892903
0.2892903
0.2892902
0.2892902
0.2892901
0.2892901
0.28929
0.28929
0.2892899
0.2892899
0.2892898
0.2892898
0.2892898
0.2892897
0.2892897
0.2892896
0.2892896
0.2892895
0.2892895
0.2892895
0.2892894
0.2892894
0.2892893
0.2892893
0.2892892
0.2890807
0.2891914
0.2893181
0.289304
0.2892909
0.2892924
0.2892937
0.2892935
0.2892933
0.2892933
0.2892933
0.2892932
0.2892932
0.2892931
0.2892931
0.2892931
0.289293
0.289293
0.2892929
0.2892929
0.2892928
0.2892928
0.2892927
0.2892927
0.2892926
0.2892926
0.2892926
0.2892925
0.2892925
0.2892924
0.2892924
0.2892923
0.2892923
0.2892922
0.2892922
0.2892921
0.2892921
0.2892921
0.289292
0.289292
0.2892919
0.2892919
0.2892918
0.2892918
0.2892917
0.2892917
0.2892916
0.2892916
0.2892915
0.2892915
0.2892915
0.2892914
0.2892914
0.2892913
0.2892913
0.2892912
0.2892912
0.2892911
0.2892911
0.289291
0.289291
0.2892909
0.2892909
0.2892909
0.2892908
0.2892908
0.2892907
0.2892907
0.2892906
0.2892906
0.2892905
0.2892905
0.2892904
0.2892904
0.2892903
0.2892903
0.2892903
0.2892902
0.2892902
0.2892901
0.2892901
0.28929
0.28929
0.2892899
0.2892899
0.2892898
0.2892898
0.2892898
0.2892897
0.2892897
0.2892896
0.2892896
0.2892895
0.2892895
0.2892895
0.2892894
0.2892894
0.2892893
0.2892893
0.2892892
0.2890807
0.2891914
0.2893181
0.289304
0.2892909
0.2892924
0.2892937
0.2892935
0.2892933
0.2892933
0.2892933
0.2892932
0.2892932
0.2892931
0.2892931
0.2892931
0.289293
0.289293
0.2892929
0.2892929
0.2892928
0.2892928
0.2892927
0.2892927
0.2892926
0.2892926
0.2892926
0.2892925
0.2892925
0.2892924
0.2892924
0.2892923
0.2892923
0.2892922
0.2892922
0.2892921
0.2892921
0.2892921
0.289292
0.289292
0.2892919
0.2892919
0.2892918
0.2892918
0.2892917
0.2892917
0.2892916
0.2892916
0.2892915
0.2892915
0.2892915
0.2892914
0.2892914
0.2892913
0.2892913
0.2892912
0.2892912
0.2892911
0.2892911
0.289291
0.289291
0.2892909
0.2892909
0.2892909
0.2892908
0.2892908
0.2892907
0.2892907
0.2892906
0.2892906
0.2892905
0.2892905
0.2892904
0.2892904
0.2892903
0.2892903
0.2892903
0.2892902
0.2892902
0.2892901
0.2892901
0.28929
0.28929
0.2892899
0.2892899
0.2892898
0.2892898
0.2892898
0.2892897
0.2892897
0.2892896
0.2892896
0.2892895
0.2892895
0.2892894
0.2892894
0.2892894
0.2892893
0.2892893
0.2892892
0.2890807
0.2891914
0.2893181
0.289304
0.2892909
0.2892924
0.2892937
0.2892935
0.2892933
0.2892933
0.2892933
0.2892932
0.2892932
0.2892931
0.2892931
0.2892931
0.289293
0.289293
0.2892929
0.2892929
0.2892928
0.2892928
0.2892927
0.2892927
0.2892927
0.2892926
0.2892926
0.2892925
0.2892925
0.2892924
0.2892924
0.2892923
0.2892923
0.2892922
0.2892922
0.2892921
0.2892921
0.2892921
0.289292
0.289292
0.2892919
0.2892919
0.2892918
0.2892918
0.2892917
0.2892917
0.2892916
0.2892916
0.2892915
0.2892915
0.2892915
0.2892914
0.2892914
0.2892913
0.2892913
0.2892912
0.2892912
0.2892911
0.2892911
0.289291
0.289291
0.2892909
0.2892909
0.2892909
0.2892908
0.2892908
0.2892907
0.2892907
0.2892906
0.2892906
0.2892905
0.2892905
0.2892904
0.2892904
0.2892903
0.2892903
0.2892903
0.2892902
0.2892902
0.2892901
0.2892901
0.28929
0.28929
0.2892899
0.2892899
0.2892898
0.2892898
0.2892898
0.2892897
0.2892897
0.2892896
0.2892896
0.2892895
0.2892895
0.2892894
0.2892894
0.2892894
0.2892893
0.2892893
0.2892892
0.2890807
0.2891914
0.2893181
0.289304
0.2892909
0.2892924
0.2892937
0.2892935
0.2892933
0.2892933
0.2892933
0.2892932
0.2892932
0.2892931
0.2892931
0.2892931
0.289293
0.289293
0.2892929
0.2892929
0.2892928
0.2892928
0.2892927
0.2892927
0.2892927
0.2892926
0.2892926
0.2892925
0.2892925
0.2892924
0.2892924
0.2892923
0.2892923
0.2892922
0.2892922
0.2892921
0.2892921
0.2892921
0.289292
0.289292
0.2892919
0.2892919
0.2892918
0.2892918
0.2892917
0.2892917
0.2892916
0.2892916
0.2892915
0.2892915
0.2892915
0.2892914
0.2892914
0.2892913
0.2892913
0.2892912
0.2892912
0.2892911
0.2892911
0.289291
0.289291
0.2892909
0.2892909
0.2892909
0.2892908
0.2892908
0.2892907
0.2892907
0.2892906
0.2892906
0.2892905
0.2892905
0.2892904
0.2892904
0.2892903
0.2892903
0.2892903
0.2892902
0.2892902
0.2892901
0.2892901
0.28929
0.28929
0.2892899
0.2892899
0.2892898
0.2892898
0.2892898
0.2892897
0.2892897
0.2892896
0.2892896
0.2892895
0.2892895
0.2892894
0.2892894
0.2892894
0.2892893
0.2892893
0.2892892
0.2890807
0.2891914
0.2893181
0.289304
0.2892909
0.2892924
0.2892937
0.2892935
0.2892933
0.2892933
0.2892933
0.2892932
0.2892932
0.2892932
0.2892931
0.2892931
0.289293
0.289293
0.2892929
0.2892929
0.2892928
0.2892928
0.2892927
0.2892927
0.2892927
0.2892926
0.2892926
0.2892925
0.2892925
0.2892924
0.2892924
0.2892923
0.2892923
0.2892922
0.2892922
0.2892921
0.2892921
0.2892921
0.289292
0.289292
0.2892919
0.2892919
0.2892918
0.2892918
0.2892917
0.2892917
0.2892916
0.2892916
0.2892915
0.2892915
0.2892915
0.2892914
0.2892914
0.2892913
0.2892913
0.2892912
0.2892912
0.2892911
0.2892911
0.289291
0.289291
0.2892909
0.2892909
0.2892909
0.2892908
0.2892908
0.2892907
0.2892907
0.2892906
0.2892906
0.2892905
0.2892905
0.2892904
0.2892904
0.2892903
0.2892903
0.2892903
0.2892902
0.2892902
0.2892901
0.2892901
0.28929
0.28929
0.2892899
0.2892899
0.2892898
0.2892898
0.2892898
0.2892897
0.2892897
0.2892896
0.2892896
0.2892895
0.2892895
0.2892894
0.2892894
0.2892894
0.2892893
0.2892893
0.2892892
0.2890807
0.2891914
0.2893181
0.2893041
0.2892909
0.2892924
0.2892937
0.2892935
0.2892933
0.2892933
0.2892933
0.2892932
0.2892932
0.2892932
0.2892931
0.2892931
0.289293
0.289293
0.2892929
0.2892929
0.2892928
0.2892928
0.2892927
0.2892927
0.2892927
0.2892926
0.2892926
0.2892925
0.2892925
0.2892924
0.2892924
0.2892923
0.2892923
0.2892922
0.2892922
0.2892921
0.2892921
0.2892921
0.289292
0.289292
0.2892919
0.2892919
0.2892918
0.2892918
0.2892917
0.2892917
0.2892916
0.2892916
0.2892915
0.2892915
0.2892915
0.2892914
0.2892914
0.2892913
0.2892913
0.2892912
0.2892912
0.2892911
0.2892911
0.289291
0.289291
0.2892909
0.2892909
0.2892909
0.2892908
0.2892908
0.2892907
0.2892907
0.2892906
0.2892906
0.2892905
0.2892905
0.2892904
0.2892904
0.2892903
0.2892903
0.2892903
0.2892902
0.2892902
0.2892901
0.2892901
0.28929
0.28929
0.2892899
0.2892899
0.2892898
0.2892898
0.2892898
0.2892897
0.2892897
0.2892896
0.2892896
0.2892895
0.2892895
0.2892894
0.2892894
0.2892894
0.2892893
0.2892893
0.2892892
0.2890807
0.2891914
0.2893181
0.2893041
0.2892909
0.2892925
0.2892937
0.2892935
0.2892933
0.2892933
0.2892933
0.2892932
0.2892932
0.2892932
0.2892931
0.2892931
0.289293
0.289293
0.2892929
0.2892929
0.2892928
0.2892928
0.2892927
0.2892927
0.2892927
0.2892926
0.2892926
0.2892925
0.2892925
0.2892924
0.2892924
0.2892923
0.2892923
0.2892922
0.2892922
0.2892921
0.2892921
0.2892921
0.289292
0.289292
0.2892919
0.2892919
0.2892918
0.2892918
0.2892917
0.2892917
0.2892916
0.2892916
0.2892915
0.2892915
0.2892915
0.2892914
0.2892914
0.2892913
0.2892913
0.2892912
0.2892912
0.2892911
0.2892911
0.289291
0.289291
0.2892909
0.2892909
0.2892909
0.2892908
0.2892908
0.2892907
0.2892907
0.2892906
0.2892906
0.2892905
0.2892905
0.2892904
0.2892904
0.2892903
0.2892903
0.2892903
0.2892902
0.2892902
0.2892901
0.2892901
0.28929
0.28929
0.2892899
0.2892899
0.2892898
0.2892898
0.2892898
0.2892897
0.2892897
0.2892896
0.2892896
0.2892895
0.2892895
0.2892894
0.2892894
0.2892894
0.2892893
0.2892893
0.2892892
0.2890807
0.2891914
0.2893181
0.2893041
0.289291
0.2892925
0.2892938
0.2892935
0.2892934
0.2892933
0.2892933
0.2892933
0.2892932
0.2892932
0.2892931
0.2892931
0.289293
0.289293
0.2892929
0.2892929
0.2892928
0.2892928
0.2892927
0.2892927
0.2892927
0.2892926
0.2892926
0.2892925
0.2892925
0.2892924
0.2892924
0.2892923
0.2892923
0.2892922
0.2892922
0.2892922
0.2892921
0.2892921
0.289292
0.289292
0.2892919
0.2892919
0.2892918
0.2892918
0.2892917
0.2892917
0.2892916
0.2892916
0.2892915
0.2892915
0.2892915
0.2892914
0.2892914
0.2892913
0.2892913
0.2892912
0.2892912
0.2892911
0.2892911
0.289291
0.289291
0.2892909
0.2892909
0.2892909
0.2892908
0.2892908
0.2892907
0.2892907
0.2892906
0.2892906
0.2892905
0.2892905
0.2892904
0.2892904
0.2892903
0.2892903
0.2892903
0.2892902
0.2892902
0.2892901
0.2892901
0.28929
0.28929
0.2892899
0.2892899
0.2892898
0.2892898
0.2892897
0.2892897
0.2892897
0.2892896
0.2892896
0.2892895
0.2892895
0.2892894
0.2892894
0.2892894
0.2892893
0.2892893
0.2892892
0.2890807
0.2891914
0.2893181
0.2893041
0.289291
0.2892925
0.2892938
0.2892935
0.2892934
0.2892933
0.2892933
0.2892933
0.2892932
0.2892932
0.2892931
0.2892931
0.289293
0.289293
0.2892929
0.2892929
0.2892928
0.2892928
0.2892928
0.2892927
0.2892927
0.2892926
0.2892926
0.2892925
0.2892925
0.2892924
0.2892924
0.2892923
0.2892923
0.2892922
0.2892922
0.2892922
0.2892921
0.2892921
0.289292
0.289292
0.2892919
0.2892919
0.2892918
0.2892918
0.2892917
0.2892917
0.2892916
0.2892916
0.2892915
0.2892915
0.2892915
0.2892914
0.2892914
0.2892913
0.2892913
0.2892912
0.2892912
0.2892911
0.2892911
0.289291
0.289291
0.2892909
0.2892909
0.2892909
0.2892908
0.2892908
0.2892907
0.2892907
0.2892906
0.2892906
0.2892905
0.2892905
0.2892904
0.2892904
0.2892903
0.2892903
0.2892903
0.2892902
0.2892902
0.2892901
0.2892901
0.28929
0.28929
0.2892899
0.2892899
0.2892898
0.2892898
0.2892897
0.2892897
0.2892897
0.2892896
0.2892896
0.2892895
0.2892895
0.2892894
0.2892894
0.2892893
0.2892893
0.2892893
0.2892892
0.2890807
0.2891914
0.2893181
0.2893041
0.289291
0.2892925
0.2892938
0.2892935
0.2892934
0.2892933
0.2892933
0.2892933
0.2892932
0.2892932
0.2892931
0.2892931
0.289293
0.289293
0.2892929
0.2892929
0.2892928
0.2892928
0.2892928
0.2892927
0.2892927
0.2892926
0.2892926
0.2892925
0.2892925
0.2892924
0.2892924
0.2892923
0.2892923
0.2892922
0.2892922
0.2892922
0.2892921
0.2892921
0.289292
0.289292
0.2892919
0.2892919
0.2892918
0.2892918
0.2892917
0.2892917
0.2892916
0.2892916
0.2892916
0.2892915
0.2892915
0.2892914
0.2892914
0.2892913
0.2892913
0.2892912
0.2892912
0.2892911
0.2892911
0.289291
0.289291
0.2892909
0.2892909
0.2892909
0.2892908
0.2892908
0.2892907
0.2892907
0.2892906
0.2892906
0.2892905
0.2892905
0.2892904
0.2892904
0.2892903
0.2892903
0.2892903
0.2892902
0.2892902
0.2892901
0.2892901
0.28929
0.28929
0.2892899
0.2892899
0.2892898
0.2892898
0.2892897
0.2892897
0.2892897
0.2892896
0.2892896
0.2892895
0.2892895
0.2892894
0.2892894
0.2892893
0.2892893
0.2892893
0.2892892
0.2890807
0.2891914
0.2893181
0.2893041
0.289291
0.2892925
0.2892938
0.2892935
0.2892934
0.2892933
0.2892933
0.2892933
0.2892932
0.2892932
0.2892931
0.2892931
0.289293
0.289293
0.2892929
0.2892929
0.2892928
0.2892928
0.2892928
0.2892927
0.2892927
0.2892926
0.2892926
0.2892925
0.2892925
0.2892924
0.2892924
0.2892923
0.2892923
0.2892922
0.2892922
0.2892922
0.2892921
0.2892921
0.289292
0.289292
0.2892919
0.2892919
0.2892918
0.2892918
0.2892917
0.2892917
0.2892916
0.2892916
0.2892916
0.2892915
0.2892915
0.2892914
0.2892914
0.2892913
0.2892913
0.2892912
0.2892912
0.2892911
0.2892911
0.289291
0.289291
0.2892909
0.2892909
0.2892909
0.2892908
0.2892908
0.2892907
0.2892907
0.2892906
0.2892906
0.2892905
0.2892905
0.2892904
0.2892904
0.2892903
0.2892903
0.2892903
0.2892902
0.2892902
0.2892901
0.2892901
0.28929
0.28929
0.2892899
0.2892899
0.2892898
0.2892898
0.2892897
0.2892897
0.2892897
0.2892896
0.2892896
0.2892895
0.2892895
0.2892894
0.2892894
0.2892893
0.2892893
0.2892893
0.2892892
0.2890807
0.2891914
0.2893181
0.2893041
0.289291
0.2892925
0.2892938
0.2892936
0.2892934
0.2892933
0.2892933
0.2892933
0.2892932
0.2892932
0.2892931
0.2892931
0.289293
0.289293
0.2892929
0.2892929
0.2892929
0.2892928
0.2892928
0.2892927
0.2892927
0.2892926
0.2892926
0.2892925
0.2892925
0.2892924
0.2892924
0.2892923
0.2892923
0.2892922
0.2892922
0.2892922
0.2892921
0.2892921
0.289292
0.289292
0.2892919
0.2892919
0.2892918
0.2892918
0.2892917
0.2892917
0.2892916
0.2892916
0.2892916
0.2892915
0.2892915
0.2892914
0.2892914
0.2892913
0.2892913
0.2892912
0.2892912
0.2892911
0.2892911
0.289291
0.289291
0.2892909
0.2892909
0.2892909
0.2892908
0.2892908
0.2892907
0.2892907
0.2892906
0.2892906
0.2892905
0.2892905
0.2892904
0.2892904
0.2892903
0.2892903
0.2892903
0.2892902
0.2892902
0.2892901
0.2892901
0.28929
0.28929
0.2892899
0.2892899
0.2892898
0.2892898
0.2892897
0.2892897
0.2892897
0.2892896
0.2892896
0.2892895
0.2892895
0.2892894
0.2892894
0.2892893
0.2892893
0.2892893
0.2892892
0.2890808
0.2891914
0.2893181
0.2893041
0.289291
0.2892925
0.2892938
0.2892936
0.2892934
0.2892933
0.2892933
0.2892933
0.2892932
0.2892932
0.2892931
0.2892931
0.289293
0.289293
0.2892929
0.2892929
0.2892929
0.2892928
0.2892928
0.2892927
0.2892927
0.2892926
0.2892926
0.2892925
0.2892925
0.2892924
0.2892924
0.2892923
0.2892923
0.2892922
0.2892922
0.2892922
0.2892921
0.2892921
0.289292
0.289292
0.2892919
0.2892919
0.2892918
0.2892918
0.2892917
0.2892917
0.2892916
0.2892916
0.2892916
0.2892915
0.2892915
0.2892914
0.2892914
0.2892913
0.2892913
0.2892912
0.2892912
0.2892911
0.2892911
0.289291
0.289291
0.2892909
0.2892909
0.2892909
0.2892908
0.2892908
0.2892907
0.2892907
0.2892906
0.2892906
0.2892905
0.2892905
0.2892904
0.2892904
0.2892903
0.2892903
0.2892903
0.2892902
0.2892902
0.2892901
0.2892901
0.28929
0.28929
0.2892899
0.2892899
0.2892898
0.2892898
0.2892897
0.2892897
0.2892896
0.2892896
0.2892896
0.2892895
0.2892895
0.2892894
0.2892894
0.2892893
0.2892893
0.2892892
0.2892892
0.2890808
0.2891914
0.2893181
0.2893041
0.289291
0.2892925
0.2892938
0.2892936
0.2892934
0.2892934
0.2892933
0.2892933
0.2892932
0.2892932
0.2892931
0.2892931
0.289293
0.289293
0.2892929
0.2892929
0.2892929
0.2892928
0.2892928
0.2892927
0.2892927
0.2892926
0.2892926
0.2892925
0.2892925
0.2892924
0.2892924
0.2892923
0.2892923
0.2892923
0.2892922
0.2892922
0.2892921
0.2892921
0.289292
0.289292
0.2892919
0.2892919
0.2892918
0.2892918
0.2892917
0.2892917
0.2892916
0.2892916
0.2892916
0.2892915
0.2892915
0.2892914
0.2892914
0.2892913
0.2892913
0.2892912
0.2892912
0.2892911
0.2892911
0.289291
0.289291
0.2892909
0.2892909
0.2892909
0.2892908
0.2892908
0.2892907
0.2892907
0.2892906
0.2892906
0.2892905
0.2892905
0.2892904
0.2892904
0.2892903
0.2892903
0.2892903
0.2892902
0.2892902
0.2892901
0.2892901
0.28929
0.28929
0.2892899
0.2892899
0.2892898
0.2892898
0.2892897
0.2892897
0.2892896
0.2892896
0.2892896
0.2892895
0.2892895
0.2892894
0.2892894
0.2892893
0.2892893
0.2892892
0.2892892
0.2890808
0.2891914
0.2893181
0.2893041
0.289291
0.2892925
0.2892938
0.2892936
0.2892934
0.2892934
0.2892933
0.2892933
0.2892932
0.2892932
0.2892931
0.2892931
0.289293
0.289293
0.289293
0.2892929
0.2892929
0.2892928
0.2892928
0.2892927
0.2892927
0.2892926
0.2892926
0.2892925
0.2892925
0.2892924
0.2892924
0.2892923
0.2892923
0.2892923
0.2892922
0.2892922
0.2892921
0.2892921
0.289292
0.289292
0.2892919
0.2892919
0.2892918
0.2892918
0.2892917
0.2892917
0.2892916
0.2892916
0.2892916
0.2892915
0.2892915
0.2892914
0.2892914
0.2892913
0.2892913
0.2892912
0.2892912
0.2892911
0.2892911
0.289291
0.289291
0.2892909
0.2892909
0.2892909
0.2892908
0.2892908
0.2892907
0.2892907
0.2892906
0.2892906
0.2892905
0.2892905
0.2892904
0.2892904
0.2892903
0.2892903
0.2892902
0.2892902
0.2892902
0.2892901
0.2892901
0.28929
0.28929
0.2892899
0.2892899
0.2892898
0.2892898
0.2892897
0.2892897
0.2892896
0.2892896
0.2892896
0.2892895
0.2892895
0.2892894
0.2892894
0.2892893
0.2892893
0.2892892
0.2892892
0.2890808
0.2891914
0.2893181
0.2893041
0.289291
0.2892925
0.2892938
0.2892936
0.2892934
0.2892934
0.2892933
0.2892933
0.2892932
0.2892932
0.2892931
0.2892931
0.289293
0.289293
0.289293
0.2892929
0.2892929
0.2892928
0.2892928
0.2892927
0.2892927
0.2892926
0.2892926
0.2892925
0.2892925
0.2892924
0.2892924
0.2892923
0.2892923
0.2892923
0.2892922
0.2892922
0.2892921
0.2892921
0.289292
0.289292
0.2892919
0.2892919
0.2892918
0.2892918
0.2892917
0.2892917
0.2892917
0.2892916
0.2892916
0.2892915
0.2892915
0.2892914
0.2892914
0.2892913
0.2892913
0.2892912
0.2892912
0.2892911
0.2892911
0.289291
0.289291
0.289291
0.2892909
0.2892909
0.2892908
0.2892908
0.2892907
0.2892907
0.2892906
0.2892906
0.2892905
0.2892905
0.2892904
0.2892904
0.2892903
0.2892903
0.2892903
0.2892902
0.2892902
0.2892901
0.2892901
0.28929
0.28929
0.2892899
0.2892899
0.2892898
0.2892898
0.2892897
0.2892897
0.2892896
0.2892896
0.2892895
0.2892895
0.2892895
0.2892894
0.2892894
0.2892893
0.2892893
0.2892892
0.2892892
0.2890808
0.2891915
0.2893181
0.2893041
0.289291
0.2892925
0.2892938
0.2892936
0.2892934
0.2892934
0.2892933
0.2892933
0.2892932
0.2892932
0.2892931
0.2892931
0.2892931
0.289293
0.289293
0.2892929
0.2892929
0.2892928
0.2892928
0.2892927
0.2892927
0.2892926
0.2892926
0.2892925
0.2892925
0.2892924
0.2892924
0.2892924
0.2892923
0.2892923
0.2892922
0.2892922
0.2892921
0.2892921
0.289292
0.289292
0.2892919
0.2892919
0.2892918
0.2892918
0.2892917
0.2892917
0.2892917
0.2892916
0.2892916
0.2892915
0.2892915
0.2892914
0.2892914
0.2892913
0.2892913
0.2892912
0.2892912
0.2892911
0.2892911
0.289291
0.289291
0.289291
0.2892909
0.2892909
0.2892908
0.2892908
0.2892907
0.2892907
0.2892906
0.2892906
0.2892905
0.2892905
0.2892904
0.2892904
0.2892903
0.2892903
0.2892902
0.2892902
0.2892902
0.2892901
0.2892901
0.28929
0.28929
0.2892899
0.2892899
0.2892898
0.2892898
0.2892897
0.2892897
0.2892896
0.2892896
0.2892895
0.2892895
0.2892895
0.2892894
0.2892894
0.2892893
0.2892893
0.2892892
0.2892892
0.2890808
0.2891915
0.2893181
0.2893041
0.289291
0.2892925
0.2892938
0.2892936
0.2892934
0.2892934
0.2892933
0.2892933
0.2892932
0.2892932
0.2892932
0.2892931
0.2892931
0.289293
0.289293
0.2892929
0.2892929
0.2892928
0.2892928
0.2892927
0.2892927
0.2892926
0.2892926
0.2892925
0.2892925
0.2892924
0.2892924
0.2892924
0.2892923
0.2892923
0.2892922
0.2892922
0.2892921
0.2892921
0.289292
0.289292
0.2892919
0.2892919
0.2892918
0.2892918
0.2892917
0.2892917
0.2892917
0.2892916
0.2892916
0.2892915
0.2892915
0.2892914
0.2892914
0.2892913
0.2892913
0.2892912
0.2892912
0.2892911
0.2892911
0.289291
0.289291
0.289291
0.2892909
0.2892909
0.2892908
0.2892908
0.2892907
0.2892907
0.2892906
0.2892906
0.2892905
0.2892905
0.2892904
0.2892904
0.2892903
0.2892903
0.2892903
0.2892902
0.2892902
0.2892901
0.2892901
0.28929
0.28929
0.2892899
0.2892899
0.2892898
0.2892898
0.2892897
0.2892897
0.2892896
0.2892896
0.2892895
0.2892895
0.2892894
0.2892894
0.2892894
0.2892893
0.2892893
0.2892892
0.2892892
0.2890808
0.2891915
0.2893181
0.2893041
0.289291
0.2892925
0.2892938
0.2892936
0.2892934
0.2892934
0.2892933
0.2892933
0.2892933
0.2892932
0.2892932
0.2892931
0.2892931
0.289293
0.289293
0.2892929
0.2892929
0.2892928
0.2892928
0.2892927
0.2892927
0.2892926
0.2892926
0.2892925
0.2892925
0.2892924
0.2892924
0.2892924
0.2892923
0.2892923
0.2892922
0.2892922
0.2892921
0.2892921
0.289292
0.289292
0.2892919
0.2892919
0.2892918
0.2892918
0.2892917
0.2892917
0.2892917
0.2892916
0.2892916
0.2892915
0.2892915
0.2892914
0.2892914
0.2892913
0.2892913
0.2892912
0.2892912
0.2892911
0.2892911
0.289291
0.289291
0.289291
0.2892909
0.2892909
0.2892908
0.2892908
0.2892907
0.2892907
0.2892906
0.2892906
0.2892905
0.2892905
0.2892904
0.2892904
0.2892903
0.2892903
0.2892903
0.2892902
0.2892902
0.2892901
0.2892901
0.28929
0.28929
0.2892899
0.2892899
0.2892898
0.2892898
0.2892897
0.2892897
0.2892896
0.2892896
0.2892895
0.2892895
0.2892894
0.2892894
0.2892894
0.2892893
0.2892893
0.2892892
0.2892892
0.2890808
0.2891915
0.2893182
0.2893041
0.289291
0.2892925
0.2892938
0.2892936
0.2892934
0.2892934
0.2892934
0.2892933
0.2892933
0.2892932
0.2892932
0.2892931
0.2892931
0.289293
0.289293
0.2892929
0.2892929
0.2892928
0.2892928
0.2892927
0.2892927
0.2892926
0.2892926
0.2892925
0.2892925
0.2892925
0.2892924
0.2892924
0.2892923
0.2892923
0.2892922
0.2892922
0.2892921
0.2892921
0.289292
0.289292
0.2892919
0.2892919
0.2892918
0.2892918
0.2892918
0.2892917
0.2892917
0.2892916
0.2892916
0.2892915
0.2892915
0.2892914
0.2892914
0.2892913
0.2892913
0.2892912
0.2892912
0.2892911
0.2892911
0.2892911
0.289291
0.289291
0.2892909
0.2892909
0.2892908
0.2892908
0.2892907
0.2892907
0.2892906
0.2892906
0.2892905
0.2892905
0.2892904
0.2892904
0.2892903
0.2892903
0.2892903
0.2892902
0.2892902
0.2892901
0.2892901
0.28929
0.28929
0.2892899
0.2892899
0.2892898
0.2892898
0.2892897
0.2892897
0.2892896
0.2892896
0.2892895
0.2892895
0.2892894
0.2892894
0.2892893
0.2892893
0.2892893
0.2892892
0.2892892
0.2890809
0.2891915
0.2893182
0.2893041
0.289291
0.2892925
0.2892938
0.2892936
0.2892934
0.2892934
0.2892934
0.2892933
0.2892933
0.2892932
0.2892932
0.2892931
0.2892931
0.289293
0.289293
0.2892929
0.2892929
0.2892928
0.2892928
0.2892927
0.2892927
0.2892926
0.2892926
0.2892925
0.2892925
0.2892925
0.2892924
0.2892924
0.2892923
0.2892923
0.2892922
0.2892922
0.2892921
0.2892921
0.289292
0.289292
0.2892919
0.2892919
0.2892918
0.2892918
0.2892918
0.2892917
0.2892917
0.2892916
0.2892916
0.2892915
0.2892915
0.2892914
0.2892914
0.2892913
0.2892913
0.2892912
0.2892912
0.2892911
0.2892911
0.2892911
0.289291
0.289291
0.2892909
0.2892909
0.2892908
0.2892908
0.2892907
0.2892907
0.2892906
0.2892906
0.2892905
0.2892905
0.2892904
0.2892904
0.2892903
0.2892903
0.2892903
0.2892902
0.2892902
0.2892901
0.2892901
0.28929
0.28929
0.2892899
0.2892899
0.2892898
0.2892898
0.2892897
0.2892897
0.2892896
0.2892896
0.2892895
0.2892895
0.2892894
0.2892894
0.2892893
0.2892893
0.2892892
0.2892892
0.2892892
0.2890809
0.2891915
0.2893182
0.2893042
0.2892911
0.2892926
0.2892938
0.2892936
0.2892934
0.2892934
0.2892934
0.2892933
0.2892933
0.2892932
0.2892932
0.2892931
0.2892931
0.289293
0.289293
0.2892929
0.2892929
0.2892928
0.2892928
0.2892927
0.2892927
0.2892926
0.2892926
0.2892926
0.2892925
0.2892925
0.2892924
0.2892924
0.2892923
0.2892923
0.2892922
0.2892922
0.2892921
0.2892921
0.289292
0.289292
0.2892919
0.2892919
0.2892918
0.2892918
0.2892918
0.2892917
0.2892917
0.2892916
0.2892916
0.2892915
0.2892915
0.2892914
0.2892914
0.2892913
0.2892913
0.2892912
0.2892912
0.2892911
0.2892911
0.2892911
0.289291
0.289291
0.2892909
0.2892909
0.2892908
0.2892908
0.2892907
0.2892907
0.2892906
0.2892906
0.2892905
0.2892905
0.2892904
0.2892904
0.2892903
0.2892903
0.2892903
0.2892902
0.2892902
0.2892901
0.2892901
0.28929
0.28929
0.2892899
0.2892899
0.2892898
0.2892898
0.2892897
0.2892897
0.2892896
0.2892896
0.2892895
0.2892895
0.2892894
0.2892894
0.2892893
0.2892893
0.2892892
0.2892892
0.2892891
0.2890809
0.2891916
0.2893182
0.2893042
0.2892911
0.2892926
0.2892938
0.2892936
0.2892934
0.2892934
0.2892934
0.2892933
0.2892933
0.2892932
0.2892932
0.2892931
0.2892931
0.289293
0.289293
0.2892929
0.2892929
0.2892928
0.2892928
0.2892927
0.2892927
0.2892926
0.2892926
0.2892926
0.2892925
0.2892925
0.2892924
0.2892924
0.2892923
0.2892923
0.2892922
0.2892922
0.2892921
0.2892921
0.289292
0.289292
0.2892919
0.2892919
0.2892919
0.2892918
0.2892918
0.2892917
0.2892917
0.2892916
0.2892916
0.2892915
0.2892915
0.2892914
0.2892914
0.2892913
0.2892913
0.2892912
0.2892912
0.2892911
0.2892911
0.2892911
0.289291
0.289291
0.2892909
0.2892909
0.2892908
0.2892908
0.2892907
0.2892907
0.2892906
0.2892906
0.2892905
0.2892905
0.2892904
0.2892904
0.2892904
0.2892903
0.2892903
0.2892902
0.2892902
0.2892901
0.2892901
0.28929
0.28929
0.2892899
0.2892899
0.2892898
0.2892898
0.2892897
0.2892897
0.2892896
0.2892896
0.2892895
0.2892895
0.2892894
0.2892894
0.2892893
0.2892893
0.2892892
0.2892892
0.2892891
0.2890809
0.2891916
0.2893182
0.2893042
0.2892911
0.2892926
0.2892939
0.2892936
0.2892935
0.2892934
0.2892934
0.2892933
0.2892933
0.2892932
0.2892932
0.2892931
0.2892931
0.289293
0.289293
0.2892929
0.2892929
0.2892928
0.2892928
0.2892927
0.2892927
0.2892927
0.2892926
0.2892926
0.2892925
0.2892925
0.2892924
0.2892924
0.2892923
0.2892923
0.2892922
0.2892922
0.2892921
0.2892921
0.289292
0.289292
0.2892919
0.2892919
0.2892919
0.2892918
0.2892918
0.2892917
0.2892917
0.2892916
0.2892916
0.2892915
0.2892915
0.2892914
0.2892914
0.2892913
0.2892913
0.2892912
0.2892912
0.2892912
0.2892911
0.2892911
0.289291
0.289291
0.2892909
0.2892909
0.2892908
0.2892908
0.2892907
0.2892907
0.2892906
0.2892906
0.2892905
0.2892905
0.2892904
0.2892904
0.2892904
0.2892903
0.2892903
0.2892902
0.2892902
0.2892901
0.2892901
0.28929
0.28929
0.2892899
0.2892899
0.2892898
0.2892898
0.2892897
0.2892897
0.2892896
0.2892896
0.2892895
0.2892895
0.2892894
0.2892894
0.2892893
0.2892893
0.2892892
0.2892892
0.2892891
0.2890809
0.2891916
0.2893182
0.2893042
0.2892911
0.2892926
0.2892939
0.2892936
0.2892935
0.2892934
0.2892934
0.2892933
0.2892933
0.2892932
0.2892932
0.2892931
0.2892931
0.289293
0.289293
0.2892929
0.2892929
0.2892928
0.2892928
0.2892928
0.2892927
0.2892927
0.2892926
0.2892926
0.2892925
0.2892925
0.2892924
0.2892924
0.2892923
0.2892923
0.2892922
0.2892922
0.2892921
0.2892921
0.289292
0.289292
0.289292
0.2892919
0.2892919
0.2892918
0.2892918
0.2892917
0.2892917
0.2892916
0.2892916
0.2892915
0.2892915
0.2892914
0.2892914
0.2892913
0.2892913
0.2892912
0.2892912
0.2892912
0.2892911
0.2892911
0.289291
0.289291
0.2892909
0.2892909
0.2892908
0.2892908
0.2892907
0.2892907
0.2892906
0.2892906
0.2892905
0.2892905
0.2892905
0.2892904
0.2892904
0.2892903
0.2892903
0.2892902
0.2892902
0.2892901
0.2892901
0.28929
0.28929
0.2892899
0.2892899
0.2892898
0.2892898
0.2892897
0.2892897
0.2892896
0.2892896
0.2892895
0.2892895
0.2892894
0.2892894
0.2892893
0.2892893
0.2892892
0.2892892
0.2892891
0.289081
0.2891916
0.2893183
0.2893042
0.2892911
0.2892926
0.2892939
0.2892937
0.2892935
0.2892934
0.2892934
0.2892933
0.2892933
0.2892932
0.2892932
0.2892931
0.2892931
0.289293
0.289293
0.2892929
0.2892929
0.2892929
0.2892928
0.2892928
0.2892927
0.2892927
0.2892926
0.2892926
0.2892925
0.2892925
0.2892924
0.2892924
0.2892923
0.2892923
0.2892922
0.2892922
0.2892921
0.2892921
0.289292
0.289292
0.289292
0.2892919
0.2892919
0.2892918
0.2892918
0.2892917
0.2892917
0.2892916
0.2892916
0.2892915
0.2892915
0.2892914
0.2892914
0.2892913
0.2892913
0.2892913
0.2892912
0.2892912
0.2892911
0.2892911
0.289291
0.289291
0.2892909
0.2892909
0.2892908
0.2892908
0.2892907
0.2892907
0.2892906
0.2892906
0.2892905
0.2892905
0.2892905
0.2892904
0.2892904
0.2892903
0.2892903
0.2892902
0.2892902
0.2892901
0.2892901
0.28929
0.28929
0.2892899
0.2892899
0.2892898
0.2892898
0.2892897
0.2892897
0.2892896
0.2892896
0.2892895
0.2892895
0.2892894
0.2892894
0.2892893
0.2892893
0.2892892
0.2892891
0.2892891
0.289081
0.2891917
0.2893183
0.2893042
0.2892911
0.2892926
0.2892939
0.2892937
0.2892935
0.2892934
0.2892934
0.2892934
0.2892933
0.2892932
0.2892932
0.2892932
0.2892931
0.2892931
0.289293
0.289293
0.2892929
0.2892929
0.2892928
0.2892928
0.2892927
0.2892927
0.2892926
0.2892926
0.2892925
0.2892925
0.2892924
0.2892924
0.2892923
0.2892923
0.2892922
0.2892922
0.2892921
0.2892921
0.2892921
0.289292
0.289292
0.2892919
0.2892919
0.2892918
0.2892918
0.2892917
0.2892917
0.2892916
0.2892916
0.2892915
0.2892915
0.2892914
0.2892914
0.2892914
0.2892913
0.2892913
0.2892912
0.2892912
0.2892911
0.2892911
0.289291
0.289291
0.2892909
0.2892909
0.2892908
0.2892908
0.2892907
0.2892907
0.2892906
0.2892906
0.2892906
0.2892905
0.2892905
0.2892904
0.2892904
0.2892903
0.2892903
0.2892902
0.2892902
0.2892901
0.2892901
0.28929
0.28929
0.2892899
0.2892899
0.2892898
0.2892898
0.2892897
0.2892897
0.2892896
0.2892896
0.2892895
0.2892895
0.2892894
0.2892894
0.2892893
0.2892892
0.2892892
0.2892891
0.2892891
0.2890811
0.2891917
0.2893183
0.2893043
0.2892911
0.2892926
0.2892939
0.2892937
0.2892935
0.2892935
0.2892934
0.2892934
0.2892933
0.2892933
0.2892932
0.2892932
0.2892931
0.2892931
0.289293
0.289293
0.2892929
0.2892929
0.2892928
0.2892928
0.2892927
0.2892927
0.2892926
0.2892926
0.2892925
0.2892925
0.2892924
0.2892924
0.2892923
0.2892923
0.2892922
0.2892922
0.2892922
0.2892921
0.2892921
0.289292
0.289292
0.2892919
0.2892919
0.2892918
0.2892918
0.2892917
0.2892917
0.2892916
0.2892916
0.2892915
0.2892915
0.2892915
0.2892914
0.2892914
0.2892913
0.2892913
0.2892912
0.2892912
0.2892911
0.2892911
0.289291
0.289291
0.2892909
0.2892909
0.2892908
0.2892908
0.2892907
0.2892907
0.2892907
0.2892906
0.2892906
0.2892905
0.2892905
0.2892904
0.2892904
0.2892903
0.2892903
0.2892902
0.2892902
0.2892901
0.2892901
0.28929
0.28929
0.2892899
0.2892899
0.2892898
0.2892898
0.2892897
0.2892897
0.2892896
0.2892896
0.2892895
0.2892895
0.2892894
0.2892894
0.2892893
0.2892892
0.2892892
0.2892891
0.289289
0.289081
0.2891918
0.2893184
0.2893043
0.2892912
0.2892927
0.289294
0.2892937
0.2892935
0.2892935
0.2892935
0.2892934
0.2892934
0.2892933
0.2892933
0.2892932
0.2892932
0.2892931
0.289293
0.289293
0.2892929
0.2892929
0.2892928
0.2892928
0.2892927
0.2892927
0.2892926
0.2892926
0.2892926
0.2892925
0.2892925
0.2892924
0.2892924
0.2892923
0.2892923
0.2892922
0.2892922
0.2892921
0.2892921
0.289292
0.289292
0.2892919
0.2892919
0.2892918
0.2892918
0.2892917
0.2892917
0.2892916
0.2892916
0.2892915
0.2892915
0.2892914
0.2892913
0.2892913
0.2892912
0.2892912
0.2892911
0.2892911
0.289291
0.289291
0.2892909
0.2892909
0.2892908
0.2892908
0.2892907
0.2892907
0.2892906
0.2892906
0.2892905
0.2892905
0.2892904
0.2892904
0.2892903
0.2892903
0.2892902
0.2892902
0.2892901
0.2892901
0.28929
0.2892899
0.2892899
0.2892898
0.2892898
0.2892897
0.2892897
0.2892896
0.2892896
0.2892895
0.2892894
0.2892894
0.2892893
0.2892893
0.2892892
0.2892891
0.2892891
0.289289
0.2892889
0.2892889
0.2892888
0.2892887
0.2890813
0.2891917
0.289318
0.289304
0.2892908
0.2892922
0.2892934
0.2892931
0.2892929
0.2892928
0.2892927
0.2892926
0.2892925
0.2892923
0.2892922
0.2892921
0.289292
0.2892919
0.2892918
0.2892917
0.2892916
0.2892914
0.2892913
0.2892912
0.2892911
0.289291
0.2892909
0.2892908
0.2892907
0.2892906
0.2892905
0.2892904
0.2892902
0.2892901
0.28929
0.2892899
0.2892898
0.2892897
0.2892896
0.2892895
0.2892894
0.2892893
0.2892892
0.2892891
0.289289
0.2892888
0.2892887
0.2892886
0.2892885
0.2892884
0.2892883
0.2892882
0.2892881
0.289288
0.2892879
0.2892878
0.2892877
0.2892876
0.2892875
0.2892874
0.2892873
0.2892871
0.289287
0.2892869
0.2892868
0.2892867
0.2892866
0.2892865
0.2892864
0.2892863
0.2892862
0.2892861
0.289286
0.2892859
0.2892858
0.2892857
0.2892856
0.2892855
0.2892854
0.2892852
0.2892851
0.289285
0.2892849
0.2892848
0.2892847
0.2892846
0.2892845
0.2892844
0.2892843
0.2892842
0.2892841
0.289284
0.2892838
0.2892837
0.2892836
0.2892835
0.2892834
0.2892833
0.2892831
0.289283
)
;

boundaryField
{
    bottomAir_bottom
    {
        type            symmetryPlane;
    }
    leftLet
    {
        type            calculated;
        value           uniform 0.2896557;
    }
    rightLet
    {
        type            calculated;
        value           nonuniform List<scalar> 
40
(
0.2892892
0.2892892
0.2892892
0.2892892
0.2892892
0.2892892
0.2892892
0.2892892
0.2892892
0.2892892
0.2892892
0.2892892
0.2892892
0.2892892
0.2892892
0.2892892
0.2892892
0.2892892
0.2892892
0.2892892
0.2892892
0.2892892
0.2892892
0.2892892
0.2892892
0.2892892
0.2892892
0.2892892
0.2892891
0.2892891
0.2892891
0.2892891
0.2892891
0.2892891
0.2892891
0.2892891
0.2892891
0.289289
0.2892887
0.2892829
)
;
    }
    frontAndBack
    {
        type            empty;
    }
    bottomAir_to_wall
    {
        type            calculated;
        value           nonuniform List<scalar> 
100
(
0.2890876
0.289198
0.2893244
0.2893103
0.2892971
0.2892985
0.2892998
0.2892995
0.2892992
0.2892991
0.289299
0.2892989
0.2892988
0.2892987
0.2892985
0.2892984
0.2892983
0.2892982
0.2892981
0.289298
0.2892979
0.2892978
0.2892977
0.2892975
0.2892974
0.2892973
0.2892972
0.2892971
0.289297
0.2892969
0.2892968
0.2892967
0.2892966
0.2892965
0.2892963
0.2892962
0.2892961
0.289296
0.2892959
0.2892958
0.2892957
0.2892956
0.2892955
0.2892954
0.2892953
0.2892952
0.2892951
0.289295
0.2892948
0.2892947
0.2892946
0.2892945
0.2892944
0.2892943
0.2892942
0.2892941
0.289294
0.2892939
0.2892938
0.2892937
0.2892936
0.2892935
0.2892934
0.2892933
0.2892932
0.289293
0.2892929
0.2892928
0.2892927
0.2892926
0.2892925
0.2892924
0.2892923
0.2892922
0.2892921
0.289292
0.2892919
0.2892918
0.2892917
0.2892916
0.2892915
0.2892914
0.2892913
0.2892911
0.289291
0.2892909
0.2892908
0.2892907
0.2892906
0.2892905
0.2892904
0.2892903
0.2892902
0.2892901
0.2892899
0.2892898
0.2892897
0.2892896
0.2892894
0.2892893
)
;
    }
}


// ************************************************************************* //
