/*--------------------------------*- C++ -*----------------------------------*\
| =========                 |                                                 |
| \\      /  F ield         | OpenFOAM: The Open Source CFD Toolbox           |
|  \\    /   O peration     | Version:  2.3.0                                 |
|   \\  /    A nd           | Web:      www.OpenFOAM.org                      |
|    \\/     M anipulation  |                                                 |
\*---------------------------------------------------------------------------*/
FoamFile
{
    version     2.0;
    format      ascii;
    class       volScalarField;
    location    "9700/bottomAir";
    object      T;
}
// * * * * * * * * * * * * * * * * * * * * * * * * * * * * * * * * * * * * * //

dimensions      [0 0 0 1 0 0 0];

internalField   nonuniform List<scalar> 
4000
(
1199.445
1199.683
1199.76
1199.741
1199.733
1199.735
1199.736
1199.736
1199.736
1199.736
1199.736
1199.736
1199.736
1199.736
1199.736
1199.736
1199.736
1199.736
1199.736
1199.736
1199.736
1199.736
1199.736
1199.736
1199.736
1199.736
1199.736
1199.736
1199.736
1199.736
1199.736
1199.736
1199.736
1199.736
1199.736
1199.736
1199.736
1199.736
1199.736
1199.736
1199.736
1199.736
1199.736
1199.736
1199.736
1199.736
1199.736
1199.736
1199.736
1199.736
1199.736
1199.736
1199.736
1199.736
1199.736
1199.736
1199.736
1199.736
1199.736
1199.736
1199.736
1199.736
1199.736
1199.736
1199.736
1199.736
1199.736
1199.736
1199.736
1199.736
1199.736
1199.736
1199.736
1199.736
1199.736
1199.736
1199.736
1199.736
1199.736
1199.736
1199.736
1199.736
1199.736
1199.736
1199.736
1199.736
1199.736
1199.736
1199.736
1199.736
1199.736
1199.736
1199.736
1199.736
1199.736
1199.736
1199.736
1199.736
1199.736
1199.736
1199.445
1199.683
1199.76
1199.741
1199.733
1199.735
1199.736
1199.736
1199.736
1199.736
1199.736
1199.736
1199.736
1199.736
1199.736
1199.736
1199.736
1199.736
1199.736
1199.736
1199.736
1199.736
1199.736
1199.736
1199.736
1199.736
1199.736
1199.736
1199.736
1199.736
1199.736
1199.736
1199.736
1199.736
1199.736
1199.736
1199.736
1199.736
1199.736
1199.736
1199.736
1199.736
1199.736
1199.736
1199.736
1199.736
1199.736
1199.736
1199.736
1199.736
1199.736
1199.736
1199.736
1199.736
1199.736
1199.736
1199.736
1199.736
1199.736
1199.736
1199.736
1199.736
1199.736
1199.736
1199.736
1199.736
1199.736
1199.736
1199.736
1199.736
1199.736
1199.736
1199.736
1199.736
1199.736
1199.736
1199.736
1199.736
1199.736
1199.736
1199.736
1199.736
1199.736
1199.736
1199.736
1199.736
1199.736
1199.736
1199.736
1199.736
1199.736
1199.736
1199.736
1199.736
1199.736
1199.736
1199.736
1199.736
1199.736
1199.736
1199.445
1199.683
1199.76
1199.741
1199.733
1199.735
1199.736
1199.736
1199.736
1199.736
1199.736
1199.736
1199.736
1199.736
1199.736
1199.736
1199.736
1199.736
1199.736
1199.736
1199.736
1199.736
1199.736
1199.736
1199.736
1199.736
1199.736
1199.736
1199.736
1199.736
1199.736
1199.736
1199.736
1199.736
1199.736
1199.736
1199.736
1199.736
1199.736
1199.736
1199.736
1199.736
1199.736
1199.736
1199.736
1199.736
1199.736
1199.736
1199.736
1199.736
1199.736
1199.736
1199.736
1199.736
1199.736
1199.736
1199.736
1199.736
1199.736
1199.736
1199.736
1199.736
1199.736
1199.736
1199.736
1199.736
1199.736
1199.736
1199.736
1199.736
1199.736
1199.736
1199.736
1199.736
1199.736
1199.736
1199.736
1199.736
1199.736
1199.736
1199.736
1199.736
1199.736
1199.736
1199.736
1199.736
1199.736
1199.736
1199.736
1199.736
1199.736
1199.736
1199.736
1199.736
1199.736
1199.736
1199.736
1199.736
1199.736
1199.736
1199.445
1199.683
1199.76
1199.741
1199.733
1199.735
1199.736
1199.736
1199.736
1199.736
1199.736
1199.736
1199.736
1199.736
1199.736
1199.736
1199.736
1199.736
1199.736
1199.736
1199.736
1199.736
1199.736
1199.736
1199.736
1199.736
1199.736
1199.736
1199.736
1199.736
1199.736
1199.736
1199.736
1199.736
1199.736
1199.736
1199.736
1199.736
1199.736
1199.736
1199.736
1199.736
1199.736
1199.736
1199.736
1199.736
1199.736
1199.736
1199.736
1199.736
1199.736
1199.736
1199.736
1199.736
1199.736
1199.736
1199.736
1199.736
1199.736
1199.736
1199.736
1199.736
1199.736
1199.736
1199.736
1199.736
1199.736
1199.736
1199.736
1199.736
1199.736
1199.736
1199.736
1199.736
1199.736
1199.736
1199.736
1199.736
1199.736
1199.736
1199.736
1199.736
1199.736
1199.736
1199.736
1199.736
1199.736
1199.736
1199.736
1199.736
1199.736
1199.736
1199.736
1199.736
1199.736
1199.736
1199.736
1199.736
1199.736
1199.736
1199.445
1199.683
1199.76
1199.741
1199.733
1199.735
1199.736
1199.736
1199.736
1199.736
1199.736
1199.736
1199.736
1199.736
1199.736
1199.736
1199.736
1199.736
1199.736
1199.736
1199.736
1199.736
1199.736
1199.736
1199.736
1199.736
1199.736
1199.736
1199.736
1199.736
1199.736
1199.736
1199.736
1199.736
1199.736
1199.736
1199.736
1199.736
1199.736
1199.736
1199.736
1199.736
1199.736
1199.736
1199.736
1199.736
1199.736
1199.736
1199.736
1199.736
1199.736
1199.736
1199.736
1199.736
1199.736
1199.736
1199.736
1199.736
1199.736
1199.736
1199.736
1199.736
1199.736
1199.736
1199.736
1199.736
1199.736
1199.736
1199.736
1199.736
1199.736
1199.736
1199.736
1199.736
1199.736
1199.736
1199.736
1199.736
1199.736
1199.736
1199.736
1199.736
1199.736
1199.736
1199.736
1199.736
1199.736
1199.736
1199.736
1199.736
1199.736
1199.736
1199.736
1199.736
1199.736
1199.736
1199.736
1199.736
1199.736
1199.736
1199.445
1199.683
1199.76
1199.741
1199.733
1199.735
1199.736
1199.736
1199.736
1199.736
1199.736
1199.736
1199.736
1199.736
1199.736
1199.736
1199.736
1199.736
1199.736
1199.736
1199.736
1199.736
1199.736
1199.736
1199.736
1199.736
1199.736
1199.736
1199.736
1199.736
1199.736
1199.736
1199.736
1199.736
1199.736
1199.736
1199.736
1199.736
1199.736
1199.736
1199.736
1199.736
1199.736
1199.736
1199.736
1199.736
1199.736
1199.736
1199.736
1199.736
1199.736
1199.736
1199.736
1199.736
1199.736
1199.736
1199.736
1199.736
1199.736
1199.736
1199.736
1199.736
1199.736
1199.736
1199.736
1199.736
1199.736
1199.736
1199.736
1199.736
1199.736
1199.736
1199.736
1199.736
1199.736
1199.736
1199.736
1199.736
1199.736
1199.736
1199.736
1199.736
1199.736
1199.736
1199.736
1199.736
1199.736
1199.736
1199.736
1199.736
1199.736
1199.736
1199.736
1199.736
1199.736
1199.736
1199.736
1199.736
1199.736
1199.736
1199.445
1199.683
1199.76
1199.741
1199.733
1199.735
1199.736
1199.736
1199.736
1199.736
1199.736
1199.736
1199.736
1199.736
1199.736
1199.736
1199.736
1199.736
1199.736
1199.736
1199.736
1199.736
1199.736
1199.736
1199.736
1199.736
1199.736
1199.736
1199.736
1199.736
1199.736
1199.736
1199.736
1199.736
1199.736
1199.736
1199.736
1199.736
1199.736
1199.736
1199.736
1199.736
1199.736
1199.736
1199.736
1199.736
1199.736
1199.736
1199.736
1199.736
1199.736
1199.736
1199.736
1199.736
1199.736
1199.736
1199.736
1199.736
1199.736
1199.736
1199.736
1199.736
1199.736
1199.736
1199.736
1199.736
1199.736
1199.736
1199.736
1199.736
1199.736
1199.736
1199.736
1199.736
1199.736
1199.736
1199.736
1199.736
1199.736
1199.736
1199.736
1199.736
1199.736
1199.736
1199.736
1199.736
1199.736
1199.736
1199.736
1199.736
1199.736
1199.736
1199.736
1199.736
1199.736
1199.736
1199.736
1199.736
1199.736
1199.736
1199.445
1199.683
1199.76
1199.741
1199.733
1199.735
1199.736
1199.736
1199.736
1199.736
1199.736
1199.736
1199.736
1199.736
1199.736
1199.736
1199.736
1199.736
1199.736
1199.736
1199.736
1199.736
1199.736
1199.736
1199.736
1199.736
1199.736
1199.736
1199.736
1199.736
1199.736
1199.736
1199.736
1199.736
1199.736
1199.736
1199.736
1199.736
1199.736
1199.736
1199.736
1199.736
1199.736
1199.736
1199.736
1199.736
1199.736
1199.736
1199.736
1199.736
1199.736
1199.736
1199.736
1199.736
1199.736
1199.736
1199.736
1199.736
1199.736
1199.736
1199.736
1199.736
1199.736
1199.736
1199.736
1199.736
1199.736
1199.736
1199.736
1199.736
1199.736
1199.736
1199.736
1199.736
1199.736
1199.736
1199.736
1199.736
1199.736
1199.736
1199.736
1199.736
1199.736
1199.736
1199.736
1199.736
1199.736
1199.736
1199.736
1199.736
1199.736
1199.736
1199.736
1199.736
1199.736
1199.736
1199.736
1199.736
1199.736
1199.736
1199.445
1199.683
1199.76
1199.741
1199.733
1199.735
1199.736
1199.736
1199.736
1199.736
1199.736
1199.736
1199.736
1199.736
1199.736
1199.736
1199.736
1199.736
1199.736
1199.736
1199.736
1199.736
1199.736
1199.736
1199.736
1199.736
1199.736
1199.736
1199.736
1199.736
1199.736
1199.736
1199.736
1199.736
1199.736
1199.736
1199.736
1199.736
1199.736
1199.736
1199.736
1199.736
1199.736
1199.736
1199.736
1199.736
1199.736
1199.736
1199.736
1199.736
1199.736
1199.736
1199.736
1199.736
1199.736
1199.736
1199.736
1199.736
1199.736
1199.736
1199.736
1199.736
1199.736
1199.736
1199.736
1199.736
1199.736
1199.736
1199.736
1199.736
1199.736
1199.736
1199.736
1199.736
1199.736
1199.736
1199.736
1199.736
1199.736
1199.736
1199.736
1199.736
1199.736
1199.736
1199.736
1199.736
1199.736
1199.736
1199.736
1199.736
1199.736
1199.736
1199.736
1199.736
1199.736
1199.736
1199.736
1199.736
1199.736
1199.736
1199.445
1199.683
1199.76
1199.741
1199.733
1199.735
1199.736
1199.736
1199.736
1199.736
1199.736
1199.736
1199.736
1199.736
1199.736
1199.736
1199.736
1199.736
1199.736
1199.736
1199.736
1199.736
1199.736
1199.736
1199.736
1199.736
1199.736
1199.736
1199.736
1199.736
1199.736
1199.736
1199.736
1199.736
1199.736
1199.736
1199.736
1199.736
1199.736
1199.736
1199.736
1199.736
1199.736
1199.736
1199.736
1199.736
1199.736
1199.736
1199.736
1199.736
1199.736
1199.736
1199.736
1199.736
1199.736
1199.736
1199.736
1199.736
1199.736
1199.736
1199.736
1199.736
1199.736
1199.736
1199.736
1199.736
1199.736
1199.736
1199.736
1199.736
1199.736
1199.736
1199.736
1199.736
1199.736
1199.736
1199.736
1199.736
1199.736
1199.736
1199.736
1199.736
1199.736
1199.736
1199.736
1199.736
1199.736
1199.736
1199.736
1199.736
1199.736
1199.736
1199.736
1199.736
1199.736
1199.736
1199.736
1199.736
1199.736
1199.736
1199.445
1199.683
1199.76
1199.741
1199.733
1199.735
1199.736
1199.736
1199.736
1199.736
1199.736
1199.736
1199.736
1199.736
1199.736
1199.736
1199.736
1199.736
1199.736
1199.736
1199.736
1199.736
1199.736
1199.736
1199.736
1199.736
1199.736
1199.736
1199.736
1199.736
1199.736
1199.736
1199.736
1199.736
1199.736
1199.736
1199.736
1199.736
1199.736
1199.736
1199.736
1199.736
1199.736
1199.736
1199.736
1199.736
1199.736
1199.736
1199.736
1199.736
1199.736
1199.736
1199.736
1199.736
1199.736
1199.736
1199.736
1199.736
1199.736
1199.736
1199.736
1199.736
1199.736
1199.736
1199.736
1199.736
1199.736
1199.736
1199.736
1199.736
1199.736
1199.736
1199.736
1199.736
1199.736
1199.736
1199.736
1199.736
1199.736
1199.736
1199.736
1199.736
1199.736
1199.736
1199.736
1199.736
1199.736
1199.736
1199.736
1199.736
1199.736
1199.736
1199.736
1199.736
1199.736
1199.736
1199.736
1199.736
1199.736
1199.736
1199.445
1199.683
1199.76
1199.741
1199.733
1199.735
1199.736
1199.736
1199.736
1199.736
1199.736
1199.736
1199.736
1199.736
1199.736
1199.736
1199.736
1199.736
1199.736
1199.736
1199.736
1199.736
1199.736
1199.736
1199.736
1199.736
1199.736
1199.736
1199.736
1199.736
1199.736
1199.736
1199.736
1199.736
1199.736
1199.736
1199.736
1199.736
1199.736
1199.736
1199.736
1199.736
1199.736
1199.736
1199.736
1199.736
1199.736
1199.736
1199.736
1199.736
1199.736
1199.736
1199.736
1199.736
1199.736
1199.736
1199.736
1199.736
1199.736
1199.736
1199.736
1199.736
1199.736
1199.736
1199.736
1199.736
1199.736
1199.736
1199.736
1199.736
1199.736
1199.736
1199.736
1199.736
1199.736
1199.736
1199.736
1199.736
1199.736
1199.736
1199.736
1199.736
1199.736
1199.736
1199.736
1199.736
1199.736
1199.736
1199.736
1199.736
1199.736
1199.736
1199.736
1199.736
1199.736
1199.736
1199.736
1199.736
1199.736
1199.736
1199.445
1199.683
1199.76
1199.741
1199.733
1199.735
1199.736
1199.736
1199.736
1199.736
1199.736
1199.736
1199.736
1199.736
1199.736
1199.736
1199.736
1199.736
1199.736
1199.736
1199.736
1199.736
1199.736
1199.736
1199.736
1199.736
1199.736
1199.736
1199.736
1199.736
1199.736
1199.736
1199.736
1199.736
1199.736
1199.736
1199.736
1199.736
1199.736
1199.736
1199.736
1199.736
1199.736
1199.736
1199.736
1199.736
1199.736
1199.736
1199.736
1199.736
1199.736
1199.736
1199.736
1199.736
1199.736
1199.736
1199.736
1199.736
1199.736
1199.736
1199.736
1199.736
1199.736
1199.736
1199.736
1199.736
1199.736
1199.736
1199.736
1199.736
1199.736
1199.736
1199.736
1199.736
1199.736
1199.736
1199.736
1199.736
1199.736
1199.736
1199.736
1199.736
1199.736
1199.736
1199.736
1199.736
1199.736
1199.736
1199.736
1199.736
1199.736
1199.736
1199.736
1199.736
1199.736
1199.736
1199.736
1199.736
1199.736
1199.736
1199.445
1199.683
1199.76
1199.741
1199.733
1199.735
1199.736
1199.736
1199.736
1199.736
1199.736
1199.736
1199.736
1199.736
1199.736
1199.736
1199.736
1199.736
1199.736
1199.736
1199.736
1199.736
1199.736
1199.736
1199.736
1199.736
1199.736
1199.736
1199.736
1199.736
1199.736
1199.736
1199.736
1199.736
1199.736
1199.736
1199.736
1199.736
1199.736
1199.736
1199.736
1199.736
1199.736
1199.736
1199.736
1199.736
1199.736
1199.736
1199.736
1199.736
1199.736
1199.736
1199.736
1199.736
1199.736
1199.736
1199.736
1199.736
1199.736
1199.736
1199.736
1199.736
1199.736
1199.736
1199.736
1199.736
1199.736
1199.736
1199.736
1199.736
1199.736
1199.736
1199.736
1199.736
1199.736
1199.736
1199.736
1199.736
1199.736
1199.736
1199.736
1199.736
1199.736
1199.736
1199.736
1199.736
1199.736
1199.736
1199.736
1199.736
1199.736
1199.736
1199.736
1199.736
1199.736
1199.736
1199.736
1199.736
1199.736
1199.736
1199.445
1199.683
1199.76
1199.741
1199.733
1199.735
1199.736
1199.736
1199.736
1199.736
1199.736
1199.736
1199.736
1199.736
1199.736
1199.736
1199.736
1199.736
1199.736
1199.736
1199.736
1199.736
1199.736
1199.736
1199.736
1199.736
1199.736
1199.736
1199.736
1199.736
1199.736
1199.736
1199.736
1199.736
1199.736
1199.736
1199.736
1199.736
1199.736
1199.736
1199.736
1199.736
1199.736
1199.736
1199.736
1199.736
1199.736
1199.736
1199.736
1199.736
1199.736
1199.736
1199.736
1199.736
1199.736
1199.736
1199.736
1199.736
1199.736
1199.736
1199.736
1199.736
1199.736
1199.736
1199.736
1199.736
1199.736
1199.736
1199.736
1199.736
1199.736
1199.736
1199.736
1199.736
1199.736
1199.736
1199.736
1199.736
1199.736
1199.736
1199.736
1199.736
1199.736
1199.736
1199.736
1199.736
1199.736
1199.736
1199.736
1199.736
1199.736
1199.736
1199.736
1199.736
1199.736
1199.736
1199.736
1199.736
1199.736
1199.736
1199.445
1199.683
1199.76
1199.741
1199.733
1199.735
1199.736
1199.736
1199.736
1199.736
1199.736
1199.736
1199.736
1199.736
1199.736
1199.736
1199.736
1199.736
1199.736
1199.736
1199.736
1199.736
1199.736
1199.736
1199.736
1199.736
1199.736
1199.736
1199.736
1199.736
1199.736
1199.736
1199.736
1199.736
1199.736
1199.736
1199.736
1199.736
1199.736
1199.736
1199.736
1199.736
1199.736
1199.736
1199.736
1199.736
1199.736
1199.736
1199.736
1199.736
1199.736
1199.736
1199.736
1199.736
1199.736
1199.736
1199.736
1199.736
1199.736
1199.736
1199.736
1199.736
1199.736
1199.736
1199.736
1199.736
1199.736
1199.736
1199.736
1199.736
1199.736
1199.736
1199.736
1199.736
1199.736
1199.736
1199.736
1199.736
1199.736
1199.736
1199.736
1199.736
1199.736
1199.736
1199.736
1199.736
1199.736
1199.736
1199.736
1199.736
1199.736
1199.736
1199.736
1199.736
1199.736
1199.736
1199.736
1199.736
1199.736
1199.736
1199.445
1199.683
1199.76
1199.741
1199.733
1199.735
1199.736
1199.736
1199.736
1199.736
1199.736
1199.736
1199.736
1199.736
1199.736
1199.736
1199.736
1199.736
1199.736
1199.736
1199.736
1199.736
1199.736
1199.736
1199.736
1199.736
1199.736
1199.736
1199.736
1199.736
1199.736
1199.736
1199.736
1199.736
1199.736
1199.736
1199.736
1199.736
1199.736
1199.736
1199.736
1199.736
1199.736
1199.736
1199.736
1199.736
1199.736
1199.736
1199.736
1199.736
1199.736
1199.736
1199.736
1199.736
1199.736
1199.736
1199.736
1199.736
1199.736
1199.736
1199.736
1199.736
1199.736
1199.736
1199.736
1199.736
1199.736
1199.736
1199.736
1199.736
1199.736
1199.736
1199.736
1199.736
1199.736
1199.736
1199.736
1199.736
1199.736
1199.736
1199.736
1199.736
1199.736
1199.736
1199.736
1199.736
1199.736
1199.736
1199.736
1199.736
1199.736
1199.736
1199.736
1199.736
1199.736
1199.736
1199.736
1199.736
1199.736
1199.736
1199.445
1199.683
1199.76
1199.741
1199.733
1199.735
1199.736
1199.736
1199.736
1199.736
1199.736
1199.736
1199.736
1199.736
1199.736
1199.736
1199.736
1199.736
1199.736
1199.736
1199.736
1199.736
1199.736
1199.736
1199.736
1199.736
1199.736
1199.736
1199.736
1199.736
1199.736
1199.736
1199.736
1199.736
1199.736
1199.736
1199.736
1199.736
1199.736
1199.736
1199.736
1199.736
1199.736
1199.736
1199.736
1199.736
1199.736
1199.736
1199.736
1199.736
1199.736
1199.736
1199.736
1199.736
1199.736
1199.736
1199.736
1199.736
1199.736
1199.736
1199.736
1199.736
1199.736
1199.736
1199.736
1199.736
1199.736
1199.736
1199.736
1199.736
1199.736
1199.736
1199.736
1199.736
1199.736
1199.736
1199.736
1199.736
1199.736
1199.736
1199.736
1199.736
1199.736
1199.736
1199.736
1199.736
1199.736
1199.736
1199.736
1199.736
1199.736
1199.736
1199.736
1199.736
1199.736
1199.736
1199.736
1199.736
1199.736
1199.736
1199.445
1199.683
1199.76
1199.741
1199.733
1199.735
1199.736
1199.736
1199.736
1199.736
1199.736
1199.736
1199.736
1199.736
1199.736
1199.736
1199.736
1199.736
1199.736
1199.736
1199.736
1199.736
1199.736
1199.736
1199.736
1199.736
1199.736
1199.736
1199.736
1199.736
1199.736
1199.736
1199.736
1199.736
1199.736
1199.736
1199.736
1199.736
1199.736
1199.736
1199.736
1199.736
1199.736
1199.736
1199.736
1199.736
1199.736
1199.736
1199.736
1199.736
1199.736
1199.736
1199.736
1199.736
1199.736
1199.736
1199.736
1199.736
1199.736
1199.736
1199.736
1199.736
1199.736
1199.736
1199.736
1199.736
1199.736
1199.736
1199.736
1199.736
1199.736
1199.736
1199.736
1199.736
1199.736
1199.736
1199.736
1199.736
1199.736
1199.736
1199.736
1199.736
1199.736
1199.736
1199.736
1199.736
1199.736
1199.736
1199.736
1199.736
1199.736
1199.736
1199.736
1199.736
1199.736
1199.736
1199.736
1199.736
1199.736
1199.736
1199.445
1199.683
1199.76
1199.741
1199.733
1199.735
1199.736
1199.736
1199.736
1199.736
1199.736
1199.736
1199.736
1199.736
1199.736
1199.736
1199.736
1199.736
1199.736
1199.736
1199.736
1199.736
1199.736
1199.736
1199.736
1199.736
1199.736
1199.736
1199.736
1199.736
1199.736
1199.736
1199.736
1199.736
1199.736
1199.736
1199.736
1199.736
1199.736
1199.736
1199.736
1199.736
1199.736
1199.736
1199.736
1199.736
1199.736
1199.736
1199.736
1199.736
1199.736
1199.736
1199.736
1199.736
1199.736
1199.736
1199.736
1199.736
1199.736
1199.736
1199.736
1199.736
1199.736
1199.736
1199.736
1199.736
1199.736
1199.736
1199.736
1199.736
1199.736
1199.736
1199.736
1199.736
1199.736
1199.736
1199.736
1199.736
1199.736
1199.736
1199.736
1199.736
1199.736
1199.736
1199.736
1199.736
1199.736
1199.736
1199.736
1199.736
1199.736
1199.736
1199.736
1199.736
1199.736
1199.736
1199.736
1199.736
1199.736
1199.736
1199.445
1199.683
1199.76
1199.741
1199.733
1199.735
1199.736
1199.736
1199.736
1199.736
1199.736
1199.736
1199.736
1199.736
1199.736
1199.736
1199.736
1199.736
1199.736
1199.736
1199.736
1199.736
1199.736
1199.736
1199.736
1199.736
1199.736
1199.736
1199.736
1199.736
1199.736
1199.736
1199.736
1199.736
1199.736
1199.736
1199.736
1199.736
1199.736
1199.736
1199.736
1199.736
1199.736
1199.736
1199.736
1199.736
1199.736
1199.736
1199.736
1199.736
1199.736
1199.736
1199.736
1199.736
1199.736
1199.736
1199.736
1199.736
1199.736
1199.736
1199.736
1199.736
1199.736
1199.736
1199.736
1199.736
1199.736
1199.736
1199.736
1199.736
1199.736
1199.736
1199.736
1199.736
1199.736
1199.736
1199.736
1199.736
1199.736
1199.736
1199.736
1199.736
1199.736
1199.736
1199.736
1199.736
1199.736
1199.736
1199.736
1199.736
1199.736
1199.736
1199.736
1199.736
1199.736
1199.736
1199.736
1199.736
1199.736
1199.736
1199.445
1199.683
1199.76
1199.741
1199.733
1199.735
1199.736
1199.736
1199.736
1199.736
1199.736
1199.736
1199.736
1199.736
1199.736
1199.736
1199.736
1199.736
1199.736
1199.736
1199.736
1199.736
1199.736
1199.736
1199.736
1199.736
1199.736
1199.736
1199.736
1199.736
1199.736
1199.736
1199.736
1199.736
1199.736
1199.736
1199.736
1199.736
1199.736
1199.736
1199.736
1199.736
1199.736
1199.736
1199.736
1199.736
1199.736
1199.736
1199.736
1199.736
1199.736
1199.736
1199.736
1199.736
1199.736
1199.736
1199.736
1199.736
1199.736
1199.736
1199.736
1199.736
1199.736
1199.736
1199.736
1199.736
1199.736
1199.736
1199.736
1199.736
1199.736
1199.736
1199.736
1199.736
1199.736
1199.736
1199.736
1199.736
1199.736
1199.736
1199.736
1199.736
1199.736
1199.736
1199.736
1199.736
1199.736
1199.736
1199.736
1199.736
1199.736
1199.736
1199.736
1199.736
1199.736
1199.736
1199.736
1199.736
1199.736
1199.736
1199.445
1199.683
1199.76
1199.741
1199.733
1199.735
1199.736
1199.736
1199.736
1199.736
1199.736
1199.736
1199.736
1199.736
1199.736
1199.736
1199.736
1199.736
1199.736
1199.736
1199.736
1199.736
1199.736
1199.736
1199.736
1199.736
1199.736
1199.736
1199.736
1199.736
1199.736
1199.736
1199.736
1199.736
1199.736
1199.736
1199.736
1199.736
1199.736
1199.736
1199.736
1199.736
1199.736
1199.736
1199.736
1199.736
1199.736
1199.736
1199.736
1199.736
1199.736
1199.736
1199.736
1199.736
1199.736
1199.736
1199.736
1199.736
1199.736
1199.736
1199.736
1199.736
1199.736
1199.736
1199.736
1199.736
1199.736
1199.736
1199.736
1199.736
1199.736
1199.736
1199.736
1199.736
1199.736
1199.736
1199.736
1199.736
1199.736
1199.736
1199.736
1199.736
1199.736
1199.736
1199.736
1199.736
1199.736
1199.736
1199.736
1199.736
1199.736
1199.736
1199.736
1199.736
1199.736
1199.736
1199.736
1199.736
1199.736
1199.736
1199.445
1199.683
1199.76
1199.741
1199.733
1199.735
1199.736
1199.736
1199.736
1199.736
1199.736
1199.736
1199.736
1199.736
1199.736
1199.736
1199.736
1199.736
1199.736
1199.736
1199.736
1199.736
1199.736
1199.736
1199.736
1199.736
1199.736
1199.736
1199.736
1199.736
1199.736
1199.736
1199.736
1199.736
1199.736
1199.736
1199.736
1199.736
1199.736
1199.736
1199.736
1199.736
1199.736
1199.736
1199.736
1199.736
1199.736
1199.736
1199.736
1199.736
1199.736
1199.736
1199.736
1199.736
1199.736
1199.736
1199.736
1199.736
1199.736
1199.736
1199.736
1199.736
1199.736
1199.736
1199.736
1199.736
1199.736
1199.736
1199.736
1199.736
1199.736
1199.736
1199.736
1199.736
1199.736
1199.736
1199.736
1199.736
1199.736
1199.736
1199.736
1199.736
1199.736
1199.736
1199.736
1199.736
1199.736
1199.736
1199.736
1199.736
1199.736
1199.736
1199.736
1199.736
1199.736
1199.736
1199.736
1199.736
1199.736
1199.736
1199.445
1199.683
1199.76
1199.741
1199.733
1199.735
1199.736
1199.736
1199.736
1199.736
1199.736
1199.736
1199.736
1199.736
1199.736
1199.736
1199.736
1199.736
1199.736
1199.736
1199.736
1199.736
1199.736
1199.736
1199.736
1199.736
1199.736
1199.736
1199.736
1199.736
1199.736
1199.736
1199.736
1199.736
1199.736
1199.736
1199.736
1199.736
1199.736
1199.736
1199.736
1199.736
1199.736
1199.736
1199.736
1199.736
1199.736
1199.736
1199.736
1199.736
1199.736
1199.736
1199.736
1199.736
1199.736
1199.736
1199.736
1199.736
1199.736
1199.736
1199.736
1199.736
1199.736
1199.736
1199.736
1199.736
1199.736
1199.736
1199.736
1199.736
1199.736
1199.736
1199.736
1199.736
1199.736
1199.736
1199.736
1199.736
1199.736
1199.736
1199.736
1199.736
1199.736
1199.736
1199.736
1199.736
1199.736
1199.736
1199.736
1199.736
1199.736
1199.736
1199.736
1199.736
1199.736
1199.736
1199.736
1199.736
1199.736
1199.736
1199.445
1199.683
1199.76
1199.741
1199.733
1199.735
1199.736
1199.736
1199.736
1199.736
1199.736
1199.736
1199.736
1199.736
1199.736
1199.736
1199.736
1199.736
1199.736
1199.736
1199.736
1199.736
1199.736
1199.736
1199.736
1199.736
1199.736
1199.736
1199.736
1199.736
1199.736
1199.736
1199.736
1199.736
1199.736
1199.736
1199.736
1199.736
1199.736
1199.736
1199.736
1199.736
1199.736
1199.736
1199.736
1199.736
1199.736
1199.736
1199.736
1199.736
1199.736
1199.736
1199.736
1199.736
1199.736
1199.736
1199.736
1199.736
1199.736
1199.736
1199.736
1199.736
1199.736
1199.736
1199.736
1199.736
1199.736
1199.736
1199.736
1199.736
1199.736
1199.736
1199.736
1199.736
1199.736
1199.736
1199.736
1199.736
1199.736
1199.736
1199.736
1199.736
1199.736
1199.736
1199.736
1199.736
1199.736
1199.736
1199.736
1199.736
1199.736
1199.736
1199.736
1199.736
1199.736
1199.736
1199.736
1199.736
1199.736
1199.736
1199.445
1199.683
1199.76
1199.741
1199.733
1199.735
1199.736
1199.736
1199.736
1199.736
1199.736
1199.736
1199.736
1199.736
1199.736
1199.736
1199.736
1199.736
1199.736
1199.736
1199.736
1199.736
1199.736
1199.736
1199.736
1199.736
1199.736
1199.736
1199.736
1199.736
1199.736
1199.736
1199.736
1199.736
1199.736
1199.736
1199.736
1199.736
1199.736
1199.736
1199.736
1199.736
1199.736
1199.736
1199.736
1199.736
1199.736
1199.736
1199.736
1199.736
1199.736
1199.736
1199.736
1199.736
1199.736
1199.736
1199.736
1199.736
1199.736
1199.736
1199.736
1199.736
1199.736
1199.736
1199.736
1199.736
1199.736
1199.736
1199.736
1199.736
1199.736
1199.736
1199.736
1199.736
1199.736
1199.736
1199.736
1199.736
1199.736
1199.736
1199.736
1199.736
1199.736
1199.736
1199.736
1199.736
1199.736
1199.736
1199.736
1199.736
1199.736
1199.736
1199.736
1199.736
1199.736
1199.736
1199.736
1199.736
1199.736
1199.736
1199.445
1199.683
1199.76
1199.741
1199.733
1199.735
1199.736
1199.736
1199.736
1199.736
1199.736
1199.736
1199.736
1199.736
1199.736
1199.736
1199.736
1199.736
1199.736
1199.736
1199.736
1199.736
1199.736
1199.736
1199.736
1199.736
1199.736
1199.736
1199.736
1199.736
1199.736
1199.736
1199.736
1199.736
1199.736
1199.736
1199.736
1199.736
1199.736
1199.736
1199.736
1199.736
1199.736
1199.736
1199.736
1199.736
1199.736
1199.736
1199.736
1199.736
1199.736
1199.736
1199.736
1199.736
1199.736
1199.736
1199.736
1199.736
1199.736
1199.736
1199.736
1199.736
1199.736
1199.736
1199.736
1199.736
1199.736
1199.736
1199.736
1199.736
1199.736
1199.736
1199.736
1199.736
1199.736
1199.736
1199.736
1199.736
1199.736
1199.736
1199.736
1199.736
1199.736
1199.736
1199.736
1199.736
1199.736
1199.736
1199.736
1199.736
1199.736
1199.736
1199.736
1199.736
1199.736
1199.736
1199.736
1199.736
1199.736
1199.736
1199.445
1199.683
1199.76
1199.741
1199.733
1199.735
1199.736
1199.736
1199.736
1199.736
1199.736
1199.736
1199.736
1199.736
1199.736
1199.736
1199.736
1199.736
1199.736
1199.736
1199.736
1199.736
1199.736
1199.736
1199.736
1199.736
1199.736
1199.736
1199.736
1199.736
1199.736
1199.736
1199.736
1199.736
1199.736
1199.736
1199.736
1199.736
1199.736
1199.736
1199.736
1199.736
1199.736
1199.736
1199.736
1199.736
1199.736
1199.736
1199.736
1199.736
1199.736
1199.736
1199.736
1199.736
1199.736
1199.736
1199.736
1199.736
1199.736
1199.736
1199.736
1199.736
1199.736
1199.736
1199.736
1199.736
1199.736
1199.736
1199.736
1199.736
1199.736
1199.736
1199.736
1199.736
1199.736
1199.736
1199.736
1199.736
1199.736
1199.736
1199.736
1199.736
1199.736
1199.736
1199.736
1199.736
1199.736
1199.736
1199.736
1199.736
1199.736
1199.736
1199.736
1199.736
1199.736
1199.736
1199.736
1199.736
1199.736
1199.736
1199.445
1199.683
1199.76
1199.741
1199.733
1199.735
1199.736
1199.736
1199.736
1199.736
1199.736
1199.736
1199.736
1199.736
1199.736
1199.736
1199.736
1199.736
1199.736
1199.736
1199.736
1199.736
1199.736
1199.736
1199.736
1199.736
1199.736
1199.736
1199.736
1199.736
1199.736
1199.736
1199.736
1199.736
1199.736
1199.736
1199.736
1199.736
1199.736
1199.736
1199.736
1199.736
1199.736
1199.736
1199.736
1199.736
1199.736
1199.736
1199.736
1199.736
1199.736
1199.736
1199.736
1199.736
1199.736
1199.736
1199.736
1199.736
1199.736
1199.736
1199.736
1199.736
1199.736
1199.736
1199.736
1199.736
1199.736
1199.736
1199.736
1199.736
1199.736
1199.736
1199.736
1199.736
1199.736
1199.736
1199.736
1199.736
1199.736
1199.736
1199.736
1199.736
1199.736
1199.736
1199.736
1199.736
1199.736
1199.736
1199.736
1199.736
1199.736
1199.736
1199.736
1199.736
1199.736
1199.736
1199.736
1199.736
1199.736
1199.736
1199.445
1199.683
1199.76
1199.741
1199.733
1199.735
1199.736
1199.736
1199.736
1199.736
1199.736
1199.736
1199.736
1199.736
1199.736
1199.736
1199.736
1199.736
1199.736
1199.736
1199.736
1199.736
1199.736
1199.736
1199.736
1199.736
1199.736
1199.736
1199.736
1199.736
1199.736
1199.736
1199.736
1199.736
1199.736
1199.736
1199.736
1199.736
1199.736
1199.736
1199.736
1199.736
1199.736
1199.736
1199.736
1199.736
1199.736
1199.736
1199.736
1199.736
1199.736
1199.736
1199.736
1199.736
1199.736
1199.736
1199.736
1199.736
1199.736
1199.736
1199.736
1199.736
1199.736
1199.736
1199.736
1199.736
1199.736
1199.736
1199.736
1199.736
1199.736
1199.736
1199.736
1199.736
1199.736
1199.736
1199.736
1199.736
1199.736
1199.736
1199.736
1199.736
1199.736
1199.736
1199.736
1199.736
1199.736
1199.736
1199.736
1199.736
1199.736
1199.736
1199.736
1199.736
1199.736
1199.736
1199.736
1199.736
1199.736
1199.736
1199.445
1199.683
1199.76
1199.741
1199.733
1199.735
1199.736
1199.736
1199.736
1199.736
1199.736
1199.736
1199.736
1199.736
1199.736
1199.736
1199.736
1199.736
1199.736
1199.736
1199.736
1199.736
1199.736
1199.736
1199.736
1199.736
1199.736
1199.736
1199.736
1199.736
1199.736
1199.736
1199.736
1199.736
1199.736
1199.736
1199.736
1199.736
1199.736
1199.736
1199.736
1199.736
1199.736
1199.736
1199.736
1199.736
1199.736
1199.736
1199.736
1199.736
1199.736
1199.736
1199.736
1199.736
1199.736
1199.736
1199.736
1199.736
1199.736
1199.736
1199.736
1199.736
1199.736
1199.736
1199.736
1199.736
1199.736
1199.736
1199.736
1199.736
1199.736
1199.736
1199.736
1199.736
1199.736
1199.736
1199.736
1199.736
1199.736
1199.736
1199.736
1199.736
1199.736
1199.736
1199.736
1199.736
1199.736
1199.736
1199.736
1199.736
1199.736
1199.736
1199.736
1199.736
1199.736
1199.736
1199.736
1199.736
1199.736
1199.736
1199.445
1199.683
1199.76
1199.741
1199.733
1199.735
1199.736
1199.736
1199.736
1199.736
1199.736
1199.736
1199.736
1199.736
1199.736
1199.736
1199.736
1199.736
1199.736
1199.736
1199.736
1199.736
1199.736
1199.736
1199.736
1199.736
1199.736
1199.736
1199.736
1199.736
1199.736
1199.736
1199.736
1199.736
1199.736
1199.736
1199.736
1199.736
1199.736
1199.736
1199.736
1199.736
1199.736
1199.736
1199.736
1199.736
1199.736
1199.736
1199.736
1199.736
1199.736
1199.736
1199.736
1199.736
1199.736
1199.736
1199.736
1199.736
1199.736
1199.736
1199.736
1199.736
1199.736
1199.736
1199.736
1199.736
1199.736
1199.736
1199.736
1199.736
1199.736
1199.736
1199.736
1199.736
1199.736
1199.736
1199.736
1199.736
1199.736
1199.736
1199.736
1199.736
1199.736
1199.736
1199.736
1199.736
1199.736
1199.736
1199.736
1199.736
1199.736
1199.736
1199.736
1199.736
1199.736
1199.736
1199.736
1199.736
1199.736
1199.736
1199.445
1199.683
1199.76
1199.741
1199.733
1199.735
1199.736
1199.736
1199.736
1199.736
1199.736
1199.736
1199.736
1199.736
1199.736
1199.736
1199.736
1199.736
1199.736
1199.736
1199.736
1199.736
1199.736
1199.736
1199.736
1199.736
1199.736
1199.736
1199.736
1199.736
1199.736
1199.736
1199.736
1199.736
1199.736
1199.736
1199.736
1199.736
1199.736
1199.736
1199.736
1199.736
1199.736
1199.736
1199.736
1199.736
1199.736
1199.736
1199.736
1199.736
1199.736
1199.736
1199.736
1199.736
1199.736
1199.736
1199.736
1199.736
1199.736
1199.736
1199.736
1199.736
1199.736
1199.736
1199.736
1199.736
1199.736
1199.736
1199.736
1199.736
1199.736
1199.736
1199.736
1199.736
1199.736
1199.736
1199.736
1199.736
1199.736
1199.736
1199.736
1199.736
1199.736
1199.736
1199.736
1199.736
1199.736
1199.736
1199.736
1199.736
1199.736
1199.736
1199.736
1199.736
1199.736
1199.736
1199.736
1199.736
1199.736
1199.736
1199.445
1199.683
1199.76
1199.741
1199.733
1199.735
1199.736
1199.736
1199.736
1199.736
1199.736
1199.736
1199.736
1199.736
1199.736
1199.736
1199.736
1199.736
1199.736
1199.736
1199.736
1199.736
1199.736
1199.736
1199.736
1199.736
1199.736
1199.736
1199.736
1199.736
1199.736
1199.736
1199.736
1199.736
1199.736
1199.736
1199.736
1199.736
1199.736
1199.736
1199.736
1199.736
1199.736
1199.736
1199.736
1199.736
1199.736
1199.736
1199.736
1199.736
1199.736
1199.736
1199.736
1199.736
1199.736
1199.736
1199.736
1199.736
1199.736
1199.736
1199.736
1199.736
1199.736
1199.736
1199.736
1199.736
1199.736
1199.736
1199.736
1199.736
1199.736
1199.736
1199.736
1199.736
1199.736
1199.736
1199.736
1199.736
1199.736
1199.736
1199.736
1199.736
1199.736
1199.736
1199.736
1199.736
1199.736
1199.736
1199.736
1199.736
1199.736
1199.736
1199.736
1199.736
1199.736
1199.736
1199.736
1199.736
1199.736
1199.736
1199.445
1199.683
1199.76
1199.741
1199.733
1199.735
1199.736
1199.736
1199.736
1199.736
1199.736
1199.736
1199.736
1199.736
1199.736
1199.736
1199.736
1199.736
1199.736
1199.736
1199.736
1199.736
1199.736
1199.736
1199.736
1199.736
1199.736
1199.736
1199.736
1199.736
1199.736
1199.736
1199.736
1199.736
1199.736
1199.736
1199.736
1199.736
1199.736
1199.736
1199.736
1199.736
1199.736
1199.736
1199.736
1199.736
1199.736
1199.736
1199.736
1199.736
1199.736
1199.736
1199.736
1199.736
1199.736
1199.736
1199.736
1199.736
1199.736
1199.736
1199.736
1199.736
1199.736
1199.736
1199.736
1199.736
1199.736
1199.736
1199.736
1199.736
1199.736
1199.736
1199.736
1199.736
1199.736
1199.736
1199.736
1199.736
1199.736
1199.736
1199.736
1199.736
1199.736
1199.736
1199.736
1199.736
1199.736
1199.736
1199.736
1199.736
1199.736
1199.736
1199.736
1199.736
1199.736
1199.736
1199.736
1199.736
1199.736
1199.736
1199.445
1199.683
1199.76
1199.741
1199.733
1199.735
1199.736
1199.736
1199.736
1199.736
1199.736
1199.736
1199.736
1199.736
1199.736
1199.736
1199.736
1199.736
1199.736
1199.736
1199.736
1199.736
1199.736
1199.736
1199.736
1199.736
1199.736
1199.736
1199.736
1199.736
1199.736
1199.736
1199.736
1199.736
1199.736
1199.736
1199.736
1199.736
1199.736
1199.736
1199.736
1199.736
1199.736
1199.736
1199.736
1199.736
1199.736
1199.736
1199.736
1199.736
1199.736
1199.736
1199.736
1199.736
1199.736
1199.736
1199.736
1199.736
1199.736
1199.736
1199.736
1199.736
1199.736
1199.736
1199.736
1199.736
1199.736
1199.736
1199.736
1199.736
1199.736
1199.736
1199.736
1199.736
1199.736
1199.736
1199.736
1199.736
1199.736
1199.736
1199.736
1199.736
1199.736
1199.736
1199.736
1199.736
1199.736
1199.736
1199.736
1199.736
1199.736
1199.736
1199.736
1199.736
1199.736
1199.736
1199.736
1199.736
1199.736
1199.736
1199.446
1199.683
1199.76
1199.741
1199.733
1199.735
1199.736
1199.736
1199.736
1199.736
1199.736
1199.736
1199.736
1199.736
1199.736
1199.736
1199.736
1199.736
1199.736
1199.736
1199.736
1199.736
1199.736
1199.736
1199.736
1199.736
1199.736
1199.736
1199.736
1199.736
1199.736
1199.736
1199.736
1199.736
1199.736
1199.736
1199.736
1199.736
1199.736
1199.736
1199.736
1199.736
1199.736
1199.736
1199.736
1199.736
1199.736
1199.736
1199.736
1199.736
1199.736
1199.736
1199.736
1199.736
1199.736
1199.736
1199.736
1199.736
1199.736
1199.736
1199.736
1199.736
1199.736
1199.736
1199.736
1199.736
1199.736
1199.736
1199.736
1199.736
1199.736
1199.736
1199.736
1199.736
1199.736
1199.736
1199.736
1199.736
1199.736
1199.736
1199.736
1199.736
1199.736
1199.736
1199.736
1199.736
1199.736
1199.736
1199.736
1199.736
1199.736
1199.736
1199.736
1199.736
1199.736
1199.736
1199.736
1199.736
1199.736
1199.735
1199.445
1199.683
1199.76
1199.741
1199.733
1199.735
1199.736
1199.736
1199.735
1199.736
1199.736
1199.736
1199.736
1199.736
1199.736
1199.736
1199.736
1199.736
1199.736
1199.736
1199.736
1199.736
1199.736
1199.736
1199.736
1199.736
1199.736
1199.736
1199.736
1199.736
1199.736
1199.736
1199.736
1199.736
1199.736
1199.736
1199.736
1199.736
1199.736
1199.736
1199.736
1199.736
1199.736
1199.736
1199.736
1199.736
1199.736
1199.736
1199.736
1199.736
1199.736
1199.736
1199.736
1199.736
1199.736
1199.736
1199.736
1199.736
1199.736
1199.736
1199.736
1199.736
1199.736
1199.736
1199.736
1199.736
1199.736
1199.736
1199.736
1199.736
1199.736
1199.736
1199.736
1199.736
1199.736
1199.736
1199.736
1199.736
1199.736
1199.736
1199.736
1199.737
1199.737
1199.737
1199.737
1199.737
1199.737
1199.737
1199.737
1199.737
1199.737
1199.737
1199.737
1199.737
1199.737
1199.737
1199.737
1199.737
1199.737
1199.737
1199.446
1199.684
1199.761
1199.742
1199.735
1199.737
1199.738
1199.738
1199.738
1199.738
1199.739
1199.739
1199.739
1199.74
1199.74
1199.74
1199.74
1199.741
1199.741
1199.741
1199.741
1199.742
1199.742
1199.742
1199.742
1199.743
1199.743
1199.743
1199.743
1199.744
1199.744
1199.744
1199.744
1199.745
1199.745
1199.745
1199.745
1199.746
1199.746
1199.746
1199.746
1199.747
1199.747
1199.747
1199.747
1199.748
1199.748
1199.748
1199.748
1199.749
1199.749
1199.749
1199.749
1199.75
1199.75
1199.75
1199.75
1199.751
1199.751
1199.751
1199.751
1199.752
1199.752
1199.752
1199.752
1199.753
1199.753
1199.753
1199.753
1199.754
1199.754
1199.754
1199.754
1199.755
1199.755
1199.755
1199.755
1199.755
1199.756
1199.756
1199.756
1199.756
1199.757
1199.757
1199.757
1199.757
1199.758
1199.758
1199.758
1199.758
1199.758
1199.759
1199.759
1199.759
1199.759
1199.76
1199.76
1199.76
1199.76
1199.76
)
;

boundaryField
{
    bottomAir_bottom
    {
        type            symmetryPlane;
    }
    leftLet
    {
        type            fixedValue;
        value           uniform 1200;
    }
    rightLet
    {
        type            zeroGradient;
    }
    frontAndBack
    {
        type            empty;
    }
    bottomAir_to_wall
    {
        type            compressible::turbulentTemperatureCoupledBaffleMixed;
        refValue        nonuniform List<scalar> 
100
(
1177.032
1177.148
1177.211
1177.219
1177.219
1177.221
1177.223
1177.224
1177.224
1177.225
1177.225
1177.226
1177.226
1177.226
1177.227
1177.227
1177.227
1177.228
1177.228
1177.228
1177.228
1177.229
1177.229
1177.229
1177.229
1177.23
1177.23
1177.23
1177.23
1177.231
1177.231
1177.231
1177.231
1177.232
1177.232
1177.232
1177.232
1177.233
1177.233
1177.233
1177.233
1177.234
1177.234
1177.234
1177.234
1177.234
1177.235
1177.235
1177.235
1177.235
1177.236
1177.236
1177.236
1177.236
1177.237
1177.237
1177.237
1177.237
1177.238
1177.238
1177.238
1177.238
1177.239
1177.239
1177.239
1177.239
1177.239
1177.24
1177.24
1177.24
1177.24
1177.241
1177.241
1177.241
1177.241
1177.242
1177.242
1177.242
1177.242
1177.242
1177.243
1177.243
1177.243
1177.243
1177.244
1177.244
1177.244
1177.244
1177.244
1177.245
1177.245
1177.245
1177.245
1177.245
1177.246
1177.246
1177.246
1177.246
1177.246
1177.246
)
;
        refGradient     uniform 0;
        valueFraction   nonuniform List<scalar> 
100
(
0.001165307
0.001165307
0.001165307
0.001165307
0.001165307
0.001165307
0.001165307
0.001165307
0.001165307
0.001165307
0.001165307
0.001165307
0.001165307
0.001165307
0.001165307
0.001165307
0.001165307
0.001165307
0.001165307
0.001165307
0.001165307
0.001165307
0.001165307
0.001165307
0.001165307
0.001165307
0.001165307
0.001165307
0.001165307
0.001165307
0.001165307
0.001165307
0.001165307
0.001165307
0.001165307
0.001165307
0.001165307
0.001165307
0.001165307
0.001165307
0.001165307
0.001165307
0.001165307
0.001165307
0.001165307
0.001165307
0.001165307
0.001165307
0.001165307
0.001165307
0.001165307
0.001165307
0.001165307
0.001165307
0.001165307
0.001165307
0.001165307
0.001165307
0.001165307
0.001165307
0.001165307
0.001165307
0.001165307
0.001165307
0.001165307
0.001165307
0.001165307
0.001165307
0.001165307
0.001165307
0.001165307
0.001165307
0.001165307
0.001165307
0.001165307
0.001165307
0.001165307
0.001165307
0.001165307
0.001165307
0.001165307
0.001165307
0.001165307
0.001165307
0.001165307
0.001165307
0.001165307
0.001165307
0.001165307
0.001165307
0.001165307
0.001165307
0.001165307
0.001165307
0.001165307
0.001165307
0.001165307
0.001165307
0.001165307
0.001165307
)
;
        value           nonuniform List<scalar> 
100
(
1199.42
1199.658
1199.735
1199.716
1199.708
1199.711
1199.712
1199.712
1199.712
1199.712
1199.713
1199.713
1199.713
1199.713
1199.714
1199.714
1199.714
1199.714
1199.715
1199.715
1199.715
1199.715
1199.716
1199.716
1199.716
1199.716
1199.717
1199.717
1199.717
1199.717
1199.718
1199.718
1199.718
1199.718
1199.719
1199.719
1199.719
1199.719
1199.72
1199.72
1199.72
1199.72
1199.721
1199.721
1199.721
1199.721
1199.722
1199.722
1199.722
1199.722
1199.723
1199.723
1199.723
1199.723
1199.724
1199.724
1199.724
1199.724
1199.725
1199.725
1199.725
1199.725
1199.726
1199.726
1199.726
1199.726
1199.727
1199.727
1199.727
1199.727
1199.728
1199.728
1199.728
1199.728
1199.729
1199.729
1199.729
1199.729
1199.729
1199.73
1199.73
1199.73
1199.73
1199.731
1199.731
1199.731
1199.731
1199.732
1199.732
1199.732
1199.732
1199.732
1199.733
1199.733
1199.733
1199.733
1199.733
1199.734
1199.734
1199.734
)
;
        Tnbr            T;
        thicknessLayers 0();
        kappaLayers     0();
        kappa           fluidThermo;
        kappaName       none;
    }
}


// ************************************************************************* //
