/*--------------------------------*- C++ -*----------------------------------*\
| =========                 |                                                 |
| \\      /  F ield         | OpenFOAM: The Open Source CFD Toolbox           |
|  \\    /   O peration     | Version:  2.3.0                                 |
|   \\  /    A nd           | Web:      www.OpenFOAM.org                      |
|    \\/     M anipulation  |                                                 |
\*---------------------------------------------------------------------------*/
FoamFile
{
    version     2.0;
    format      ascii;
    class       surfaceScalarField;
    location    "9800/topAir";
    object      phi;
}
// * * * * * * * * * * * * * * * * * * * * * * * * * * * * * * * * * * * * * //

dimensions      [1 0 -1 0 0 0 0];

internalField   nonuniform List<scalar> 
7860
(
0.009442716
4.801594e-06
0.009438485
4.232452e-06
0.009435113
3.374709e-06
0.009431658
3.456914e-06
0.00942806
3.600087e-06
0.009424417
3.643239e-06
0.009420746
3.67188e-06
0.009417042
3.703905e-06
0.009413311
3.731019e-06
0.009409559
3.752426e-06
0.009405789
3.770014e-06
0.009402004
3.784698e-06
0.009398207
3.796943e-06
0.009394399
3.807189e-06
0.009390583
3.815804e-06
0.00938676
3.823074e-06
0.00938293
3.829222e-06
0.009379096
3.834426e-06
0.009375257
3.838831e-06
0.009371414
3.842554e-06
0.009367568
3.845691e-06
0.00936372
3.848321e-06
0.009359869
3.850511e-06
0.009356016
3.852315e-06
0.009352162
3.853781e-06
0.009348307
3.854948e-06
0.009344451
3.85585e-06
0.009340595
3.856515e-06
0.009336737
3.856969e-06
0.00933288
3.857234e-06
0.009329023
3.857328e-06
0.009325165
3.857268e-06
0.009321308
3.857068e-06
0.009317451
3.856741e-06
0.009313595
3.856298e-06
0.009309739
3.855748e-06
0.009305884
3.855101e-06
0.009302029
3.854363e-06
0.009298176
3.853541e-06
0.009294323
3.852641e-06
0.009290471
3.851669e-06
0.00928662
3.850627e-06
0.009282771
3.849521e-06
0.009278922
3.848353e-06
0.009275075
3.847126e-06
0.009271229
3.845842e-06
0.009267385
3.844504e-06
0.009263542
3.843111e-06
0.0092597
3.841666e-06
0.00925586
3.840169e-06
0.009252021
3.83862e-06
0.009248184
3.837019e-06
0.009244349
3.835364e-06
0.009240515
3.833656e-06
0.009236683
3.831892e-06
0.009232853
3.83007e-06
0.009229025
3.828189e-06
0.009225198
3.826245e-06
0.009221374
3.824235e-06
0.009217552
3.822155e-06
0.009213732
3.820001e-06
0.009209914
3.817767e-06
0.009206099
3.815447e-06
0.009202285
3.813035e-06
0.009198475
3.810522e-06
0.009194667
3.8079e-06
0.009190862
3.805159e-06
0.009187059
3.802288e-06
0.00918326
3.799273e-06
0.009179464
3.796101e-06
0.009175671
3.792753e-06
0.009171882
3.789211e-06
0.009168097
3.785452e-06
0.009164315
3.781451e-06
0.009160538
3.777178e-06
0.009156765
3.772599e-06
0.009152998
3.767672e-06
0.009149235
3.76235e-06
0.009145479
3.756576e-06
0.009141728
3.750283e-06
0.009137985
3.743387e-06
0.009134249
3.73579e-06
0.009130522
3.72737e-06
0.009126804
3.717973e-06
0.009123096
3.707409e-06
0.009119401
3.695433e-06
0.009115719
3.681726e-06
0.009112053
3.665867e-06
0.009108406
3.647285e-06
0.009104781
3.625186e-06
0.009101182
3.598427e-06
0.009097617
3.565306e-06
0.009094094
3.523166e-06
0.009090626
3.467639e-06
0.009087235
3.391206e-06
0.009083955
3.279679e-06
0.009080848
3.107072e-06
0.009078037
2.811379e-06
0.009075735
2.301112e-06
1.159505e-06
0.009452588
6.63719e-07
0.00945414
2.68234e-06
0.009454624
2.893187e-06
0.009455125
2.958157e-06
0.009455589
3.138195e-06
0.009455966
3.267195e-06
0.009456285
3.353543e-06
0.009456564
3.424292e-06
0.009456813
3.482778e-06
0.009457035
3.53024e-06
0.009457235
3.569442e-06
0.009457417
3.602407e-06
0.009457584
3.630415e-06
0.009457736
3.654426e-06
0.009457876
3.675197e-06
0.009458006
3.693306e-06
0.009458126
3.709205e-06
0.009458237
3.723248e-06
0.00945834
3.735721e-06
0.009458435
3.746854e-06
0.009458524
3.756835e-06
0.009458606
3.76582e-06
0.009458682
3.773937e-06
0.009458753
3.781295e-06
0.009458819
3.787985e-06
0.009458879
3.794083e-06
0.009458936
3.799657e-06
0.009458987
3.804764e-06
0.009459035
3.809451e-06
0.009459078
3.813763e-06
0.009459117
3.817735e-06
0.009459153
3.821399e-06
0.009459185
3.824785e-06
0.009459214
3.827917e-06
0.009459239
3.830816e-06
0.009459261
3.833501e-06
0.00945928
3.83599e-06
0.009459296
3.838297e-06
0.009459309
3.840435e-06
0.00945932
3.842415e-06
0.009459327
3.844247e-06
0.009459332
3.84594e-06
0.009459333
3.847501e-06
0.009459333
3.848937e-06
0.00945933
3.850253e-06
0.009459324
3.851453e-06
0.009459316
3.85254e-06
0.009459305
3.853518e-06
0.009459293
3.854388e-06
0.009459278
3.855151e-06
0.00945926
3.855807e-06
0.009459241
3.856356e-06
0.009459219
3.856797e-06
0.009459196
3.857126e-06
0.00945917
3.857342e-06
0.009459143
3.85744e-06
0.009459114
3.857416e-06
0.009459083
3.857264e-06
0.00945905
3.856977e-06
0.009459016
3.856547e-06
0.00945898
3.855965e-06
0.009458942
3.855221e-06
0.009458903
3.854303e-06
0.009458863
3.853198e-06
0.009458822
3.851889e-06
0.009458779
3.850359e-06
0.009458736
3.848589e-06
0.009458691
3.846555e-06
0.009458646
3.844233e-06
0.009458601
3.841592e-06
0.009458555
3.838599e-06
0.009458509
3.835216e-06
0.009458463
3.831398e-06
0.009458417
3.827096e-06
0.009458372
3.822249e-06
0.009458328
3.816789e-06
0.009458285
3.810636e-06
0.009458244
3.803696e-06
0.009458204
3.795856e-06
0.009458168
3.786982e-06
0.009458134
3.776915e-06
0.009458104
3.765458e-06
0.009458079
3.752373e-06
0.00945806
3.737364e-06
0.009458047
3.72006e-06
0.009458043
3.69999e-06
0.009458048
3.676545e-06
0.009458065
3.64893e-06
0.009458096
3.616079e-06
0.009458144
3.576542e-06
0.009458215
3.528294e-06
0.009458311
3.468433e-06
0.009458442
3.392702e-06
0.009458615
3.294649e-06
0.009458842
3.164281e-06
0.009459136
2.985468e-06
0.009459511
2.732525e-06
0.009459962
2.359511e-06
0.009460461
1.802245e-06
8.967113e-07
0.009449712
9.68132e-07
0.009450523
1.873433e-06
0.009451142
2.276525e-06
0.009451604
2.498104e-06
0.009452018
2.726436e-06
0.009452382
2.904232e-06
0.009452704
3.031365e-06
0.009452997
3.131857e-06
0.009453265
3.21434e-06
0.009453513
3.282025e-06
0.009453744
3.338247e-06
0.009453961
3.385664e-06
0.009454165
3.42608e-06
0.009454358
3.460827e-06
0.009454543
3.490939e-06
0.009454718
3.517222e-06
0.009454887
3.540305e-06
0.009455049
3.560692e-06
0.009455206
3.578787e-06
0.009455358
3.594921e-06
0.009455505
3.609363e-06
0.009455648
3.622339e-06
0.009455788
3.634037e-06
0.009455924
3.644613e-06
0.009456058
3.654201e-06
0.009456189
3.662916e-06
0.009456318
3.670855e-06
0.009456444
3.6781e-06
0.009456569
3.684726e-06
0.009456692
3.690795e-06
0.009456813
3.696361e-06
0.009456933
3.701473e-06
0.009457051
3.706172e-06
0.009457168
3.710495e-06
0.009457285
3.714475e-06
0.0094574
3.718139e-06
0.009457514
3.721513e-06
0.009457628
3.724619e-06
0.009457741
3.727476e-06
0.009457853
3.730101e-06
0.009457965
3.732509e-06
0.009458076
3.734713e-06
0.009458187
3.736724e-06
0.009458297
3.738552e-06
0.009458407
3.740203e-06
0.009458517
3.741686e-06
0.009458626
3.743005e-06
0.009458735
3.744164e-06
0.009458844
3.745166e-06
0.009458954
3.746012e-06
0.009459063
3.746703e-06
0.009459172
3.747239e-06
0.009459281
3.747617e-06
0.00945939
3.747834e-06
0.009459499
3.747886e-06
0.009459609
3.747767e-06
0.009459719
3.747471e-06
0.009459829
3.746989e-06
0.00945994
3.746311e-06
0.009460051
3.745425e-06
0.009460163
3.74432e-06
0.009460275
3.742978e-06
0.009460388
3.741383e-06
0.009460501
3.739515e-06
0.009460616
3.737352e-06
0.009460731
3.734867e-06
0.009460848
3.732032e-06
0.009460966
3.728814e-06
0.009461085
3.725175e-06
0.009461205
3.721072e-06
0.009461327
3.716458e-06
0.009461451
3.711275e-06
0.009461577
3.705461e-06
0.009461705
3.698942e-06
0.009461836
3.691631e-06
0.009461969
3.683432e-06
0.009462105
3.674227e-06
0.009462245
3.663882e-06
0.009462389
3.652235e-06
0.009462537
3.639097e-06
0.009462689
3.62424e-06
0.009462847
3.607387e-06
0.009463011
3.588203e-06
0.009463183
3.566274e-06
0.009463362
3.541087e-06
0.009463549
3.511995e-06
0.009463748
3.478174e-06
0.009463958
3.438561e-06
0.009464182
3.391759e-06
0.009464423
3.335907e-06
0.009464683
3.268484e-06
0.009464965
3.186007e-06
0.009465274
3.083595e-06
0.009465615
2.954282e-06
0.009465991
2.788053e-06
0.009466406
2.570364e-06
0.009466858
2.280645e-06
0.009467327
1.889987e-06
0.009467765
1.364842e-06
6.759248e-07
0.00945077
6.259825e-07
0.009451181
1.464177e-06
0.00945154
1.92017e-06
0.009451861
2.179201e-06
0.009452178
2.411506e-06
0.009452479
2.604093e-06
0.009452758
2.752398e-06
0.009453018
2.871943e-06
0.009453262
2.971301e-06
0.009453489
3.054215e-06
0.009453703
3.123946e-06
0.009453906
3.183232e-06
0.009454097
3.23408e-06
0.00945428
3.278007e-06
0.009454455
3.316213e-06
0.009454622
3.349646e-06
0.009454783
3.379064e-06
0.009454938
3.405078e-06
0.009455089
3.428184e-06
0.009455235
3.448792e-06
0.009455376
3.467238e-06
0.009455515
3.483804e-06
0.00945565
3.498727e-06
0.009455782
3.512205e-06
0.009455912
3.524409e-06
0.009456039
3.535484e-06
0.009456164
3.545554e-06
0.009456287
3.554726e-06
0.009456409
3.563094e-06
0.009456529
3.570738e-06
0.009456647
3.577729e-06
0.009456764
3.584128e-06
0.00945688
3.589991e-06
0.009456996
3.595364e-06
0.00945711
3.600289e-06
0.009457223
3.604803e-06
0.009457335
3.608939e-06
0.009457447
3.612725e-06
0.009457558
3.616187e-06
0.009457669
3.619345e-06
0.009457779
3.622221e-06
0.009457889
3.62483e-06
0.009457998
3.627187e-06
0.009458108
3.629304e-06
0.009458217
3.631192e-06
0.009458325
3.63286e-06
0.009458434
3.634313e-06
0.009458543
3.635558e-06
0.009458651
3.636597e-06
0.00945876
3.637434e-06
0.009458868
3.638068e-06
0.009458977
3.638498e-06
0.009459086
3.638722e-06
0.009459195
3.638737e-06
0.009459304
3.638536e-06
0.009459414
3.638111e-06
0.009459524
3.637455e-06
0.009459634
3.636556e-06
0.009459745
3.635402e-06
0.009459856
3.633976e-06
0.009459968
3.632262e-06
0.009460081
3.630241e-06
0.009460194
3.627889e-06
0.009460309
3.62518e-06
0.009460424
3.622086e-06
0.00946054
3.618573e-06
0.009460658
3.614603e-06
0.009460776
3.610133e-06
0.009460896
3.605116e-06
0.009461018
3.599495e-06
0.009461141
3.593208e-06
0.009461266
3.586184e-06
0.009461393
3.578339e-06
0.009461523
3.56958e-06
0.009461654
3.559797e-06
0.009461789
3.548864e-06
0.009461927
3.536634e-06
0.009462067
3.522934e-06
0.009462212
3.507563e-06
0.009462361
3.49028e-06
0.009462514
3.4708e-06
0.009462673
3.44878e-06
0.009462837
3.423806e-06
0.009463008
3.39537e-06
0.009463186
3.362851e-06
0.009463373
3.325475e-06
0.009463569
3.282268e-06
0.009463775
3.231998e-06
0.009463994
3.173083e-06
0.009464226
3.103469e-06
0.009464474
3.020467e-06
0.00946474
2.920518e-06
0.009465025
2.798886e-06
0.00946533
2.649246e-06
0.009465654
2.463198e-06
0.009465995
2.229759e-06
0.00946634
1.935128e-06
0.009466667
1.563421e-06
0.009466933
1.098907e-06
5.415463e-07
0.009450632
6.612587e-07
0.009450865
1.233313e-06
0.00945118
1.606965e-06
0.009451486
1.876414e-06
0.009451782
2.11648e-06
0.009452067
2.320659e-06
0.009452334
2.485329e-06
0.009452585
2.620922e-06
0.009452822
2.734906e-06
0.009453045
2.83118e-06
0.009453255
2.91296e-06
0.009453455
2.983002e-06
0.009453646
3.043431e-06
0.009453828
3.095894e-06
0.009454002
3.141707e-06
0.00945417
3.181928e-06
0.009454331
3.217413e-06
0.009454487
3.248857e-06
0.009454638
3.276833e-06
0.009454785
3.301815e-06
0.009454928
3.324196e-06
0.009455067
3.344307e-06
0.009455203
3.362428e-06
0.009455336
3.378795e-06
0.009455467
3.393612e-06
0.009455595
3.407051e-06
0.009455721
3.419262e-06
0.009455845
3.430374e-06
0.009455968
3.440501e-06
0.009456089
3.449739e-06
0.009456208
3.458176e-06
0.009456326
3.465885e-06
0.009456443
3.472933e-06
0.009456559
3.479378e-06
0.009456674
3.485272e-06
0.009456788
3.490658e-06
0.009456901
3.495579e-06
0.009457014
3.500067e-06
0.009457126
3.504155e-06
0.009457237
3.507869e-06
0.009457348
3.511233e-06
0.009457459
3.514269e-06
0.009457569
3.516993e-06
0.009457679
3.51942e-06
0.009457788
3.521565e-06
0.009457897
3.523437e-06
0.009458007
3.525046e-06
0.009458116
3.526396e-06
0.009458225
3.527494e-06
0.009458334
3.528341e-06
0.009458443
3.528938e-06
0.009458552
3.529285e-06
0.009458661
3.529377e-06
0.009458771
3.529211e-06
0.009458881
3.52878e-06
0.009458991
3.528074e-06
0.009459101
3.527083e-06
0.009459212
3.525793e-06
0.009459323
3.524189e-06
0.009459434
3.522252e-06
0.009459547
3.519962e-06
0.00945966
3.517294e-06
0.009459773
3.514221e-06
0.009459888
3.51071e-06
0.009460003
3.506728e-06
0.009460119
3.502232e-06
0.009460237
3.497178e-06
0.009460355
3.491514e-06
0.009460475
3.485181e-06
0.009460597
3.478112e-06
0.00946072
3.470232e-06
0.009460844
3.461455e-06
0.009460971
3.451681e-06
0.0094611
3.440798e-06
0.009461231
3.428676e-06
0.009461364
3.415163e-06
0.009461501
3.400087e-06
0.009461641
3.383244e-06
0.009461784
3.364397e-06
0.009461931
3.343265e-06
0.009462082
3.319518e-06
0.009462238
3.29276e-06
0.009462399
3.262519e-06
0.009462566
3.228223e-06
0.00946274
3.189175e-06
0.009462921
3.144524e-06
0.00946311
3.093215e-06
0.009463308
3.033939e-06
0.009463516
2.965053e-06
0.009463735
2.884483e-06
0.009463966
2.789604e-06
0.009464209
2.677077e-06
0.009464465
2.542669e-06
0.009464734
2.381057e-06
0.009465011
2.185668e-06
0.009465292
1.9487e-06
0.009465566
1.66149e-06
0.009465813
1.316176e-06
0.009466005
9.07184e-07
4.448605e-07
0.009451081
4.870029e-07
0.009451293
1.023235e-06
0.009451525
1.377412e-06
0.00945176
1.643544e-06
0.009451996
1.882511e-06
0.009452228
2.088829e-06
0.009452454
2.259992e-06
0.009452672
2.403754e-06
0.00945288
2.526237e-06
0.00945308
2.631007e-06
0.009453272
2.721009e-06
0.009453456
2.798801e-06
0.009453633
2.866425e-06
0.009453803
2.92551e-06
0.009453967
2.977379e-06
0.009454126
3.023117e-06
0.009454279
3.063616e-06
0.009454428
3.099611e-06
0.009454573
3.131714e-06
0.009454714
3.160436e-06
0.009454852
3.186208e-06
0.009454987
3.209395e-06
0.009455119
3.230306e-06
0.009455248
3.249205e-06
0.009455375
3.266319e-06
0.0094555
3.281844e-06
0.009455623
3.295949e-06
0.009455745
3.308782e-06
0.009455865
3.320471e-06
0.009455983
3.331128e-06
0.0094561
3.340851e-06
0.009456216
3.349726e-06
0.009456331
3.357831e-06
0.009456445
3.365231e-06
0.009456559
3.371986e-06
0.009456671
3.378148e-06
0.009456783
3.383764e-06
0.009456894
3.388875e-06
0.009457004
3.393516e-06
0.009457114
3.397718e-06
0.009457224
3.401511e-06
0.009457333
3.404916e-06
0.009457442
3.407957e-06
0.009457551
3.410649e-06
0.00945766
3.413009e-06
0.009457768
3.415048e-06
0.009457876
3.416777e-06
0.009457984
3.418203e-06
0.009458092
3.419331e-06
0.0094582
3.420165e-06
0.009458309
3.420705e-06
0.009458417
3.420949e-06
0.009458525
3.420895e-06
0.009458634
3.420537e-06
0.009458743
3.419867e-06
0.009458852
3.418873e-06
0.009458962
3.417544e-06
0.009459071
3.415864e-06
0.009459182
3.413814e-06
0.009459293
3.411374e-06
0.009459404
3.408518e-06
0.009459516
3.405218e-06
0.009459629
3.401443e-06
0.009459742
3.397155e-06
0.009459857
3.392313e-06
0.009459972
3.38687e-06
0.009460088
3.380774e-06
0.009460206
3.373964e-06
0.009460325
3.366373e-06
0.009460445
3.357923e-06
0.009460567
3.348528e-06
0.00946069
3.338088e-06
0.009460815
3.32649e-06
0.009460942
3.313606e-06
0.009461072
3.299288e-06
0.009461203
3.283364e-06
0.009461338
3.26564e-06
0.009461475
3.245886e-06
0.009461616
3.223838e-06
0.00946176
3.199185e-06
0.009461908
3.171563e-06
0.00946206
3.140541e-06
0.009462217
3.105607e-06
0.009462379
3.06615e-06
0.009462546
3.021436e-06
0.00946272
2.970577e-06
0.009462901
2.9125e-06
0.009463089
2.845891e-06
0.009463285
2.769148e-06
0.009463489
2.680306e-06
0.009463702
2.576958e-06
0.009463923
2.456171e-06
0.009464151
2.314405e-06
0.009464384
2.147466e-06
0.00946462
1.950555e-06
0.00946485
1.71851e-06
0.009465065
1.446325e-06
0.00946525
1.13065e-06
0.009465387
7.704525e-07
3.761138e-07
0.009451114
4.788003e-07
0.009451235
9.045341e-07
0.009451409
1.205626e-06
0.0094516
1.454792e-06
0.009451801
1.68306e-06
0.009452007
1.883866e-06
0.009452212
2.055125e-06
0.009452414
2.202218e-06
0.009452611
2.329608e-06
0.009452802
2.440116e-06
0.009452986
2.536204e-06
0.009453165
2.620086e-06
0.009453337
2.69361e-06
0.009453504
2.758295e-06
0.009453666
2.815414e-06
0.009453823
2.86603e-06
0.009453975
2.911033e-06
0.009454123
2.951172e-06
0.009454268
2.987076e-06
0.009454409
3.019281e-06
0.009454547
3.048238e-06
0.009454681
3.074336e-06
0.009454814
3.097906e-06
0.009454943
3.119233e-06
0.009455071
3.138564e-06
0.009455196
3.156112e-06
0.00945532
3.172063e-06
0.009455442
3.18658e-06
0.009455563
3.199804e-06
0.009455682
3.21186e-06
0.0094558
3.222858e-06
0.009455916
3.232893e-06
0.009456032
3.242051e-06
0.009456147
3.250407e-06
0.009456261
3.258029e-06
0.009456374
3.264974e-06
0.009456486
3.271295e-06
0.009456598
3.277038e-06
0.009456709
3.282244e-06
0.00945682
3.286949e-06
0.00945693
3.291184e-06
0.00945704
3.294976e-06
0.009457149
3.298349e-06
0.009457259
3.301324e-06
0.009457368
3.303917e-06
0.009457477
3.306142e-06
0.009457585
3.308012e-06
0.009457694
3.309534e-06
0.009457802
3.310715e-06
0.009457911
3.311557e-06
0.00945802
3.312063e-06
0.009458128
3.312231e-06
0.009458237
3.312056e-06
0.009458346
3.311532e-06
0.009458455
3.310651e-06
0.009458565
3.3094e-06
0.009458674
3.307765e-06
0.009458784
3.305729e-06
0.009458895
3.30327e-06
0.009459006
3.300365e-06
0.009459117
3.296985e-06
0.009459229
3.293099e-06
0.009459342
3.28867e-06
0.009459456
3.283658e-06
0.00945957
3.278016e-06
0.009459685
3.27169e-06
0.009459801
3.264622e-06
0.009459918
3.256745e-06
0.009460037
3.247982e-06
0.009460156
3.238248e-06
0.009460277
3.227446e-06
0.0094604
3.215466e-06
0.009460524
3.202184e-06
0.00946065
3.187456e-06
0.009460779
3.171121e-06
0.009460909
3.152992e-06
0.009461042
3.132857e-06
0.009461177
3.110468e-06
0.009461315
3.08554e-06
0.009461457
3.057743e-06
0.009461602
3.026691e-06
0.00946175
2.991931e-06
0.009461903
2.952933e-06
0.00946206
2.90907e-06
0.009462222
2.859599e-06
0.009462389
2.803637e-06
0.009462561
2.740134e-06
0.009462739
2.667835e-06
0.009462923
2.585243e-06
0.009463113
2.490577e-06
0.009463308
2.381729e-06
0.009463508
2.256228e-06
0.009463711
2.111235e-06
0.009463915
1.943581e-06
0.009464115
1.749903e-06
0.009464307
1.52695e-06
0.009464481
1.272084e-06
0.009464627
9.844307e-07
0.009464733
6.651154e-07
3.233269e-07
0.009451352
3.981544e-07
0.009451471
7.883723e-07
0.009451617
1.061541e-06
0.009451781
1.293324e-06
0.009451955
1.510683e-06
0.009452134
1.705416e-06
0.009452315
1.874844e-06
0.009452495
2.022832e-06
0.009452671
2.152696e-06
0.009452845
2.26665e-06
0.009453014
2.366739e-06
0.009453179
2.454875e-06
0.00945334
2.5327e-06
0.009453496
2.60161e-06
0.009453649
2.662795e-06
0.009453797
2.717272e-06
0.009453942
2.765906e-06
0.009454084
2.809436e-06
0.009454222
2.848491e-06
0.009454357
2.883611e-06
0.00945449
2.915259e-06
0.009454621
2.943834e-06
0.009454749
2.969681e-06
0.009454874
2.993099e-06
0.009454999
3.014346e-06
0.009455121
3.033651e-06
0.009455242
3.051209e-06
0.009455361
3.067196e-06
0.009455479
3.081763e-06
0.009455595
3.095044e-06
0.009455711
3.107158e-06
0.009455825
3.11821e-06
0.009455939
3.128292e-06
0.009456052
3.137487e-06
0.009456164
3.145866e-06
0.009456275
3.153496e-06
0.009456386
3.160433e-06
0.009456496
3.166727e-06
0.009456606
3.172424e-06
0.009456715
3.177562e-06
0.009456824
3.182177e-06
0.009456933
3.186299e-06
0.009457041
3.189953e-06
0.009457149
3.193163e-06
0.009457257
3.195946e-06
0.009457365
3.19832e-06
0.009457473
3.200296e-06
0.00945758
3.201883e-06
0.009457688
3.203089e-06
0.009457795
3.203918e-06
0.009457903
3.20437e-06
0.009458011
3.204444e-06
0.009458119
3.204136e-06
0.009458227
3.203438e-06
0.009458335
3.20234e-06
0.009458443
3.200829e-06
0.009458552
3.19889e-06
0.009458661
3.196503e-06
0.009458771
3.193644e-06
0.009458881
3.190287e-06
0.009458992
3.186402e-06
0.009459103
3.181953e-06
0.009459214
3.176901e-06
0.009459327
3.171199e-06
0.00945944
3.164797e-06
0.009459554
3.157637e-06
0.009459669
3.149654e-06
0.009459785
3.140775e-06
0.009459902
3.130917e-06
0.00946002
3.119987e-06
0.00946014
3.10788e-06
0.009460261
3.094476e-06
0.009460383
3.079643e-06
0.009460507
3.063227e-06
0.009460634
3.045054e-06
0.009460762
3.024928e-06
0.009460892
3.002622e-06
0.009461024
2.977877e-06
0.009461159
2.950397e-06
0.009461297
2.919839e-06
0.009461438
2.885806e-06
0.009461582
2.847839e-06
0.00946173
2.805404e-06
0.009461881
2.757879e-06
0.009462036
2.704537e-06
0.009462195
2.644529e-06
0.009462358
2.576863e-06
0.009462526
2.500378e-06
0.009462697
2.413727e-06
0.009462872
2.315349e-06
0.009463051
2.203462e-06
0.009463231
2.076059e-06
0.009463411
1.930947e-06
0.009463589
1.765822e-06
0.00946376
1.578435e-06
0.00946392
1.36688e-06
0.009464062
1.129984e-06
0.009464179
8.681111e-07
0.009464261
5.831282e-07
2.823859e-07
0.009451445
3.740071e-07
0.009451526
7.092211e-07
0.00945164
9.505572e-07
0.00945177
1.164717e-06
0.009451914
1.368595e-06
0.009452067
1.553682e-06
0.009452225
1.71745e-06
0.009452385
1.862724e-06
0.009452546
1.991887e-06
0.009452706
2.106562e-06
0.009452864
2.20835e-06
0.00945302
2.298813e-06
0.009453173
2.37934e-06
0.009453323
2.451146e-06
0.009453471
2.515296e-06
0.009453615
2.57272e-06
0.009453756
2.624226e-06
0.009453895
2.670514e-06
0.009454031
2.712191e-06
0.009454165
2.749785e-06
0.009454296
2.783754e-06
0.009454425
2.814497e-06
0.009454552
2.842361e-06
0.009454677
2.86765e-06
0.009454801
2.89063e-06
0.009454923
2.911536e-06
0.009455043
2.930571e-06
0.009455162
2.947917e-06
0.00945528
2.963735e-06
0.009455397
2.978164e-06
0.009455513
2.991331e-06
0.009455628
3.003346e-06
0.009455741
3.014308e-06
0.009455854
3.024305e-06
0.009455967
3.033415e-06
0.009456079
3.041706e-06
0.00945619
3.04924e-06
0.0094563
3.056073e-06
0.00945641
3.062251e-06
0.00945652
3.067818e-06
0.009456629
3.072811e-06
0.009456738
3.077263e-06
0.009456847
3.081202e-06
0.009456955
3.084653e-06
0.009457064
3.087636e-06
0.009457172
3.090168e-06
0.00945728
3.092262e-06
0.009457387
3.09393e-06
0.009457495
3.095178e-06
0.009457603
3.096011e-06
0.009457711
3.096429e-06
0.009457819
3.096432e-06
0.009457927
3.096014e-06
0.009458035
3.095168e-06
0.009458144
3.093883e-06
0.009458252
3.092144e-06
0.009458361
3.089934e-06
0.009458471
3.087233e-06
0.00945858
3.084014e-06
0.00945869
3.08025e-06
0.009458801
3.075908e-06
0.009458912
3.070948e-06
0.009459023
3.065328e-06
0.009459135
3.058999e-06
0.009459248
3.051906e-06
0.009459362
3.043988e-06
0.009459476
3.035173e-06
0.009459592
3.025385e-06
0.009459708
3.014534e-06
0.009459825
3.002522e-06
0.009459944
2.989238e-06
0.009460064
2.974555e-06
0.009460185
2.958332e-06
0.009460308
2.94041e-06
0.009460432
2.920606e-06
0.009460559
2.898717e-06
0.009460687
2.874508e-06
0.009460817
2.847716e-06
0.009460949
2.818035e-06
0.009461084
2.785122e-06
0.009461221
2.748578e-06
0.009461361
2.70795e-06
0.009461504
2.662713e-06
0.009461649
2.612266e-06
0.009461798
2.555918e-06
0.009461949
2.492873e-06
0.009462104
2.422217e-06
0.009462261
2.34291e-06
0.009462421
2.253768e-06
0.009462583
2.153463e-06
0.009462746
2.040527e-06
0.009462909
1.913378e-06
0.009463069
1.770365e-06
0.009463225
1.609871e-06
0.009463373
1.430461e-06
0.009463509
1.231124e-06
0.009463627
1.01156e-06
0.009463723
7.727266e-07
0.009463789
5.166782e-07
2.493109e-07
0.009451595
3.294467e-07
0.009451671
6.351774e-07
0.00945177
8.541273e-07
0.009451886
1.051238e-06
0.009452014
1.241817e-06
0.009452152
1.41729e-06
0.009452295
1.574882e-06
0.009452441
1.716577e-06
0.009452589
1.844036e-06
0.009452737
1.958384e-06
0.009452884
2.060832e-06
0.00945303
2.152633e-06
0.009453175
2.234942e-06
0.009453317
2.308806e-06
0.009453457
2.375163e-06
0.009453594
2.434856e-06
0.00945373
2.488627e-06
0.009453863
2.537134e-06
0.009453994
2.580954e-06
0.009454123
2.620596e-06
0.00945425
2.656507e-06
0.009454375
2.689078e-06
0.009454498
2.718657e-06
0.00945462
2.745547e-06
0.009454741
2.770018e-06
0.00945486
2.792305e-06
0.009454978
2.81262e-06
0.009455094
2.831149e-06
0.00945521
2.848055e-06
0.009455324
2.863486e-06
0.009455438
2.877573e-06
0.009455551
2.89043e-06
0.009455663
2.902162e-06
0.009455774
2.91286e-06
0.009455885
2.922607e-06
0.009455995
2.931476e-06
0.009456105
2.939531e-06
0.009456214
2.946831e-06
0.009456322
2.953427e-06
0.009456431
2.959364e-06
0.009456539
2.964681e-06
0.009456647
2.969415e-06
0.009456754
2.973595e-06
0.009456861
2.977247e-06
0.009456969
2.980393e-06
0.009457076
2.983051e-06
0.009457183
2.985237e-06
0.00945729
2.98696e-06
0.009457396
2.988229e-06
0.009457503
2.989049e-06
0.00945761
2.98942e-06
0.009457717
2.989342e-06
0.009457825
2.988808e-06
0.009457932
2.987811e-06
0.009458039
2.986338e-06
0.009458147
2.984375e-06
0.009458255
2.981904e-06
0.009458363
2.978901e-06
0.009458472
2.97534e-06
0.009458581
2.97119e-06
0.00945869
2.966417e-06
0.0094588
2.960979e-06
0.009458911
2.95483e-06
0.009459022
2.947919e-06
0.009459134
2.940188e-06
0.009459246
2.931571e-06
0.009459359
2.921995e-06
0.009459473
2.911377e-06
0.009459588
2.899625e-06
0.009459704
2.886634e-06
0.009459821
2.87229e-06
0.009459939
2.856462e-06
0.009460058
2.839003e-06
0.009460179
2.819749e-06
0.009460301
2.798514e-06
0.009460424
2.775089e-06
0.00946055
2.749238e-06
0.009460677
2.720695e-06
0.009460806
2.689157e-06
0.009460936
2.654281e-06
0.009461069
2.615679e-06
0.009461204
2.572909e-06
0.009461341
2.52547e-06
0.009461481
2.472792e-06
0.009461623
2.414232e-06
0.009461766
2.349059e-06
0.009461912
2.276453e-06
0.00946206
2.195499e-06
0.009462208
2.105182e-06
0.009462357
2.004397e-06
0.009462506
1.891965e-06
0.009462652
1.766665e-06
0.009462795
1.627295e-06
0.009462932
1.47276e-06
0.009463061
1.302206e-06
0.009463177
1.115204e-06
0.009463276
9.119508e-07
0.009463355
6.936249e-07
0.00946341
4.621795e-07
2.222736e-07
0.009451693
3.053206e-07
0.009451752
5.778403e-07
0.009451833
7.754283e-07
0.009451929
9.574436e-07
0.009452037
1.135245e-06
0.009452155
1.300573e-06
0.00945228
1.45079e-06
0.009452409
1.587352e-06
0.009452541
1.711418e-06
0.009452676
1.823749e-06
0.009452811
1.925246e-06
0.009452947
2.016898e-06
0.009453082
2.099647e-06
0.009453216
2.174371e-06
0.009453349
2.241881e-06
0.009453481
2.302917e-06
0.009453611
2.358147e-06
0.00945374
2.40817e-06
0.009453867
2.453522e-06
0.009453993
2.494682e-06
0.009454117
2.532073e-06
0.00945424
2.566074e-06
0.009454361
2.59702e-06
0.009454482
2.625209e-06
0.0094546
2.650907e-06
0.009454718
2.674348e-06
0.009454835
2.695744e-06
0.009454951
2.71528e-06
0.009455065
2.733125e-06
0.009455179
2.749426e-06
0.009455293
2.764318e-06
0.009455405
2.777918e-06
0.009455517
2.790333e-06
0.009455628
2.801658e-06
0.009455738
2.811978e-06
0.009455848
2.821368e-06
0.009455958
2.829897e-06
0.009456067
2.837624e-06
0.009456176
2.844603e-06
0.009456284
2.850882e-06
0.009456392
2.856501e-06
0.0094565
2.861499e-06
0.009456608
2.865906e-06
0.009456715
2.869749e-06
0.009456822
2.873053e-06
0.009456929
2.875835e-06
0.009457036
2.878112e-06
0.009457143
2.879896e-06
0.00945725
2.881193e-06
0.009457357
2.88201e-06
0.009457464
2.882347e-06
0.009457572
2.882203e-06
0.009457679
2.881573e-06
0.009457786
2.880447e-06
0.009457894
2.878813e-06
0.009458001
2.876655e-06
0.009458109
2.873954e-06
0.009458217
2.870686e-06
0.009458326
2.866823e-06
0.009458435
2.862333e-06
0.009458544
2.857178e-06
0.009458653
2.851316e-06
0.009458764
2.844699e-06
0.009458874
2.837273e-06
0.009458985
2.828978e-06
0.009459097
2.819744e-06
0.00945921
2.809496e-06
0.009459323
2.798149e-06
0.009459437
2.785606e-06
0.009459552
2.771761e-06
0.009459667
2.756495e-06
0.009459784
2.739675e-06
0.009459902
2.721152e-06
0.009460021
2.700759e-06
0.009460141
2.678308e-06
0.009460263
2.653591e-06
0.009460385
2.626373e-06
0.00946051
2.596388e-06
0.009460635
2.563342e-06
0.009460763
2.526901e-06
0.009460892
2.48669e-06
0.009461022
2.442288e-06
0.009461155
2.393224e-06
0.009461288
2.338969e-06
0.009461424
2.278931e-06
0.00946156
2.212457e-06
0.009461698
2.138822e-06
0.009461836
2.057235e-06
0.009461974
1.966844e-06
0.009462112
1.866746e-06
0.009462248
1.756012e-06
0.009462381
1.633724e-06
0.009462509
1.499029e-06
0.009462631
1.351223e-06
0.009462743
1.189852e-06
0.009462843
1.014854e-06
0.009462929
8.266897e-07
0.009462996
6.26582e-07
0.009463042
4.162977e-07
1.995802e-07
0.009451803
2.762844e-07
0.009451857
5.256118e-07
0.009451929
7.060947e-07
0.009452015
8.739282e-07
0.009452112
1.039412e-06
0.009452219
1.194745e-06
0.009452333
1.337361e-06
0.009452452
1.468314e-06
0.009452575
1.588385e-06
0.009452701
1.698038e-06
0.009452828
1.797908e-06
0.009452956
1.888748e-06
0.009453084
1.971306e-06
0.009453212
2.046302e-06
0.009453339
2.114421e-06
0.009453465
2.176305e-06
0.009453591
2.232543e-06
0.009453715
2.283676e-06
0.009453838
2.330196e-06
0.00945396
2.372544e-06
0.009454081
2.411121e-06
0.0094542
2.446285e-06
0.009454319
2.47836e-06
0.009454436
2.507633e-06
0.009454553
2.534363e-06
0.009454668
2.558784e-06
0.009454782
2.581102e-06
0.009454896
2.601504e-06
0.009455009
2.620158e-06
0.009455121
2.637212e-06
0.009455232
2.652802e-06
0.009455343
2.667048e-06
0.009455453
2.680058e-06
0.009455563
2.691929e-06
0.009455672
2.702748e-06
0.009455781
2.712593e-06
0.009455889
2.721535e-06
0.009455997
2.729634e-06
0.009456104
2.736946e-06
0.009456212
2.743521e-06
0.009456319
2.749401e-06
0.009456426
2.754625e-06
0.009456532
2.759226e-06
0.009456639
2.763232e-06
0.009456745
2.766667e-06
0.009456851
2.769552e-06
0.009456957
2.771902e-06
0.009457063
2.773729e-06
0.009457169
2.775043e-06
0.009457276
2.775848e-06
0.009457382
2.776146e-06
0.009457488
2.775935e-06
0.009457594
2.775209e-06
0.009457701
2.773959e-06
0.009457807
2.772172e-06
0.009457914
2.769832e-06
0.009458021
2.766918e-06
0.009458128
2.763405e-06
0.009458236
2.759265e-06
0.009458344
2.754464e-06
0.009458452
2.748963e-06
0.00945856
2.742719e-06
0.009458669
2.735681e-06
0.009458779
2.727795e-06
0.009458889
2.718997e-06
0.009458999
2.709216e-06
0.00945911
2.698376e-06
0.009459222
2.686389e-06
0.009459335
2.673156e-06
0.009459448
2.658571e-06
0.009459562
2.642511e-06
0.009459676
2.624843e-06
0.009459792
2.605417e-06
0.009459909
2.584067e-06
0.009460026
2.560606e-06
0.009460145
2.534827e-06
0.009460265
2.5065e-06
0.009460386
2.475368e-06
0.009460508
2.441144e-06
0.009460632
2.403508e-06
0.009460756
2.362105e-06
0.009460882
2.31654e-06
0.009461009
2.266375e-06
0.009461137
2.211127e-06
0.009461265
2.150264e-06
0.009461394
2.083205e-06
0.009461524
2.009322e-06
0.009461653
1.927943e-06
0.009461782
1.838363e-06
0.009461908
1.739856e-06
0.009462033
1.631707e-06
0.009462153
1.513239e-06
0.009462268
1.383872e-06
0.009462376
1.243181e-06
0.009462475
1.090987e-06
0.009462563
9.274468e-07
0.009462636
7.531486e-07
0.009462693
5.692609e-07
0.009462732
3.773317e-07
1.803679e-07
0.009451891
2.554814e-07
0.009451937
4.819769e-07
0.009451998
6.468884e-07
0.009452072
8.022053e-07
0.009452157
9.564e-07
0.00945225
1.102171e-06
0.009452351
1.237134e-06
0.009452457
1.362078e-06
0.009452568
1.477518e-06
0.009452683
1.583711e-06
0.009452799
1.681094e-06
0.009452918
1.770237e-06
0.009453037
1.851731e-06
0.009453157
1.92616e-06
0.009453277
1.9941e-06
0.009453397
2.056099e-06
0.009453517
2.112674e-06
0.009453636
2.164306e-06
0.009453754
2.211438e-06
0.009453872
2.254476e-06
0.009453989
2.293789e-06
0.009454106
2.329715e-06
0.009454221
2.362558e-06
0.009454336
2.392592e-06
0.00945445
2.420069e-06
0.009454563
2.445212e-06
0.009454676
2.468223e-06
0.009454788
2.489286e-06
0.0094549
2.508566e-06
0.009455011
2.52621e-06
0.009455121
2.542353e-06
0.009455231
2.557115e-06
0.00945534
2.570605e-06
0.009455449
2.58292e-06
0.009455557
2.594148e-06
0.009455666
2.604368e-06
0.009455773
2.613651e-06
0.009455881
2.622059e-06
0.009455988
2.62965e-06
0.009456095
2.636474e-06
0.009456202
2.642574e-06
0.009456308
2.647989e-06
0.009456415
2.652755e-06
0.009456521
2.656899e-06
0.009456627
2.660447e-06
0.009456733
2.663418e-06
0.009456839
2.665831e-06
0.009456945
2.667697e-06
0.009457051
2.669024e-06
0.009457157
2.669819e-06
0.009457263
2.670083e-06
0.009457369
2.669814e-06
0.009457475
2.669005e-06
0.009457582
2.667648e-06
0.009457688
2.665729e-06
0.009457795
2.663231e-06
0.009457901
2.660133e-06
0.009458008
2.656409e-06
0.009458115
2.65203e-06
0.009458223
2.646962e-06
0.009458331
2.641163e-06
0.009458439
2.634591e-06
0.009458547
2.627193e-06
0.009458656
2.618913e-06
0.009458765
2.609687e-06
0.009458875
2.599443e-06
0.009458985
2.588103e-06
0.009459096
2.575577e-06
0.009459207
2.561768e-06
0.009459319
2.546567e-06
0.009459432
2.529853e-06
0.009459545
2.511492e-06
0.009459659
2.491335e-06
0.009459774
2.469218e-06
0.00945989
2.444958e-06
0.009460006
2.418354e-06
0.009460124
2.389181e-06
0.009460242
2.357192e-06
0.009460361
2.322113e-06
0.009460481
2.283643e-06
0.009460601
2.241448e-06
0.009460723
2.195162e-06
0.009460845
2.144385e-06
0.009460967
2.088679e-06
0.00946109
2.027573e-06
0.009461212
1.960559e-06
0.009461335
1.887098e-06
0.009461456
1.806627e-06
0.009461576
1.718572e-06
0.009461693
1.62236e-06
0.009461807
1.517449e-06
0.009461917
1.403356e-06
0.009462021
1.279702e-06
0.009462118
1.146267e-06
0.009462206
1.003046e-06
0.009462283
8.50329e-07
0.009462348
6.887455e-07
0.009462397
5.193746e-07
0.009462431
3.435608e-07
1.637658e-07
0.009451979
2.342843e-07
0.00945202
4.425054e-07
0.009452076
5.941113e-07
0.009452142
7.378351e-07
0.009452219
8.813564e-07
0.009452304
1.017895e-06
0.009452397
1.145229e-06
0.009452495
1.263962e-06
0.009452598
1.374429e-06
0.009452705
1.476732e-06
0.009452815
1.571151e-06
0.009452927
1.658104e-06
0.00945304
1.738043e-06
0.009453155
1.811434e-06
0.00945327
1.878748e-06
0.009453385
1.940449e-06
0.009453501
1.99698e-06
0.009453616
2.048762e-06
0.009453731
2.09619e-06
0.009453845
2.13963e-06
0.00945396
2.179421e-06
0.009454073
2.215874e-06
0.009454186
2.249274e-06
0.009454299
2.279882e-06
0.009454411
2.307933e-06
0.009454522
2.333644e-06
0.009454633
2.357211e-06
0.009454743
2.37881e-06
0.009454853
2.398603e-06
0.009454963
2.416736e-06
0.009455071
2.433341e-06
0.00945518
2.448537e-06
0.009455288
2.462432e-06
0.009455396
2.475123e-06
0.009455503
2.4867e-06
0.00945561
2.49724e-06
0.009455717
2.506815e-06
0.009455823
2.515489e-06
0.009455929
2.523319e-06
0.009456035
2.530356e-06
0.009456141
2.536645e-06
0.009456247
2.542226e-06
0.009456353
2.547132e-06
0.009456458
2.551394e-06
0.009456563
2.555038e-06
0.009456669
2.558083e-06
0.009456774
2.560548e-06
0.009456879
2.562444e-06
0.009456984
2.563782e-06
0.009457089
2.564566e-06
0.009457195
2.564798e-06
0.0094573
2.564475e-06
0.009457405
2.563593e-06
0.009457511
2.562141e-06
0.009457616
2.560105e-06
0.009457722
2.557469e-06
0.009457828
2.554211e-06
0.009457934
2.550304e-06
0.00945804
2.545719e-06
0.009458147
2.54042e-06
0.009458254
2.534367e-06
0.009458361
2.527514e-06
0.009458468
2.519811e-06
0.009458576
2.511198e-06
0.009458684
2.501613e-06
0.009458792
2.490982e-06
0.009458901
2.479227e-06
0.00945901
2.466259e-06
0.00945912
2.45198e-06
0.00945923
2.436281e-06
0.009459341
2.419043e-06
0.009459452
2.400134e-06
0.009459564
2.379408e-06
0.009459677
2.356704e-06
0.00945979
2.331845e-06
0.009459904
2.304636e-06
0.009460018
2.274862e-06
0.009460133
2.242287e-06
0.009460248
2.206654e-06
0.009460364
2.167679e-06
0.00946048
2.125055e-06
0.009460597
2.078445e-06
0.009460714
2.027487e-06
0.009460831
1.971792e-06
0.009460947
1.910944e-06
0.009461064
1.844505e-06
0.009461179
1.772018e-06
0.009461292
1.693019e-06
0.009461404
1.607045e-06
0.009461512
1.513651e-06
0.009461617
1.412436e-06
0.009461718
1.303067e-06
0.009461812
1.185315e-06
0.009461899
1.059101e-06
0.009461978
9.245357e-07
0.009462046
7.81973e-07
0.009462103
6.32041e-07
0.009462146
4.757118e-07
0.009462176
3.141425e-07
1.49349e-07
0.009452056
2.168869e-07
0.009452092
4.080273e-07
0.009452141
5.476106e-07
0.0094522
6.809343e-07
0.009452269
8.146865e-07
0.009452345
9.42577e-07
0.009452428
1.062569e-06
0.009452517
1.175139e-06
0.009452611
1.280489e-06
0.009452709
1.378615e-06
0.00945281
1.469682e-06
0.009452914
1.553988e-06
0.00945302
1.631878e-06
0.009453128
1.703719e-06
0.009453236
1.769896e-06
0.009453346
1.830796e-06
0.009453456
1.886799e-06
0.009453566
1.938272e-06
0.009453676
1.985564e-06
0.009453787
2.029004e-06
0.009453897
2.068899e-06
0.009454007
2.105534e-06
0.009454117
2.139174e-06
0.009454227
2.170063e-06
0.009454336
2.198423e-06
0.009454445
2.224459e-06
0.009454554
2.248358e-06
0.009454662
2.270292e-06
0.00945477
2.290415e-06
0.009454878
2.308869e-06
0.009454985
2.325784e-06
0.009455092
2.341276e-06
0.009455199
2.355452e-06
0.009455306
2.368408e-06
0.009455412
2.38023e-06
0.009455518
2.390999e-06
0.009455624
2.400784e-06
0.00945573
2.40965e-06
0.009455836
2.417653e-06
0.009455941
2.424845e-06
0.009456046
2.431271e-06
0.009456151
2.43697e-06
0.009456257
2.441978e-06
0.009456362
2.446324e-06
0.009456466
2.450034e-06
0.009456571
2.45313e-06
0.009456676
2.455628e-06
0.009456781
2.457541e-06
0.009456886
2.458878e-06
0.009456991
2.459646e-06
0.009457096
2.459844e-06
0.009457201
2.459472e-06
0.009457306
2.458524e-06
0.009457411
2.456988e-06
0.009457516
2.454852e-06
0.009457621
2.452099e-06
0.009457727
2.448705e-06
0.009457832
2.444645e-06
0.009457938
2.439889e-06
0.009458044
2.4344e-06
0.00945815
2.428138e-06
0.009458257
2.421057e-06
0.009458363
2.413106e-06
0.00945847
2.404227e-06
0.009458578
2.394355e-06
0.009458685
2.383419e-06
0.009458793
2.371339e-06
0.009458901
2.358028e-06
0.00945901
2.343388e-06
0.009459119
2.327314e-06
0.009459228
2.309686e-06
0.009459338
2.290377e-06
0.009459448
2.269245e-06
0.009459558
2.246134e-06
0.009459669
2.220872e-06
0.009459781
2.193275e-06
0.009459892
2.163137e-06
0.009460004
2.130238e-06
0.009460117
2.094335e-06
0.009460229
2.055166e-06
0.009460342
2.012449e-06
0.009460454
1.965879e-06
0.009460567
1.915132e-06
0.009460679
1.859862e-06
0.00946079
1.79971e-06
0.0094609
1.734299e-06
0.009461009
1.663248e-06
0.009461116
1.586177e-06
0.00946122
1.502719e-06
0.009461321
1.412534e-06
0.009461418
1.315333e-06
0.00946151
1.210897e-06
0.009461596
1.099109e-06
0.009461675
9.799851e-07
0.009461746
8.537057e-07
0.009461808
7.206532e-07
0.009461858
5.814284e-07
0.009461897
4.368993e-07
0.009461923
2.88064e-07
1.366062e-07
0.009452129
2.0025e-07
0.009452162
3.767208e-07
0.009452207
5.056599e-07
0.00945226
6.293793e-07
0.009452323
7.539766e-07
0.009452393
8.736298e-07
0.009452469
9.864667e-07
0.009452552
1.092879e-06
0.009452639
1.192983e-06
0.009452731
1.286704e-06
0.009452826
1.374122e-06
0.009452925
1.455444e-06
0.009453025
1.530924e-06
0.009453128
1.600849e-06
0.009453232
1.665527e-06
0.009453338
1.725279e-06
0.009453444
1.780424e-06
0.00945355
1.831279e-06
0.009453658
1.878148e-06
0.009453765
1.921322e-06
0.009453873
1.961078e-06
0.00945398
1.997675e-06
0.009454088
2.031355e-06
0.009454196
2.062343e-06
0.009454303
2.090847e-06
0.00945441
2.117059e-06
0.009454517
2.141158e-06
0.009454624
2.163304e-06
0.009454731
2.183649e-06
0.009454837
2.202327e-06
0.009454943
2.219464e-06
0.009455049
2.235174e-06
0.009455155
2.249559e-06
0.009455261
2.262716e-06
0.009455366
2.274729e-06
0.009455471
2.285676e-06
0.009455576
2.295626e-06
0.009455681
2.304644e-06
0.009455786
2.312787e-06
0.009455891
2.320103e-06
0.009455995
2.32664e-06
0.0094561
2.332436e-06
0.009456204
2.337527e-06
0.009456308
2.341943e-06
0.009456413
2.345709e-06
0.009456517
2.348846e-06
0.009456621
2.351372e-06
0.009456725
2.3533e-06
0.009456829
2.354638e-06
0.009456933
2.355394e-06
0.009457038
2.355567e-06
0.009457142
2.355156e-06
0.009457246
2.354155e-06
0.009457351
2.352554e-06
0.009457455
2.350339e-06
0.00945756
2.347493e-06
0.009457664
2.343993e-06
0.009457769
2.339813e-06
0.009457874
2.334922e-06
0.009457979
2.329285e-06
0.009458084
2.322862e-06
0.00945819
2.315606e-06
0.009458295
2.307467e-06
0.009458401
2.298386e-06
0.009458507
2.288299e-06
0.009458614
2.277137e-06
0.00945872
2.26482e-06
0.009458827
2.251262e-06
0.009458934
2.236369e-06
0.009459041
2.220036e-06
0.009459149
2.202148e-06
0.009459256
2.18258e-06
0.009459364
2.161197e-06
0.009459473
2.137847e-06
0.009459581
2.112369e-06
0.00945969
2.084587e-06
0.009459799
2.054307e-06
0.009459907
2.021322e-06
0.009460016
1.98541e-06
0.009460125
1.946328e-06
0.009460234
1.90382e-06
0.009460342
1.857612e-06
0.00946045
1.807416e-06
0.009460557
1.75293e-06
0.009460662
1.693842e-06
0.009460767
1.629835e-06
0.00946087
1.560592e-06
0.00946097
1.485806e-06
0.009461067
1.40519e-06
0.009461161
1.318491e-06
0.009461251
1.225505e-06
0.009461336
1.126103e-06
0.009461415
1.020245e-06
0.009461487
9.080107e-07
0.009461551
7.896213e-07
0.009461606
6.654623e-07
0.009461651
5.360938e-07
0.009461686
4.022841e-07
0.009461709
2.648918e-07
1.2532e-07
0.009452195
1.856631e-07
0.009452225
3.486254e-07
0.009452265
4.678931e-07
0.009452314
5.828593e-07
0.009452371
6.990094e-07
0.009452434
8.109528e-07
0.009452504
9.16977e-07
0.00945258
1.017413e-06
0.009452661
1.11232e-06
0.009452746
1.201573e-06
0.009452835
1.285192e-06
0.009452926
1.363312e-06
0.009453021
1.436119e-06
0.009453118
1.503832e-06
0.009453216
1.566696e-06
0.009453317
1.624974e-06
0.009453418
1.678936e-06
0.00945352
1.728851e-06
0.009453623
1.774985e-06
0.009453726
1.817594e-06
0.00945383
1.856926e-06
0.009453935
1.893213e-06
0.009454039
1.926677e-06
0.009454144
1.957525e-06
0.009454248
1.985949e-06
0.009454353
2.012131e-06
0.009454458
2.036235e-06
0.009454563
2.058416e-06
0.009454667
2.078817e-06
0.009454772
2.097566e-06
0.009454877
2.114785e-06
0.009454981
2.130583e-06
0.009455085
2.14506e-06
0.00945519
2.158309e-06
0.009455294
2.170412e-06
0.009455398
2.181447e-06
0.009455502
2.19148e-06
0.009455606
2.200575e-06
0.00945571
2.208788e-06
0.009455814
2.216169e-06
0.009455918
2.222761e-06
0.009456021
2.228606e-06
0.009456125
2.233737e-06
0.009456229
2.238183e-06
0.009456332
2.241972e-06
0.009456436
2.245123e-06
0.00945654
2.247654e-06
0.009456643
2.249579e-06
0.009456747
2.250905e-06
0.009456851
2.251639e-06
0.009456955
2.251782e-06
0.009457058
2.251331e-06
0.009457162
2.250282e-06
0.009457266
2.248624e-06
0.00945737
2.246342e-06
0.009457474
2.24342e-06
0.009457578
2.239836e-06
0.009457682
2.235563e-06
0.009457787
2.23057e-06
0.009457891
2.224823e-06
0.009457996
2.218281e-06
0.0094581
2.210899e-06
0.009458205
2.202626e-06
0.00945831
2.193406e-06
0.009458415
2.183174e-06
0.00945852
2.171862e-06
0.009458626
2.159394e-06
0.009458731
2.145683e-06
0.009458837
2.13064e-06
0.009458943
2.114161e-06
0.009459049
2.096137e-06
0.009459155
2.076448e-06
0.009459261
2.054962e-06
0.009459367
2.031537e-06
0.009459474
2.006019e-06
0.00945958
1.978243e-06
0.009459686
1.948028e-06
0.009459792
1.915183e-06
0.009459898
1.879501e-06
0.009460004
1.840763e-06
0.009460109
1.798737e-06
0.009460213
1.753179e-06
0.009460317
1.703834e-06
0.009460419
1.650441e-06
0.00946052
1.592732e-06
0.00946062
1.530442e-06
0.009460717
1.46331e-06
0.009460812
1.39109e-06
0.009460903
1.313562e-06
0.009460991
1.230542e-06
0.009461075
1.141894e-06
0.009461153
1.047553e-06
0.009461226
9.475356e-07
0.009461292
8.41962e-07
0.009461351
7.310723e-07
0.009461401
6.15242e-07
0.009461442
4.949864e-07
0.009461473
3.709848e-07
0.009461494
2.439802e-07
1.151649e-07
0.009452257
1.72001e-07
0.009452285
3.229142e-07
0.009452322
4.334315e-07
0.009452367
5.402884e-07
0.009452419
6.485308e-07
0.009452478
7.531689e-07
0.009452542
8.526324e-07
0.009452613
9.472117e-07
0.009452688
1.03693e-06
0.009452768
1.121634e-06
0.009452852
1.201303e-06
0.009452939
1.27602e-06
0.009453029
1.345916e-06
0.009453121
1.411157e-06
0.009453216
1.471937e-06
0.009453312
1.528469e-06
0.00945341
1.580978e-06
0.009453509
1.629693e-06
0.009453609
1.674843e-06
0.009453709
1.716652e-06
0.009453811
1.755338e-06
0.009453913
1.791111e-06
0.009454015
1.82417e-06
0.009454118
1.854703e-06
0.00945422
1.882888e-06
0.009454324
1.908892e-06
0.009454427
1.93287e-06
0.00945453
1.954965e-06
0.009454633
1.975312e-06
0.009454737
1.994034e-06
0.00945484
2.011245e-06
0.009454944
2.027051e-06
0.009455047
2.041548e-06
0.00945515
2.054824e-06
0.009455254
2.06696e-06
0.009455357
2.078031e-06
0.00945546
2.088102e-06
0.009455564
2.097235e-06
0.009455667
2.105484e-06
0.00945577
2.112898e-06
0.009455873
2.119521e-06
0.009455976
2.125393e-06
0.009456079
2.130546e-06
0.009456182
2.135011e-06
0.009456286
2.138812e-06
0.009456389
2.141971e-06
0.009456492
2.144505e-06
0.009456595
2.146425e-06
0.009456698
2.147743e-06
0.009456801
2.148462e-06
0.009456904
2.148584e-06
0.009457007
2.148108e-06
0.009457111
2.147027e-06
0.009457214
2.145331e-06
0.009457317
2.143007e-06
0.00945742
2.140037e-06
0.009457524
2.136399e-06
0.009457627
2.132068e-06
0.009457731
2.127013e-06
0.009457834
2.1212e-06
0.009457938
2.114589e-06
0.009458042
2.107135e-06
0.009458146
2.098789e-06
0.009458249
2.089494e-06
0.009458353
2.07919e-06
0.009458457
2.067808e-06
0.009458562
2.055274e-06
0.009458666
2.041505e-06
0.00945877
2.026414e-06
0.009458874
2.009903e-06
0.009458978
1.991864e-06
0.009459083
1.972185e-06
0.009459187
1.95074e-06
0.009459291
1.927394e-06
0.009459395
1.902004e-06
0.009459499
1.874414e-06
0.009459602
1.844457e-06
0.009459705
1.811956e-06
0.009459808
1.776724e-06
0.00945991
1.738561e-06
0.009460012
1.69726e-06
0.009460112
1.652604e-06
0.009460212
1.604371e-06
0.00946031
1.552334e-06
0.009460406
1.496267e-06
0.009460501
1.435948e-06
0.009460593
1.371166e-06
0.009460682
1.301728e-06
0.009460768
1.227465e-06
0.009460851
1.148248e-06
0.009460929
1.063996e-06
0.009461001
9.746886e-07
0.009461069
8.80382e-07
0.009461129
7.812207e-07
0.009461183
6.7745e-07
0.009461229
5.694267e-07
0.009461266
4.576196e-07
0.009461294
3.426274e-07
0.009461313
2.250923e-07
1.060228e-07
0.009452314
1.596223e-07
0.00945234
2.994382e-07
0.009452374
4.019312e-07
0.009452415
5.013036e-07
0.009452463
6.021843e-07
0.009452517
6.999531e-07
0.009452577
7.931711e-07
0.009452642
8.821002e-07
0.009452713
9.667412e-07
0.009452787
1.046927e-06
0.009452866
1.122606e-06
0.009452948
1.193825e-06
0.009453033
1.260672e-06
0.00945312
1.323271e-06
0.00945321
1.381773e-06
0.009453302
1.436351e-06
0.009453396
1.48719e-06
0.009453491
1.534483e-06
0.009453587
1.578427e-06
0.009453684
1.619218e-06
0.009453782
1.657046e-06
0.009453881
1.692099e-06
0.009453981
1.724555e-06
0.00945408
1.754586e-06
0.009454181
1.782354e-06
0.009454282
1.808013e-06
0.009454383
1.831704e-06
0.009454484
1.853564e-06
0.009454585
1.873718e-06
0.009454687
1.892282e-06
0.009454789
1.909365e-06
0.00945489
1.925066e-06
0.009454992
1.939478e-06
0.009455094
1.952685e-06
0.009455196
1.964765e-06
0.009455299
1.97579e-06
0.009455401
1.985823e-06
0.009455503
1.994924e-06
0.009455605
2.003146e-06
0.009455708
2.010536e-06
0.00945581
2.017138e-06
0.009455912
2.02299e-06
0.009456015
2.028124e-06
0.009456117
2.03257e-06
0.009456219
2.036353e-06
0.009456322
2.039492e-06
0.009456424
2.042004e-06
0.009456527
2.043903e-06
0.009456629
2.045197e-06
0.009456732
2.045892e-06
0.009456834
2.045988e-06
0.009456937
2.045484e-06
0.009457039
2.044373e-06
0.009457142
2.042647e-06
0.009457245
2.040291e-06
0.009457347
2.037288e-06
0.00945745
2.033618e-06
0.009457553
2.029254e-06
0.009457656
2.024167e-06
0.009457759
2.018322e-06
0.009457861
2.011682e-06
0.009457964
2.004202e-06
0.009458067
1.995834e-06
0.00945817
1.986523e-06
0.009458273
1.97621e-06
0.009458376
1.964829e-06
0.009458479
1.952309e-06
0.009458582
1.938569e-06
0.009458685
1.923525e-06
0.009458788
1.907084e-06
0.00945889
1.889144e-06
0.009458993
1.869597e-06
0.009459095
1.848325e-06
0.009459197
1.825202e-06
0.009459299
1.800093e-06
0.009459401
1.772853e-06
0.009459502
1.74333e-06
0.009459602
1.71136e-06
0.009459702
1.676774e-06
0.009459802
1.639392e-06
0.0094599
1.59903e-06
0.009459997
1.555497e-06
0.009460093
1.508598e-06
0.009460187
1.458141e-06
0.009460279
1.403935e-06
0.009460369
1.345795e-06
0.009460457
1.283552e-06
0.009460541
1.217056e-06
0.009460623
1.146182e-06
0.0094607
1.070844e-06
0.009460773
9.910007e-07
0.009460841
9.066657e-07
0.009460903
8.179203e-07
0.00946096
7.249219e-07
0.009461009
6.279127e-07
0.009461051
5.272269e-07
0.009461086
4.232889e-07
0.009461112
3.166273e-07
0.009461129
2.078011e-07
9.767864e-08
0.009452368
1.480804e-07
0.009452391
2.777795e-07
0.009452423
3.729037e-07
0.009452461
4.653015e-07
0.009452506
5.592673e-07
0.009452556
6.505243e-07
0.009452612
7.377507e-07
0.009452673
8.211893e-07
0.009452739
9.008302e-07
0.009452809
9.765017e-07
0.009452884
1.048136e-06
0.009452961
1.115754e-06
0.009453042
1.179412e-06
0.009453126
1.239201e-06
0.009453213
1.295239e-06
0.009453301
1.347663e-06
0.009453391
1.396628e-06
0.009453483
1.442295e-06
0.009453577
1.484832e-06
0.009453671
1.524408e-06
0.009453767
1.56119e-06
0.009453863
1.595344e-06
0.009453961
1.627029e-06
0.009454059
1.656399e-06
0.009454157
1.683601e-06
0.009454256
1.708776e-06
0.009454356
1.732055e-06
0.009454456
1.753563e-06
0.009454556
1.773416e-06
0.009454656
1.791725e-06
0.009454757
1.808589e-06
0.009454858
1.824104e-06
0.009454959
1.838357e-06
0.00945506
1.851428e-06
0.009455161
1.863392e-06
0.009455263
1.874317e-06
0.009455364
1.884265e-06
0.009455466
1.893292e-06
0.009455567
1.90145e-06
0.009455669
1.908785e-06
0.009455771
1.915339e-06
0.009455872
1.921148e-06
0.009455974
1.926245e-06
0.009456076
1.930657e-06
0.009456178
1.934409e-06
0.00945628
1.937521e-06
0.009456382
1.940009e-06
0.009456484
1.941885e-06
0.009456586
1.943159e-06
0.009456688
1.943835e-06
0.00945679
1.943915e-06
0.009456892
1.943396e-06
0.009456994
1.942272e-06
0.009457096
1.940535e-06
0.009457198
1.938172e-06
0.0094573
1.935164e-06
0.009457402
1.931492e-06
0.009457504
1.92713e-06
0.009457606
1.92205e-06
0.009457708
1.916218e-06
0.00945781
1.909596e-06
0.009457912
1.902143e-06
0.009458014
1.893812e-06
0.009458116
1.884548e-06
0.009458218
1.874296e-06
0.00945832
1.862992e-06
0.009458422
1.850567e-06
0.009458523
1.836945e-06
0.009458625
1.822045e-06
0.009458726
1.805777e-06
0.009458827
1.788047e-06
0.009458928
1.768752e-06
0.009459029
1.747782e-06
0.009459129
1.725018e-06
0.009459228
1.700335e-06
0.009459328
1.673601e-06
0.009459426
1.644674e-06
0.009459524
1.613407e-06
0.009459621
1.579646e-06
0.009459717
1.543231e-06
0.009459812
1.503998e-06
0.009459906
1.461781e-06
0.009459998
1.41641e-06
0.009460089
1.367722e-06
0.009460177
1.315557e-06
0.009460263
1.259763e-06
0.009460346
1.200207e-06
0.009460427
1.136772e-06
0.009460503
1.06937e-06
0.009460576
9.979482e-07
0.009460645
9.224936e-07
0.009460708
8.430451e-07
0.009460767
7.596993e-07
0.009460819
6.726185e-07
0.009460865
5.82036e-07
0.009460904
4.882612e-07
0.009460935
3.916764e-07
0.009460959
2.927475e-07
0.009460975
1.919608e-07
9.006024e-08
0.009452417
1.374512e-07
0.009452439
2.57783e-07
0.009452468
3.46086e-07
0.009452504
4.319816e-07
0.009452545
5.194561e-07
0.009452592
6.045515e-07
0.009452644
6.860542e-07
0.009452701
7.64194e-07
0.009452763
8.389585e-07
0.00945283
9.10179e-07
0.0094529
9.77779e-07
0.009452974
1.041761e-06
0.009453051
1.10216e-06
0.009453131
1.15904e-06
0.009453213
1.212492e-06
0.009453298
1.262627e-06
0.009453385
1.30957e-06
0.009453473
1.353455e-06
0.009453563
1.394426e-06
0.009453655
1.432628e-06
0.009453748
1.468205e-06
0.009453842
1.501304e-06
0.009453936
1.532066e-06
0.009454032
1.560629e-06
0.009454128
1.587125e-06
0.009454225
1.611682e-06
0.009454323
1.63442e-06
0.009454421
1.655455e-06
0.009454519
1.674894e-06
0.009454618
1.692838e-06
0.009454717
1.709383e-06
0.009454816
1.724617e-06
0.009454916
1.738623e-06
0.009455016
1.751476e-06
0.009455116
1.763248e-06
0.009455216
1.774002e-06
0.009455316
1.783799e-06
0.009455417
1.792692e-06
0.009455517
1.800732e-06
0.009455618
1.807961e-06
0.009455719
1.81442e-06
0.00945582
1.820146e-06
0.009455921
1.825168e-06
0.009456022
1.829514e-06
0.009456123
1.833208e-06
0.009456224
1.836268e-06
0.009456326
1.838711e-06
0.009456427
1.840549e-06
0.009456528
1.84179e-06
0.00945663
1.842438e-06
0.009456731
1.842497e-06
0.009456832
1.841962e-06
0.009456934
1.840829e-06
0.009457035
1.839088e-06
0.009457136
1.836727e-06
0.009457238
1.83373e-06
0.009457339
1.830075e-06
0.009457441
1.825739e-06
0.009457542
1.820693e-06
0.009457643
1.814907e-06
0.009457744
1.808342e-06
0.009457846
1.800959e-06
0.009457947
1.792711e-06
0.009458048
1.783549e-06
0.009458148
1.773418e-06
0.009458249
1.762256e-06
0.00945835
1.749997e-06
0.00945845
1.736571e-06
0.00945855
1.721899e-06
0.00945865
1.705898e-06
0.00945875
1.688478e-06
0.009458849
1.669542e-06
0.009458947
1.648988e-06
0.009459046
1.626707e-06
0.009459144
1.602581e-06
0.009459241
1.57649e-06
0.009459337
1.548305e-06
0.009459432
1.517892e-06
0.009459527
1.485114e-06
0.00945962
1.449827e-06
0.009459712
1.411887e-06
0.009459803
1.371149e-06
0.009459892
1.327469e-06
0.009459979
1.280706e-06
0.009460064
1.230728e-06
0.009460146
1.177412e-06
0.009460226
1.120653e-06
0.009460302
1.060363e-06
0.009460375
9.964828e-07
0.009460444
9.289835e-07
0.009460508
8.578752e-07
0.009460568
7.832127e-07
0.009460623
7.051013e-07
0.009460672
6.237027e-07
0.009460714
5.392383e-07
0.009460751
4.519923e-07
0.00946078
3.623084e-07
0.009460802
2.705988e-07
0.009460817
1.772887e-07
8.302507e-08
0.009452463
1.275439e-07
0.009452483
2.392207e-07
0.009452511
3.211895e-07
0.009452544
4.009847e-07
0.009452583
4.823269e-07
0.009452627
5.615566e-07
0.009452676
6.375594e-07
0.009452729
7.105576e-07
0.009452788
7.805428e-07
0.009452851
8.473553e-07
0.009452917
9.10917e-07
0.009452988
9.712194e-07
0.009453061
1.028283e-06
0.009453138
1.082154e-06
0.009453217
1.1329e-06
0.009453299
1.180609e-06
0.009453383
1.225384e-06
0.009453469
1.267338e-06
0.009453557
1.306589e-06
0.009453646
1.343263e-06
0.009453736
1.377485e-06
0.009453828
1.409382e-06
0.009453921
1.439079e-06
0.009454014
1.466698e-06
0.009454109
1.492359e-06
0.009454204
1.516176e-06
0.0094543
1.538259e-06
0.009454397
1.558713e-06
0.009454494
1.577637e-06
0.009454592
1.595125e-06
0.00945469
1.611265e-06
0.009454788
1.626139e-06
0.009454887
1.639825e-06
0.009454986
1.652395e-06
0.009455085
1.663913e-06
0.009455184
1.674443e-06
0.009455284
1.68404e-06
0.009455384
1.692756e-06
0.009455484
1.700638e-06
0.009455584
1.707727e-06
0.009455684
1.714063e-06
0.009455785
1.71968e-06
0.009455885
1.724606e-06
0.009455986
1.728869e-06
0.009456086
1.732491e-06
0.009456187
1.735491e-06
0.009456288
1.737883e-06
0.009456389
1.73968e-06
0.00945649
1.740889e-06
0.00945659
1.741515e-06
0.009456691
1.741559e-06
0.009456792
1.74102e-06
0.009456893
1.739892e-06
0.009456994
1.738166e-06
0.009457095
1.73583e-06
0.009457196
1.732867e-06
0.009457296
1.729259e-06
0.009457397
1.724981e-06
0.009457498
1.720008e-06
0.009457598
1.714307e-06
0.009457699
1.707844e-06
0.009457799
1.700581e-06
0.009457899
1.692472e-06
0.009457999
1.68347e-06
0.009458099
1.673523e-06
0.009458199
1.662573e-06
0.009458298
1.650557e-06
0.009458397
1.637407e-06
0.009458496
1.623051e-06
0.009458595
1.607409e-06
0.009458693
1.590397e-06
0.00945879
1.571926e-06
0.009458887
1.551901e-06
0.009458984
1.530219e-06
0.00945908
1.506775e-06
0.009459175
1.481457e-06
0.009459269
1.454149e-06
0.009459362
1.42473e-06
0.009459454
1.393077e-06
0.009459545
1.359064e-06
0.009459634
1.322563e-06
0.009459722
1.283449e-06
0.009459808
1.241598e-06
0.009459891
1.196893e-06
0.009459973
1.149224e-06
0.009460052
1.098491e-06
0.009460128
1.044613e-06
0.009460201
9.875275e-07
0.00946027
9.271947e-07
0.009460335
8.636061e-07
0.009460396
7.967874e-07
0.009460453
7.268037e-07
0.009460504
6.537642e-07
0.00946055
5.77826e-07
0.00946059
4.991966e-07
0.009460624
4.181358e-07
0.009460651
3.349518e-07
0.009460672
2.500085e-07
0.009460685
1.636781e-07
7.652053e-08
0.009452505
1.183703e-07
0.009452524
2.219853e-07
0.00945255
2.980393e-07
0.009452581
3.720996e-07
0.009452618
4.47638e-07
0.009452659
5.212759e-07
0.009452705
5.919935e-07
0.009452756
6.600104e-07
0.009452811
7.253273e-07
0.00945287
7.877984e-07
0.009452934
8.473492e-07
0.009453001
9.039661e-07
0.009453071
9.576599e-07
0.009453145
1.008462e-06
0.009453221
1.056424e-06
0.0094533
1.101617e-06
0.009453381
1.144122e-06
0.009453464
1.184033e-06
0.009453549
1.221449e-06
0.009453635
1.256477e-06
0.009453723
1.289223e-06
0.009453813
1.319799e-06
0.009453903
1.348314e-06
0.009453995
1.374875e-06
0.009454087
1.399589e-06
0.009454181
1.422559e-06
0.009454275
1.443884e-06
0.00945437
1.463659e-06
0.009454465
1.481975e-06
0.009454562
1.498918e-06
0.009454658
1.514569e-06
0.009454755
1.529006e-06
0.009454853
1.542299e-06
0.00945495
1.554515e-06
0.009455048
1.565717e-06
0.009455147
1.575963e-06
0.009455245
1.585305e-06
0.009455344
1.593793e-06
0.009455443
1.601471e-06
0.009455543
1.608378e-06
0.009455642
1.614552e-06
0.009455742
1.620025e-06
0.009455841
1.624825e-06
0.009455941
1.628978e-06
0.009456041
1.632505e-06
0.009456141
1.635424e-06
0.009456241
1.637748e-06
0.009456341
1.639491e-06
0.009456441
1.640658e-06
0.009456542
1.641256e-06
0.009456642
1.641284e-06
0.009456742
1.640741e-06
0.009456842
1.639623e-06
0.009456943
1.637919e-06
0.009457043
1.635618e-06
0.009457143
1.632706e-06
0.009457243
1.629163e-06
0.009457343
1.624967e-06
0.009457443
1.620091e-06
0.009457542
1.614508e-06
0.009457642
1.608182e-06
0.009457742
1.601077e-06
0.009457841
1.593152e-06
0.00945794
1.58436e-06
0.009458039
1.574651e-06
0.009458137
1.563972e-06
0.009458236
1.552262e-06
0.009458334
1.539459e-06
0.009458431
1.525493e-06
0.009458528
1.510291e-06
0.009458625
1.493775e-06
0.009458721
1.475862e-06
0.009458816
1.456462e-06
0.009458911
1.435484e-06
0.009459005
1.41283e-06
0.009459098
1.388399e-06
0.00945919
1.362085e-06
0.009459281
1.333781e-06
0.009459371
1.303376e-06
0.009459459
1.27076e-06
0.009459546
1.235822e-06
0.009459631
1.198452e-06
0.009459714
1.158546e-06
0.009459794
1.116004e-06
0.009459873
1.070738e-06
0.009459949
1.022668e-06
0.009460022
9.717308e-07
0.009460091
9.178831e-07
0.009460157
8.611032e-07
0.009460219
8.013963e-07
0.009460277
7.387989e-07
0.009460331
6.733822e-07
0.009460379
6.052555e-07
0.009460423
5.345691e-07
0.00946046
4.615158e-07
0.009460492
3.863318e-07
0.009460518
3.092934e-07
0.009460537
2.307227e-07
0.00946055
1.509466e-07
7.045463e-08
0.009452545
1.098496e-07
0.009452563
2.05955e-07
0.009452587
2.764668e-07
0.009452616
3.451068e-07
0.00945265
4.151192e-07
0.009452689
4.833938e-07
0.009452732
5.490022e-07
0.00945278
6.121669e-07
0.009452833
6.729028e-07
0.009452889
7.31082e-07
0.00945295
7.86638e-07
0.009453014
8.395569e-07
0.009453082
8.898437e-07
0.009453153
9.375199e-07
0.009453226
9.82625e-07
0.009453302
1.025213e-06
0.009453381
1.065351e-06
0.009453462
1.103113e-06
0.009453544
1.138584e-06
0.009453629
1.171852e-06
0.009453715
1.203009e-06
0.009453802
1.23215e-06
0.009453891
1.259369e-06
0.009453981
1.284762e-06
0.009454072
1.308423e-06
0.009454164
1.330443e-06
0.009454256
1.350912e-06
0.00945435
1.369914e-06
0.009454444
1.387534e-06
0.009454539
1.403849e-06
0.009454635
1.418933e-06
0.009454731
1.432859e-06
0.009454827
1.445691e-06
0.009454924
1.457492e-06
0.009455022
1.46832e-06
0.009455119
1.478229e-06
0.009455217
1.487269e-06
0.009455315
1.495486e-06
0.009455414
1.50292e-06
0.009455512
1.509611e-06
0.009455611
1.515593e-06
0.00945571
1.520896e-06
0.00945581
1.525548e-06
0.009455909
1.529572e-06
0.009456008
1.532988e-06
0.009456108
1.535814e-06
0.009456208
1.538064e-06
0.009456307
1.539748e-06
0.009456407
1.540873e-06
0.009456507
1.541443e-06
0.009456606
1.541461e-06
0.009456706
1.540923e-06
0.009456806
1.539826e-06
0.009456906
1.53816e-06
0.009457005
1.535914e-06
0.009457105
1.533074e-06
0.009457204
1.529622e-06
0.009457304
1.525536e-06
0.009457403
1.520793e-06
0.009457502
1.515363e-06
0.009457601
1.509215e-06
0.0094577
1.502314e-06
0.009457798
1.49462e-06
0.009457897
1.486091e-06
0.009457995
1.476678e-06
0.009458092
1.466332e-06
0.009458189
1.454995e-06
0.009458286
1.44261e-06
0.009458383
1.429111e-06
0.009458478
1.414431e-06
0.009458574
1.398496e-06
0.009458668
1.38123e-06
0.009458762
1.362552e-06
0.009458855
1.342377e-06
0.009458947
1.320616e-06
0.009459039
1.297178e-06
0.009459129
1.271969e-06
0.009459218
1.244891e-06
0.009459305
1.215847e-06
0.009459391
1.18474e-06
0.009459475
1.151473e-06
0.009459558
1.115953e-06
0.009459638
1.078091e-06
0.009459717
1.037804e-06
0.009459792
9.950182e-07
0.009459865
9.496731e-07
0.009459935
9.01721e-07
0.009460002
8.511326e-07
0.009460065
7.978994e-07
0.009460124
7.420373e-07
0.00946018
6.835898e-07
0.00946023
6.226308e-07
0.009460276
5.592671e-07
0.009460317
4.936408e-07
0.009460353
4.259296e-07
0.009460383
3.563476e-07
0.009460407
2.851419e-07
0.009460425
2.125975e-07
0.009460437
1.390016e-07
6.47818e-08
0.009452581
1.020216e-07
0.009452598
1.91099e-07
0.009452621
2.563908e-07
0.009452648
3.198942e-07
0.00945268
3.846269e-07
0.009452717
4.477378e-07
0.009452758
5.083921e-07
0.009452803
5.668208e-07
0.009452853
6.230577e-07
0.009452907
6.769967e-07
0.009452965
7.285827e-07
0.009453027
7.778048e-07
0.009453092
8.246655e-07
0.00945316
8.691796e-07
0.009453231
9.113764e-07
0.009453304
9.512976e-07
0.009453381
9.889954e-07
0.009453459
1.024531e-06
0.009453539
1.057972e-06
0.009453622
1.089392e-06
0.009453705
1.118869e-06
0.009453791
1.146483e-06
0.009453878
1.172317e-06
0.009453966
1.196452e-06
0.009454055
1.218972e-06
0.009454146
1.239957e-06
0.009454237
1.259486e-06
0.009454329
1.277637e-06
0.009454422
1.294485e-06
0.009454515
1.310099e-06
0.00945461
1.324549e-06
0.009454705
1.337899e-06
0.0094548
1.35021e-06
0.009454896
1.361539e-06
0.009454992
1.37194e-06
0.009455089
1.381464e-06
0.009455186
1.390156e-06
0.009455283
1.398059e-06
0.009455381
1.405212e-06
0.009455478
1.411652e-06
0.009455577
1.41741e-06
0.009455675
1.422515e-06
0.009455773
1.426993e-06
0.009455872
1.430866e-06
0.009455971
1.434153e-06
0.00945607
1.436871e-06
0.009456169
1.439033e-06
0.009456268
1.440648e-06
0.009456367
1.441723e-06
0.009456466
1.442264e-06
0.009456565
1.44227e-06
0.009456664
1.44174e-06
0.009456763
1.440669e-06
0.009456862
1.439049e-06
0.009456961
1.43687e-06
0.00945706
1.434118e-06
0.009457159
1.430775e-06
0.009457258
1.426822e-06
0.009457356
1.422235e-06
0.009457455
1.416988e-06
0.009457553
1.411051e-06
0.009457651
1.40439e-06
0.009457748
1.396968e-06
0.009457846
1.388745e-06
0.009457943
1.379678e-06
0.009458039
1.369716e-06
0.009458135
1.35881e-06
0.009458231
1.346904e-06
0.009458326
1.333938e-06
0.009458421
1.319848e-06
0.009458515
1.304569e-06
0.009458608
1.28803e-06
0.0094587
1.270155e-06
0.009458792
1.250869e-06
0.009458882
1.230091e-06
0.009458972
1.207738e-06
0.00945906
1.183726e-06
0.009459147
1.157969e-06
0.009459232
1.130381e-06
0.009459316
1.100877e-06
0.009459398
1.069373e-06
0.009459478
1.035788e-06
0.009459556
1.000049e-06
0.009459632
9.620862e-07
0.009459705
9.218407e-07
0.009459775
8.792646e-07
0.009459843
8.343235e-07
0.009459907
7.869997e-07
0.009459967
7.372946e-07
0.009460024
6.852314e-07
0.009460077
6.308575e-07
0.009460125
5.742473e-07
0.009460169
5.155034e-07
0.009460208
4.547586e-07
0.009460242
3.921758e-07
0.00946027
3.279484e-07
0.009460293
2.622971e-07
0.00946031
1.95474e-07
0.009460321
1.277322e-07
5.944588e-08
0.009452615
9.486611e-08
0.009452631
1.773738e-07
0.009452652
2.377301e-07
0.009452678
2.963316e-07
0.009452708
3.55978e-07
0.009452743
4.140753e-07
0.009452782
4.698887e-07
0.009452825
5.236648e-07
0.009452872
5.754614e-07
0.009452924
6.251974e-07
0.00945298
6.728317e-07
0.009453039
7.183581e-07
0.009453102
7.617784e-07
0.009453168
8.031021e-07
0.009453236
8.423498e-07
0.009453308
8.795524e-07
0.009453382
9.147496e-07
0.009453458
9.479891e-07
0.009453537
9.793252e-07
0.009453617
1.008818e-06
0.009453699
1.036532e-06
0.009453783
1.062535e-06
0.009453868
1.086897e-06
0.009453955
1.109689e-06
0.009454042
1.130983e-06
0.009454131
1.150849e-06
0.009454221
1.169359e-06
0.009454312
1.18658e-06
0.009454404
1.20258e-06
0.009454497
1.217423e-06
0.00945459
1.23117e-06
0.009454684
1.24388e-06
0.009454778
1.255609e-06
0.009454873
1.26641e-06
0.009454969
1.276332e-06
0.009455065
1.285421e-06
0.009455161
1.29372e-06
0.009455258
1.301269e-06
0.009455355
1.308104e-06
0.009455452
1.314259e-06
0.00945555
1.319764e-06
0.009455647
1.324645e-06
0.009455745
1.328926e-06
0.009455844
1.332629e-06
0.009455942
1.335772e-06
0.00945604
1.338369e-06
0.009456139
1.340434e-06
0.009456237
1.341974e-06
0.009456336
1.342998e-06
0.009456435
1.343508e-06
0.009456534
1.343506e-06
0.009456632
1.34299e-06
0.009456731
1.341955e-06
0.00945683
1.340394e-06
0.009456928
1.338297e-06
0.009457026
1.335651e-06
0.009457125
1.33244e-06
0.009457223
1.328645e-06
0.009457321
1.324243e-06
0.009457419
1.319211e-06
0.009457516
1.31352e-06
0.009457613
1.307138e-06
0.00945771
1.300031e-06
0.009457807
1.292162e-06
0.009457903
1.283488e-06
0.009457999
1.273966e-06
0.009458094
1.263548e-06
0.009458189
1.252182e-06
0.009458283
1.239814e-06
0.009458376
1.226385e-06
0.009458469
1.211834e-06
0.009458561
1.196096e-06
0.009458652
1.179105e-06
0.009458742
1.160789e-06
0.009458831
1.141078e-06
0.009458919
1.119896e-06
0.009459005
1.097169e-06
0.00945909
1.07282e-06
0.009459174
1.046775e-06
0.009459256
1.018957e-06
0.009459336
9.892968e-07
0.009459414
9.577243e-07
0.00945949
9.241769e-07
0.009459563
8.885983e-07
0.009459634
8.50941e-07
0.009459702
8.111683e-07
0.009459767
7.692562e-07
0.009459829
7.25196e-07
0.009459887
6.789962e-07
0.009459942
6.306846e-07
0.009459992
5.803108e-07
0.009460039
5.279475e-07
0.00946008
4.736921e-07
0.009460117
4.176675e-07
0.00946015
3.600223e-07
0.009460177
3.009306e-07
0.009460198
2.405892e-07
0.009460214
1.792215e-07
0.009460225
1.170498e-07
5.440324e-08
0.009452646
8.85448e-08
0.009452661
1.648817e-07
0.00945268
2.205299e-07
0.009452705
2.744339e-07
0.009452733
3.2915e-07
0.009452766
3.823439e-07
0.009452803
4.33394e-07
0.009452844
4.825717e-07
0.009452889
5.299638e-07
0.009452939
5.755173e-07
0.009452992
6.192069e-07
0.00945305
6.610327e-07
0.00945311
7.009967e-07
0.009453174
7.391044e-07
0.009453241
7.753686e-07
0.00945331
8.098102e-07
0.009453382
8.424576e-07
0.009453457
8.733464e-07
0.009453533
9.025185e-07
0.009453612
9.300213e-07
0.009453692
9.559072e-07
0.009453774
9.802321e-07
0.009453858
1.003055e-06
0.009453943
1.024435e-06
0.009454029
1.044436e-06
0.009454117
1.063118e-06
0.009454206
1.080543e-06
0.009454295
1.096773e-06
0.009454386
1.111865e-06
0.009454477
1.125878e-06
0.009454569
1.138867e-06
0.009454662
1.150886e-06
0.009454756
1.161984e-06
0.00945485
1.17221e-06
0.009454944
1.181609e-06
0.00945504
1.190224e-06
0.009455135
1.198093e-06
0.009455231
1.205254e-06
0.009455327
1.211739e-06
0.009455424
1.217581e-06
0.009455521
1.222806e-06
0.009455618
1.22744e-06
0.009455715
1.231505e-06
0.009455813
1.23502e-06
0.00945591
1.238003e-06
0.009456008
1.240468e-06
0.009456106
1.242425e-06
0.009456204
1.243884e-06
0.009456302
1.244851e-06
0.009456401
1.24533e-06
0.009456499
1.245321e-06
0.009456597
1.244822e-06
0.009456695
1.24383e-06
0.009456793
1.242337e-06
0.009456891
1.240334e-06
0.009456989
1.237809e-06
0.009457086
1.234747e-06
0.009457184
1.23113e-06
0.009457281
1.226937e-06
0.009457378
1.222146e-06
0.009457475
1.21673e-06
0.009457571
1.21066e-06
0.009457667
1.203904e-06
0.009457763
1.196427e-06
0.009457858
1.188191e-06
0.009457953
1.179155e-06
0.009458047
1.169274e-06
0.009458141
1.158502e-06
0.009458234
1.146787e-06
0.009458326
1.134077e-06
0.009458418
1.120317e-06
0.009458508
1.105447e-06
0.009458598
1.089406e-06
0.009458687
1.072131e-06
0.009458774
1.053559e-06
0.00945886
1.033621e-06
0.009458945
1.012253e-06
0.009459029
9.893857e-07
0.009459111
9.649543e-07
0.009459191
9.38894e-07
0.009459269
9.111428e-07
0.009459345
8.816427e-07
0.009459419
8.50341e-07
0.00945949
8.171916e-07
0.009459559
7.821568e-07
0.009459625
7.452091e-07
0.009459688
7.063325e-07
0.009459747
6.65525e-07
0.009459803
6.228003e-07
0.009459856
5.781889e-07
0.009459904
5.317408e-07
0.009459949
4.835257e-07
0.009459989
4.33635e-07
0.009460024
3.821815e-07
0.009460055
3.292999e-07
0.009460081
2.751466e-07
0.009460101
2.198965e-07
0.009460117
1.637467e-07
0.009460127
1.06893e-07
4.962266e-08
0.009452675
8.308052e-08
0.009452688
1.536559e-07
0.009452707
2.047844e-07
0.009452729
2.541232e-07
0.009452756
3.039904e-07
0.009452787
3.523282e-07
0.009452822
3.986461e-07
0.009452862
4.432498e-07
0.009452905
4.86259e-07
0.009452953
5.276489e-07
0.009453005
5.674085e-07
0.00945306
6.055428e-07
0.009453119
6.420525e-07
0.009453181
6.769373e-07
0.009453246
7.102021e-07
0.009453313
7.418579e-07
0.009453384
7.719221e-07
0.009453456
8.004189e-07
0.009453531
8.273787e-07
0.009453608
8.528376e-07
0.009453687
8.768369e-07
0.009453768
8.994216e-07
0.00945385
9.206403e-07
0.009453933
9.405439e-07
0.009454019
9.591847e-07
0.009454105
9.766162e-07
0.009454192
9.928917e-07
0.009454281
1.008065e-06
0.00945437
1.022187e-06
0.009454461
1.03531e-06
0.009454552
1.047484e-06
0.009454644
1.058756e-06
0.009454737
1.069171e-06
0.00945483
1.078773e-06
0.009454924
1.087604e-06
0.009455019
1.095701e-06
0.009455113
1.1031e-06
0.009455209
1.109836e-06
0.009455304
1.115938e-06
0.009455401
1.121436e-06
0.009455497
1.126355e-06
0.009455594
1.130717e-06
0.00945569
1.134545e-06
0.009455788
1.137855e-06
0.009455885
1.140663e-06
0.009455982
1.142982e-06
0.00945608
1.144823e-06
0.009456177
1.146194e-06
0.009456275
1.147101e-06
0.009456373
1.147546e-06
0.009456471
1.147531e-06
0.009456568
1.147055e-06
0.009456666
1.146112e-06
0.009456764
1.144697e-06
0.009456861
1.142801e-06
0.009456958
1.140413e-06
0.009457056
1.137518e-06
0.009457153
1.1341e-06
0.009457249
1.130141e-06
0.009457346
1.125618e-06
0.009457442
1.120508e-06
0.009457538
1.114783e-06
0.009457633
1.108415e-06
0.009457728
1.10137e-06
0.009457823
1.093613e-06
0.009457917
1.085108e-06
0.00945801
1.075813e-06
0.009458103
1.065685e-06
0.009458195
1.054679e-06
0.009458287
1.042746e-06
0.009458377
1.029836e-06
0.009458467
1.015895e-06
0.009458555
1.000869e-06
0.009458642
9.84702e-07
0.009458729
9.673351e-07
0.009458814
9.487101e-07
0.009458897
9.28768e-07
0.009458979
9.0745e-07
0.009459059
8.846985e-07
0.009459138
8.604578e-07
0.009459214
8.346748e-07
0.009459288
8.073006e-07
0.00945936
7.782913e-07
0.00945943
7.476095e-07
0.009459497
7.152254e-07
0.009459561
6.811188e-07
0.009459622
6.452803e-07
0.00945968
6.077128e-07
0.009459734
5.68433e-07
0.009459785
5.274731e-07
0.009459832
4.848817e-07
0.009459874
4.407249e-07
0.009459913
3.950874e-07
0.009459947
3.480721e-07
0.009459976
2.998006e-07
0.009460001
2.504125e-07
0.009460021
2.000631e-07
0.009460036
1.489266e-07
0.009460046
9.717496e-08
4.506125e-08
0.009452701
7.89865e-08
0.009452713
1.440934e-07
0.009452729
1.907619e-07
0.00945275
2.356125e-07
0.009452775
2.806446e-07
0.009452804
3.240954e-07
0.009452838
3.656389e-07
0.009452876
4.056289e-07
0.009452918
4.442224e-07
0.009452964
4.814229e-07
0.009453014
5.17233e-07
0.009453067
5.516597e-07
0.009453125
5.847e-07
0.009453185
6.163463e-07
0.009453248
6.465937e-07
0.009453314
6.754421e-07
0.009453383
7.028975e-07
0.009453454
7.289725e-07
0.009453528
7.536862e-07
0.009453603
7.770637e-07
0.009453681
7.991355e-07
0.00945376
8.199367e-07
0.009453841
8.395063e-07
0.009453924
8.57886e-07
0.009454008
8.751197e-07
0.009454093
8.912526e-07
0.009454179
9.063308e-07
0.009454267
9.204004e-07
0.009454355
9.335071e-07
0.009454445
9.456961e-07
0.009454535
9.570111e-07
0.009454626
9.674948e-07
0.009454718
9.771877e-07
0.009454811
9.86129e-07
0.009454904
9.943555e-07
0.009454997
1.001902e-06
0.009455092
1.008801e-06
0.009455186
1.015084e-06
0.009455281
1.020778e-06
0.009455377
1.025908e-06
0.009455473
1.030499e-06
0.009455569
1.034572e-06
0.009455665
1.038145e-06
0.009455762
1.041236e-06
0.009455858
1.043857e-06
0.009455955
1.046022e-06
0.009456052
1.047739e-06
0.009456149
1.049017e-06
0.009456246
1.04986e-06
0.009456344
1.050272e-06
0.009456441
1.050254e-06
0.009456538
1.049803e-06
0.009456635
1.048917e-06
0.009456732
1.047588e-06
0.009456829
1.04581e-06
0.009456926
1.043572e-06
0.009457023
1.04086e-06
0.009457119
1.037661e-06
0.009457215
1.033955e-06
0.009457311
1.029724e-06
0.009457407
1.024946e-06
0.009457502
1.019595e-06
0.009457597
1.013645e-06
0.009457691
1.007066e-06
0.009457785
9.998259e-07
0.009457878
9.918908e-07
0.00945797
9.832237e-07
0.009458062
9.737854e-07
0.009458153
9.635347e-07
0.009458244
9.524278e-07
0.009458333
9.404193e-07
0.009458421
9.274617e-07
0.009458509
9.135059e-07
0.009458595
8.985018e-07
0.00945868
8.823979e-07
0.009458763
8.651426e-07
0.009458845
8.46684e-07
0.009458926
8.269709e-07
0.009459005
8.059534e-07
0.009459081
7.835834e-07
0.009459156
7.598158e-07
0.009459229
7.346096e-07
0.009459299
7.079283e-07
0.009459367
6.797417e-07
0.009459432
6.500268e-07
0.009459495
6.187692e-07
0.009459554
5.859641e-07
0.00945961
5.51618e-07
0.009459663
5.157496e-07
0.009459712
4.783911e-07
0.009459757
4.395891e-07
0.009459798
3.994053e-07
0.009459836
3.579173e-07
0.009459868
3.152183e-07
0.009459897
2.714173e-07
0.00945992
2.266385e-07
0.00945994
1.81019e-07
0.009459954
1.347116e-07
0.009459963
8.786686e-08
4.070425e-08
0.009452726
7.630878e-08
0.009452735
1.36311e-07
0.00945275
1.785126e-07
0.009452769
2.188121e-07
0.009452793
2.589132e-07
0.00945282
2.973819e-07
0.009452852
3.340825e-07
0.009452889
3.694229e-07
0.009452929
4.03591e-07
0.009452974
4.366097e-07
0.009453023
4.68486e-07
0.009453075
4.992226e-07
0.009453131
5.288079e-07
0.009453189
5.572237e-07
0.009453251
5.844534e-07
0.009453316
6.104856e-07
0.009453383
6.353149e-07
0.009453453
6.589431e-07
0.009453525
6.813786e-07
0.009453599
7.026367e-07
0.009453676
7.227383e-07
0.009453754
7.417096e-07
0.009453833
7.595807e-07
0.009453915
7.763854e-07
0.009453998
7.921596e-07
0.009454082
8.069414e-07
0.009454167
8.207698e-07
0.009454254
8.336843e-07
0.009454341
8.457246e-07
0.00945443
8.569301e-07
0.009454519
8.673392e-07
0.00945461
8.769893e-07
0.009454701
8.859167e-07
0.009454793
8.94156e-07
0.009454885
9.017402e-07
0.009454978
9.087004e-07
0.009455072
9.15066e-07
0.009455166
9.208643e-07
0.009455261
9.261206e-07
0.009455356
9.308582e-07
0.009455451
9.350984e-07
0.009455547
9.388603e-07
0.009455643
9.42161e-07
0.009455739
9.450154e-07
0.009455835
9.474366e-07
0.009455932
9.494353e-07
0.009456028
9.510205e-07
0.009456125
9.52199e-07
0.009456222
9.529754e-07
0.009456319
9.533525e-07
0.009456416
9.533309e-07
0.009456513
9.529095e-07
0.009456609
9.520847e-07
0.009456706
9.508512e-07
0.009456803
9.492014e-07
0.009456899
9.471258e-07
0.009456995
9.446128e-07
0.009457091
9.416485e-07
0.009457187
9.382172e-07
0.009457282
9.343007e-07
0.009457377
9.29879e-07
0.009457472
9.249295e-07
0.009457566
9.194279e-07
0.00945766
9.133472e-07
0.009457753
9.066588e-07
0.009457845
8.993314e-07
0.009457937
8.91332e-07
0.009458028
8.826253e-07
0.009458119
8.731743e-07
0.009458208
8.629398e-07
0.009458297
8.518813e-07
0.009458384
8.399565e-07
0.009458471
8.271219e-07
0.009458556
8.13333e-07
0.00945864
7.985448e-07
0.009458722
7.827117e-07
0.009458803
7.657886e-07
0.009458882
7.477311e-07
0.00945896
7.284961e-07
0.009459035
7.080425e-07
0.009459109
6.863323e-07
0.00945918
6.633309e-07
0.009459249
6.390085e-07
0.009459315
6.133407e-07
0.009459379
5.863101e-07
0.00945944
5.579066e-07
0.009459497
5.281291e-07
0.009459552
4.969865e-07
0.009459603
4.644981e-07
0.009459651
4.306954e-07
0.009459695
3.956221e-07
0.009459735
3.593351e-07
0.009459771
3.219049e-07
0.009459803
2.834151e-07
0.00945983
2.439628e-07
0.009459853
2.036578e-07
0.009459871
1.62621e-07
0.009459885
1.209863e-07
0.009459894
7.888505e-08
3.651016e-08
0.009452747
7.663714e-08
0.009452754
1.314666e-07
0.009452766
1.687392e-07
0.009452783
2.042363e-07
0.009452804
2.39124e-07
0.00945283
2.723141e-07
0.009452861
3.03929e-07
0.009452896
3.344473e-07
0.009452935
3.640801e-07
0.009452979
3.928544e-07
0.009453027
4.207697e-07
0.009453078
4.478121e-07
0.009453133
4.739518e-07
0.00945319
4.99152e-07
0.009453251
5.2338e-07
0.009453315
5.466089e-07
0.009453381
5.688203e-07
0.00945345
5.900038e-07
0.009453521
6.101572e-07
0.009453594
6.29286e-07
0.009453669
6.474021e-07
0.009453746
6.645231e-07
0.009453825
6.806716e-07
0.009453905
6.958736e-07
0.009453987
7.101583e-07
0.00945407
7.235569e-07
0.009454155
7.361022e-07
0.00945424
7.478278e-07
0.009454327
7.587677e-07
0.009454415
7.689559e-07
0.009454504
7.784258e-07
0.009454594
7.872102e-07
0.009454684
7.953409e-07
0.009454775
8.028484e-07
0.009454867
8.097619e-07
0.00945496
8.161091e-07
0.009455053
8.21916e-07
0.009455146
8.27207e-07
0.00945524
8.320047e-07
0.009455335
8.363299e-07
0.009455429
8.402016e-07
0.009455525
8.436371e-07
0.00945562
8.466516e-07
0.009455716
8.492586e-07
0.009455812
8.514698e-07
0.009455908
8.532949e-07
0.009456004
8.547419e-07
0.0094561
8.55817e-07
0.009456197
8.565243e-07
0.009456293
8.568663e-07
0.00945639
8.568437e-07
0.009456486
8.564553e-07
0.009456582
8.556979e-07
0.009456679
8.545666e-07
0.009456775
8.530548e-07
0.009456871
8.511537e-07
0.009456966
8.48853e-07
0.009457062
8.4614e-07
0.009457157
8.430006e-07
0.009457252
8.394185e-07
0.009457346
8.353756e-07
0.00945744
8.308518e-07
0.009457534
8.258249e-07
0.009457627
8.202712e-07
0.009457719
8.141647e-07
0.009457811
8.074776e-07
0.009457902
8.001804e-07
0.009457993
7.922418e-07
0.009458082
7.836288e-07
0.009458171
7.743067e-07
0.009458258
7.642396e-07
0.009458345
7.533902e-07
0.00945843
7.417203e-07
0.009458515
7.291909e-07
0.009458597
7.157626e-07
0.009458679
7.013959e-07
0.009458758
6.860517e-07
0.009458836
6.696917e-07
0.009458912
6.52279e-07
0.009458987
6.337789e-07
0.009459059
6.141592e-07
0.009459129
5.933912e-07
0.009459196
5.714506e-07
0.009459261
5.483181e-07
0.009459324
5.239803e-07
0.009459383
4.984309e-07
0.00945944
4.716713e-07
0.009459493
4.437114e-07
0.009459543
4.145708e-07
0.009459589
3.842792e-07
0.009459632
3.52877e-07
0.009459671
3.204161e-07
0.009459706
2.869594e-07
0.009459736
2.525816e-07
0.009459763
2.173684e-07
0.009459785
1.814161e-07
0.009459803
1.448302e-07
0.009459816
1.077268e-07
0.009459825
7.021981e-08
3.2474e-08
0.009452767
7.997537e-08
0.00945277
1.297401e-07
0.00945278
1.614557e-07
0.009452795
1.916678e-07
0.009452815
2.209864e-07
0.009452839
2.486335e-07
0.009452869
2.749896e-07
0.009452903
3.006059e-07
0.009452941
3.256737e-07
0.009452984
3.502046e-07
0.00945303
3.741704e-07
0.00945308
3.975351e-07
0.009453134
4.202419e-07
0.009453191
4.422348e-07
0.00945325
4.634615e-07
0.009453313
4.838813e-07
0.009453378
5.034618e-07
0.009453446
5.221819e-07
0.009453516
5.400292e-07
0.009453588
5.570002e-07
0.009453662
5.730987e-07
0.009453738
5.883348e-07
0.009453815
6.027237e-07
0.009453895
6.162848e-07
0.009453976
6.290407e-07
0.009454058
6.410165e-07
0.009454142
6.522391e-07
0.009454227
6.627365e-07
0.009454313
6.725375e-07
0.0094544
6.816708e-07
0.009454488
6.901652e-07
0.009454577
6.980489e-07
0.009454667
7.053495e-07
0.009454758
7.120934e-07
0.009454849
7.183063e-07
0.009454941
7.240122e-07
0.009455034
7.29234e-07
0.009455127
7.339933e-07
0.00945522
7.383098e-07
0.009455315
7.42202e-07
0.009455409
7.456866e-07
0.009455504
7.48779e-07
0.009455599
7.514926e-07
0.009455694
7.538394e-07
0.00945579
7.558297e-07
0.009455886
7.574723e-07
0.009455981
7.587742e-07
0.009456077
7.597407e-07
0.009456174
7.603758e-07
0.00945627
7.606815e-07
0.009456366
7.606585e-07
0.009456462
7.603056e-07
0.009456558
7.596201e-07
0.009456654
7.585975e-07
0.00945675
7.57232e-07
0.009456845
7.555158e-07
0.009456941
7.534394e-07
0.009457036
7.50992e-07
0.009457131
7.481608e-07
0.009457225
7.449313e-07
0.009457319
7.412873e-07
0.009457413
7.372112e-07
0.009457506
7.326834e-07
0.009457598
7.276826e-07
0.00945769
7.22186e-07
0.009457782
7.161691e-07
0.009457872
7.096058e-07
0.009457962
7.024686e-07
0.009458051
6.947285e-07
0.009458139
6.863551e-07
0.009458226
6.77317e-07
0.009458311
6.675818e-07
0.009458396
6.57116e-07
0.009458479
6.45886e-07
0.009458561
6.338576e-07
0.009458641
6.209969e-07
0.00945872
6.072702e-07
0.009458797
5.92645e-07
0.009458872
5.7709e-07
0.009458946
5.605758e-07
0.009459017
5.430757e-07
0.009459085
5.245661e-07
0.009459152
5.050271e-07
0.009459216
4.844436e-07
0.009459277
4.628057e-07
0.009459335
4.401096e-07
0.00945939
4.163583e-07
0.009459443
3.915624e-07
0.009459491
3.657406e-07
0.009459537
3.389206e-07
0.009459578
3.111389e-07
0.009459616
2.82442e-07
0.00945965
2.528858e-07
0.009459681
2.225359e-07
0.009459706
1.914674e-07
0.009459728
1.59764e-07
0.009459745
1.275173e-07
0.009459758
9.482768e-08
0.009459767
6.179321e-08
2.855685e-08
0.00945278
9.153079e-08
0.009452777
1.343464e-07
0.009452783
1.580105e-07
0.009452796
1.817223e-07
0.009452814
2.045799e-07
0.009452837
2.259309e-07
0.009452866
2.465492e-07
0.0094529
2.670252e-07
0.009452938
2.874529e-07
0.009452981
3.077543e-07
0.009453027
3.278404e-07
0.009453077
3.47619e-07
0.00945313
3.66991e-07
0.009453186
3.858671e-07
0.009453245
4.041723e-07
0.009453307
4.218477e-07
0.009453371
4.388479e-07
0.009453438
4.55141e-07
0.009453507
4.707062e-07
0.009453578
4.855326e-07
0.009453652
4.996174e-07
0.009453727
5.129646e-07
0.009453804
5.255838e-07
0.009453882
5.374887e-07
0.009453963
5.486967e-07
0.009454044
5.592277e-07
0.009454127
5.691035e-07
0.009454211
5.783473e-07
0.009454297
5.86983e-07
0.009454383
5.950348e-07
0.009454471
6.025272e-07
0.009454559
6.094842e-07
0.009454649
6.159292e-07
0.009454739
6.218852e-07
0.00945483
6.27374e-07
0.009454921
6.324166e-07
0.009455013
6.370327e-07
0.009455106
6.412409e-07
0.009455199
6.450584e-07
0.009455293
6.485014e-07
0.009455387
6.515843e-07
0.009455481
6.543204e-07
0.009455576
6.567216e-07
0.009455671
6.587983e-07
0.009455766
6.605596e-07
0.009455861
6.620129e-07
0.009455957
6.631645e-07
0.009456053
6.640191e-07
0.009456148
6.645801e-07
0.009456244
6.648493e-07
0.00945634
6.648271e-07
0.009456436
6.645128e-07
0.009456531
6.639037e-07
0.009456627
6.629961e-07
0.009456722
6.617847e-07
0.009456818
6.602627e-07
0.009456913
6.58422e-07
0.009457007
6.562528e-07
0.009457102
6.537441e-07
0.009457196
6.508833e-07
0.009457289
6.476561e-07
0.009457382
6.440472e-07
0.009457475
6.400393e-07
0.009457567
6.356142e-07
0.009457658
6.307518e-07
0.009457749
6.254309e-07
0.009457839
6.196288e-07
0.009457928
6.133217e-07
0.009458016
6.064845e-07
0.009458104
5.990909e-07
0.00945819
5.911139e-07
0.009458275
5.825255e-07
0.009458359
5.732972e-07
0.009458441
5.634001e-07
0.009458522
5.52805e-07
0.009458602
5.414831e-07
0.009458679
5.29406e-07
0.009458756
5.165462e-07
0.00945883
5.028774e-07
0.009458902
4.883753e-07
0.009458972
4.730177e-07
0.00945904
4.567854e-07
0.009459105
4.396625e-07
0.009459168
4.216371e-07
0.009459228
4.02702e-07
0.009459285
3.828555e-07
0.009459339
3.621013e-07
0.009459391
3.404501e-07
0.009459438
3.179191e-07
0.009459483
2.945334e-07
0.009459523
2.703257e-07
0.009459561
2.453366e-07
0.009459594
2.196152e-07
0.009459623
1.932184e-07
0.009459648
1.662109e-07
0.009459669
1.386648e-07
0.009459686
1.106584e-07
0.009459699
8.227722e-08
0.009459707
5.360411e-08
2.475835e-08
0.009452794
1.112107e-07
0.009452785
1.453571e-07
0.009452787
1.582434e-07
0.009452797
1.742476e-07
0.009452813
1.901122e-07
0.009452835
2.046323e-07
0.009452863
2.19176e-07
0.009452896
2.343398e-07
0.009452934
2.500482e-07
0.009452975
2.660704e-07
0.009453021
2.822611e-07
0.00945307
2.984473e-07
0.009453122
3.144887e-07
0.009453177
3.302506e-07
0.009453236
3.456386e-07
0.009453297
3.605698e-07
0.009453361
3.74988e-07
0.009453427
3.888482e-07
0.009453495
4.021225e-07
0.009453566
4.147921e-07
0.009453638
4.268481e-07
0.009453713
4.38289e-07
0.009453789
4.491185e-07
0.009453867
4.59346e-07
0.009453946
4.689832e-07
0.009454027
4.780458e-07
0.00945411
4.865503e-07
0.009454193
4.945159e-07
0.009454278
5.019614e-07
0.009454364
5.089074e-07
0.009454451
5.153736e-07
0.009454539
5.213804e-07
0.009454628
5.269471e-07
0.009454718
5.320934e-07
0.009454808
5.368373e-07
0.0094549
5.411969e-07
0.009454991
5.451886e-07
0.009455084
5.488285e-07
0.009455176
5.521311e-07
0.00945527
5.5511e-07
0.009455363
5.577778e-07
0.009455458
5.601457e-07
0.009455552
5.62224e-07
0.009455647
5.640213e-07
0.009455742
5.655457e-07
0.009455837
5.668033e-07
0.009455932
5.677998e-07
0.009456028
5.685389e-07
0.009456123
5.690236e-07
0.009456219
5.692555e-07
0.009456314
5.692351e-07
0.00945641
5.689614e-07
0.009456505
5.684325e-07
0.0094566
5.676448e-07
0.009456696
5.665942e-07
0.009456791
5.652745e-07
0.009456885
5.63679e-07
0.00945698
5.617991e-07
0.009457074
5.596256e-07
0.009457167
5.571473e-07
0.009457261
5.543526e-07
0.009457353
5.512277e-07
0.009457446
5.477585e-07
0.009457537
5.439289e-07
0.009457628
5.397221e-07
0.009457719
5.351199e-07
0.009457808
5.301031e-07
0.009457897
5.246513e-07
0.009457985
5.187433e-07
0.009458071
5.123568e-07
0.009458157
5.054691e-07
0.009458241
4.980563e-07
0.009458325
4.900947e-07
0.009458406
4.815597e-07
0.009458487
4.724272e-07
0.009458565
4.626728e-07
0.009458643
4.522731e-07
0.009458718
4.412051e-07
0.009458791
4.294474e-07
0.009458863
4.169797e-07
0.009458932
4.037844e-07
0.009458999
3.898455e-07
0.009459063
3.751509e-07
0.009459125
3.596911e-07
0.009459184
3.434614e-07
0.009459241
3.264608e-07
0.009459294
3.08694e-07
0.009459344
2.901705e-07
0.009459391
2.709063e-07
0.009459435
2.50923e-07
0.009459475
2.302494e-07
0.009459512
2.089203e-07
0.009459544
1.86978e-07
0.009459573
1.644707e-07
0.009459598
1.414538e-07
0.009459618
1.179881e-07
0.009459635
9.41401e-08
0.009459647
6.998168e-08
0.009459655
4.558272e-08
2.104336e-08
0.009452788
1.572701e-07
0.009452765
1.710085e-07
0.009452763
1.623306e-07
0.009452772
1.675407e-07
0.009452789
1.750009e-07
0.009452813
1.818137e-07
0.009452842
1.900699e-07
0.009452877
2.001932e-07
0.009452915
2.115334e-07
0.009452957
2.236581e-07
0.009453003
2.362813e-07
0.009453052
2.491658e-07
0.009453105
2.620977e-07
0.00945316
2.749242e-07
0.009453218
2.875231e-07
0.009453278
2.998074e-07
0.009453341
3.117093e-07
0.009453407
3.231821e-07
0.009453475
3.341925e-07
0.009453544
3.447192e-07
0.009453616
3.547501e-07
0.00945369
3.642801e-07
0.009453766
3.733103e-07
0.009453843
3.818453e-07
0.009453922
3.898943e-07
0.009454002
3.97468e-07
0.009454084
4.045801e-07
0.009454167
4.112445e-07
0.009454252
4.174774e-07
0.009454337
4.232943e-07
0.009454424
4.287119e-07
0.009454511
4.337461e-07
0.0094546
4.384134e-07
0.009454689
4.427293e-07
0.009454779
4.46709e-07
0.00945487
4.503671e-07
0.009454961
4.537173e-07
0.009455053
4.567728e-07
0.009455146
4.595457e-07
0.009455239
4.620472e-07
0.009455332
4.642877e-07
0.009455426
4.662766e-07
0.00945552
4.680222e-07
0.009455614
4.695321e-07
0.009455709
4.708125e-07
0.009455804
4.718689e-07
0.009455899
4.727057e-07
0.009455994
4.733263e-07
0.009456089
4.737329e-07
0.009456185
4.739271e-07
0.00945628
4.739089e-07
0.009456375
4.73678e-07
0.00945647
4.732322e-07
0.009456565
4.725692e-07
0.00945666
4.716849e-07
0.009456755
4.705747e-07
0.009456849
4.692325e-07
0.009456943
4.676516e-07
0.009457037
4.658238e-07
0.009457131
4.637404e-07
0.009457224
4.613911e-07
0.009457316
4.587651e-07
0.009457408
4.5585e-07
0.009457499
4.52633e-07
0.00945759
4.490998e-07
0.00945768
4.452356e-07
0.009457769
4.410241e-07
0.009457857
4.364489e-07
0.009457944
4.31492e-07
0.00945803
4.261356e-07
0.009458115
4.203603e-07
0.009458199
4.141472e-07
0.009458282
4.074761e-07
0.009458363
4.003275e-07
0.009458443
3.926813e-07
0.009458521
3.845179e-07
0.009458597
3.758179e-07
0.009458672
3.665632e-07
0.009458745
3.56736e-07
0.009458815
3.463206e-07
0.009458884
3.353024e-07
0.00945895
3.236694e-07
0.009459014
3.114116e-07
0.009459075
2.985225e-07
0.009459133
2.849982e-07
0.009459189
2.708391e-07
0.009459241
2.560494e-07
0.009459291
2.406379e-07
0.009459337
2.246182e-07
0.00945938
2.08009e-07
0.009459419
1.908341e-07
0.009459455
1.731234e-07
0.009459487
1.549116e-07
0.009459516
1.362393e-07
0.00945954
1.171522e-07
0.00945956
9.770108e-08
0.009459576
7.794085e-08
0.009459588
5.793087e-08
0.009459596
3.772821e-08
1.741173e-08
0.009452786
2.315095e-07
0.009452747
2.118776e-07
0.00945274
1.71483e-07
0.009452745
1.645596e-07
0.009452759
1.625606e-07
0.009452782
1.599578e-07
0.009452811
1.611015e-07
0.009452846
1.659035e-07
0.009452884
1.727665e-07
0.009452927
1.809808e-07
0.009452973
1.900973e-07
0.009453022
1.997636e-07
0.009453075
2.096765e-07
0.00945313
2.19651e-07
0.009453188
2.295365e-07
0.009453248
2.392371e-07
0.009453311
2.486752e-07
0.009453376
2.57802e-07
0.009453443
2.665805e-07
0.009453513
2.749878e-07
0.009453584
2.8301e-07
0.009453658
2.906393e-07
0.009453733
2.978751e-07
0.00945381
3.047184e-07
0.009453889
3.111765e-07
0.009453969
3.172559e-07
0.00945405
3.229678e-07
0.009454133
3.283218e-07
0.009454217
3.333314e-07
0.009454302
3.380077e-07
0.009454388
3.423646e-07
0.009454476
3.46414e-07
0.009454564
3.501694e-07
0.009454653
3.536425e-07
0.009454742
3.56846e-07
0.009454833
3.597908e-07
0.009454924
3.624885e-07
0.009455016
3.64949e-07
0.009455108
3.671823e-07
0.009455201
3.691972e-07
0.009455294
3.710021e-07
0.009455388
3.726044e-07
0.009455482
3.740108e-07
0.009455576
3.752273e-07
0.00945567
3.762588e-07
0.009455765
3.7711e-07
0.00945586
3.777841e-07
0.009455955
3.78284e-07
0.00945605
3.786114e-07
0.009456145
3.787676e-07
0.00945624
3.787526e-07
0.009456335
3.785662e-07
0.00945643
3.782065e-07
0.009456525
3.776719e-07
0.00945662
3.769588e-07
0.009456714
3.760639e-07
0.009456809
3.749819e-07
0.009456902
3.737079e-07
0.009456996
3.722349e-07
0.009457089
3.705564e-07
0.009457182
3.686637e-07
0.009457274
3.665486e-07
0.009457366
3.642008e-07
0.009457457
3.616105e-07
0.009457547
3.58766e-07
0.009457637
3.556557e-07
0.009457725
3.522664e-07
0.009457813
3.485855e-07
0.0094579
3.445982e-07
0.009457986
3.402907e-07
0.00945807
3.356475e-07
0.009458154
3.306538e-07
0.009458236
3.252935e-07
0.009458317
3.195513e-07
0.009458396
3.134112e-07
0.009458474
3.068582e-07
0.00945855
2.998767e-07
0.009458624
2.924528e-07
0.009458696
2.845725e-07
0.009458766
2.76224e-07
0.009458834
2.673955e-07
0.009458899
2.580784e-07
0.009458963
2.482647e-07
0.009459023
2.3795e-07
0.009459081
2.271314e-07
0.009459136
2.1581e-07
0.009459188
2.039891e-07
0.009459237
1.916766e-07
0.009459283
1.788833e-07
0.009459325
1.656248e-07
0.009459364
1.519201e-07
0.009459399
1.377935e-07
0.009459431
1.232726e-07
0.009459459
1.083905e-07
0.009459483
9.318347e-08
0.009459503
7.769291e-08
0.009459519
6.196315e-08
0.009459531
4.60426e-08
0.009459538
2.997799e-08
1.383185e-08
0.009452712
4.010667e-07
0.00945265
2.759526e-07
0.009452655
1.684414e-07
0.00945267
1.519796e-07
0.00945269
1.431727e-07
0.009452719
1.321751e-07
0.009452752
1.281374e-07
0.009452789
1.292265e-07
0.009452829
1.326923e-07
0.009452872
1.37681e-07
0.009452919
1.437812e-07
0.009452968
1.505243e-07
0.00945302
1.576177e-07
0.009453074
1.648505e-07
0.009453131
1.720945e-07
0.009453191
1.792446e-07
0.009453254
1.862356e-07
0.009453318
1.93017e-07
0.009453385
1.995563e-07
0.009453454
2.058312e-07
0.009453525
2.118271e-07
0.009453598
2.175371e-07
0.009453673
2.229566e-07
0.009453749
2.280879e-07
0.009453827
2.32932e-07
0.009453907
2.374962e-07
0.009453988
2.417853e-07
0.00945407
2.458088e-07
0.009454154
2.495737e-07
0.009454239
2.530904e-07
0.009454324
2.563671e-07
0.009454411
2.594141e-07
0.009454499
2.622399e-07
0.009454588
2.648545e-07
0.009454677
2.672661e-07
0.009454768
2.694839e-07
0.009454858
2.715155e-07
0.00945495
2.73369e-07
0.009455042
2.750515e-07
0.009455135
2.765696e-07
0.009455228
2.779297e-07
0.009455321
2.791371e-07
0.009455415
2.801971e-07
0.009455509
2.811137e-07
0.009455603
2.818914e-07
0.009455698
2.825327e-07
0.009455792
2.830408e-07
0.009455887
2.834173e-07
0.009455982
2.83664e-07
0.009456077
2.837813e-07
0.009456172
2.837699e-07
0.009456267
2.836287e-07
0.009456362
2.833574e-07
0.009456456
2.829536e-07
0.009456551
2.824157e-07
0.009456645
2.817402e-07
0.009456739
2.809243e-07
0.009456833
2.79963e-07
0.009456926
2.788523e-07
0.009457019
2.775861e-07
0.009457112
2.761592e-07
0.009457204
2.745642e-07
0.009457295
2.727945e-07
0.009457386
2.708418e-07
0.009457476
2.686982e-07
0.009457565
2.663541e-07
0.009457653
2.638008e-07
0.009457741
2.610276e-07
0.009457828
2.580248e-07
0.009457913
2.547809e-07
0.009457997
2.512854e-07
0.00945808
2.475263e-07
0.009458162
2.434926e-07
0.009458243
2.391721e-07
0.009458321
2.345539e-07
0.009458399
2.296258e-07
0.009458474
2.243775e-07
0.009458548
2.187977e-07
0.009458619
2.12877e-07
0.009458689
2.066058e-07
0.009458756
1.999768e-07
0.009458822
1.929823e-07
0.009458884
1.856181e-07
0.009458944
1.778798e-07
0.009459002
1.697667e-07
0.009459056
1.612787e-07
0.009459108
1.524197e-07
0.009459156
1.431947e-07
0.009459201
1.336131e-07
0.009459243
1.236857e-07
0.009459282
1.13428e-07
0.009459317
1.028573e-07
0.009459348
9.199565e-08
0.009459375
8.086711e-08
0.009459399
6.950036e-08
0.009459419
5.792696e-08
0.009459435
4.618222e-08
0.009459446
3.430472e-08
0.009459454
2.233216e-08
1.030501e-08
0.009452617
7.123676e-07
0.009452508
3.869734e-07
0.009452511
1.670236e-07
0.009452524
1.412465e-07
0.009452549
1.204229e-07
0.009452584
9.817199e-08
0.009452623
8.976174e-08
0.009452664
8.834681e-08
0.009452708
8.929932e-08
0.009452753
9.187881e-08
0.009452802
9.560052e-08
0.009452852
9.993294e-08
0.009452905
1.045772e-07
0.00945296
1.093621e-07
0.009453018
1.141771e-07
0.009453078
1.189428e-07
0.009453141
1.236081e-07
0.009453205
1.281374e-07
0.009453272
1.32507e-07
0.009453341
1.367013e-07
0.009453412
1.4071e-07
0.009453485
1.445281e-07
0.00945356
1.481528e-07
0.009453636
1.515846e-07
0.009453714
1.548252e-07
0.009453794
1.578784e-07
0.009453874
1.607482e-07
0.009453957
1.634402e-07
0.00945404
1.659596e-07
0.009454125
1.683129e-07
0.009454211
1.705059e-07
0.009454297
1.725452e-07
0.009454385
1.744367e-07
0.009454474
1.761869e-07
0.009454563
1.778013e-07
0.009454653
1.79286e-07
0.009454744
1.806463e-07
0.009454835
1.818873e-07
0.009454927
1.830138e-07
0.00945502
1.840304e-07
0.009455113
1.849412e-07
0.009455206
1.857498e-07
0.0094553
1.864596e-07
0.009455394
1.870736e-07
0.009455488
1.875943e-07
0.009455582
1.880239e-07
0.009455677
1.883642e-07
0.009455772
1.886164e-07
0.009455867
1.887817e-07
0.009455962
1.888603e-07
0.009456056
1.888527e-07
0.009456151
1.887583e-07
0.009456246
1.885766e-07
0.009456341
1.883064e-07
0.009456435
1.879463e-07
0.009456529
1.874942e-07
0.009456623
1.869479e-07
0.009456717
1.863045e-07
0.00945681
1.855611e-07
0.009456903
1.847138e-07
0.009456995
1.837587e-07
0.009457087
1.826915e-07
0.009457178
1.815073e-07
0.009457269
1.802009e-07
0.009457359
1.787668e-07
0.009457448
1.771989e-07
0.009457536
1.75491e-07
0.009457624
1.736365e-07
0.00945771
1.716286e-07
0.009457795
1.694598e-07
0.00945788
1.671231e-07
0.009457962
1.646107e-07
0.009458044
1.61915e-07
0.009458124
1.590284e-07
0.009458203
1.559432e-07
0.00945828
1.526517e-07
0.009458355
1.491469e-07
0.009458428
1.454216e-07
0.0094585
1.414695e-07
0.009458569
1.372843e-07
0.009458636
1.328612e-07
0.009458701
1.281955e-07
0.009458763
1.232841e-07
0.009458823
1.181245e-07
0.00945888
1.127161e-07
0.009458934
1.070593e-07
0.009458985
1.011564e-07
0.009459033
9.501123e-08
0.009459078
8.862981e-08
0.00945912
8.20198e-08
0.009459158
7.519129e-08
0.009459193
6.815621e-08
0.009459224
6.092908e-08
0.009459251
5.35265e-08
0.009459275
4.5968e-08
0.009459295
3.827595e-08
0.00945931
3.047615e-08
0.009459322
2.259963e-08
0.00945933
1.468207e-08
6.775419e-09
0.009452328
1.299853e-06
0.009452328
3.889305e-07
0.009452397
1.005996e-07
0.009452419
1.222975e-07
0.009452451
9.044335e-08
0.009452491
6.013654e-08
0.009452531
5.101316e-08
0.009452572
4.805956e-08
0.009452615
4.661086e-08
0.00945266
4.679498e-08
0.009452707
4.807334e-08
0.009452757
4.988935e-08
0.00945281
5.197972e-08
0.009452865
5.422515e-08
0.009452923
5.653342e-08
0.009452983
5.884896e-08
0.009453045
6.113382e-08
0.009453109
6.336452e-08
0.009453176
6.552533e-08
0.009453245
6.760479e-08
0.009453316
6.959727e-08
0.009453389
7.149726e-08
0.009453464
7.330417e-08
0.00945354
7.501585e-08
0.009453618
7.663431e-08
0.009453698
7.81594e-08
0.009453779
7.95944e-08
0.009453861
8.094044e-08
0.009453945
8.220132e-08
0.00945403
8.337892e-08
0.009454116
8.44771e-08
0.009454203
8.54982e-08
0.009454291
8.644585e-08
0.009454379
8.732261e-08
0.009454469
8.813176e-08
0.009454559
8.887588e-08
0.00945465
8.955782e-08
0.009454742
9.018007e-08
0.009454834
9.074502e-08
0.009454927
9.125497e-08
0.00945502
9.171181e-08
0.009455113
9.211761e-08
0.009455207
9.247379e-08
0.009455302
9.278212e-08
0.009455396
9.304352e-08
0.009455491
9.325947e-08
0.009455586
9.343041e-08
0.009455681
9.355747e-08
0.009455776
9.364066e-08
0.009455871
9.368072e-08
0.009455966
9.367721e-08
0.009456061
9.363053e-08
0.009456156
9.353977e-08
0.009456251
9.340495e-08
0.009456346
9.322474e-08
0.00945644
9.299875e-08
0.009456534
9.272523e-08
0.009456628
9.240339e-08
0.009456722
9.203104e-08
0.009456815
9.160699e-08
0.009456907
9.112865e-08
0.009457
9.059441e-08
0.009457091
9.000128e-08
0.009457182
8.934726e-08
0.009457272
8.862896e-08
0.009457361
8.784401e-08
0.00945745
8.698868e-08
0.009457537
8.606027e-08
0.009457624
8.505473e-08
0.009457709
8.396909e-08
0.009457794
8.279907e-08
0.009457877
8.154152e-08
0.009457958
8.019203e-08
0.009458039
7.874736e-08
0.009458117
7.720313e-08
0.009458194
7.555618e-08
0.00945827
7.38023e-08
0.009458343
7.193863e-08
0.009458415
6.996134e-08
0.009458484
6.78681e-08
0.009458551
6.565574e-08
0.009458616
6.332268e-08
0.009458679
6.086672e-08
0.009458738
5.828736e-08
0.009458796
5.558362e-08
0.00945885
5.27564e-08
0.009458901
4.980627e-08
0.009458949
4.673581e-08
0.009458994
4.354742e-08
0.009459036
4.02456e-08
0.009459075
3.683488e-08
0.009459109
3.332181e-08
0.009459141
2.971338e-08
0.009459168
2.60187e-08
0.009459192
2.224832e-08
0.009459212
1.841602e-08
0.009459228
1.454008e-08
0.00945924
1.06522e-08
0.009459247
6.795859e-09
3.126064e-09
0.009453406
0.009453796
0.009453898
0.009454022
0.009454114
0.009454174
0.009454226
0.009454274
0.009454321
0.009454368
0.009454416
0.009454466
0.009454518
0.009454572
0.009454628
0.009454687
0.009454748
0.009454812
0.009454877
0.009454945
0.009455014
0.009455085
0.009455159
0.009455234
0.00945531
0.009455388
0.009455468
0.009455549
0.009455631
0.009455714
0.009455799
0.009455884
0.00945597
0.009456058
0.009456146
0.009456235
0.009456324
0.009456414
0.009456505
0.009456596
0.009456688
0.00945678
0.009456872
0.009456965
0.009457058
0.009457151
0.009457245
0.009457338
0.009457432
0.009457526
0.009457619
0.009457713
0.009457806
0.0094579
0.009457993
0.009458086
0.009458179
0.009458271
0.009458363
0.009458455
0.009458546
0.009458636
0.009458726
0.009458816
0.009458904
0.009458992
0.009459079
0.009459165
0.00945925
0.009459334
0.009459417
0.009459499
0.009459579
0.009459658
0.009459735
0.00945981
0.009459884
0.009459956
0.009460026
0.009460094
0.009460159
0.009460223
0.009460284
0.009460342
0.009460397
0.00946045
0.0094605
0.009460547
0.00946059
0.009460631
0.009460667
0.009460701
0.00946073
0.009460756
0.009460779
0.009460797
0.009460812
0.009460822
0.009460829
)
;

boundaryField
{
    topAir_top
    {
        type            symmetryPlane;
        value           uniform 0;
    }
    leftLet
    {
        type            calculated;
        value           nonuniform List<scalar> 
40
(
-0.009447516
-0.009448449
-0.009450015
-0.009450427
-0.009450666
-0.009450906
-0.009451105
-0.009451271
-0.00945142
-0.00945155
-0.009451667
-0.009451773
-0.009451869
-0.009451957
-0.009452037
-0.009452111
-0.00945218
-0.009452243
-0.009452301
-0.009452355
-0.009452405
-0.009452452
-0.009452495
-0.009452535
-0.009452572
-0.009452607
-0.009452639
-0.009452669
-0.009452696
-0.009452722
-0.009452746
-0.009452769
-0.009452791
-0.009452813
-0.009452834
-0.009452859
-0.009452881
-0.009452927
-0.009452914
-0.009452105
)
;
    }
    rightLet
    {
        type            calculated;
        value           nonuniform List<scalar> 
40
(
0.009074576
0.009460724
0.009467986
0.009467067
0.009466101
0.009465456
0.009464785
0.009464302
0.009463822
0.009463437
0.009463064
0.009462752
0.009462448
0.00946219
0.009461936
0.00946172
0.009461504
0.009461322
0.009461137
0.009460983
0.009460824
0.009460692
0.009460556
0.009460443
0.009460327
0.00946023
0.009460132
0.00946005
0.009459967
0.009459898
0.009459829
0.009459771
0.009459711
0.009459659
0.0094596
0.009459542
0.009459458
0.009459333
0.009459251
0.009460832
)
;
    }
    frontAndBack
    {
        type            empty;
        value           nonuniform 0();
    }
    topAir_to_wall
    {
        type            calculated;
        value           uniform 0;
    }
}


// ************************************************************************* //
