/*--------------------------------*- C++ -*----------------------------------*\
| =========                 |                                                 |
| \\      /  F ield         | OpenFOAM: The Open Source CFD Toolbox           |
|  \\    /   O peration     | Version:  2.3.0                                 |
|   \\  /    A nd           | Web:      www.OpenFOAM.org                      |
|    \\/     M anipulation  |                                                 |
\*---------------------------------------------------------------------------*/
FoamFile
{
    version     2.0;
    format      ascii;
    class       volScalarField;
    location    "9800/topAir";
    object      rho;
}
// * * * * * * * * * * * * * * * * * * * * * * * * * * * * * * * * * * * * * //

dimensions      [1 -3 0 0 0 0 0];

internalField   nonuniform List<scalar> 
4000
(
1.15736
1.157539
1.157752
1.15767
1.157591
1.157542
1.157492
1.157439
1.157387
1.157334
1.157282
1.15723
1.157177
1.157125
1.157072
1.15702
1.156968
1.156915
1.156863
1.156811
1.156758
1.156706
1.156653
1.156601
1.156549
1.156496
1.156444
1.156391
1.156339
1.156287
1.156234
1.156182
1.156129
1.156077
1.156025
1.155972
1.15592
1.155867
1.155815
1.155763
1.15571
1.155658
1.155605
1.155553
1.1555
1.155448
1.155396
1.155343
1.155291
1.155238
1.155186
1.155133
1.155081
1.155028
1.154976
1.154923
1.154871
1.154819
1.154766
1.154714
1.154661
1.154609
1.154556
1.154504
1.154451
1.154399
1.154346
1.154294
1.154241
1.154189
1.154136
1.154084
1.154031
1.153979
1.153926
1.153874
1.153821
1.153769
1.153716
1.153664
1.153611
1.153559
1.153506
1.153454
1.153401
1.153348
1.153296
1.153243
1.153191
1.153138
1.153086
1.153033
1.152981
1.152928
1.152876
1.152823
1.15277
1.152718
1.152665
1.152613
1.157411
1.157643
1.157909
1.157879
1.157851
1.157854
1.157857
1.157856
1.157855
1.157855
1.157854
1.157853
1.157853
1.157852
1.157851
1.157851
1.15785
1.157849
1.157848
1.157848
1.157847
1.157846
1.157845
1.157844
1.157843
1.157842
1.157841
1.157839
1.157838
1.157837
1.157836
1.157835
1.157833
1.157832
1.157831
1.157829
1.157828
1.157826
1.157825
1.157823
1.157822
1.15782
1.157818
1.157817
1.157815
1.157813
1.157811
1.15781
1.157808
1.157806
1.157804
1.157802
1.1578
1.157798
1.157796
1.157794
1.157792
1.15779
1.157787
1.157785
1.157783
1.157781
1.157778
1.157776
1.157774
1.157771
1.157769
1.157766
1.157764
1.157761
1.157759
1.157756
1.157753
1.157751
1.157748
1.157745
1.157742
1.15774
1.157737
1.157734
1.157731
1.157728
1.157725
1.157722
1.157719
1.157716
1.157713
1.15771
1.157707
1.157704
1.157701
1.157697
1.157694
1.157691
1.157688
1.157685
1.157682
1.157679
1.157676
1.157674
1.157412
1.157643
1.157909
1.157879
1.157852
1.157855
1.157857
1.157857
1.157856
1.157856
1.157856
1.157856
1.157856
1.157856
1.157856
1.157855
1.157855
1.157855
1.157855
1.157855
1.157855
1.157854
1.157854
1.157854
1.157854
1.157854
1.157854
1.157853
1.157853
1.157853
1.157853
1.157853
1.157853
1.157853
1.157852
1.157852
1.157852
1.157852
1.157852
1.157852
1.157851
1.157851
1.157851
1.157851
1.157851
1.15785
1.15785
1.15785
1.15785
1.15785
1.15785
1.157849
1.157849
1.157849
1.157849
1.157849
1.157848
1.157848
1.157848
1.157848
1.157848
1.157848
1.157847
1.157847
1.157847
1.157847
1.157847
1.157846
1.157846
1.157846
1.157846
1.157845
1.157845
1.157845
1.157845
1.157845
1.157844
1.157844
1.157844
1.157844
1.157844
1.157843
1.157843
1.157843
1.157843
1.157842
1.157842
1.157842
1.157842
1.157841
1.157841
1.157841
1.157841
1.15784
1.15784
1.15784
1.15784
1.157839
1.157839
1.157839
1.157411
1.157643
1.157909
1.157879
1.157852
1.157855
1.157857
1.157857
1.157856
1.157856
1.157856
1.157856
1.157856
1.157856
1.157856
1.157855
1.157855
1.157855
1.157855
1.157855
1.157855
1.157854
1.157854
1.157854
1.157854
1.157854
1.157854
1.157854
1.157853
1.157853
1.157853
1.157853
1.157853
1.157853
1.157853
1.157852
1.157852
1.157852
1.157852
1.157852
1.157852
1.157851
1.157851
1.157851
1.157851
1.157851
1.157851
1.157851
1.15785
1.15785
1.15785
1.15785
1.15785
1.15785
1.15785
1.157849
1.157849
1.157849
1.157849
1.157849
1.157849
1.157848
1.157848
1.157848
1.157848
1.157848
1.157848
1.157848
1.157847
1.157847
1.157847
1.157847
1.157847
1.157847
1.157847
1.157846
1.157846
1.157846
1.157846
1.157846
1.157846
1.157845
1.157845
1.157845
1.157845
1.157845
1.157845
1.157845
1.157844
1.157844
1.157844
1.157844
1.157844
1.157844
1.157843
1.157843
1.157843
1.157843
1.157843
1.157843
1.157411
1.157643
1.157909
1.157879
1.157852
1.157855
1.157857
1.157857
1.157856
1.157856
1.157856
1.157856
1.157856
1.157856
1.157856
1.157855
1.157855
1.157855
1.157855
1.157855
1.157855
1.157854
1.157854
1.157854
1.157854
1.157854
1.157854
1.157854
1.157853
1.157853
1.157853
1.157853
1.157853
1.157853
1.157853
1.157852
1.157852
1.157852
1.157852
1.157852
1.157852
1.157851
1.157851
1.157851
1.157851
1.157851
1.157851
1.157851
1.15785
1.15785
1.15785
1.15785
1.15785
1.15785
1.15785
1.157849
1.157849
1.157849
1.157849
1.157849
1.157849
1.157848
1.157848
1.157848
1.157848
1.157848
1.157848
1.157848
1.157847
1.157847
1.157847
1.157847
1.157847
1.157847
1.157847
1.157846
1.157846
1.157846
1.157846
1.157846
1.157846
1.157845
1.157845
1.157845
1.157845
1.157845
1.157845
1.157845
1.157844
1.157844
1.157844
1.157844
1.157844
1.157844
1.157843
1.157843
1.157843
1.157843
1.157843
1.157843
1.157411
1.157643
1.157909
1.157879
1.157852
1.157855
1.157857
1.157857
1.157856
1.157856
1.157856
1.157856
1.157856
1.157856
1.157856
1.157855
1.157855
1.157855
1.157855
1.157855
1.157855
1.157854
1.157854
1.157854
1.157854
1.157854
1.157854
1.157854
1.157853
1.157853
1.157853
1.157853
1.157853
1.157853
1.157853
1.157852
1.157852
1.157852
1.157852
1.157852
1.157852
1.157851
1.157851
1.157851
1.157851
1.157851
1.157851
1.157851
1.15785
1.15785
1.15785
1.15785
1.15785
1.15785
1.15785
1.157849
1.157849
1.157849
1.157849
1.157849
1.157849
1.157848
1.157848
1.157848
1.157848
1.157848
1.157848
1.157848
1.157847
1.157847
1.157847
1.157847
1.157847
1.157847
1.157847
1.157846
1.157846
1.157846
1.157846
1.157846
1.157846
1.157845
1.157845
1.157845
1.157845
1.157845
1.157845
1.157845
1.157844
1.157844
1.157844
1.157844
1.157844
1.157844
1.157843
1.157843
1.157843
1.157843
1.157843
1.157843
1.157411
1.157643
1.157909
1.157879
1.157852
1.157855
1.157857
1.157857
1.157856
1.157856
1.157856
1.157856
1.157856
1.157856
1.157856
1.157855
1.157855
1.157855
1.157855
1.157855
1.157855
1.157854
1.157854
1.157854
1.157854
1.157854
1.157854
1.157854
1.157853
1.157853
1.157853
1.157853
1.157853
1.157853
1.157852
1.157852
1.157852
1.157852
1.157852
1.157852
1.157852
1.157851
1.157851
1.157851
1.157851
1.157851
1.157851
1.157851
1.15785
1.15785
1.15785
1.15785
1.15785
1.15785
1.15785
1.157849
1.157849
1.157849
1.157849
1.157849
1.157849
1.157848
1.157848
1.157848
1.157848
1.157848
1.157848
1.157848
1.157847
1.157847
1.157847
1.157847
1.157847
1.157847
1.157847
1.157846
1.157846
1.157846
1.157846
1.157846
1.157846
1.157845
1.157845
1.157845
1.157845
1.157845
1.157845
1.157845
1.157844
1.157844
1.157844
1.157844
1.157844
1.157844
1.157843
1.157843
1.157843
1.157843
1.157843
1.157843
1.157411
1.157643
1.157909
1.157879
1.157852
1.157855
1.157857
1.157857
1.157856
1.157856
1.157856
1.157856
1.157856
1.157856
1.157856
1.157855
1.157855
1.157855
1.157855
1.157855
1.157855
1.157854
1.157854
1.157854
1.157854
1.157854
1.157854
1.157854
1.157853
1.157853
1.157853
1.157853
1.157853
1.157853
1.157852
1.157852
1.157852
1.157852
1.157852
1.157852
1.157852
1.157851
1.157851
1.157851
1.157851
1.157851
1.157851
1.157851
1.15785
1.15785
1.15785
1.15785
1.15785
1.15785
1.15785
1.157849
1.157849
1.157849
1.157849
1.157849
1.157849
1.157848
1.157848
1.157848
1.157848
1.157848
1.157848
1.157848
1.157847
1.157847
1.157847
1.157847
1.157847
1.157847
1.157847
1.157846
1.157846
1.157846
1.157846
1.157846
1.157846
1.157845
1.157845
1.157845
1.157845
1.157845
1.157845
1.157845
1.157844
1.157844
1.157844
1.157844
1.157844
1.157844
1.157843
1.157843
1.157843
1.157843
1.157843
1.157843
1.157411
1.157643
1.157909
1.157879
1.157852
1.157855
1.157857
1.157857
1.157856
1.157856
1.157856
1.157856
1.157856
1.157856
1.157856
1.157855
1.157855
1.157855
1.157855
1.157855
1.157855
1.157854
1.157854
1.157854
1.157854
1.157854
1.157854
1.157854
1.157853
1.157853
1.157853
1.157853
1.157853
1.157853
1.157852
1.157852
1.157852
1.157852
1.157852
1.157852
1.157852
1.157851
1.157851
1.157851
1.157851
1.157851
1.157851
1.157851
1.15785
1.15785
1.15785
1.15785
1.15785
1.15785
1.157849
1.157849
1.157849
1.157849
1.157849
1.157849
1.157849
1.157848
1.157848
1.157848
1.157848
1.157848
1.157848
1.157848
1.157847
1.157847
1.157847
1.157847
1.157847
1.157847
1.157847
1.157846
1.157846
1.157846
1.157846
1.157846
1.157846
1.157845
1.157845
1.157845
1.157845
1.157845
1.157845
1.157845
1.157844
1.157844
1.157844
1.157844
1.157844
1.157844
1.157843
1.157843
1.157843
1.157843
1.157843
1.157843
1.157411
1.157643
1.157909
1.157879
1.157852
1.157855
1.157857
1.157857
1.157856
1.157856
1.157856
1.157856
1.157856
1.157856
1.157855
1.157855
1.157855
1.157855
1.157855
1.157855
1.157855
1.157854
1.157854
1.157854
1.157854
1.157854
1.157854
1.157854
1.157853
1.157853
1.157853
1.157853
1.157853
1.157853
1.157852
1.157852
1.157852
1.157852
1.157852
1.157852
1.157852
1.157851
1.157851
1.157851
1.157851
1.157851
1.157851
1.157851
1.15785
1.15785
1.15785
1.15785
1.15785
1.15785
1.157849
1.157849
1.157849
1.157849
1.157849
1.157849
1.157849
1.157848
1.157848
1.157848
1.157848
1.157848
1.157848
1.157848
1.157847
1.157847
1.157847
1.157847
1.157847
1.157847
1.157846
1.157846
1.157846
1.157846
1.157846
1.157846
1.157846
1.157845
1.157845
1.157845
1.157845
1.157845
1.157845
1.157845
1.157844
1.157844
1.157844
1.157844
1.157844
1.157844
1.157843
1.157843
1.157843
1.157843
1.157843
1.157843
1.157411
1.157643
1.157909
1.157879
1.157851
1.157855
1.157857
1.157857
1.157856
1.157856
1.157856
1.157856
1.157856
1.157856
1.157855
1.157855
1.157855
1.157855
1.157855
1.157855
1.157855
1.157854
1.157854
1.157854
1.157854
1.157854
1.157854
1.157854
1.157853
1.157853
1.157853
1.157853
1.157853
1.157853
1.157852
1.157852
1.157852
1.157852
1.157852
1.157852
1.157852
1.157851
1.157851
1.157851
1.157851
1.157851
1.157851
1.157851
1.15785
1.15785
1.15785
1.15785
1.15785
1.15785
1.157849
1.157849
1.157849
1.157849
1.157849
1.157849
1.157849
1.157848
1.157848
1.157848
1.157848
1.157848
1.157848
1.157848
1.157847
1.157847
1.157847
1.157847
1.157847
1.157847
1.157846
1.157846
1.157846
1.157846
1.157846
1.157846
1.157846
1.157845
1.157845
1.157845
1.157845
1.157845
1.157845
1.157845
1.157844
1.157844
1.157844
1.157844
1.157844
1.157844
1.157843
1.157843
1.157843
1.157843
1.157843
1.157843
1.157411
1.157643
1.157909
1.157879
1.157851
1.157855
1.157857
1.157857
1.157856
1.157856
1.157856
1.157856
1.157856
1.157856
1.157855
1.157855
1.157855
1.157855
1.157855
1.157855
1.157855
1.157854
1.157854
1.157854
1.157854
1.157854
1.157854
1.157854
1.157853
1.157853
1.157853
1.157853
1.157853
1.157853
1.157852
1.157852
1.157852
1.157852
1.157852
1.157852
1.157852
1.157851
1.157851
1.157851
1.157851
1.157851
1.157851
1.157851
1.15785
1.15785
1.15785
1.15785
1.15785
1.15785
1.157849
1.157849
1.157849
1.157849
1.157849
1.157849
1.157849
1.157848
1.157848
1.157848
1.157848
1.157848
1.157848
1.157848
1.157847
1.157847
1.157847
1.157847
1.157847
1.157847
1.157846
1.157846
1.157846
1.157846
1.157846
1.157846
1.157846
1.157845
1.157845
1.157845
1.157845
1.157845
1.157845
1.157845
1.157844
1.157844
1.157844
1.157844
1.157844
1.157844
1.157843
1.157843
1.157843
1.157843
1.157843
1.157843
1.157411
1.157643
1.157909
1.157879
1.157851
1.157855
1.157857
1.157857
1.157856
1.157856
1.157856
1.157856
1.157856
1.157856
1.157855
1.157855
1.157855
1.157855
1.157855
1.157855
1.157855
1.157854
1.157854
1.157854
1.157854
1.157854
1.157854
1.157854
1.157853
1.157853
1.157853
1.157853
1.157853
1.157853
1.157852
1.157852
1.157852
1.157852
1.157852
1.157852
1.157852
1.157851
1.157851
1.157851
1.157851
1.157851
1.157851
1.157851
1.15785
1.15785
1.15785
1.15785
1.15785
1.15785
1.157849
1.157849
1.157849
1.157849
1.157849
1.157849
1.157849
1.157848
1.157848
1.157848
1.157848
1.157848
1.157848
1.157848
1.157847
1.157847
1.157847
1.157847
1.157847
1.157847
1.157846
1.157846
1.157846
1.157846
1.157846
1.157846
1.157846
1.157845
1.157845
1.157845
1.157845
1.157845
1.157845
1.157845
1.157844
1.157844
1.157844
1.157844
1.157844
1.157844
1.157843
1.157843
1.157843
1.157843
1.157843
1.157843
1.157411
1.157643
1.157909
1.157879
1.157851
1.157855
1.157857
1.157857
1.157856
1.157856
1.157856
1.157856
1.157856
1.157856
1.157855
1.157855
1.157855
1.157855
1.157855
1.157855
1.157855
1.157854
1.157854
1.157854
1.157854
1.157854
1.157854
1.157854
1.157853
1.157853
1.157853
1.157853
1.157853
1.157853
1.157852
1.157852
1.157852
1.157852
1.157852
1.157852
1.157852
1.157851
1.157851
1.157851
1.157851
1.157851
1.157851
1.157851
1.15785
1.15785
1.15785
1.15785
1.15785
1.15785
1.157849
1.157849
1.157849
1.157849
1.157849
1.157849
1.157849
1.157848
1.157848
1.157848
1.157848
1.157848
1.157848
1.157848
1.157847
1.157847
1.157847
1.157847
1.157847
1.157847
1.157846
1.157846
1.157846
1.157846
1.157846
1.157846
1.157846
1.157845
1.157845
1.157845
1.157845
1.157845
1.157845
1.157845
1.157844
1.157844
1.157844
1.157844
1.157844
1.157844
1.157844
1.157843
1.157843
1.157843
1.157843
1.157843
1.157411
1.157643
1.157909
1.157879
1.157851
1.157855
1.157857
1.157857
1.157856
1.157856
1.157856
1.157856
1.157856
1.157856
1.157855
1.157855
1.157855
1.157855
1.157855
1.157855
1.157855
1.157854
1.157854
1.157854
1.157854
1.157854
1.157854
1.157854
1.157853
1.157853
1.157853
1.157853
1.157853
1.157853
1.157852
1.157852
1.157852
1.157852
1.157852
1.157852
1.157852
1.157851
1.157851
1.157851
1.157851
1.157851
1.157851
1.157851
1.15785
1.15785
1.15785
1.15785
1.15785
1.15785
1.157849
1.157849
1.157849
1.157849
1.157849
1.157849
1.157849
1.157848
1.157848
1.157848
1.157848
1.157848
1.157848
1.157848
1.157847
1.157847
1.157847
1.157847
1.157847
1.157847
1.157846
1.157846
1.157846
1.157846
1.157846
1.157846
1.157846
1.157845
1.157845
1.157845
1.157845
1.157845
1.157845
1.157845
1.157844
1.157844
1.157844
1.157844
1.157844
1.157844
1.157844
1.157843
1.157843
1.157843
1.157843
1.157843
1.157411
1.157643
1.157909
1.157879
1.157851
1.157855
1.157857
1.157857
1.157856
1.157856
1.157856
1.157856
1.157856
1.157856
1.157855
1.157855
1.157855
1.157855
1.157855
1.157855
1.157855
1.157854
1.157854
1.157854
1.157854
1.157854
1.157854
1.157854
1.157853
1.157853
1.157853
1.157853
1.157853
1.157853
1.157852
1.157852
1.157852
1.157852
1.157852
1.157852
1.157852
1.157851
1.157851
1.157851
1.157851
1.157851
1.157851
1.157851
1.15785
1.15785
1.15785
1.15785
1.15785
1.15785
1.157849
1.157849
1.157849
1.157849
1.157849
1.157849
1.157849
1.157848
1.157848
1.157848
1.157848
1.157848
1.157848
1.157848
1.157847
1.157847
1.157847
1.157847
1.157847
1.157847
1.157846
1.157846
1.157846
1.157846
1.157846
1.157846
1.157846
1.157845
1.157845
1.157845
1.157845
1.157845
1.157845
1.157845
1.157844
1.157844
1.157844
1.157844
1.157844
1.157844
1.157844
1.157843
1.157843
1.157843
1.157843
1.157843
1.157411
1.157643
1.157909
1.157879
1.157851
1.157855
1.157857
1.157857
1.157856
1.157856
1.157856
1.157856
1.157856
1.157856
1.157855
1.157855
1.157855
1.157855
1.157855
1.157855
1.157855
1.157854
1.157854
1.157854
1.157854
1.157854
1.157854
1.157854
1.157853
1.157853
1.157853
1.157853
1.157853
1.157853
1.157852
1.157852
1.157852
1.157852
1.157852
1.157852
1.157852
1.157851
1.157851
1.157851
1.157851
1.157851
1.157851
1.157851
1.15785
1.15785
1.15785
1.15785
1.15785
1.15785
1.157849
1.157849
1.157849
1.157849
1.157849
1.157849
1.157849
1.157848
1.157848
1.157848
1.157848
1.157848
1.157848
1.157848
1.157847
1.157847
1.157847
1.157847
1.157847
1.157847
1.157846
1.157846
1.157846
1.157846
1.157846
1.157846
1.157846
1.157845
1.157845
1.157845
1.157845
1.157845
1.157845
1.157845
1.157844
1.157844
1.157844
1.157844
1.157844
1.157844
1.157844
1.157843
1.157843
1.157843
1.157843
1.157843
1.157411
1.157643
1.157909
1.157879
1.157851
1.157855
1.157857
1.157857
1.157856
1.157856
1.157856
1.157856
1.157856
1.157856
1.157855
1.157855
1.157855
1.157855
1.157855
1.157855
1.157855
1.157854
1.157854
1.157854
1.157854
1.157854
1.157854
1.157854
1.157853
1.157853
1.157853
1.157853
1.157853
1.157853
1.157852
1.157852
1.157852
1.157852
1.157852
1.157852
1.157852
1.157851
1.157851
1.157851
1.157851
1.157851
1.157851
1.157851
1.15785
1.15785
1.15785
1.15785
1.15785
1.15785
1.157849
1.157849
1.157849
1.157849
1.157849
1.157849
1.157849
1.157848
1.157848
1.157848
1.157848
1.157848
1.157848
1.157848
1.157847
1.157847
1.157847
1.157847
1.157847
1.157847
1.157846
1.157846
1.157846
1.157846
1.157846
1.157846
1.157846
1.157845
1.157845
1.157845
1.157845
1.157845
1.157845
1.157845
1.157844
1.157844
1.157844
1.157844
1.157844
1.157844
1.157844
1.157843
1.157843
1.157843
1.157843
1.157843
1.157411
1.157643
1.157909
1.157879
1.157851
1.157855
1.157857
1.157857
1.157856
1.157856
1.157856
1.157856
1.157856
1.157856
1.157855
1.157855
1.157855
1.157855
1.157855
1.157855
1.157855
1.157854
1.157854
1.157854
1.157854
1.157854
1.157854
1.157853
1.157853
1.157853
1.157853
1.157853
1.157853
1.157853
1.157852
1.157852
1.157852
1.157852
1.157852
1.157852
1.157852
1.157851
1.157851
1.157851
1.157851
1.157851
1.157851
1.157851
1.15785
1.15785
1.15785
1.15785
1.15785
1.15785
1.157849
1.157849
1.157849
1.157849
1.157849
1.157849
1.157849
1.157848
1.157848
1.157848
1.157848
1.157848
1.157848
1.157848
1.157847
1.157847
1.157847
1.157847
1.157847
1.157847
1.157846
1.157846
1.157846
1.157846
1.157846
1.157846
1.157846
1.157845
1.157845
1.157845
1.157845
1.157845
1.157845
1.157845
1.157844
1.157844
1.157844
1.157844
1.157844
1.157844
1.157844
1.157843
1.157843
1.157843
1.157843
1.157843
1.157411
1.157643
1.157909
1.157879
1.157851
1.157855
1.157857
1.157857
1.157856
1.157856
1.157856
1.157856
1.157856
1.157856
1.157855
1.157855
1.157855
1.157855
1.157855
1.157855
1.157855
1.157854
1.157854
1.157854
1.157854
1.157854
1.157854
1.157853
1.157853
1.157853
1.157853
1.157853
1.157853
1.157853
1.157852
1.157852
1.157852
1.157852
1.157852
1.157852
1.157852
1.157851
1.157851
1.157851
1.157851
1.157851
1.157851
1.157851
1.15785
1.15785
1.15785
1.15785
1.15785
1.15785
1.157849
1.157849
1.157849
1.157849
1.157849
1.157849
1.157849
1.157848
1.157848
1.157848
1.157848
1.157848
1.157848
1.157848
1.157847
1.157847
1.157847
1.157847
1.157847
1.157847
1.157846
1.157846
1.157846
1.157846
1.157846
1.157846
1.157846
1.157845
1.157845
1.157845
1.157845
1.157845
1.157845
1.157845
1.157844
1.157844
1.157844
1.157844
1.157844
1.157844
1.157844
1.157843
1.157843
1.157843
1.157843
1.157843
1.157411
1.157643
1.157909
1.157879
1.157851
1.157855
1.157857
1.157857
1.157856
1.157856
1.157856
1.157856
1.157856
1.157856
1.157855
1.157855
1.157855
1.157855
1.157855
1.157855
1.157855
1.157854
1.157854
1.157854
1.157854
1.157854
1.157854
1.157853
1.157853
1.157853
1.157853
1.157853
1.157853
1.157853
1.157852
1.157852
1.157852
1.157852
1.157852
1.157852
1.157852
1.157851
1.157851
1.157851
1.157851
1.157851
1.157851
1.157851
1.15785
1.15785
1.15785
1.15785
1.15785
1.15785
1.157849
1.157849
1.157849
1.157849
1.157849
1.157849
1.157849
1.157848
1.157848
1.157848
1.157848
1.157848
1.157848
1.157848
1.157847
1.157847
1.157847
1.157847
1.157847
1.157847
1.157846
1.157846
1.157846
1.157846
1.157846
1.157846
1.157846
1.157845
1.157845
1.157845
1.157845
1.157845
1.157845
1.157845
1.157844
1.157844
1.157844
1.157844
1.157844
1.157844
1.157844
1.157843
1.157843
1.157843
1.157843
1.157843
1.157411
1.157643
1.157909
1.157879
1.157851
1.157855
1.157857
1.157857
1.157856
1.157856
1.157856
1.157856
1.157856
1.157856
1.157855
1.157855
1.157855
1.157855
1.157855
1.157855
1.157855
1.157854
1.157854
1.157854
1.157854
1.157854
1.157854
1.157853
1.157853
1.157853
1.157853
1.157853
1.157853
1.157853
1.157852
1.157852
1.157852
1.157852
1.157852
1.157852
1.157852
1.157851
1.157851
1.157851
1.157851
1.157851
1.157851
1.157851
1.15785
1.15785
1.15785
1.15785
1.15785
1.15785
1.157849
1.157849
1.157849
1.157849
1.157849
1.157849
1.157849
1.157848
1.157848
1.157848
1.157848
1.157848
1.157848
1.157848
1.157847
1.157847
1.157847
1.157847
1.157847
1.157847
1.157846
1.157846
1.157846
1.157846
1.157846
1.157846
1.157846
1.157845
1.157845
1.157845
1.157845
1.157845
1.157845
1.157845
1.157844
1.157844
1.157844
1.157844
1.157844
1.157844
1.157844
1.157843
1.157843
1.157843
1.157843
1.157843
1.157411
1.157643
1.157909
1.157879
1.157851
1.157855
1.157857
1.157857
1.157856
1.157856
1.157856
1.157856
1.157856
1.157856
1.157855
1.157855
1.157855
1.157855
1.157855
1.157855
1.157855
1.157854
1.157854
1.157854
1.157854
1.157854
1.157854
1.157853
1.157853
1.157853
1.157853
1.157853
1.157853
1.157853
1.157852
1.157852
1.157852
1.157852
1.157852
1.157852
1.157852
1.157851
1.157851
1.157851
1.157851
1.157851
1.157851
1.157851
1.15785
1.15785
1.15785
1.15785
1.15785
1.15785
1.157849
1.157849
1.157849
1.157849
1.157849
1.157849
1.157849
1.157848
1.157848
1.157848
1.157848
1.157848
1.157848
1.157848
1.157847
1.157847
1.157847
1.157847
1.157847
1.157847
1.157846
1.157846
1.157846
1.157846
1.157846
1.157846
1.157846
1.157845
1.157845
1.157845
1.157845
1.157845
1.157845
1.157845
1.157844
1.157844
1.157844
1.157844
1.157844
1.157844
1.157844
1.157843
1.157843
1.157843
1.157843
1.157843
1.157411
1.157643
1.157909
1.157879
1.157851
1.157854
1.157857
1.157857
1.157856
1.157856
1.157856
1.157856
1.157856
1.157856
1.157855
1.157855
1.157855
1.157855
1.157855
1.157855
1.157855
1.157854
1.157854
1.157854
1.157854
1.157854
1.157854
1.157853
1.157853
1.157853
1.157853
1.157853
1.157853
1.157853
1.157852
1.157852
1.157852
1.157852
1.157852
1.157852
1.157852
1.157851
1.157851
1.157851
1.157851
1.157851
1.157851
1.157851
1.15785
1.15785
1.15785
1.15785
1.15785
1.15785
1.157849
1.157849
1.157849
1.157849
1.157849
1.157849
1.157849
1.157848
1.157848
1.157848
1.157848
1.157848
1.157848
1.157848
1.157847
1.157847
1.157847
1.157847
1.157847
1.157847
1.157846
1.157846
1.157846
1.157846
1.157846
1.157846
1.157846
1.157845
1.157845
1.157845
1.157845
1.157845
1.157845
1.157845
1.157844
1.157844
1.157844
1.157844
1.157844
1.157844
1.157844
1.157843
1.157843
1.157843
1.157843
1.157843
1.157411
1.157643
1.157909
1.157879
1.157851
1.157854
1.157857
1.157857
1.157856
1.157856
1.157856
1.157856
1.157856
1.157856
1.157855
1.157855
1.157855
1.157855
1.157855
1.157855
1.157855
1.157854
1.157854
1.157854
1.157854
1.157854
1.157854
1.157853
1.157853
1.157853
1.157853
1.157853
1.157853
1.157853
1.157852
1.157852
1.157852
1.157852
1.157852
1.157852
1.157852
1.157851
1.157851
1.157851
1.157851
1.157851
1.157851
1.157851
1.15785
1.15785
1.15785
1.15785
1.15785
1.15785
1.157849
1.157849
1.157849
1.157849
1.157849
1.157849
1.157849
1.157848
1.157848
1.157848
1.157848
1.157848
1.157848
1.157848
1.157847
1.157847
1.157847
1.157847
1.157847
1.157847
1.157846
1.157846
1.157846
1.157846
1.157846
1.157846
1.157846
1.157845
1.157845
1.157845
1.157845
1.157845
1.157845
1.157845
1.157844
1.157844
1.157844
1.157844
1.157844
1.157844
1.157844
1.157843
1.157843
1.157843
1.157843
1.157843
1.157411
1.157643
1.157909
1.157879
1.157851
1.157854
1.157857
1.157857
1.157856
1.157856
1.157856
1.157856
1.157856
1.157856
1.157855
1.157855
1.157855
1.157855
1.157855
1.157855
1.157855
1.157854
1.157854
1.157854
1.157854
1.157854
1.157854
1.157853
1.157853
1.157853
1.157853
1.157853
1.157853
1.157853
1.157852
1.157852
1.157852
1.157852
1.157852
1.157852
1.157852
1.157851
1.157851
1.157851
1.157851
1.157851
1.157851
1.157851
1.15785
1.15785
1.15785
1.15785
1.15785
1.15785
1.157849
1.157849
1.157849
1.157849
1.157849
1.157849
1.157849
1.157848
1.157848
1.157848
1.157848
1.157848
1.157848
1.157848
1.157847
1.157847
1.157847
1.157847
1.157847
1.157847
1.157846
1.157846
1.157846
1.157846
1.157846
1.157846
1.157846
1.157845
1.157845
1.157845
1.157845
1.157845
1.157845
1.157845
1.157844
1.157844
1.157844
1.157844
1.157844
1.157844
1.157844
1.157843
1.157843
1.157843
1.157843
1.157843
1.157411
1.157643
1.157909
1.157879
1.157851
1.157854
1.157857
1.157857
1.157856
1.157856
1.157856
1.157856
1.157856
1.157856
1.157855
1.157855
1.157855
1.157855
1.157855
1.157855
1.157855
1.157854
1.157854
1.157854
1.157854
1.157854
1.157854
1.157853
1.157853
1.157853
1.157853
1.157853
1.157853
1.157853
1.157852
1.157852
1.157852
1.157852
1.157852
1.157852
1.157852
1.157851
1.157851
1.157851
1.157851
1.157851
1.157851
1.157851
1.15785
1.15785
1.15785
1.15785
1.15785
1.15785
1.157849
1.157849
1.157849
1.157849
1.157849
1.157849
1.157849
1.157848
1.157848
1.157848
1.157848
1.157848
1.157848
1.157848
1.157847
1.157847
1.157847
1.157847
1.157847
1.157847
1.157846
1.157846
1.157846
1.157846
1.157846
1.157846
1.157846
1.157845
1.157845
1.157845
1.157845
1.157845
1.157845
1.157845
1.157844
1.157844
1.157844
1.157844
1.157844
1.157844
1.157844
1.157843
1.157843
1.157843
1.157843
1.157843
1.157411
1.157643
1.157909
1.157879
1.157851
1.157854
1.157857
1.157857
1.157856
1.157856
1.157856
1.157856
1.157856
1.157856
1.157855
1.157855
1.157855
1.157855
1.157855
1.157855
1.157855
1.157854
1.157854
1.157854
1.157854
1.157854
1.157854
1.157853
1.157853
1.157853
1.157853
1.157853
1.157853
1.157853
1.157852
1.157852
1.157852
1.157852
1.157852
1.157852
1.157852
1.157851
1.157851
1.157851
1.157851
1.157851
1.157851
1.157851
1.15785
1.15785
1.15785
1.15785
1.15785
1.15785
1.157849
1.157849
1.157849
1.157849
1.157849
1.157849
1.157849
1.157848
1.157848
1.157848
1.157848
1.157848
1.157848
1.157848
1.157847
1.157847
1.157847
1.157847
1.157847
1.157847
1.157846
1.157846
1.157846
1.157846
1.157846
1.157846
1.157846
1.157845
1.157845
1.157845
1.157845
1.157845
1.157845
1.157845
1.157844
1.157844
1.157844
1.157844
1.157844
1.157844
1.157844
1.157843
1.157843
1.157843
1.157843
1.157843
1.157411
1.157643
1.157909
1.157879
1.157851
1.157854
1.157857
1.157857
1.157856
1.157856
1.157856
1.157856
1.157856
1.157856
1.157855
1.157855
1.157855
1.157855
1.157855
1.157855
1.157855
1.157854
1.157854
1.157854
1.157854
1.157854
1.157854
1.157853
1.157853
1.157853
1.157853
1.157853
1.157853
1.157853
1.157852
1.157852
1.157852
1.157852
1.157852
1.157852
1.157852
1.157851
1.157851
1.157851
1.157851
1.157851
1.157851
1.157851
1.15785
1.15785
1.15785
1.15785
1.15785
1.15785
1.157849
1.157849
1.157849
1.157849
1.157849
1.157849
1.157849
1.157848
1.157848
1.157848
1.157848
1.157848
1.157848
1.157848
1.157847
1.157847
1.157847
1.157847
1.157847
1.157847
1.157846
1.157846
1.157846
1.157846
1.157846
1.157846
1.157846
1.157845
1.157845
1.157845
1.157845
1.157845
1.157845
1.157845
1.157844
1.157844
1.157844
1.157844
1.157844
1.157844
1.157844
1.157843
1.157843
1.157843
1.157843
1.157843
1.157411
1.157643
1.157909
1.157879
1.157851
1.157854
1.157857
1.157857
1.157856
1.157856
1.157856
1.157856
1.157856
1.157856
1.157855
1.157855
1.157855
1.157855
1.157855
1.157855
1.157855
1.157854
1.157854
1.157854
1.157854
1.157854
1.157854
1.157853
1.157853
1.157853
1.157853
1.157853
1.157853
1.157853
1.157852
1.157852
1.157852
1.157852
1.157852
1.157852
1.157852
1.157851
1.157851
1.157851
1.157851
1.157851
1.157851
1.157851
1.15785
1.15785
1.15785
1.15785
1.15785
1.15785
1.157849
1.157849
1.157849
1.157849
1.157849
1.157849
1.157849
1.157848
1.157848
1.157848
1.157848
1.157848
1.157848
1.157848
1.157847
1.157847
1.157847
1.157847
1.157847
1.157847
1.157846
1.157846
1.157846
1.157846
1.157846
1.157846
1.157846
1.157845
1.157845
1.157845
1.157845
1.157845
1.157845
1.157845
1.157844
1.157844
1.157844
1.157844
1.157844
1.157844
1.157844
1.157843
1.157843
1.157843
1.157843
1.157843
1.157411
1.157643
1.157909
1.157879
1.157851
1.157854
1.157857
1.157857
1.157856
1.157856
1.157856
1.157856
1.157856
1.157856
1.157855
1.157855
1.157855
1.157855
1.157855
1.157855
1.157855
1.157854
1.157854
1.157854
1.157854
1.157854
1.157854
1.157853
1.157853
1.157853
1.157853
1.157853
1.157853
1.157853
1.157852
1.157852
1.157852
1.157852
1.157852
1.157852
1.157852
1.157851
1.157851
1.157851
1.157851
1.157851
1.157851
1.157851
1.15785
1.15785
1.15785
1.15785
1.15785
1.15785
1.157849
1.157849
1.157849
1.157849
1.157849
1.157849
1.157849
1.157848
1.157848
1.157848
1.157848
1.157848
1.157848
1.157848
1.157847
1.157847
1.157847
1.157847
1.157847
1.157847
1.157846
1.157846
1.157846
1.157846
1.157846
1.157846
1.157846
1.157845
1.157845
1.157845
1.157845
1.157845
1.157845
1.157845
1.157844
1.157844
1.157844
1.157844
1.157844
1.157844
1.157844
1.157843
1.157843
1.157843
1.157843
1.157843
1.157411
1.157643
1.157909
1.157879
1.157851
1.157854
1.157857
1.157857
1.157856
1.157856
1.157856
1.157856
1.157856
1.157856
1.157855
1.157855
1.157855
1.157855
1.157855
1.157855
1.157855
1.157854
1.157854
1.157854
1.157854
1.157854
1.157854
1.157853
1.157853
1.157853
1.157853
1.157853
1.157853
1.157853
1.157852
1.157852
1.157852
1.157852
1.157852
1.157852
1.157852
1.157851
1.157851
1.157851
1.157851
1.157851
1.157851
1.157851
1.15785
1.15785
1.15785
1.15785
1.15785
1.15785
1.157849
1.157849
1.157849
1.157849
1.157849
1.157849
1.157849
1.157848
1.157848
1.157848
1.157848
1.157848
1.157848
1.157848
1.157847
1.157847
1.157847
1.157847
1.157847
1.157847
1.157846
1.157846
1.157846
1.157846
1.157846
1.157846
1.157846
1.157845
1.157845
1.157845
1.157845
1.157845
1.157845
1.157845
1.157844
1.157844
1.157844
1.157844
1.157844
1.157844
1.157844
1.157843
1.157843
1.157843
1.157843
1.157843
1.157411
1.157643
1.157909
1.157879
1.157851
1.157854
1.157857
1.157857
1.157856
1.157856
1.157856
1.157856
1.157856
1.157856
1.157855
1.157855
1.157855
1.157855
1.157855
1.157855
1.157854
1.157854
1.157854
1.157854
1.157854
1.157854
1.157854
1.157853
1.157853
1.157853
1.157853
1.157853
1.157853
1.157853
1.157852
1.157852
1.157852
1.157852
1.157852
1.157852
1.157852
1.157851
1.157851
1.157851
1.157851
1.157851
1.157851
1.157851
1.15785
1.15785
1.15785
1.15785
1.15785
1.15785
1.157849
1.157849
1.157849
1.157849
1.157849
1.157849
1.157849
1.157848
1.157848
1.157848
1.157848
1.157848
1.157848
1.157848
1.157847
1.157847
1.157847
1.157847
1.157847
1.157847
1.157846
1.157846
1.157846
1.157846
1.157846
1.157846
1.157846
1.157845
1.157845
1.157845
1.157845
1.157845
1.157845
1.157845
1.157844
1.157844
1.157844
1.157844
1.157844
1.157844
1.157844
1.157843
1.157843
1.157843
1.157843
1.157843
1.157411
1.157643
1.157909
1.157879
1.157851
1.157854
1.157857
1.157857
1.157856
1.157856
1.157856
1.157856
1.157856
1.157856
1.157855
1.157855
1.157855
1.157855
1.157855
1.157855
1.157854
1.157854
1.157854
1.157854
1.157854
1.157854
1.157854
1.157853
1.157853
1.157853
1.157853
1.157853
1.157853
1.157853
1.157852
1.157852
1.157852
1.157852
1.157852
1.157852
1.157852
1.157851
1.157851
1.157851
1.157851
1.157851
1.157851
1.157851
1.15785
1.15785
1.15785
1.15785
1.15785
1.15785
1.157849
1.157849
1.157849
1.157849
1.157849
1.157849
1.157849
1.157848
1.157848
1.157848
1.157848
1.157848
1.157848
1.157848
1.157847
1.157847
1.157847
1.157847
1.157847
1.157847
1.157846
1.157846
1.157846
1.157846
1.157846
1.157846
1.157846
1.157845
1.157845
1.157845
1.157845
1.157845
1.157845
1.157845
1.157844
1.157844
1.157844
1.157844
1.157844
1.157844
1.157844
1.157843
1.157843
1.157843
1.157843
1.157843
1.157411
1.157643
1.157909
1.157879
1.157851
1.157854
1.157857
1.157857
1.157856
1.157856
1.157856
1.157856
1.157856
1.157856
1.157855
1.157855
1.157855
1.157855
1.157855
1.157855
1.157854
1.157854
1.157854
1.157854
1.157854
1.157854
1.157854
1.157853
1.157853
1.157853
1.157853
1.157853
1.157853
1.157853
1.157852
1.157852
1.157852
1.157852
1.157852
1.157852
1.157852
1.157851
1.157851
1.157851
1.157851
1.157851
1.157851
1.157851
1.15785
1.15785
1.15785
1.15785
1.15785
1.15785
1.157849
1.157849
1.157849
1.157849
1.157849
1.157849
1.157849
1.157848
1.157848
1.157848
1.157848
1.157848
1.157848
1.157848
1.157847
1.157847
1.157847
1.157847
1.157847
1.157847
1.157846
1.157846
1.157846
1.157846
1.157846
1.157846
1.157846
1.157845
1.157845
1.157845
1.157845
1.157845
1.157845
1.157845
1.157844
1.157844
1.157844
1.157844
1.157844
1.157844
1.157844
1.157843
1.157843
1.157843
1.157843
1.157843
1.157411
1.157643
1.157909
1.157879
1.157851
1.157854
1.157857
1.157857
1.157856
1.157856
1.157856
1.157856
1.157856
1.157856
1.157855
1.157855
1.157855
1.157855
1.157855
1.157855
1.157854
1.157854
1.157854
1.157854
1.157854
1.157854
1.157854
1.157853
1.157853
1.157853
1.157853
1.157853
1.157853
1.157853
1.157852
1.157852
1.157852
1.157852
1.157852
1.157852
1.157852
1.157851
1.157851
1.157851
1.157851
1.157851
1.157851
1.157851
1.15785
1.15785
1.15785
1.15785
1.15785
1.15785
1.157849
1.157849
1.157849
1.157849
1.157849
1.157849
1.157849
1.157848
1.157848
1.157848
1.157848
1.157848
1.157848
1.157848
1.157847
1.157847
1.157847
1.157847
1.157847
1.157847
1.157846
1.157846
1.157846
1.157846
1.157846
1.157846
1.157846
1.157845
1.157845
1.157845
1.157845
1.157845
1.157845
1.157845
1.157844
1.157844
1.157844
1.157844
1.157844
1.157844
1.157844
1.157843
1.157843
1.157843
1.157843
1.157843
1.157411
1.157643
1.157909
1.157879
1.157851
1.157854
1.157857
1.157857
1.157856
1.157856
1.157856
1.157856
1.157856
1.157856
1.157855
1.157855
1.157855
1.157855
1.157855
1.157855
1.157854
1.157854
1.157854
1.157854
1.157854
1.157854
1.157854
1.157853
1.157853
1.157853
1.157853
1.157853
1.157853
1.157853
1.157852
1.157852
1.157852
1.157852
1.157852
1.157852
1.157852
1.157851
1.157851
1.157851
1.157851
1.157851
1.157851
1.15785
1.15785
1.15785
1.15785
1.15785
1.15785
1.15785
1.157849
1.157849
1.157849
1.157849
1.157849
1.157849
1.157849
1.157848
1.157848
1.157848
1.157848
1.157848
1.157848
1.157848
1.157847
1.157847
1.157847
1.157847
1.157847
1.157847
1.157846
1.157846
1.157846
1.157846
1.157846
1.157846
1.157846
1.157845
1.157845
1.157845
1.157845
1.157845
1.157845
1.157845
1.157844
1.157844
1.157844
1.157844
1.157844
1.157844
1.157844
1.157843
1.157843
1.157843
1.157843
1.157843
1.157411
1.157643
1.157909
1.157879
1.157851
1.157854
1.157857
1.157857
1.157856
1.157856
1.157856
1.157856
1.157856
1.157856
1.157855
1.157855
1.157855
1.157855
1.157855
1.157855
1.157854
1.157854
1.157854
1.157854
1.157854
1.157854
1.157854
1.157853
1.157853
1.157853
1.157853
1.157853
1.157853
1.157853
1.157852
1.157852
1.157852
1.157852
1.157852
1.157852
1.157852
1.157851
1.157851
1.157851
1.157851
1.157851
1.157851
1.15785
1.15785
1.15785
1.15785
1.15785
1.15785
1.15785
1.157849
1.157849
1.157849
1.157849
1.157849
1.157849
1.157849
1.157848
1.157848
1.157848
1.157848
1.157848
1.157848
1.157848
1.157847
1.157847
1.157847
1.157847
1.157847
1.157847
1.157846
1.157846
1.157846
1.157846
1.157846
1.157846
1.157846
1.157845
1.157845
1.157845
1.157845
1.157845
1.157845
1.157845
1.157844
1.157844
1.157844
1.157844
1.157844
1.157844
1.157844
1.157843
1.157843
1.157843
1.157843
1.157843
1.157411
1.157643
1.157909
1.157879
1.157851
1.157854
1.157857
1.157857
1.157856
1.157856
1.157856
1.157856
1.157856
1.157856
1.157855
1.157855
1.157855
1.157855
1.157855
1.157855
1.157854
1.157854
1.157854
1.157854
1.157854
1.157854
1.157854
1.157853
1.157853
1.157853
1.157853
1.157853
1.157853
1.157853
1.157852
1.157852
1.157852
1.157852
1.157852
1.157852
1.157852
1.157851
1.157851
1.157851
1.157851
1.157851
1.157851
1.15785
1.15785
1.15785
1.15785
1.15785
1.15785
1.15785
1.157849
1.157849
1.157849
1.157849
1.157849
1.157849
1.157849
1.157848
1.157848
1.157848
1.157848
1.157848
1.157848
1.157848
1.157847
1.157847
1.157847
1.157847
1.157847
1.157847
1.157846
1.157846
1.157846
1.157846
1.157846
1.157846
1.157846
1.157845
1.157845
1.157845
1.157845
1.157845
1.157845
1.157845
1.157844
1.157844
1.157844
1.157844
1.157844
1.157844
1.157844
1.157843
1.157843
1.157843
1.157843
1.157843
1.157411
1.157643
1.157909
1.157879
1.157851
1.157854
1.157857
1.157857
1.157856
1.157856
1.157856
1.157856
1.157856
1.157856
1.157855
1.157855
1.157855
1.157855
1.157855
1.157855
1.157855
1.157854
1.157854
1.157854
1.157854
1.157854
1.157854
1.157854
1.157853
1.157853
1.157853
1.157853
1.157853
1.157853
1.157852
1.157852
1.157852
1.157852
1.157852
1.157852
1.157852
1.157851
1.157851
1.157851
1.157851
1.157851
1.157851
1.157851
1.15785
1.15785
1.15785
1.15785
1.15785
1.15785
1.157849
1.157849
1.157849
1.157849
1.157849
1.157849
1.157849
1.157848
1.157848
1.157848
1.157848
1.157848
1.157848
1.157848
1.157847
1.157847
1.157847
1.157847
1.157847
1.157847
1.157847
1.157846
1.157846
1.157846
1.157846
1.157846
1.157846
1.157846
1.157845
1.157845
1.157845
1.157845
1.157845
1.157845
1.157844
1.157844
1.157844
1.157844
1.157844
1.157844
1.157844
1.157843
1.157843
1.157843
1.157843
1.157843
)
;

boundaryField
{
    topAir_top
    {
        type            symmetryPlane;
    }
    leftLet
    {
        type            calculated;
        value           uniform 1.158623;
    }
    rightLet
    {
        type            calculated;
        value           nonuniform List<scalar> 
40
(
1.152612
1.157674
1.157839
1.157842
1.157843
1.157843
1.157843
1.157843
1.157843
1.157843
1.157843
1.157843
1.157843
1.157843
1.157843
1.157843
1.157843
1.157843
1.157843
1.157843
1.157843
1.157843
1.157843
1.157843
1.157843
1.157843
1.157843
1.157843
1.157843
1.157843
1.157843
1.157843
1.157843
1.157843
1.157843
1.157843
1.157843
1.157843
1.157843
1.157843
)
;
    }
    frontAndBack
    {
        type            empty;
    }
    topAir_to_wall
    {
        type            calculated;
        value           nonuniform List<scalar> 
100
(
1.068927
1.069156
1.069374
1.069299
1.069231
1.069193
1.069154
1.069112
1.069069
1.069027
1.068985
1.068943
1.068901
1.068859
1.068817
1.068775
1.068733
1.068691
1.068648
1.068606
1.068564
1.068522
1.06848
1.068438
1.068396
1.068354
1.068312
1.06827
1.068228
1.068186
1.068144
1.068102
1.06806
1.068018
1.067976
1.067934
1.067891
1.067849
1.067807
1.067765
1.067723
1.067681
1.067639
1.067597
1.067555
1.067513
1.067471
1.067429
1.067387
1.067345
1.067303
1.067261
1.067218
1.067176
1.067134
1.067092
1.06705
1.067008
1.066966
1.066924
1.066882
1.06684
1.066798
1.066755
1.066713
1.066671
1.066629
1.066587
1.066545
1.066503
1.066461
1.066418
1.066376
1.066334
1.066292
1.06625
1.066208
1.066166
1.066123
1.066081
1.066039
1.065997
1.065955
1.065913
1.06587
1.065828
1.065786
1.065744
1.065702
1.06566
1.065618
1.065576
1.065534
1.065492
1.065451
1.06541
1.06537
1.065331
1.065294
1.065263
)
;
    }
}


// ************************************************************************* //
