/*--------------------------------*- C++ -*----------------------------------*\
| =========                 |                                                 |
| \\      /  F ield         | OpenFOAM: The Open Source CFD Toolbox           |
|  \\    /   O peration     | Version:  2.3.0                                 |
|   \\  /    A nd           | Web:      www.OpenFOAM.org                      |
|    \\/     M anipulation  |                                                 |
\*---------------------------------------------------------------------------*/
FoamFile
{
    version     2.0;
    format      ascii;
    class       volScalarField;
    location    "9900/bottomAir";
    object      p_rgh;
}
// * * * * * * * * * * * * * * * * * * * * * * * * * * * * * * * * * * * * * //

dimensions      [1 -1 -2 0 0 0 0];

internalField   nonuniform List<scalar> 
4000
(
99754.95
99813.1
99863.32
99856.84
99851.67
99852.37
99852.89
99852.8
99852.73
99852.72
99852.72
99852.7
99852.69
99852.67
99852.66
99852.65
99852.63
99852.62
99852.6
99852.59
99852.58
99852.56
99852.55
99852.53
99852.52
99852.51
99852.49
99852.48
99852.46
99852.45
99852.43
99852.42
99852.4
99852.39
99852.38
99852.36
99852.35
99852.33
99852.32
99852.3
99852.29
99852.27
99852.26
99852.25
99852.23
99852.22
99852.2
99852.19
99852.17
99852.16
99852.14
99852.13
99852.11
99852.1
99852.09
99852.07
99852.06
99852.04
99852.03
99852.01
99852
99851.98
99851.97
99851.95
99851.94
99851.93
99851.91
99851.9
99851.88
99851.87
99851.85
99851.84
99851.83
99851.81
99851.8
99851.78
99851.77
99851.75
99851.74
99851.73
99851.71
99851.7
99851.68
99851.67
99851.66
99851.64
99851.63
99851.61
99851.6
99851.59
99851.57
99851.56
99851.55
99851.53
99851.52
99851.51
99851.49
99851.48
99851.47
99851.46
99754.99
99813.08
99863.31
99856.84
99851.67
99852.37
99852.89
99852.8
99852.73
99852.72
99852.72
99852.7
99852.69
99852.67
99852.66
99852.65
99852.63
99852.62
99852.6
99852.59
99852.58
99852.56
99852.55
99852.53
99852.52
99852.51
99852.49
99852.48
99852.46
99852.45
99852.43
99852.42
99852.4
99852.39
99852.38
99852.36
99852.35
99852.33
99852.32
99852.3
99852.29
99852.27
99852.26
99852.25
99852.23
99852.22
99852.2
99852.19
99852.17
99852.16
99852.14
99852.13
99852.11
99852.1
99852.09
99852.07
99852.06
99852.04
99852.03
99852.01
99852
99851.98
99851.97
99851.95
99851.94
99851.93
99851.91
99851.9
99851.88
99851.87
99851.85
99851.84
99851.83
99851.81
99851.8
99851.78
99851.77
99851.75
99851.74
99851.73
99851.71
99851.7
99851.68
99851.67
99851.66
99851.64
99851.63
99851.61
99851.6
99851.59
99851.57
99851.56
99851.55
99851.53
99851.52
99851.51
99851.49
99851.48
99851.47
99851.46
99755
99813.07
99863.31
99856.84
99851.67
99852.37
99852.89
99852.8
99852.73
99852.72
99852.72
99852.7
99852.69
99852.67
99852.66
99852.65
99852.63
99852.62
99852.6
99852.59
99852.58
99852.56
99852.55
99852.53
99852.52
99852.51
99852.49
99852.48
99852.46
99852.45
99852.43
99852.42
99852.4
99852.39
99852.38
99852.36
99852.35
99852.33
99852.32
99852.3
99852.29
99852.27
99852.26
99852.25
99852.23
99852.22
99852.2
99852.19
99852.17
99852.16
99852.14
99852.13
99852.11
99852.1
99852.09
99852.07
99852.06
99852.04
99852.03
99852.01
99852
99851.98
99851.97
99851.95
99851.94
99851.93
99851.91
99851.9
99851.88
99851.87
99851.85
99851.84
99851.82
99851.81
99851.8
99851.78
99851.77
99851.75
99851.74
99851.73
99851.71
99851.7
99851.68
99851.67
99851.66
99851.64
99851.63
99851.61
99851.6
99851.59
99851.57
99851.56
99851.55
99851.53
99851.52
99851.51
99851.49
99851.48
99851.47
99851.46
99755.01
99813.07
99863.3
99856.84
99851.67
99852.37
99852.89
99852.8
99852.73
99852.72
99852.72
99852.7
99852.69
99852.67
99852.66
99852.65
99852.63
99852.62
99852.6
99852.59
99852.58
99852.56
99852.55
99852.53
99852.52
99852.51
99852.49
99852.48
99852.46
99852.45
99852.43
99852.42
99852.4
99852.39
99852.38
99852.36
99852.35
99852.33
99852.32
99852.3
99852.29
99852.27
99852.26
99852.25
99852.23
99852.22
99852.2
99852.19
99852.17
99852.16
99852.14
99852.13
99852.11
99852.1
99852.09
99852.07
99852.06
99852.04
99852.03
99852.01
99852
99851.98
99851.97
99851.95
99851.94
99851.93
99851.91
99851.9
99851.88
99851.87
99851.85
99851.84
99851.82
99851.81
99851.8
99851.78
99851.77
99851.75
99851.74
99851.73
99851.71
99851.7
99851.68
99851.67
99851.66
99851.64
99851.63
99851.61
99851.6
99851.59
99851.57
99851.56
99851.55
99851.53
99851.52
99851.51
99851.49
99851.48
99851.47
99851.46
99755.02
99813.07
99863.3
99856.84
99851.67
99852.37
99852.89
99852.8
99852.73
99852.72
99852.72
99852.7
99852.69
99852.67
99852.66
99852.65
99852.63
99852.62
99852.6
99852.59
99852.58
99852.56
99852.55
99852.53
99852.52
99852.51
99852.49
99852.48
99852.46
99852.45
99852.43
99852.42
99852.41
99852.39
99852.38
99852.36
99852.35
99852.33
99852.32
99852.3
99852.29
99852.27
99852.26
99852.25
99852.23
99852.22
99852.2
99852.19
99852.17
99852.16
99852.14
99852.13
99852.11
99852.1
99852.09
99852.07
99852.06
99852.04
99852.03
99852.01
99852
99851.98
99851.97
99851.95
99851.94
99851.93
99851.91
99851.9
99851.88
99851.87
99851.85
99851.84
99851.82
99851.81
99851.8
99851.78
99851.77
99851.75
99851.74
99851.73
99851.71
99851.7
99851.68
99851.67
99851.66
99851.64
99851.63
99851.61
99851.6
99851.59
99851.57
99851.56
99851.55
99851.53
99851.52
99851.51
99851.49
99851.48
99851.47
99851.46
99755.02
99813.07
99863.3
99856.84
99851.67
99852.37
99852.89
99852.8
99852.73
99852.72
99852.72
99852.7
99852.69
99852.67
99852.66
99852.65
99852.63
99852.62
99852.6
99852.59
99852.58
99852.56
99852.55
99852.53
99852.52
99852.51
99852.49
99852.48
99852.46
99852.45
99852.43
99852.42
99852.41
99852.39
99852.38
99852.36
99852.35
99852.33
99852.32
99852.3
99852.29
99852.27
99852.26
99852.25
99852.23
99852.22
99852.2
99852.19
99852.17
99852.16
99852.14
99852.13
99852.11
99852.1
99852.09
99852.07
99852.06
99852.04
99852.03
99852.01
99852
99851.98
99851.97
99851.95
99851.94
99851.93
99851.91
99851.9
99851.88
99851.87
99851.85
99851.84
99851.82
99851.81
99851.8
99851.78
99851.77
99851.75
99851.74
99851.73
99851.71
99851.7
99851.68
99851.67
99851.66
99851.64
99851.63
99851.61
99851.6
99851.59
99851.57
99851.56
99851.55
99851.53
99851.52
99851.51
99851.49
99851.48
99851.47
99851.45
99755.02
99813.07
99863.3
99856.84
99851.67
99852.37
99852.89
99852.8
99852.73
99852.72
99852.72
99852.7
99852.69
99852.67
99852.66
99852.65
99852.63
99852.62
99852.6
99852.59
99852.58
99852.56
99852.55
99852.53
99852.52
99852.51
99852.49
99852.48
99852.46
99852.45
99852.43
99852.42
99852.41
99852.39
99852.38
99852.36
99852.35
99852.33
99852.32
99852.3
99852.29
99852.27
99852.26
99852.25
99852.23
99852.22
99852.2
99852.19
99852.17
99852.16
99852.14
99852.13
99852.11
99852.1
99852.09
99852.07
99852.06
99852.04
99852.03
99852.01
99852
99851.98
99851.97
99851.95
99851.94
99851.93
99851.91
99851.9
99851.88
99851.87
99851.85
99851.84
99851.82
99851.81
99851.8
99851.78
99851.77
99851.75
99851.74
99851.72
99851.71
99851.7
99851.68
99851.67
99851.65
99851.64
99851.63
99851.61
99851.6
99851.59
99851.57
99851.56
99851.55
99851.53
99851.52
99851.51
99851.49
99851.48
99851.47
99851.45
99755.02
99813.07
99863.3
99856.84
99851.67
99852.37
99852.89
99852.8
99852.73
99852.72
99852.72
99852.7
99852.69
99852.67
99852.66
99852.65
99852.63
99852.62
99852.61
99852.59
99852.58
99852.56
99852.55
99852.53
99852.52
99852.51
99852.49
99852.48
99852.46
99852.45
99852.43
99852.42
99852.41
99852.39
99852.38
99852.36
99852.35
99852.33
99852.32
99852.3
99852.29
99852.27
99852.26
99852.25
99852.23
99852.22
99852.2
99852.19
99852.17
99852.16
99852.14
99852.13
99852.11
99852.1
99852.09
99852.07
99852.06
99852.04
99852.03
99852.01
99852
99851.98
99851.97
99851.95
99851.94
99851.93
99851.91
99851.9
99851.88
99851.87
99851.85
99851.84
99851.82
99851.81
99851.8
99851.78
99851.77
99851.75
99851.74
99851.72
99851.71
99851.7
99851.68
99851.67
99851.65
99851.64
99851.63
99851.61
99851.6
99851.59
99851.57
99851.56
99851.55
99851.53
99851.52
99851.51
99851.49
99851.48
99851.47
99851.45
99755.02
99813.07
99863.3
99856.84
99851.67
99852.37
99852.89
99852.8
99852.73
99852.73
99852.72
99852.7
99852.69
99852.67
99852.66
99852.65
99852.63
99852.62
99852.61
99852.59
99852.58
99852.56
99852.55
99852.53
99852.52
99852.51
99852.49
99852.48
99852.46
99852.45
99852.43
99852.42
99852.41
99852.39
99852.38
99852.36
99852.35
99852.33
99852.32
99852.3
99852.29
99852.27
99852.26
99852.25
99852.23
99852.22
99852.2
99852.19
99852.17
99852.16
99852.14
99852.13
99852.11
99852.1
99852.09
99852.07
99852.06
99852.04
99852.03
99852.01
99852
99851.98
99851.97
99851.95
99851.94
99851.93
99851.91
99851.9
99851.88
99851.87
99851.85
99851.84
99851.82
99851.81
99851.8
99851.78
99851.77
99851.75
99851.74
99851.72
99851.71
99851.7
99851.68
99851.67
99851.65
99851.64
99851.63
99851.61
99851.6
99851.59
99851.57
99851.56
99851.54
99851.53
99851.52
99851.5
99851.49
99851.48
99851.47
99851.45
99755.03
99813.07
99863.31
99856.84
99851.67
99852.38
99852.89
99852.8
99852.73
99852.73
99852.72
99852.7
99852.69
99852.68
99852.66
99852.65
99852.63
99852.62
99852.61
99852.59
99852.58
99852.56
99852.55
99852.54
99852.52
99852.51
99852.49
99852.48
99852.46
99852.45
99852.43
99852.42
99852.41
99852.39
99852.38
99852.36
99852.35
99852.33
99852.32
99852.3
99852.29
99852.28
99852.26
99852.25
99852.23
99852.22
99852.2
99852.19
99852.17
99852.16
99852.14
99852.13
99852.11
99852.1
99852.09
99852.07
99852.06
99852.04
99852.03
99852.01
99852
99851.98
99851.97
99851.95
99851.94
99851.93
99851.91
99851.9
99851.88
99851.87
99851.85
99851.84
99851.82
99851.81
99851.8
99851.78
99851.77
99851.75
99851.74
99851.72
99851.71
99851.7
99851.68
99851.67
99851.65
99851.64
99851.63
99851.61
99851.6
99851.58
99851.57
99851.56
99851.54
99851.53
99851.52
99851.5
99851.49
99851.48
99851.47
99851.45
99755.03
99813.07
99863.31
99856.84
99851.68
99852.38
99852.89
99852.8
99852.73
99852.73
99852.72
99852.7
99852.69
99852.68
99852.66
99852.65
99852.63
99852.62
99852.61
99852.59
99852.58
99852.56
99852.55
99852.54
99852.52
99852.51
99852.49
99852.48
99852.46
99852.45
99852.43
99852.42
99852.41
99852.39
99852.38
99852.36
99852.35
99852.33
99852.32
99852.3
99852.29
99852.28
99852.26
99852.25
99852.23
99852.22
99852.2
99852.19
99852.17
99852.16
99852.14
99852.13
99852.11
99852.1
99852.09
99852.07
99852.06
99852.04
99852.03
99852.01
99852
99851.98
99851.97
99851.95
99851.94
99851.92
99851.91
99851.9
99851.88
99851.87
99851.85
99851.84
99851.82
99851.81
99851.79
99851.78
99851.77
99851.75
99851.74
99851.72
99851.71
99851.7
99851.68
99851.67
99851.65
99851.64
99851.63
99851.61
99851.6
99851.58
99851.57
99851.56
99851.54
99851.53
99851.52
99851.5
99851.49
99851.48
99851.46
99851.45
99755.03
99813.07
99863.31
99856.84
99851.68
99852.38
99852.89
99852.8
99852.73
99852.73
99852.72
99852.7
99852.69
99852.68
99852.66
99852.65
99852.63
99852.62
99852.61
99852.59
99852.58
99852.56
99852.55
99852.54
99852.52
99852.51
99852.49
99852.48
99852.46
99852.45
99852.44
99852.42
99852.41
99852.39
99852.38
99852.36
99852.35
99852.33
99852.32
99852.3
99852.29
99852.28
99852.26
99852.25
99852.23
99852.22
99852.2
99852.19
99852.17
99852.16
99852.14
99852.13
99852.11
99852.1
99852.09
99852.07
99852.06
99852.04
99852.03
99852.01
99852
99851.98
99851.97
99851.95
99851.94
99851.92
99851.91
99851.9
99851.88
99851.87
99851.85
99851.84
99851.82
99851.81
99851.79
99851.78
99851.77
99851.75
99851.74
99851.72
99851.71
99851.69
99851.68
99851.67
99851.65
99851.64
99851.62
99851.61
99851.6
99851.58
99851.57
99851.56
99851.54
99851.53
99851.52
99851.5
99851.49
99851.48
99851.46
99851.45
99755.03
99813.07
99863.31
99856.84
99851.68
99852.38
99852.89
99852.8
99852.73
99852.73
99852.72
99852.71
99852.69
99852.68
99852.66
99852.65
99852.64
99852.62
99852.61
99852.59
99852.58
99852.56
99852.55
99852.54
99852.52
99852.51
99852.49
99852.48
99852.46
99852.45
99852.44
99852.42
99852.41
99852.39
99852.38
99852.36
99852.35
99852.33
99852.32
99852.3
99852.29
99852.28
99852.26
99852.25
99852.23
99852.22
99852.2
99852.19
99852.17
99852.16
99852.14
99852.13
99852.11
99852.1
99852.09
99852.07
99852.06
99852.04
99852.03
99852.01
99852
99851.98
99851.97
99851.95
99851.94
99851.92
99851.91
99851.9
99851.88
99851.87
99851.85
99851.84
99851.82
99851.81
99851.79
99851.78
99851.77
99851.75
99851.74
99851.72
99851.71
99851.69
99851.68
99851.67
99851.65
99851.64
99851.62
99851.61
99851.6
99851.58
99851.57
99851.55
99851.54
99851.53
99851.51
99851.5
99851.49
99851.48
99851.46
99851.45
99755.03
99813.07
99863.31
99856.84
99851.68
99852.38
99852.89
99852.8
99852.73
99852.73
99852.72
99852.71
99852.69
99852.68
99852.66
99852.65
99852.64
99852.62
99852.61
99852.59
99852.58
99852.57
99852.55
99852.54
99852.52
99852.51
99852.49
99852.48
99852.46
99852.45
99852.44
99852.42
99852.41
99852.39
99852.38
99852.36
99852.35
99852.33
99852.32
99852.3
99852.29
99852.28
99852.26
99852.25
99852.23
99852.22
99852.2
99852.19
99852.17
99852.16
99852.14
99852.13
99852.11
99852.1
99852.09
99852.07
99852.06
99852.04
99852.03
99852.01
99852
99851.98
99851.97
99851.95
99851.94
99851.92
99851.91
99851.9
99851.88
99851.87
99851.85
99851.84
99851.82
99851.81
99851.79
99851.78
99851.77
99851.75
99851.74
99851.72
99851.71
99851.69
99851.68
99851.67
99851.65
99851.64
99851.62
99851.61
99851.6
99851.58
99851.57
99851.55
99851.54
99851.53
99851.51
99851.5
99851.49
99851.47
99851.46
99851.45
99755.03
99813.08
99863.31
99856.84
99851.68
99852.38
99852.89
99852.8
99852.73
99852.73
99852.72
99852.71
99852.69
99852.68
99852.66
99852.65
99852.64
99852.62
99852.61
99852.59
99852.58
99852.57
99852.55
99852.54
99852.52
99852.51
99852.49
99852.48
99852.46
99852.45
99852.44
99852.42
99852.41
99852.39
99852.38
99852.36
99852.35
99852.33
99852.32
99852.3
99852.29
99852.28
99852.26
99852.25
99852.23
99852.22
99852.2
99852.19
99852.17
99852.16
99852.14
99852.13
99852.11
99852.1
99852.09
99852.07
99852.06
99852.04
99852.03
99852.01
99852
99851.98
99851.97
99851.95
99851.94
99851.92
99851.91
99851.9
99851.88
99851.87
99851.85
99851.84
99851.82
99851.81
99851.79
99851.78
99851.76
99851.75
99851.74
99851.72
99851.71
99851.69
99851.68
99851.66
99851.65
99851.64
99851.62
99851.61
99851.59
99851.58
99851.57
99851.55
99851.54
99851.53
99851.51
99851.5
99851.49
99851.47
99851.46
99851.45
99755.04
99813.08
99863.31
99856.85
99851.68
99852.38
99852.9
99852.8
99852.74
99852.73
99852.72
99852.71
99852.69
99852.68
99852.67
99852.65
99852.64
99852.62
99852.61
99852.59
99852.58
99852.57
99852.55
99852.54
99852.52
99852.51
99852.49
99852.48
99852.47
99852.45
99852.44
99852.42
99852.41
99852.39
99852.38
99852.36
99852.35
99852.33
99852.32
99852.3
99852.29
99852.28
99852.26
99852.25
99852.23
99852.22
99852.2
99852.19
99852.17
99852.16
99852.14
99852.13
99852.11
99852.1
99852.09
99852.07
99852.06
99852.04
99852.03
99852.01
99852
99851.98
99851.97
99851.95
99851.94
99851.92
99851.91
99851.89
99851.88
99851.87
99851.85
99851.84
99851.82
99851.81
99851.79
99851.78
99851.76
99851.75
99851.74
99851.72
99851.71
99851.69
99851.68
99851.66
99851.65
99851.64
99851.62
99851.61
99851.59
99851.58
99851.57
99851.55
99851.54
99851.52
99851.51
99851.5
99851.48
99851.47
99851.46
99851.45
99755.04
99813.08
99863.31
99856.85
99851.68
99852.38
99852.9
99852.8
99852.74
99852.73
99852.72
99852.71
99852.69
99852.68
99852.67
99852.65
99852.64
99852.62
99852.61
99852.6
99852.58
99852.57
99852.55
99852.54
99852.52
99852.51
99852.49
99852.48
99852.47
99852.45
99852.44
99852.42
99852.41
99852.39
99852.38
99852.36
99852.35
99852.33
99852.32
99852.3
99852.29
99852.28
99852.26
99852.25
99852.23
99852.22
99852.2
99852.19
99852.17
99852.16
99852.14
99852.13
99852.11
99852.1
99852.09
99852.07
99852.06
99852.04
99852.03
99852.01
99852
99851.98
99851.97
99851.95
99851.94
99851.92
99851.91
99851.89
99851.88
99851.87
99851.85
99851.84
99851.82
99851.81
99851.79
99851.78
99851.76
99851.75
99851.73
99851.72
99851.71
99851.69
99851.68
99851.66
99851.65
99851.63
99851.62
99851.61
99851.59
99851.58
99851.56
99851.55
99851.54
99851.52
99851.51
99851.5
99851.48
99851.47
99851.46
99851.44
99755.04
99813.08
99863.31
99856.85
99851.68
99852.38
99852.9
99852.81
99852.74
99852.73
99852.73
99852.71
99852.7
99852.68
99852.67
99852.65
99852.64
99852.62
99852.61
99852.6
99852.58
99852.57
99852.55
99852.54
99852.52
99852.51
99852.5
99852.48
99852.47
99852.45
99852.44
99852.42
99852.41
99852.39
99852.38
99852.36
99852.35
99852.33
99852.32
99852.31
99852.29
99852.28
99852.26
99852.25
99852.23
99852.22
99852.2
99852.19
99852.17
99852.16
99852.14
99852.13
99852.11
99852.1
99852.09
99852.07
99852.06
99852.04
99852.03
99852.01
99852
99851.98
99851.97
99851.95
99851.94
99851.92
99851.91
99851.89
99851.88
99851.87
99851.85
99851.84
99851.82
99851.81
99851.79
99851.78
99851.76
99851.75
99851.73
99851.72
99851.71
99851.69
99851.68
99851.66
99851.65
99851.63
99851.62
99851.61
99851.59
99851.58
99851.56
99851.55
99851.54
99851.52
99851.51
99851.49
99851.48
99851.47
99851.46
99851.44
99755.04
99813.08
99863.32
99856.85
99851.69
99852.39
99852.9
99852.81
99852.74
99852.73
99852.73
99852.71
99852.7
99852.68
99852.67
99852.65
99852.64
99852.63
99852.61
99852.6
99852.58
99852.57
99852.55
99852.54
99852.52
99852.51
99852.5
99852.48
99852.47
99852.45
99852.44
99852.42
99852.41
99852.39
99852.38
99852.36
99852.35
99852.33
99852.32
99852.31
99852.29
99852.28
99852.26
99852.25
99852.23
99852.22
99852.2
99852.19
99852.17
99852.16
99852.14
99852.13
99852.11
99852.1
99852.08
99852.07
99852.06
99852.04
99852.03
99852.01
99852
99851.98
99851.97
99851.95
99851.94
99851.92
99851.91
99851.89
99851.88
99851.86
99851.85
99851.84
99851.82
99851.81
99851.79
99851.78
99851.76
99851.75
99851.73
99851.72
99851.7
99851.69
99851.68
99851.66
99851.65
99851.63
99851.62
99851.6
99851.59
99851.58
99851.56
99851.55
99851.53
99851.52
99851.51
99851.49
99851.48
99851.47
99851.45
99851.44
99755.05
99813.09
99863.32
99856.85
99851.69
99852.39
99852.9
99852.81
99852.74
99852.74
99852.73
99852.71
99852.7
99852.68
99852.67
99852.66
99852.64
99852.63
99852.61
99852.6
99852.58
99852.57
99852.55
99852.54
99852.53
99852.51
99852.5
99852.48
99852.47
99852.45
99852.44
99852.42
99852.41
99852.39
99852.38
99852.36
99852.35
99852.33
99852.32
99852.31
99852.29
99852.28
99852.26
99852.25
99852.23
99852.22
99852.2
99852.19
99852.17
99852.16
99852.14
99852.13
99852.11
99852.1
99852.09
99852.07
99852.06
99852.04
99852.03
99852.01
99852
99851.98
99851.97
99851.95
99851.94
99851.92
99851.91
99851.89
99851.88
99851.86
99851.85
99851.84
99851.82
99851.81
99851.79
99851.78
99851.76
99851.75
99851.73
99851.72
99851.7
99851.69
99851.67
99851.66
99851.65
99851.63
99851.62
99851.6
99851.59
99851.57
99851.56
99851.55
99851.53
99851.52
99851.51
99851.49
99851.48
99851.46
99851.45
99851.44
99755.05
99813.09
99863.32
99856.85
99851.69
99852.39
99852.9
99852.81
99852.74
99852.74
99852.73
99852.71
99852.7
99852.69
99852.67
99852.66
99852.64
99852.63
99852.61
99852.6
99852.58
99852.57
99852.55
99852.54
99852.53
99852.51
99852.5
99852.48
99852.47
99852.45
99852.44
99852.42
99852.41
99852.39
99852.38
99852.36
99852.35
99852.33
99852.32
99852.31
99852.29
99852.28
99852.26
99852.25
99852.23
99852.22
99852.2
99852.19
99852.17
99852.16
99852.14
99852.13
99852.11
99852.1
99852.08
99852.07
99852.06
99852.04
99852.03
99852.01
99852
99851.98
99851.97
99851.95
99851.94
99851.92
99851.91
99851.89
99851.88
99851.86
99851.85
99851.83
99851.82
99851.81
99851.79
99851.78
99851.76
99851.75
99851.73
99851.72
99851.7
99851.69
99851.67
99851.66
99851.64
99851.63
99851.62
99851.6
99851.59
99851.57
99851.56
99851.54
99851.53
99851.52
99851.5
99851.49
99851.48
99851.46
99851.45
99851.44
99755.05
99813.09
99863.32
99856.86
99851.69
99852.39
99852.91
99852.81
99852.74
99852.74
99852.73
99852.72
99852.7
99852.69
99852.67
99852.66
99852.64
99852.63
99852.61
99852.6
99852.58
99852.57
99852.56
99852.54
99852.53
99852.51
99852.5
99852.48
99852.47
99852.45
99852.44
99852.42
99852.41
99852.39
99852.38
99852.36
99852.35
99852.34
99852.32
99852.31
99852.29
99852.28
99852.26
99852.25
99852.23
99852.22
99852.2
99852.19
99852.17
99852.16
99852.14
99852.13
99852.11
99852.1
99852.08
99852.07
99852.06
99852.04
99852.03
99852.01
99852
99851.98
99851.97
99851.95
99851.94
99851.92
99851.91
99851.89
99851.88
99851.86
99851.85
99851.83
99851.82
99851.8
99851.79
99851.78
99851.76
99851.75
99851.73
99851.72
99851.7
99851.69
99851.67
99851.66
99851.64
99851.63
99851.61
99851.6
99851.59
99851.57
99851.56
99851.54
99851.53
99851.52
99851.5
99851.49
99851.47
99851.46
99851.45
99851.43
99755.06
99813.1
99863.32
99856.86
99851.69
99852.39
99852.91
99852.81
99852.75
99852.74
99852.73
99852.72
99852.7
99852.69
99852.67
99852.66
99852.64
99852.63
99852.61
99852.6
99852.59
99852.57
99852.56
99852.54
99852.53
99852.51
99852.5
99852.48
99852.47
99852.45
99852.44
99852.42
99852.41
99852.39
99852.38
99852.36
99852.35
99852.34
99852.32
99852.31
99852.29
99852.28
99852.26
99852.25
99852.23
99852.22
99852.2
99852.19
99852.17
99852.16
99852.14
99852.13
99852.11
99852.1
99852.08
99852.07
99852.06
99852.04
99852.03
99852.01
99852
99851.98
99851.97
99851.95
99851.94
99851.92
99851.91
99851.89
99851.88
99851.86
99851.85
99851.83
99851.82
99851.8
99851.79
99851.77
99851.76
99851.75
99851.73
99851.72
99851.7
99851.69
99851.67
99851.66
99851.64
99851.63
99851.61
99851.6
99851.58
99851.57
99851.56
99851.54
99851.53
99851.51
99851.5
99851.49
99851.47
99851.46
99851.44
99851.43
99755.06
99813.1
99863.33
99856.86
99851.7
99852.4
99852.91
99852.82
99852.75
99852.74
99852.73
99852.72
99852.7
99852.69
99852.67
99852.66
99852.65
99852.63
99852.62
99852.6
99852.59
99852.57
99852.56
99852.54
99852.53
99852.51
99852.5
99852.48
99852.47
99852.45
99852.44
99852.42
99852.41
99852.39
99852.38
99852.37
99852.35
99852.34
99852.32
99852.31
99852.29
99852.28
99852.26
99852.25
99852.23
99852.22
99852.2
99852.19
99852.17
99852.16
99852.14
99852.13
99852.11
99852.1
99852.08
99852.07
99852.06
99852.04
99852.03
99852.01
99852
99851.98
99851.97
99851.95
99851.94
99851.92
99851.91
99851.89
99851.88
99851.86
99851.85
99851.83
99851.82
99851.8
99851.79
99851.77
99851.76
99851.74
99851.73
99851.72
99851.7
99851.69
99851.67
99851.66
99851.64
99851.63
99851.61
99851.6
99851.58
99851.57
99851.55
99851.54
99851.53
99851.51
99851.5
99851.48
99851.47
99851.46
99851.44
99851.43
99755.06
99813.1
99863.33
99856.86
99851.7
99852.4
99852.91
99852.82
99852.75
99852.74
99852.74
99852.72
99852.71
99852.69
99852.68
99852.66
99852.65
99852.63
99852.62
99852.6
99852.59
99852.57
99852.56
99852.54
99852.53
99852.51
99852.5
99852.48
99852.47
99852.45
99852.44
99852.42
99852.41
99852.39
99852.38
99852.37
99852.35
99852.34
99852.32
99852.31
99852.29
99852.28
99852.26
99852.25
99852.23
99852.22
99852.2
99852.19
99852.17
99852.16
99852.14
99852.13
99852.11
99852.1
99852.08
99852.07
99852.06
99852.04
99852.03
99852.01
99852
99851.98
99851.97
99851.95
99851.94
99851.92
99851.91
99851.89
99851.88
99851.86
99851.85
99851.83
99851.82
99851.8
99851.79
99851.77
99851.76
99851.74
99851.73
99851.71
99851.7
99851.68
99851.67
99851.65
99851.64
99851.63
99851.61
99851.6
99851.58
99851.57
99851.55
99851.54
99851.52
99851.51
99851.49
99851.48
99851.47
99851.45
99851.44
99851.43
99755.07
99813.11
99863.33
99856.87
99851.7
99852.4
99852.91
99852.82
99852.75
99852.75
99852.74
99852.72
99852.71
99852.69
99852.68
99852.66
99852.65
99852.63
99852.62
99852.6
99852.59
99852.57
99852.56
99852.54
99852.53
99852.51
99852.5
99852.48
99852.47
99852.45
99852.44
99852.42
99852.41
99852.4
99852.38
99852.37
99852.35
99852.34
99852.32
99852.31
99852.29
99852.28
99852.26
99852.25
99852.23
99852.22
99852.2
99852.19
99852.17
99852.16
99852.14
99852.13
99852.11
99852.1
99852.08
99852.07
99852.06
99852.04
99852.03
99852.01
99852
99851.98
99851.97
99851.95
99851.94
99851.92
99851.91
99851.89
99851.88
99851.86
99851.85
99851.83
99851.82
99851.8
99851.79
99851.77
99851.76
99851.74
99851.73
99851.71
99851.7
99851.68
99851.67
99851.65
99851.64
99851.62
99851.61
99851.59
99851.58
99851.56
99851.55
99851.54
99851.52
99851.51
99851.49
99851.48
99851.46
99851.45
99851.44
99851.42
99755.07
99813.11
99863.33
99856.87
99851.7
99852.4
99852.92
99852.82
99852.75
99852.75
99852.74
99852.72
99852.71
99852.69
99852.68
99852.66
99852.65
99852.63
99852.62
99852.6
99852.59
99852.57
99852.56
99852.54
99852.53
99852.51
99852.5
99852.48
99852.47
99852.45
99852.44
99852.42
99852.41
99852.4
99852.38
99852.37
99852.35
99852.34
99852.32
99852.31
99852.29
99852.28
99852.26
99852.25
99852.23
99852.22
99852.2
99852.19
99852.17
99852.16
99852.14
99852.13
99852.11
99852.1
99852.08
99852.07
99852.05
99852.04
99852.03
99852.01
99852
99851.98
99851.97
99851.95
99851.94
99851.92
99851.91
99851.89
99851.88
99851.86
99851.85
99851.83
99851.82
99851.8
99851.79
99851.77
99851.76
99851.74
99851.73
99851.71
99851.7
99851.68
99851.67
99851.65
99851.64
99851.62
99851.61
99851.59
99851.58
99851.56
99851.55
99851.53
99851.52
99851.5
99851.49
99851.47
99851.46
99851.45
99851.43
99851.42
99755.08
99813.11
99863.34
99856.87
99851.71
99852.41
99852.92
99852.83
99852.76
99852.75
99852.74
99852.73
99852.71
99852.7
99852.68
99852.67
99852.65
99852.63
99852.62
99852.6
99852.59
99852.57
99852.56
99852.54
99852.53
99852.51
99852.5
99852.49
99852.47
99852.46
99852.44
99852.43
99852.41
99852.4
99852.38
99852.37
99852.35
99852.34
99852.32
99852.31
99852.29
99852.28
99852.26
99852.25
99852.23
99852.22
99852.2
99852.19
99852.17
99852.16
99852.14
99852.13
99852.11
99852.1
99852.08
99852.07
99852.06
99852.04
99852.03
99852.01
99852
99851.98
99851.97
99851.95
99851.94
99851.92
99851.91
99851.89
99851.88
99851.86
99851.85
99851.83
99851.82
99851.8
99851.79
99851.77
99851.76
99851.74
99851.73
99851.71
99851.7
99851.68
99851.67
99851.65
99851.64
99851.62
99851.61
99851.59
99851.58
99851.56
99851.55
99851.53
99851.52
99851.5
99851.49
99851.47
99851.46
99851.44
99851.43
99851.42
99755.08
99813.12
99863.34
99856.88
99851.71
99852.41
99852.92
99852.83
99852.76
99852.75
99852.74
99852.73
99852.71
99852.7
99852.68
99852.67
99852.65
99852.64
99852.62
99852.61
99852.59
99852.57
99852.56
99852.54
99852.53
99852.51
99852.5
99852.48
99852.47
99852.46
99852.44
99852.43
99852.41
99852.4
99852.38
99852.37
99852.35
99852.34
99852.32
99852.31
99852.29
99852.28
99852.26
99852.25
99852.23
99852.22
99852.2
99852.19
99852.17
99852.16
99852.14
99852.13
99852.11
99852.1
99852.08
99852.07
99852.05
99852.04
99852.03
99852.01
99852
99851.98
99851.97
99851.95
99851.94
99851.92
99851.91
99851.89
99851.88
99851.86
99851.85
99851.83
99851.82
99851.8
99851.79
99851.77
99851.76
99851.74
99851.73
99851.71
99851.7
99851.68
99851.67
99851.65
99851.63
99851.62
99851.6
99851.59
99851.57
99851.56
99851.54
99851.53
99851.51
99851.5
99851.48
99851.47
99851.45
99851.44
99851.43
99851.41
99755.09
99813.13
99863.35
99856.88
99851.71
99852.41
99852.93
99852.83
99852.76
99852.76
99852.75
99852.73
99852.71
99852.7
99852.68
99852.67
99852.65
99852.64
99852.62
99852.61
99852.59
99852.58
99852.56
99852.55
99852.53
99852.52
99852.5
99852.49
99852.47
99852.46
99852.44
99852.43
99852.41
99852.4
99852.38
99852.37
99852.35
99852.34
99852.32
99852.31
99852.29
99852.28
99852.26
99852.25
99852.23
99852.22
99852.2
99852.19
99852.17
99852.16
99852.14
99852.13
99852.11
99852.1
99852.08
99852.07
99852.06
99852.04
99852.03
99852.01
99852
99851.98
99851.97
99851.95
99851.94
99851.92
99851.91
99851.89
99851.88
99851.86
99851.85
99851.83
99851.82
99851.8
99851.79
99851.77
99851.76
99851.74
99851.73
99851.71
99851.7
99851.68
99851.66
99851.65
99851.63
99851.62
99851.6
99851.59
99851.57
99851.56
99851.54
99851.53
99851.51
99851.5
99851.48
99851.47
99851.45
99851.44
99851.42
99851.41
99755.1
99813.13
99863.35
99856.88
99851.72
99852.42
99852.93
99852.83
99852.76
99852.76
99852.75
99852.73
99852.71
99852.7
99852.68
99852.67
99852.65
99852.64
99852.62
99852.61
99852.59
99852.58
99852.56
99852.55
99852.53
99852.52
99852.5
99852.49
99852.47
99852.46
99852.44
99852.43
99852.41
99852.4
99852.38
99852.37
99852.35
99852.34
99852.32
99852.31
99852.29
99852.28
99852.26
99852.25
99852.23
99852.22
99852.2
99852.19
99852.17
99852.16
99852.14
99852.13
99852.11
99852.1
99852.08
99852.07
99852.05
99852.04
99852.02
99852.01
99852
99851.98
99851.97
99851.95
99851.94
99851.92
99851.91
99851.89
99851.88
99851.86
99851.85
99851.83
99851.82
99851.8
99851.79
99851.77
99851.76
99851.74
99851.72
99851.71
99851.69
99851.68
99851.66
99851.65
99851.63
99851.62
99851.6
99851.59
99851.57
99851.55
99851.54
99851.52
99851.51
99851.49
99851.48
99851.46
99851.45
99851.43
99851.42
99851.4
99755.1
99813.14
99863.36
99856.89
99851.72
99852.42
99852.93
99852.84
99852.77
99852.76
99852.75
99852.73
99852.72
99852.7
99852.69
99852.67
99852.65
99852.64
99852.62
99852.61
99852.59
99852.58
99852.56
99852.55
99852.53
99852.52
99852.5
99852.49
99852.47
99852.46
99852.44
99852.43
99852.41
99852.4
99852.38
99852.37
99852.35
99852.34
99852.32
99852.31
99852.29
99852.28
99852.26
99852.25
99852.23
99852.22
99852.2
99852.19
99852.17
99852.16
99852.14
99852.13
99852.11
99852.1
99852.08
99852.07
99852.06
99852.04
99852.03
99852.01
99852
99851.98
99851.97
99851.95
99851.94
99851.92
99851.91
99851.89
99851.88
99851.86
99851.85
99851.83
99851.82
99851.8
99851.79
99851.77
99851.76
99851.74
99851.72
99851.71
99851.69
99851.68
99851.66
99851.65
99851.63
99851.62
99851.6
99851.58
99851.57
99851.55
99851.54
99851.52
99851.5
99851.49
99851.47
99851.46
99851.44
99851.43
99851.41
99851.4
99755.11
99813.15
99863.36
99856.89
99851.72
99852.42
99852.93
99852.84
99852.77
99852.76
99852.75
99852.73
99852.72
99852.7
99852.69
99852.67
99852.65
99852.64
99852.62
99852.61
99852.59
99852.58
99852.56
99852.55
99852.53
99852.52
99852.5
99852.49
99852.47
99852.46
99852.44
99852.43
99852.41
99852.4
99852.38
99852.37
99852.35
99852.34
99852.32
99852.31
99852.29
99852.28
99852.26
99852.25
99852.23
99852.22
99852.2
99852.19
99852.17
99852.16
99852.14
99852.13
99852.11
99852.1
99852.08
99852.07
99852.05
99852.04
99852.02
99852.01
99852
99851.98
99851.97
99851.95
99851.94
99851.92
99851.91
99851.89
99851.88
99851.86
99851.85
99851.83
99851.82
99851.8
99851.78
99851.77
99851.75
99851.74
99851.72
99851.71
99851.69
99851.68
99851.66
99851.65
99851.63
99851.61
99851.6
99851.58
99851.57
99851.55
99851.53
99851.52
99851.5
99851.49
99851.47
99851.45
99851.44
99851.42
99851.41
99851.39
99755.12
99813.15
99863.37
99856.9
99851.73
99852.43
99852.94
99852.84
99852.77
99852.77
99852.75
99852.74
99852.72
99852.7
99852.69
99852.67
99852.66
99852.64
99852.63
99852.61
99852.59
99852.58
99852.56
99852.55
99852.53
99852.52
99852.5
99852.49
99852.47
99852.46
99852.44
99852.43
99852.41
99852.4
99852.38
99852.37
99852.35
99852.34
99852.32
99852.31
99852.29
99852.28
99852.26
99852.25
99852.23
99852.22
99852.2
99852.19
99852.17
99852.16
99852.14
99852.13
99852.11
99852.1
99852.08
99852.07
99852.05
99852.04
99852.03
99852.01
99852
99851.98
99851.97
99851.95
99851.94
99851.92
99851.91
99851.89
99851.88
99851.86
99851.85
99851.83
99851.82
99851.8
99851.78
99851.77
99851.75
99851.74
99851.72
99851.71
99851.69
99851.68
99851.66
99851.65
99851.63
99851.61
99851.6
99851.58
99851.57
99851.55
99851.53
99851.52
99851.5
99851.48
99851.47
99851.45
99851.43
99851.42
99851.4
99851.39
99755.13
99813.16
99863.37
99856.9
99851.73
99852.43
99852.94
99852.84
99852.77
99852.77
99852.75
99852.74
99852.72
99852.7
99852.69
99852.67
99852.66
99852.64
99852.62
99852.61
99852.59
99852.58
99852.56
99852.55
99852.53
99852.52
99852.5
99852.49
99852.47
99852.46
99852.44
99852.43
99852.41
99852.4
99852.38
99852.37
99852.35
99852.34
99852.32
99852.31
99852.29
99852.28
99852.26
99852.25
99852.23
99852.22
99852.2
99852.19
99852.17
99852.16
99852.14
99852.13
99852.11
99852.1
99852.08
99852.07
99852.05
99852.04
99852.02
99852.01
99852
99851.98
99851.97
99851.95
99851.94
99851.92
99851.91
99851.89
99851.88
99851.86
99851.85
99851.83
99851.81
99851.8
99851.78
99851.77
99851.75
99851.74
99851.72
99851.71
99851.69
99851.68
99851.66
99851.64
99851.63
99851.61
99851.6
99851.58
99851.56
99851.55
99851.53
99851.51
99851.5
99851.48
99851.46
99851.44
99851.43
99851.41
99851.39
99851.38
99755.15
99813.18
99863.38
99856.91
99851.74
99852.44
99852.95
99852.85
99852.78
99852.77
99852.76
99852.74
99852.72
99852.71
99852.69
99852.67
99852.66
99852.64
99852.63
99852.61
99852.6
99852.58
99852.56
99852.55
99852.53
99852.52
99852.5
99852.49
99852.47
99852.46
99852.44
99852.43
99852.41
99852.4
99852.38
99852.37
99852.35
99852.34
99852.32
99852.31
99852.29
99852.28
99852.26
99852.25
99852.23
99852.22
99852.2
99852.19
99852.17
99852.16
99852.14
99852.13
99852.11
99852.1
99852.08
99852.07
99852.05
99852.04
99852.03
99852.01
99852
99851.98
99851.97
99851.95
99851.94
99851.92
99851.91
99851.89
99851.88
99851.86
99851.85
99851.83
99851.81
99851.8
99851.78
99851.77
99851.75
99851.74
99851.72
99851.71
99851.69
99851.68
99851.66
99851.64
99851.63
99851.61
99851.6
99851.58
99851.56
99851.55
99851.53
99851.51
99851.49
99851.48
99851.46
99851.44
99851.42
99851.4
99851.38
99851.37
99755.15
99813.19
99863.39
99856.91
99851.74
99852.44
99852.95
99852.85
99852.78
99852.77
99852.76
99852.74
99852.72
99852.71
99852.69
99852.67
99852.66
99852.64
99852.63
99852.61
99852.59
99852.58
99852.56
99852.55
99852.53
99852.52
99852.5
99852.49
99852.47
99852.46
99852.44
99852.43
99852.41
99852.4
99852.38
99852.37
99852.35
99852.34
99852.32
99852.31
99852.29
99852.28
99852.26
99852.25
99852.23
99852.22
99852.2
99852.19
99852.17
99852.16
99852.14
99852.13
99852.11
99852.1
99852.08
99852.07
99852.05
99852.04
99852.02
99852.01
99852
99851.98
99851.97
99851.95
99851.94
99851.92
99851.91
99851.89
99851.88
99851.86
99851.84
99851.83
99851.81
99851.8
99851.78
99851.77
99851.75
99851.74
99851.72
99851.71
99851.69
99851.68
99851.66
99851.64
99851.63
99851.61
99851.59
99851.58
99851.56
99851.54
99851.53
99851.51
99851.49
99851.47
99851.45
99851.43
99851.41
99851.39
99851.37
99851.36
99755.19
99813.22
99863.4
99856.92
99851.75
99852.44
99852.95
99852.85
99852.78
99852.77
99852.76
99852.74
99852.72
99852.71
99852.69
99852.68
99852.66
99852.64
99852.63
99852.61
99852.6
99852.58
99852.56
99852.55
99852.53
99852.52
99852.5
99852.49
99852.47
99852.46
99852.44
99852.43
99852.41
99852.4
99852.38
99852.37
99852.35
99852.34
99852.32
99852.31
99852.29
99852.28
99852.26
99852.25
99852.23
99852.22
99852.2
99852.19
99852.17
99852.16
99852.14
99852.13
99852.11
99852.1
99852.08
99852.07
99852.05
99852.04
99852.02
99852.01
99852
99851.98
99851.97
99851.95
99851.94
99851.92
99851.91
99851.89
99851.88
99851.86
99851.84
99851.83
99851.81
99851.8
99851.78
99851.77
99851.75
99851.74
99851.72
99851.71
99851.69
99851.67
99851.66
99851.64
99851.63
99851.61
99851.59
99851.58
99851.56
99851.54
99851.52
99851.51
99851.49
99851.47
99851.45
99851.43
99851.41
99851.39
99851.36
99851.34
99755.16
99813.23
99863.4
99856.92
99851.75
99852.45
99852.95
99852.85
99852.78
99852.77
99852.76
99852.74
99852.72
99852.71
99852.69
99852.67
99852.66
99852.64
99852.63
99852.61
99852.6
99852.58
99852.56
99852.55
99852.53
99852.52
99852.5
99852.49
99852.47
99852.46
99852.44
99852.43
99852.41
99852.4
99852.38
99852.37
99852.35
99852.34
99852.32
99852.31
99852.29
99852.28
99852.26
99852.25
99852.23
99852.22
99852.2
99852.19
99852.17
99852.16
99852.14
99852.13
99852.11
99852.1
99852.08
99852.07
99852.05
99852.04
99852.02
99852.01
99852
99851.98
99851.97
99851.95
99851.94
99851.92
99851.91
99851.89
99851.87
99851.86
99851.84
99851.83
99851.81
99851.8
99851.78
99851.77
99851.75
99851.74
99851.72
99851.71
99851.69
99851.67
99851.66
99851.64
99851.63
99851.61
99851.59
99851.58
99851.56
99851.54
99851.52
99851.51
99851.49
99851.47
99851.45
99851.43
99851.4
99851.38
99851.35
99851.33
99755.32
99813.26
99863.38
99856.92
99851.76
99852.45
99852.95
99852.86
99852.78
99852.77
99852.76
99852.74
99852.73
99852.71
99852.69
99852.68
99852.66
99852.64
99852.63
99852.61
99852.6
99852.58
99852.56
99852.55
99852.53
99852.52
99852.5
99852.49
99852.47
99852.46
99852.44
99852.43
99852.41
99852.4
99852.38
99852.37
99852.35
99852.34
99852.32
99852.31
99852.29
99852.28
99852.26
99852.25
99852.23
99852.22
99852.2
99852.19
99852.17
99852.16
99852.14
99852.13
99852.11
99852.1
99852.08
99852.07
99852.05
99852.04
99852.02
99852.01
99852
99851.98
99851.97
99851.95
99851.94
99851.92
99851.91
99851.89
99851.87
99851.86
99851.84
99851.83
99851.81
99851.8
99851.78
99851.77
99851.75
99851.74
99851.72
99851.71
99851.69
99851.67
99851.66
99851.64
99851.63
99851.61
99851.59
99851.58
99851.56
99851.54
99851.52
99851.5
99851.49
99851.47
99851.45
99851.42
99851.4
99851.37
99851.34
99851.3
)
;

boundaryField
{
    bottomAir_bottom
    {
        type            symmetryPlane;
    }
    leftLet
    {
        type            fixedValue;
        value           uniform 100000;
    }
    rightLet
    {
        type            fixedFluxPressure;
        gradient        nonuniform List<scalar> 
40
(
-1.279887
-1.279225
-1.279493
-1.279563
-1.27979
-1.279991
-1.280321
-1.280637
-1.281093
-1.28154
-1.282143
-1.282752
-1.283529
-1.284347
-1.285341
-1.286435
-1.28771
-1.289174
-1.29083
-1.292806
-1.295002
-1.297705
-1.300702
-1.304476
-1.308718
-1.314148
-1.320422
-1.328577
-1.338374
-1.351393
-1.367769
-1.390459
-1.420413
-1.465421
-1.527497
-1.636412
-1.789356
-2.148807
-2.597527
-4.460546
)
;
        value           nonuniform List<scalar> 
40
(
99851.45
99851.45
99851.45
99851.45
99851.45
99851.45
99851.45
99851.45
99851.45
99851.45
99851.44
99851.44
99851.44
99851.44
99851.44
99851.44
99851.44
99851.44
99851.43
99851.43
99851.43
99851.43
99851.43
99851.42
99851.42
99851.42
99851.41
99851.41
99851.41
99851.4
99851.4
99851.39
99851.38
99851.38
99851.37
99851.36
99851.35
99851.33
99851.31
99851.27
)
;
    }
    frontAndBack
    {
        type            empty;
    }
    bottomAir_to_wall
    {
        type            fixedFluxPressure;
        gradient        uniform 0;
        value           nonuniform List<scalar> 
100
(
99755.32
99813.26
99863.38
99856.92
99851.76
99852.45
99852.95
99852.86
99852.78
99852.77
99852.76
99852.74
99852.73
99852.71
99852.69
99852.68
99852.66
99852.64
99852.63
99852.61
99852.6
99852.58
99852.56
99852.55
99852.53
99852.52
99852.5
99852.49
99852.47
99852.46
99852.44
99852.43
99852.41
99852.4
99852.38
99852.37
99852.35
99852.34
99852.32
99852.31
99852.29
99852.28
99852.26
99852.25
99852.23
99852.22
99852.2
99852.19
99852.17
99852.16
99852.14
99852.13
99852.11
99852.1
99852.08
99852.07
99852.05
99852.04
99852.02
99852.01
99852
99851.98
99851.97
99851.95
99851.94
99851.92
99851.91
99851.89
99851.87
99851.86
99851.84
99851.83
99851.81
99851.8
99851.78
99851.77
99851.75
99851.74
99851.72
99851.71
99851.69
99851.67
99851.66
99851.64
99851.63
99851.61
99851.59
99851.58
99851.56
99851.54
99851.52
99851.5
99851.49
99851.47
99851.45
99851.42
99851.4
99851.37
99851.34
99851.3
)
;
    }
}


// ************************************************************************* //
