/*--------------------------------*- C++ -*----------------------------------*\
| =========                 |                                                 |
| \\      /  F ield         | OpenFOAM: The Open Source CFD Toolbox           |
|  \\    /   O peration     | Version:  2.3.0                                 |
|   \\  /    A nd           | Web:      www.OpenFOAM.org                      |
|    \\/     M anipulation  |                                                 |
\*---------------------------------------------------------------------------*/
FoamFile
{
    version     2.0;
    format      ascii;
    class       volScalarField;
    location    "9600/topAir";
    object      rho;
}
// * * * * * * * * * * * * * * * * * * * * * * * * * * * * * * * * * * * * * //

dimensions      [1 -3 0 0 0 0 0];

internalField   nonuniform List<scalar> 
4000
(
1.157391
1.157563
1.157769
1.157687
1.157607
1.157557
1.157507
1.157454
1.1574
1.157347
1.157294
1.157241
1.157188
1.157135
1.157082
1.157029
1.156976
1.156923
1.15687
1.156817
1.156763
1.15671
1.156657
1.156604
1.156551
1.156498
1.156445
1.156392
1.156339
1.156286
1.156233
1.156179
1.156126
1.156073
1.15602
1.155967
1.155914
1.155861
1.155808
1.155755
1.155701
1.155648
1.155595
1.155542
1.155489
1.155436
1.155383
1.155329
1.155276
1.155223
1.15517
1.155117
1.155064
1.15501
1.154957
1.154904
1.154851
1.154798
1.154745
1.154691
1.154638
1.154585
1.154532
1.154479
1.154426
1.154372
1.154319
1.154266
1.154213
1.15416
1.154106
1.154053
1.154
1.153947
1.153893
1.15384
1.153787
1.153734
1.153681
1.153627
1.153574
1.153521
1.153468
1.153414
1.153361
1.153308
1.153255
1.153201
1.153148
1.153095
1.153042
1.152988
1.152935
1.152882
1.152829
1.152775
1.152722
1.152669
1.152615
1.152562
1.157443
1.157669
1.157928
1.157898
1.157871
1.157874
1.157877
1.157876
1.157875
1.157874
1.157874
1.157873
1.157873
1.157872
1.157871
1.157871
1.15787
1.157869
1.157868
1.157867
1.157866
1.157865
1.157864
1.157863
1.157862
1.157861
1.15786
1.157859
1.157858
1.157857
1.157855
1.157854
1.157853
1.157851
1.15785
1.157848
1.157847
1.157845
1.157844
1.157842
1.157841
1.157839
1.157837
1.157836
1.157834
1.157832
1.15783
1.157828
1.157826
1.157824
1.157823
1.157821
1.157818
1.157816
1.157814
1.157812
1.15781
1.157808
1.157806
1.157803
1.157801
1.157799
1.157796
1.157794
1.157791
1.157789
1.157786
1.157784
1.157781
1.157779
1.157776
1.157773
1.157771
1.157768
1.157765
1.157762
1.157759
1.157757
1.157754
1.157751
1.157748
1.157745
1.157742
1.157739
1.157736
1.157732
1.157729
1.157726
1.157723
1.15772
1.157717
1.157713
1.15771
1.157707
1.157703
1.1577
1.157697
1.157694
1.157691
1.157689
1.157443
1.157669
1.157928
1.157899
1.157872
1.157875
1.157877
1.157877
1.157876
1.157876
1.157876
1.157876
1.157876
1.157876
1.157876
1.157875
1.157875
1.157875
1.157875
1.157875
1.157875
1.157874
1.157874
1.157874
1.157874
1.157874
1.157874
1.157873
1.157873
1.157873
1.157873
1.157873
1.157873
1.157872
1.157872
1.157872
1.157872
1.157872
1.157872
1.157871
1.157871
1.157871
1.157871
1.157871
1.15787
1.15787
1.15787
1.15787
1.15787
1.15787
1.157869
1.157869
1.157869
1.157869
1.157869
1.157868
1.157868
1.157868
1.157868
1.157868
1.157867
1.157867
1.157867
1.157867
1.157867
1.157866
1.157866
1.157866
1.157866
1.157866
1.157865
1.157865
1.157865
1.157865
1.157865
1.157864
1.157864
1.157864
1.157864
1.157863
1.157863
1.157863
1.157863
1.157862
1.157862
1.157862
1.157862
1.157861
1.157861
1.157861
1.157861
1.15786
1.15786
1.15786
1.15786
1.157859
1.157859
1.157859
1.157859
1.157858
1.157443
1.157669
1.157928
1.157899
1.157872
1.157875
1.157877
1.157877
1.157876
1.157876
1.157876
1.157876
1.157876
1.157876
1.157876
1.157875
1.157875
1.157875
1.157875
1.157875
1.157875
1.157874
1.157874
1.157874
1.157874
1.157874
1.157874
1.157873
1.157873
1.157873
1.157873
1.157873
1.157873
1.157873
1.157872
1.157872
1.157872
1.157872
1.157872
1.157872
1.157871
1.157871
1.157871
1.157871
1.157871
1.157871
1.157871
1.15787
1.15787
1.15787
1.15787
1.15787
1.15787
1.157869
1.157869
1.157869
1.157869
1.157869
1.157869
1.157869
1.157868
1.157868
1.157868
1.157868
1.157868
1.157868
1.157867
1.157867
1.157867
1.157867
1.157867
1.157867
1.157867
1.157866
1.157866
1.157866
1.157866
1.157866
1.157866
1.157865
1.157865
1.157865
1.157865
1.157865
1.157865
1.157864
1.157864
1.157864
1.157864
1.157864
1.157864
1.157864
1.157863
1.157863
1.157863
1.157863
1.157863
1.157863
1.157862
1.157862
1.157443
1.157669
1.157928
1.157899
1.157872
1.157875
1.157877
1.157877
1.157876
1.157876
1.157876
1.157876
1.157876
1.157876
1.157876
1.157875
1.157875
1.157875
1.157875
1.157875
1.157875
1.157874
1.157874
1.157874
1.157874
1.157874
1.157874
1.157873
1.157873
1.157873
1.157873
1.157873
1.157873
1.157873
1.157872
1.157872
1.157872
1.157872
1.157872
1.157872
1.157871
1.157871
1.157871
1.157871
1.157871
1.157871
1.157871
1.15787
1.15787
1.15787
1.15787
1.15787
1.15787
1.157869
1.157869
1.157869
1.157869
1.157869
1.157869
1.157869
1.157868
1.157868
1.157868
1.157868
1.157868
1.157868
1.157867
1.157867
1.157867
1.157867
1.157867
1.157867
1.157867
1.157866
1.157866
1.157866
1.157866
1.157866
1.157866
1.157865
1.157865
1.157865
1.157865
1.157865
1.157865
1.157865
1.157864
1.157864
1.157864
1.157864
1.157864
1.157864
1.157863
1.157863
1.157863
1.157863
1.157863
1.157863
1.157862
1.157862
1.157443
1.157669
1.157928
1.157899
1.157872
1.157875
1.157877
1.157877
1.157876
1.157876
1.157876
1.157876
1.157876
1.157876
1.157876
1.157875
1.157875
1.157875
1.157875
1.157875
1.157875
1.157874
1.157874
1.157874
1.157874
1.157874
1.157874
1.157873
1.157873
1.157873
1.157873
1.157873
1.157873
1.157873
1.157872
1.157872
1.157872
1.157872
1.157872
1.157872
1.157871
1.157871
1.157871
1.157871
1.157871
1.157871
1.157871
1.15787
1.15787
1.15787
1.15787
1.15787
1.15787
1.157869
1.157869
1.157869
1.157869
1.157869
1.157869
1.157869
1.157868
1.157868
1.157868
1.157868
1.157868
1.157868
1.157867
1.157867
1.157867
1.157867
1.157867
1.157867
1.157867
1.157866
1.157866
1.157866
1.157866
1.157866
1.157866
1.157865
1.157865
1.157865
1.157865
1.157865
1.157865
1.157865
1.157864
1.157864
1.157864
1.157864
1.157864
1.157864
1.157863
1.157863
1.157863
1.157863
1.157863
1.157863
1.157862
1.157862
1.157443
1.157669
1.157928
1.157899
1.157872
1.157875
1.157877
1.157877
1.157876
1.157876
1.157876
1.157876
1.157876
1.157876
1.157875
1.157875
1.157875
1.157875
1.157875
1.157875
1.157875
1.157874
1.157874
1.157874
1.157874
1.157874
1.157874
1.157873
1.157873
1.157873
1.157873
1.157873
1.157873
1.157873
1.157872
1.157872
1.157872
1.157872
1.157872
1.157872
1.157871
1.157871
1.157871
1.157871
1.157871
1.157871
1.157871
1.15787
1.15787
1.15787
1.15787
1.15787
1.15787
1.157869
1.157869
1.157869
1.157869
1.157869
1.157869
1.157869
1.157868
1.157868
1.157868
1.157868
1.157868
1.157868
1.157867
1.157867
1.157867
1.157867
1.157867
1.157867
1.157867
1.157866
1.157866
1.157866
1.157866
1.157866
1.157866
1.157865
1.157865
1.157865
1.157865
1.157865
1.157865
1.157865
1.157864
1.157864
1.157864
1.157864
1.157864
1.157864
1.157863
1.157863
1.157863
1.157863
1.157863
1.157863
1.157862
1.157862
1.157443
1.157669
1.157927
1.157899
1.157872
1.157875
1.157877
1.157877
1.157876
1.157876
1.157876
1.157876
1.157876
1.157876
1.157875
1.157875
1.157875
1.157875
1.157875
1.157875
1.157875
1.157874
1.157874
1.157874
1.157874
1.157874
1.157874
1.157873
1.157873
1.157873
1.157873
1.157873
1.157873
1.157873
1.157872
1.157872
1.157872
1.157872
1.157872
1.157872
1.157871
1.157871
1.157871
1.157871
1.157871
1.157871
1.157871
1.15787
1.15787
1.15787
1.15787
1.15787
1.15787
1.157869
1.157869
1.157869
1.157869
1.157869
1.157869
1.157869
1.157868
1.157868
1.157868
1.157868
1.157868
1.157868
1.157867
1.157867
1.157867
1.157867
1.157867
1.157867
1.157867
1.157866
1.157866
1.157866
1.157866
1.157866
1.157866
1.157865
1.157865
1.157865
1.157865
1.157865
1.157865
1.157865
1.157864
1.157864
1.157864
1.157864
1.157864
1.157864
1.157863
1.157863
1.157863
1.157863
1.157863
1.157863
1.157862
1.157862
1.157443
1.157669
1.157927
1.157899
1.157872
1.157875
1.157877
1.157877
1.157876
1.157876
1.157876
1.157876
1.157876
1.157876
1.157875
1.157875
1.157875
1.157875
1.157875
1.157875
1.157875
1.157874
1.157874
1.157874
1.157874
1.157874
1.157874
1.157873
1.157873
1.157873
1.157873
1.157873
1.157873
1.157873
1.157872
1.157872
1.157872
1.157872
1.157872
1.157872
1.157871
1.157871
1.157871
1.157871
1.157871
1.157871
1.157871
1.15787
1.15787
1.15787
1.15787
1.15787
1.15787
1.157869
1.157869
1.157869
1.157869
1.157869
1.157869
1.157869
1.157868
1.157868
1.157868
1.157868
1.157868
1.157868
1.157867
1.157867
1.157867
1.157867
1.157867
1.157867
1.157867
1.157866
1.157866
1.157866
1.157866
1.157866
1.157866
1.157865
1.157865
1.157865
1.157865
1.157865
1.157865
1.157865
1.157864
1.157864
1.157864
1.157864
1.157864
1.157864
1.157863
1.157863
1.157863
1.157863
1.157863
1.157863
1.157862
1.157862
1.157443
1.157669
1.157927
1.157899
1.157872
1.157875
1.157877
1.157877
1.157876
1.157876
1.157876
1.157876
1.157876
1.157876
1.157875
1.157875
1.157875
1.157875
1.157875
1.157875
1.157875
1.157874
1.157874
1.157874
1.157874
1.157874
1.157874
1.157873
1.157873
1.157873
1.157873
1.157873
1.157873
1.157873
1.157872
1.157872
1.157872
1.157872
1.157872
1.157872
1.157871
1.157871
1.157871
1.157871
1.157871
1.157871
1.157871
1.15787
1.15787
1.15787
1.15787
1.15787
1.15787
1.157869
1.157869
1.157869
1.157869
1.157869
1.157869
1.157869
1.157868
1.157868
1.157868
1.157868
1.157868
1.157868
1.157867
1.157867
1.157867
1.157867
1.157867
1.157867
1.157867
1.157866
1.157866
1.157866
1.157866
1.157866
1.157866
1.157865
1.157865
1.157865
1.157865
1.157865
1.157865
1.157865
1.157864
1.157864
1.157864
1.157864
1.157864
1.157864
1.157863
1.157863
1.157863
1.157863
1.157863
1.157863
1.157863
1.157862
1.157443
1.157669
1.157927
1.157899
1.157872
1.157875
1.157877
1.157877
1.157876
1.157876
1.157876
1.157876
1.157876
1.157876
1.157875
1.157875
1.157875
1.157875
1.157875
1.157875
1.157875
1.157874
1.157874
1.157874
1.157874
1.157874
1.157874
1.157873
1.157873
1.157873
1.157873
1.157873
1.157873
1.157873
1.157872
1.157872
1.157872
1.157872
1.157872
1.157872
1.157871
1.157871
1.157871
1.157871
1.157871
1.157871
1.157871
1.15787
1.15787
1.15787
1.15787
1.15787
1.15787
1.157869
1.157869
1.157869
1.157869
1.157869
1.157869
1.157869
1.157868
1.157868
1.157868
1.157868
1.157868
1.157868
1.157867
1.157867
1.157867
1.157867
1.157867
1.157867
1.157867
1.157866
1.157866
1.157866
1.157866
1.157866
1.157866
1.157865
1.157865
1.157865
1.157865
1.157865
1.157865
1.157865
1.157864
1.157864
1.157864
1.157864
1.157864
1.157864
1.157863
1.157863
1.157863
1.157863
1.157863
1.157863
1.157863
1.157862
1.157443
1.157669
1.157927
1.157898
1.157872
1.157875
1.157877
1.157877
1.157876
1.157876
1.157876
1.157876
1.157876
1.157876
1.157875
1.157875
1.157875
1.157875
1.157875
1.157875
1.157875
1.157874
1.157874
1.157874
1.157874
1.157874
1.157874
1.157873
1.157873
1.157873
1.157873
1.157873
1.157873
1.157873
1.157872
1.157872
1.157872
1.157872
1.157872
1.157872
1.157871
1.157871
1.157871
1.157871
1.157871
1.157871
1.157871
1.15787
1.15787
1.15787
1.15787
1.15787
1.15787
1.157869
1.157869
1.157869
1.157869
1.157869
1.157869
1.157869
1.157868
1.157868
1.157868
1.157868
1.157868
1.157868
1.157867
1.157867
1.157867
1.157867
1.157867
1.157867
1.157867
1.157866
1.157866
1.157866
1.157866
1.157866
1.157866
1.157865
1.157865
1.157865
1.157865
1.157865
1.157865
1.157865
1.157864
1.157864
1.157864
1.157864
1.157864
1.157864
1.157863
1.157863
1.157863
1.157863
1.157863
1.157863
1.157863
1.157862
1.157443
1.157668
1.157927
1.157898
1.157872
1.157875
1.157877
1.157877
1.157876
1.157876
1.157876
1.157876
1.157876
1.157876
1.157875
1.157875
1.157875
1.157875
1.157875
1.157875
1.157875
1.157874
1.157874
1.157874
1.157874
1.157874
1.157874
1.157873
1.157873
1.157873
1.157873
1.157873
1.157873
1.157873
1.157872
1.157872
1.157872
1.157872
1.157872
1.157872
1.157871
1.157871
1.157871
1.157871
1.157871
1.157871
1.157871
1.15787
1.15787
1.15787
1.15787
1.15787
1.15787
1.157869
1.157869
1.157869
1.157869
1.157869
1.157869
1.157869
1.157868
1.157868
1.157868
1.157868
1.157868
1.157868
1.157867
1.157867
1.157867
1.157867
1.157867
1.157867
1.157867
1.157866
1.157866
1.157866
1.157866
1.157866
1.157866
1.157865
1.157865
1.157865
1.157865
1.157865
1.157865
1.157865
1.157864
1.157864
1.157864
1.157864
1.157864
1.157864
1.157863
1.157863
1.157863
1.157863
1.157863
1.157863
1.157863
1.157862
1.157443
1.157668
1.157927
1.157898
1.157872
1.157875
1.157877
1.157877
1.157876
1.157876
1.157876
1.157876
1.157876
1.157876
1.157875
1.157875
1.157875
1.157875
1.157875
1.157875
1.157875
1.157874
1.157874
1.157874
1.157874
1.157874
1.157874
1.157873
1.157873
1.157873
1.157873
1.157873
1.157873
1.157873
1.157872
1.157872
1.157872
1.157872
1.157872
1.157872
1.157871
1.157871
1.157871
1.157871
1.157871
1.157871
1.157871
1.15787
1.15787
1.15787
1.15787
1.15787
1.15787
1.157869
1.157869
1.157869
1.157869
1.157869
1.157869
1.157869
1.157868
1.157868
1.157868
1.157868
1.157868
1.157868
1.157867
1.157867
1.157867
1.157867
1.157867
1.157867
1.157867
1.157866
1.157866
1.157866
1.157866
1.157866
1.157866
1.157865
1.157865
1.157865
1.157865
1.157865
1.157865
1.157865
1.157864
1.157864
1.157864
1.157864
1.157864
1.157864
1.157863
1.157863
1.157863
1.157863
1.157863
1.157863
1.157863
1.157862
1.157443
1.157668
1.157927
1.157898
1.157872
1.157875
1.157877
1.157877
1.157876
1.157876
1.157876
1.157876
1.157876
1.157876
1.157875
1.157875
1.157875
1.157875
1.157875
1.157875
1.157875
1.157874
1.157874
1.157874
1.157874
1.157874
1.157874
1.157873
1.157873
1.157873
1.157873
1.157873
1.157873
1.157873
1.157872
1.157872
1.157872
1.157872
1.157872
1.157872
1.157871
1.157871
1.157871
1.157871
1.157871
1.157871
1.157871
1.15787
1.15787
1.15787
1.15787
1.15787
1.15787
1.157869
1.157869
1.157869
1.157869
1.157869
1.157869
1.157869
1.157868
1.157868
1.157868
1.157868
1.157868
1.157868
1.157867
1.157867
1.157867
1.157867
1.157867
1.157867
1.157867
1.157866
1.157866
1.157866
1.157866
1.157866
1.157866
1.157865
1.157865
1.157865
1.157865
1.157865
1.157865
1.157865
1.157864
1.157864
1.157864
1.157864
1.157864
1.157864
1.157863
1.157863
1.157863
1.157863
1.157863
1.157863
1.157863
1.157862
1.157443
1.157668
1.157927
1.157898
1.157872
1.157875
1.157877
1.157877
1.157876
1.157876
1.157876
1.157876
1.157876
1.157876
1.157875
1.157875
1.157875
1.157875
1.157875
1.157875
1.157875
1.157874
1.157874
1.157874
1.157874
1.157874
1.157874
1.157873
1.157873
1.157873
1.157873
1.157873
1.157873
1.157873
1.157872
1.157872
1.157872
1.157872
1.157872
1.157872
1.157871
1.157871
1.157871
1.157871
1.157871
1.157871
1.157871
1.15787
1.15787
1.15787
1.15787
1.15787
1.15787
1.157869
1.157869
1.157869
1.157869
1.157869
1.157869
1.157869
1.157868
1.157868
1.157868
1.157868
1.157868
1.157868
1.157867
1.157867
1.157867
1.157867
1.157867
1.157867
1.157867
1.157866
1.157866
1.157866
1.157866
1.157866
1.157866
1.157865
1.157865
1.157865
1.157865
1.157865
1.157865
1.157865
1.157864
1.157864
1.157864
1.157864
1.157864
1.157864
1.157863
1.157863
1.157863
1.157863
1.157863
1.157863
1.157863
1.157862
1.157443
1.157668
1.157927
1.157898
1.157872
1.157875
1.157877
1.157877
1.157876
1.157876
1.157876
1.157876
1.157876
1.157876
1.157875
1.157875
1.157875
1.157875
1.157875
1.157875
1.157875
1.157874
1.157874
1.157874
1.157874
1.157874
1.157874
1.157873
1.157873
1.157873
1.157873
1.157873
1.157873
1.157873
1.157872
1.157872
1.157872
1.157872
1.157872
1.157872
1.157871
1.157871
1.157871
1.157871
1.157871
1.157871
1.157871
1.15787
1.15787
1.15787
1.15787
1.15787
1.15787
1.157869
1.157869
1.157869
1.157869
1.157869
1.157869
1.157869
1.157868
1.157868
1.157868
1.157868
1.157868
1.157868
1.157867
1.157867
1.157867
1.157867
1.157867
1.157867
1.157867
1.157866
1.157866
1.157866
1.157866
1.157866
1.157866
1.157865
1.157865
1.157865
1.157865
1.157865
1.157865
1.157865
1.157864
1.157864
1.157864
1.157864
1.157864
1.157864
1.157863
1.157863
1.157863
1.157863
1.157863
1.157863
1.157863
1.157862
1.157443
1.157668
1.157927
1.157898
1.157872
1.157875
1.157877
1.157877
1.157876
1.157876
1.157876
1.157876
1.157876
1.157876
1.157875
1.157875
1.157875
1.157875
1.157875
1.157875
1.157874
1.157874
1.157874
1.157874
1.157874
1.157874
1.157874
1.157873
1.157873
1.157873
1.157873
1.157873
1.157873
1.157873
1.157872
1.157872
1.157872
1.157872
1.157872
1.157872
1.157871
1.157871
1.157871
1.157871
1.157871
1.157871
1.157871
1.15787
1.15787
1.15787
1.15787
1.15787
1.15787
1.157869
1.157869
1.157869
1.157869
1.157869
1.157869
1.157869
1.157868
1.157868
1.157868
1.157868
1.157868
1.157868
1.157867
1.157867
1.157867
1.157867
1.157867
1.157867
1.157867
1.157866
1.157866
1.157866
1.157866
1.157866
1.157866
1.157865
1.157865
1.157865
1.157865
1.157865
1.157865
1.157865
1.157864
1.157864
1.157864
1.157864
1.157864
1.157864
1.157863
1.157863
1.157863
1.157863
1.157863
1.157863
1.157863
1.157862
1.157443
1.157668
1.157927
1.157898
1.157872
1.157875
1.157877
1.157877
1.157876
1.157876
1.157876
1.157876
1.157876
1.157876
1.157875
1.157875
1.157875
1.157875
1.157875
1.157875
1.157874
1.157874
1.157874
1.157874
1.157874
1.157874
1.157874
1.157873
1.157873
1.157873
1.157873
1.157873
1.157873
1.157873
1.157872
1.157872
1.157872
1.157872
1.157872
1.157872
1.157871
1.157871
1.157871
1.157871
1.157871
1.157871
1.157871
1.15787
1.15787
1.15787
1.15787
1.15787
1.15787
1.157869
1.157869
1.157869
1.157869
1.157869
1.157869
1.157869
1.157868
1.157868
1.157868
1.157868
1.157868
1.157868
1.157867
1.157867
1.157867
1.157867
1.157867
1.157867
1.157867
1.157866
1.157866
1.157866
1.157866
1.157866
1.157866
1.157865
1.157865
1.157865
1.157865
1.157865
1.157865
1.157865
1.157864
1.157864
1.157864
1.157864
1.157864
1.157864
1.157863
1.157863
1.157863
1.157863
1.157863
1.157863
1.157863
1.157862
1.157443
1.157668
1.157927
1.157898
1.157872
1.157875
1.157877
1.157877
1.157876
1.157876
1.157876
1.157876
1.157876
1.157876
1.157875
1.157875
1.157875
1.157875
1.157875
1.157875
1.157874
1.157874
1.157874
1.157874
1.157874
1.157874
1.157874
1.157873
1.157873
1.157873
1.157873
1.157873
1.157873
1.157873
1.157872
1.157872
1.157872
1.157872
1.157872
1.157872
1.157871
1.157871
1.157871
1.157871
1.157871
1.157871
1.157871
1.15787
1.15787
1.15787
1.15787
1.15787
1.15787
1.157869
1.157869
1.157869
1.157869
1.157869
1.157869
1.157869
1.157868
1.157868
1.157868
1.157868
1.157868
1.157868
1.157867
1.157867
1.157867
1.157867
1.157867
1.157867
1.157867
1.157866
1.157866
1.157866
1.157866
1.157866
1.157866
1.157865
1.157865
1.157865
1.157865
1.157865
1.157865
1.157865
1.157864
1.157864
1.157864
1.157864
1.157864
1.157864
1.157863
1.157863
1.157863
1.157863
1.157863
1.157863
1.157863
1.157862
1.157443
1.157668
1.157927
1.157898
1.157872
1.157875
1.157877
1.157877
1.157876
1.157876
1.157876
1.157876
1.157876
1.157876
1.157875
1.157875
1.157875
1.157875
1.157875
1.157875
1.157874
1.157874
1.157874
1.157874
1.157874
1.157874
1.157874
1.157873
1.157873
1.157873
1.157873
1.157873
1.157873
1.157873
1.157872
1.157872
1.157872
1.157872
1.157872
1.157872
1.157871
1.157871
1.157871
1.157871
1.157871
1.157871
1.157871
1.15787
1.15787
1.15787
1.15787
1.15787
1.15787
1.157869
1.157869
1.157869
1.157869
1.157869
1.157869
1.157869
1.157868
1.157868
1.157868
1.157868
1.157868
1.157868
1.157867
1.157867
1.157867
1.157867
1.157867
1.157867
1.157867
1.157866
1.157866
1.157866
1.157866
1.157866
1.157866
1.157865
1.157865
1.157865
1.157865
1.157865
1.157865
1.157865
1.157864
1.157864
1.157864
1.157864
1.157864
1.157864
1.157863
1.157863
1.157863
1.157863
1.157863
1.157863
1.157863
1.157862
1.157443
1.157668
1.157927
1.157898
1.157872
1.157875
1.157877
1.157877
1.157876
1.157876
1.157876
1.157876
1.157876
1.157876
1.157875
1.157875
1.157875
1.157875
1.157875
1.157875
1.157874
1.157874
1.157874
1.157874
1.157874
1.157874
1.157874
1.157873
1.157873
1.157873
1.157873
1.157873
1.157873
1.157872
1.157872
1.157872
1.157872
1.157872
1.157872
1.157872
1.157871
1.157871
1.157871
1.157871
1.157871
1.157871
1.157871
1.15787
1.15787
1.15787
1.15787
1.15787
1.15787
1.157869
1.157869
1.157869
1.157869
1.157869
1.157869
1.157869
1.157868
1.157868
1.157868
1.157868
1.157868
1.157868
1.157867
1.157867
1.157867
1.157867
1.157867
1.157867
1.157867
1.157866
1.157866
1.157866
1.157866
1.157866
1.157866
1.157865
1.157865
1.157865
1.157865
1.157865
1.157865
1.157865
1.157864
1.157864
1.157864
1.157864
1.157864
1.157864
1.157863
1.157863
1.157863
1.157863
1.157863
1.157863
1.157863
1.157862
1.157443
1.157668
1.157927
1.157898
1.157872
1.157875
1.157877
1.157877
1.157876
1.157876
1.157876
1.157876
1.157876
1.157876
1.157875
1.157875
1.157875
1.157875
1.157875
1.157875
1.157874
1.157874
1.157874
1.157874
1.157874
1.157874
1.157874
1.157873
1.157873
1.157873
1.157873
1.157873
1.157873
1.157872
1.157872
1.157872
1.157872
1.157872
1.157872
1.157872
1.157871
1.157871
1.157871
1.157871
1.157871
1.157871
1.157871
1.15787
1.15787
1.15787
1.15787
1.15787
1.15787
1.157869
1.157869
1.157869
1.157869
1.157869
1.157869
1.157869
1.157868
1.157868
1.157868
1.157868
1.157868
1.157868
1.157867
1.157867
1.157867
1.157867
1.157867
1.157867
1.157867
1.157866
1.157866
1.157866
1.157866
1.157866
1.157866
1.157865
1.157865
1.157865
1.157865
1.157865
1.157865
1.157865
1.157864
1.157864
1.157864
1.157864
1.157864
1.157864
1.157863
1.157863
1.157863
1.157863
1.157863
1.157863
1.157863
1.157862
1.157443
1.157668
1.157927
1.157898
1.157872
1.157875
1.157877
1.157877
1.157876
1.157876
1.157876
1.157876
1.157876
1.157876
1.157875
1.157875
1.157875
1.157875
1.157875
1.157875
1.157874
1.157874
1.157874
1.157874
1.157874
1.157874
1.157874
1.157873
1.157873
1.157873
1.157873
1.157873
1.157873
1.157872
1.157872
1.157872
1.157872
1.157872
1.157872
1.157872
1.157871
1.157871
1.157871
1.157871
1.157871
1.157871
1.157871
1.15787
1.15787
1.15787
1.15787
1.15787
1.15787
1.157869
1.157869
1.157869
1.157869
1.157869
1.157869
1.157869
1.157868
1.157868
1.157868
1.157868
1.157868
1.157868
1.157867
1.157867
1.157867
1.157867
1.157867
1.157867
1.157867
1.157866
1.157866
1.157866
1.157866
1.157866
1.157866
1.157865
1.157865
1.157865
1.157865
1.157865
1.157865
1.157865
1.157864
1.157864
1.157864
1.157864
1.157864
1.157864
1.157864
1.157863
1.157863
1.157863
1.157863
1.157863
1.157863
1.157862
1.157443
1.157668
1.157927
1.157898
1.157872
1.157875
1.157877
1.157877
1.157876
1.157876
1.157876
1.157876
1.157876
1.157876
1.157875
1.157875
1.157875
1.157875
1.157875
1.157875
1.157874
1.157874
1.157874
1.157874
1.157874
1.157874
1.157874
1.157873
1.157873
1.157873
1.157873
1.157873
1.157873
1.157872
1.157872
1.157872
1.157872
1.157872
1.157872
1.157872
1.157871
1.157871
1.157871
1.157871
1.157871
1.157871
1.157871
1.15787
1.15787
1.15787
1.15787
1.15787
1.15787
1.157869
1.157869
1.157869
1.157869
1.157869
1.157869
1.157869
1.157868
1.157868
1.157868
1.157868
1.157868
1.157868
1.157867
1.157867
1.157867
1.157867
1.157867
1.157867
1.157867
1.157866
1.157866
1.157866
1.157866
1.157866
1.157866
1.157865
1.157865
1.157865
1.157865
1.157865
1.157865
1.157865
1.157864
1.157864
1.157864
1.157864
1.157864
1.157864
1.157864
1.157863
1.157863
1.157863
1.157863
1.157863
1.157863
1.157862
1.157443
1.157668
1.157927
1.157898
1.157872
1.157875
1.157877
1.157877
1.157876
1.157876
1.157876
1.157876
1.157876
1.157876
1.157875
1.157875
1.157875
1.157875
1.157875
1.157875
1.157874
1.157874
1.157874
1.157874
1.157874
1.157874
1.157874
1.157873
1.157873
1.157873
1.157873
1.157873
1.157873
1.157872
1.157872
1.157872
1.157872
1.157872
1.157872
1.157872
1.157871
1.157871
1.157871
1.157871
1.157871
1.157871
1.157871
1.15787
1.15787
1.15787
1.15787
1.15787
1.15787
1.157869
1.157869
1.157869
1.157869
1.157869
1.157869
1.157869
1.157868
1.157868
1.157868
1.157868
1.157868
1.157868
1.157867
1.157867
1.157867
1.157867
1.157867
1.157867
1.157867
1.157866
1.157866
1.157866
1.157866
1.157866
1.157866
1.157865
1.157865
1.157865
1.157865
1.157865
1.157865
1.157865
1.157864
1.157864
1.157864
1.157864
1.157864
1.157864
1.157864
1.157863
1.157863
1.157863
1.157863
1.157863
1.157863
1.157862
1.157443
1.157668
1.157927
1.157898
1.157872
1.157875
1.157877
1.157877
1.157876
1.157876
1.157876
1.157876
1.157876
1.157876
1.157875
1.157875
1.157875
1.157875
1.157875
1.157875
1.157874
1.157874
1.157874
1.157874
1.157874
1.157874
1.157874
1.157873
1.157873
1.157873
1.157873
1.157873
1.157873
1.157872
1.157872
1.157872
1.157872
1.157872
1.157872
1.157872
1.157871
1.157871
1.157871
1.157871
1.157871
1.157871
1.157871
1.15787
1.15787
1.15787
1.15787
1.15787
1.15787
1.157869
1.157869
1.157869
1.157869
1.157869
1.157869
1.157869
1.157868
1.157868
1.157868
1.157868
1.157868
1.157868
1.157867
1.157867
1.157867
1.157867
1.157867
1.157867
1.157867
1.157866
1.157866
1.157866
1.157866
1.157866
1.157866
1.157865
1.157865
1.157865
1.157865
1.157865
1.157865
1.157865
1.157864
1.157864
1.157864
1.157864
1.157864
1.157864
1.157864
1.157863
1.157863
1.157863
1.157863
1.157863
1.157863
1.157862
1.157443
1.157668
1.157927
1.157898
1.157872
1.157875
1.157877
1.157877
1.157876
1.157876
1.157876
1.157876
1.157876
1.157876
1.157875
1.157875
1.157875
1.157875
1.157875
1.157875
1.157874
1.157874
1.157874
1.157874
1.157874
1.157874
1.157874
1.157873
1.157873
1.157873
1.157873
1.157873
1.157873
1.157872
1.157872
1.157872
1.157872
1.157872
1.157872
1.157872
1.157871
1.157871
1.157871
1.157871
1.157871
1.157871
1.157871
1.15787
1.15787
1.15787
1.15787
1.15787
1.15787
1.157869
1.157869
1.157869
1.157869
1.157869
1.157869
1.157869
1.157868
1.157868
1.157868
1.157868
1.157868
1.157868
1.157867
1.157867
1.157867
1.157867
1.157867
1.157867
1.157867
1.157866
1.157866
1.157866
1.157866
1.157866
1.157866
1.157865
1.157865
1.157865
1.157865
1.157865
1.157865
1.157865
1.157864
1.157864
1.157864
1.157864
1.157864
1.157864
1.157864
1.157863
1.157863
1.157863
1.157863
1.157863
1.157863
1.157862
1.157443
1.157668
1.157927
1.157898
1.157872
1.157875
1.157877
1.157877
1.157876
1.157876
1.157876
1.157876
1.157876
1.157876
1.157875
1.157875
1.157875
1.157875
1.157875
1.157875
1.157874
1.157874
1.157874
1.157874
1.157874
1.157874
1.157874
1.157873
1.157873
1.157873
1.157873
1.157873
1.157873
1.157872
1.157872
1.157872
1.157872
1.157872
1.157872
1.157872
1.157871
1.157871
1.157871
1.157871
1.157871
1.157871
1.157871
1.15787
1.15787
1.15787
1.15787
1.15787
1.15787
1.157869
1.157869
1.157869
1.157869
1.157869
1.157869
1.157869
1.157868
1.157868
1.157868
1.157868
1.157868
1.157868
1.157867
1.157867
1.157867
1.157867
1.157867
1.157867
1.157867
1.157866
1.157866
1.157866
1.157866
1.157866
1.157866
1.157865
1.157865
1.157865
1.157865
1.157865
1.157865
1.157865
1.157864
1.157864
1.157864
1.157864
1.157864
1.157864
1.157864
1.157863
1.157863
1.157863
1.157863
1.157863
1.157863
1.157862
1.157443
1.157668
1.157927
1.157898
1.157872
1.157875
1.157877
1.157877
1.157876
1.157876
1.157876
1.157876
1.157876
1.157876
1.157875
1.157875
1.157875
1.157875
1.157875
1.157875
1.157874
1.157874
1.157874
1.157874
1.157874
1.157874
1.157874
1.157873
1.157873
1.157873
1.157873
1.157873
1.157873
1.157872
1.157872
1.157872
1.157872
1.157872
1.157872
1.157872
1.157871
1.157871
1.157871
1.157871
1.157871
1.157871
1.157871
1.15787
1.15787
1.15787
1.15787
1.15787
1.15787
1.157869
1.157869
1.157869
1.157869
1.157869
1.157869
1.157869
1.157868
1.157868
1.157868
1.157868
1.157868
1.157868
1.157867
1.157867
1.157867
1.157867
1.157867
1.157867
1.157867
1.157866
1.157866
1.157866
1.157866
1.157866
1.157866
1.157865
1.157865
1.157865
1.157865
1.157865
1.157865
1.157865
1.157864
1.157864
1.157864
1.157864
1.157864
1.157864
1.157864
1.157863
1.157863
1.157863
1.157863
1.157863
1.157863
1.157862
1.157443
1.157668
1.157927
1.157898
1.157871
1.157875
1.157877
1.157877
1.157876
1.157876
1.157876
1.157876
1.157876
1.157876
1.157875
1.157875
1.157875
1.157875
1.157875
1.157875
1.157874
1.157874
1.157874
1.157874
1.157874
1.157874
1.157874
1.157873
1.157873
1.157873
1.157873
1.157873
1.157873
1.157872
1.157872
1.157872
1.157872
1.157872
1.157872
1.157872
1.157871
1.157871
1.157871
1.157871
1.157871
1.157871
1.157871
1.15787
1.15787
1.15787
1.15787
1.15787
1.15787
1.157869
1.157869
1.157869
1.157869
1.157869
1.157869
1.157869
1.157868
1.157868
1.157868
1.157868
1.157868
1.157868
1.157867
1.157867
1.157867
1.157867
1.157867
1.157867
1.157867
1.157866
1.157866
1.157866
1.157866
1.157866
1.157866
1.157865
1.157865
1.157865
1.157865
1.157865
1.157865
1.157865
1.157864
1.157864
1.157864
1.157864
1.157864
1.157864
1.157864
1.157863
1.157863
1.157863
1.157863
1.157863
1.157863
1.157862
1.157443
1.157668
1.157927
1.157898
1.157871
1.157875
1.157877
1.157877
1.157876
1.157876
1.157876
1.157876
1.157876
1.157876
1.157875
1.157875
1.157875
1.157875
1.157875
1.157875
1.157874
1.157874
1.157874
1.157874
1.157874
1.157874
1.157874
1.157873
1.157873
1.157873
1.157873
1.157873
1.157873
1.157872
1.157872
1.157872
1.157872
1.157872
1.157872
1.157872
1.157871
1.157871
1.157871
1.157871
1.157871
1.157871
1.157871
1.15787
1.15787
1.15787
1.15787
1.15787
1.15787
1.157869
1.157869
1.157869
1.157869
1.157869
1.157869
1.157869
1.157868
1.157868
1.157868
1.157868
1.157868
1.157868
1.157867
1.157867
1.157867
1.157867
1.157867
1.157867
1.157867
1.157866
1.157866
1.157866
1.157866
1.157866
1.157866
1.157865
1.157865
1.157865
1.157865
1.157865
1.157865
1.157865
1.157864
1.157864
1.157864
1.157864
1.157864
1.157864
1.157864
1.157863
1.157863
1.157863
1.157863
1.157863
1.157863
1.157862
1.157443
1.157668
1.157927
1.157898
1.157871
1.157875
1.157877
1.157877
1.157876
1.157876
1.157876
1.157876
1.157876
1.157876
1.157875
1.157875
1.157875
1.157875
1.157875
1.157875
1.157874
1.157874
1.157874
1.157874
1.157874
1.157874
1.157874
1.157873
1.157873
1.157873
1.157873
1.157873
1.157873
1.157872
1.157872
1.157872
1.157872
1.157872
1.157872
1.157872
1.157871
1.157871
1.157871
1.157871
1.157871
1.157871
1.15787
1.15787
1.15787
1.15787
1.15787
1.15787
1.15787
1.157869
1.157869
1.157869
1.157869
1.157869
1.157869
1.157869
1.157868
1.157868
1.157868
1.157868
1.157868
1.157868
1.157867
1.157867
1.157867
1.157867
1.157867
1.157867
1.157867
1.157866
1.157866
1.157866
1.157866
1.157866
1.157866
1.157865
1.157865
1.157865
1.157865
1.157865
1.157865
1.157865
1.157864
1.157864
1.157864
1.157864
1.157864
1.157864
1.157864
1.157863
1.157863
1.157863
1.157863
1.157863
1.157863
1.157862
1.157443
1.157668
1.157927
1.157898
1.157871
1.157875
1.157877
1.157877
1.157876
1.157876
1.157876
1.157876
1.157876
1.157876
1.157875
1.157875
1.157875
1.157875
1.157875
1.157875
1.157874
1.157874
1.157874
1.157874
1.157874
1.157874
1.157874
1.157873
1.157873
1.157873
1.157873
1.157873
1.157873
1.157872
1.157872
1.157872
1.157872
1.157872
1.157872
1.157872
1.157871
1.157871
1.157871
1.157871
1.157871
1.157871
1.15787
1.15787
1.15787
1.15787
1.15787
1.15787
1.15787
1.157869
1.157869
1.157869
1.157869
1.157869
1.157869
1.157869
1.157868
1.157868
1.157868
1.157868
1.157868
1.157868
1.157867
1.157867
1.157867
1.157867
1.157867
1.157867
1.157867
1.157866
1.157866
1.157866
1.157866
1.157866
1.157866
1.157865
1.157865
1.157865
1.157865
1.157865
1.157865
1.157865
1.157864
1.157864
1.157864
1.157864
1.157864
1.157864
1.157864
1.157863
1.157863
1.157863
1.157863
1.157863
1.157863
1.157862
1.157443
1.157668
1.157927
1.157898
1.157871
1.157875
1.157877
1.157877
1.157876
1.157876
1.157876
1.157876
1.157876
1.157876
1.157875
1.157875
1.157875
1.157875
1.157875
1.157875
1.157874
1.157874
1.157874
1.157874
1.157874
1.157874
1.157874
1.157873
1.157873
1.157873
1.157873
1.157873
1.157873
1.157872
1.157872
1.157872
1.157872
1.157872
1.157872
1.157872
1.157871
1.157871
1.157871
1.157871
1.157871
1.157871
1.15787
1.15787
1.15787
1.15787
1.15787
1.15787
1.15787
1.157869
1.157869
1.157869
1.157869
1.157869
1.157869
1.157869
1.157868
1.157868
1.157868
1.157868
1.157868
1.157868
1.157867
1.157867
1.157867
1.157867
1.157867
1.157867
1.157867
1.157866
1.157866
1.157866
1.157866
1.157866
1.157866
1.157865
1.157865
1.157865
1.157865
1.157865
1.157865
1.157865
1.157864
1.157864
1.157864
1.157864
1.157864
1.157864
1.157864
1.157863
1.157863
1.157863
1.157863
1.157863
1.157863
1.157862
1.157443
1.157668
1.157927
1.157898
1.157871
1.157875
1.157877
1.157877
1.157876
1.157876
1.157876
1.157876
1.157876
1.157876
1.157875
1.157875
1.157875
1.157875
1.157875
1.157875
1.157874
1.157874
1.157874
1.157874
1.157874
1.157874
1.157874
1.157873
1.157873
1.157873
1.157873
1.157873
1.157873
1.157872
1.157872
1.157872
1.157872
1.157872
1.157872
1.157872
1.157871
1.157871
1.157871
1.157871
1.157871
1.157871
1.15787
1.15787
1.15787
1.15787
1.15787
1.15787
1.15787
1.157869
1.157869
1.157869
1.157869
1.157869
1.157869
1.157869
1.157868
1.157868
1.157868
1.157868
1.157868
1.157868
1.157867
1.157867
1.157867
1.157867
1.157867
1.157867
1.157867
1.157866
1.157866
1.157866
1.157866
1.157866
1.157866
1.157865
1.157865
1.157865
1.157865
1.157865
1.157865
1.157865
1.157864
1.157864
1.157864
1.157864
1.157864
1.157864
1.157864
1.157863
1.157863
1.157863
1.157863
1.157863
1.157863
1.157862
1.157443
1.157668
1.157927
1.157898
1.157871
1.157875
1.157877
1.157877
1.157876
1.157876
1.157876
1.157876
1.157876
1.157875
1.157875
1.157875
1.157875
1.157875
1.157875
1.157875
1.157874
1.157874
1.157874
1.157874
1.157874
1.157874
1.157874
1.157873
1.157873
1.157873
1.157873
1.157873
1.157873
1.157872
1.157872
1.157872
1.157872
1.157872
1.157872
1.157872
1.157871
1.157871
1.157871
1.157871
1.157871
1.157871
1.15787
1.15787
1.15787
1.15787
1.15787
1.15787
1.15787
1.157869
1.157869
1.157869
1.157869
1.157869
1.157869
1.157869
1.157868
1.157868
1.157868
1.157868
1.157868
1.157868
1.157867
1.157867
1.157867
1.157867
1.157867
1.157867
1.157867
1.157866
1.157866
1.157866
1.157866
1.157866
1.157866
1.157865
1.157865
1.157865
1.157865
1.157865
1.157865
1.157865
1.157864
1.157864
1.157864
1.157864
1.157864
1.157864
1.157864
1.157863
1.157863
1.157863
1.157863
1.157863
1.157863
1.157862
1.157443
1.157668
1.157927
1.157898
1.157871
1.157875
1.157877
1.157877
1.157876
1.157876
1.157876
1.157876
1.157876
1.157875
1.157875
1.157875
1.157875
1.157875
1.157875
1.157875
1.157874
1.157874
1.157874
1.157874
1.157874
1.157874
1.157874
1.157873
1.157873
1.157873
1.157873
1.157873
1.157873
1.157872
1.157872
1.157872
1.157872
1.157872
1.157872
1.157872
1.157871
1.157871
1.157871
1.157871
1.157871
1.157871
1.15787
1.15787
1.15787
1.15787
1.15787
1.15787
1.15787
1.157869
1.157869
1.157869
1.157869
1.157869
1.157869
1.157869
1.157868
1.157868
1.157868
1.157868
1.157868
1.157868
1.157867
1.157867
1.157867
1.157867
1.157867
1.157867
1.157867
1.157866
1.157866
1.157866
1.157866
1.157866
1.157866
1.157865
1.157865
1.157865
1.157865
1.157865
1.157865
1.157865
1.157864
1.157864
1.157864
1.157864
1.157864
1.157864
1.157864
1.157863
1.157863
1.157863
1.157863
1.157863
1.157863
1.157862
1.157442
1.157668
1.157927
1.157898
1.157871
1.157875
1.157877
1.157877
1.157876
1.157876
1.157876
1.157876
1.157876
1.157875
1.157875
1.157875
1.157875
1.157875
1.157875
1.157875
1.157874
1.157874
1.157874
1.157874
1.157874
1.157874
1.157874
1.157873
1.157873
1.157873
1.157873
1.157873
1.157873
1.157872
1.157872
1.157872
1.157872
1.157872
1.157872
1.157872
1.157871
1.157871
1.157871
1.157871
1.157871
1.157871
1.15787
1.15787
1.15787
1.15787
1.15787
1.15787
1.15787
1.157869
1.157869
1.157869
1.157869
1.157869
1.157869
1.157869
1.157868
1.157868
1.157868
1.157868
1.157868
1.157868
1.157867
1.157867
1.157867
1.157867
1.157867
1.157867
1.157867
1.157866
1.157866
1.157866
1.157866
1.157866
1.157866
1.157865
1.157865
1.157865
1.157865
1.157865
1.157865
1.157865
1.157864
1.157864
1.157864
1.157864
1.157864
1.157864
1.157864
1.157863
1.157863
1.157863
1.157863
1.157863
1.157863
1.157862
1.157442
1.157668
1.157927
1.157898
1.157872
1.157875
1.157877
1.157877
1.157876
1.157876
1.157876
1.157876
1.157876
1.157876
1.157875
1.157875
1.157875
1.157875
1.157875
1.157875
1.157874
1.157874
1.157874
1.157874
1.157874
1.157874
1.157874
1.157873
1.157873
1.157873
1.157873
1.157873
1.157873
1.157873
1.157872
1.157872
1.157872
1.157872
1.157872
1.157872
1.157871
1.157871
1.157871
1.157871
1.157871
1.157871
1.157871
1.15787
1.15787
1.15787
1.15787
1.15787
1.15787
1.157869
1.157869
1.157869
1.157869
1.157869
1.157869
1.157869
1.157868
1.157868
1.157868
1.157868
1.157868
1.157868
1.157867
1.157867
1.157867
1.157867
1.157867
1.157867
1.157867
1.157866
1.157866
1.157866
1.157866
1.157866
1.157866
1.157866
1.157865
1.157865
1.157865
1.157865
1.157865
1.157865
1.157864
1.157864
1.157864
1.157864
1.157864
1.157864
1.157864
1.157863
1.157863
1.157863
1.157863
1.157863
1.157863
1.157863
)
;

boundaryField
{
    topAir_top
    {
        type            symmetryPlane;
    }
    leftLet
    {
        type            calculated;
        value           uniform 1.158623;
    }
    rightLet
    {
        type            calculated;
        value           nonuniform List<scalar> 
40
(
1.152562
1.157689
1.157858
1.157862
1.157862
1.157862
1.157862
1.157862
1.157862
1.157862
1.157862
1.157862
1.157862
1.157862
1.157862
1.157862
1.157862
1.157862
1.157862
1.157862
1.157862
1.157862
1.157862
1.157862
1.157862
1.157862
1.157862
1.157862
1.157862
1.157862
1.157862
1.157862
1.157862
1.157862
1.157862
1.157862
1.157862
1.157862
1.157862
1.157862
)
;
    }
    frontAndBack
    {
        type            empty;
    }
    topAir_to_wall
    {
        type            calculated;
        value           nonuniform List<scalar> 
100
(
1.068957
1.069178
1.069389
1.069315
1.069247
1.069208
1.069168
1.069125
1.069083
1.06904
1.068998
1.068955
1.068912
1.068869
1.068827
1.068784
1.068741
1.068699
1.068656
1.068613
1.068571
1.068528
1.068485
1.068443
1.0684
1.068358
1.068315
1.068272
1.06823
1.068187
1.068144
1.068102
1.068059
1.068017
1.067974
1.067931
1.067889
1.067846
1.067804
1.067761
1.067718
1.067676
1.067633
1.06759
1.067548
1.067505
1.067462
1.06742
1.067377
1.067335
1.067292
1.067249
1.067207
1.067164
1.067121
1.067079
1.067036
1.066993
1.066951
1.066908
1.066865
1.066823
1.06678
1.066737
1.066694
1.066652
1.066609
1.066566
1.066524
1.066481
1.066438
1.066396
1.066353
1.06631
1.066267
1.066225
1.066182
1.066139
1.066096
1.066054
1.066011
1.065968
1.065925
1.065883
1.06584
1.065797
1.065754
1.065712
1.065669
1.065626
1.065584
1.065541
1.065499
1.065457
1.065415
1.065373
1.065332
1.065293
1.065256
1.065224
)
;
    }
}


// ************************************************************************* //
