/*--------------------------------*- C++ -*----------------------------------*\
| =========                 |                                                 |
| \\      /  F ield         | OpenFOAM: The Open Source CFD Toolbox           |
|  \\    /   O peration     | Version:  2.3.0                                 |
|   \\  /    A nd           | Web:      www.OpenFOAM.org                      |
|    \\/     M anipulation  |                                                 |
\*---------------------------------------------------------------------------*/
FoamFile
{
    version     2.0;
    format      ascii;
    class       volScalarField;
    location    "9600/bottomAir";
    object      p;
}
// * * * * * * * * * * * * * * * * * * * * * * * * * * * * * * * * * * * * * //

dimensions      [1 -1 -2 0 0 0 0];

internalField   nonuniform List<scalar> 
4000
(
99760.41
99817.26
99866.37
99860.03
99854.98
99855.66
99856.16
99856.07
99856
99856
99855.99
99855.97
99855.96
99855.94
99855.93
99855.91
99855.9
99855.88
99855.87
99855.85
99855.84
99855.82
99855.81
99855.79
99855.78
99855.76
99855.75
99855.73
99855.72
99855.7
99855.69
99855.67
99855.66
99855.64
99855.63
99855.61
99855.6
99855.58
99855.56
99855.55
99855.53
99855.52
99855.5
99855.49
99855.47
99855.46
99855.44
99855.43
99855.41
99855.39
99855.38
99855.36
99855.35
99855.33
99855.32
99855.3
99855.29
99855.27
99855.26
99855.24
99855.22
99855.21
99855.19
99855.18
99855.16
99855.15
99855.13
99855.12
99855.1
99855.09
99855.07
99855.06
99855.04
99855.03
99855.01
99855
99854.98
99854.97
99854.95
99854.94
99854.92
99854.91
99854.89
99854.88
99854.86
99854.85
99854.83
99854.82
99854.8
99854.79
99854.77
99854.76
99854.75
99854.73
99854.72
99854.7
99854.69
99854.68
99854.66
99854.65
99760.45
99817.24
99866.35
99860.02
99854.97
99855.66
99856.16
99856.07
99856
99856
99855.99
99855.97
99855.96
99855.94
99855.93
99855.91
99855.9
99855.88
99855.87
99855.85
99855.84
99855.82
99855.81
99855.79
99855.78
99855.76
99855.75
99855.73
99855.72
99855.7
99855.69
99855.67
99855.66
99855.64
99855.63
99855.61
99855.6
99855.58
99855.56
99855.55
99855.53
99855.52
99855.5
99855.49
99855.47
99855.46
99855.44
99855.43
99855.41
99855.39
99855.38
99855.36
99855.35
99855.33
99855.32
99855.3
99855.29
99855.27
99855.26
99855.24
99855.22
99855.21
99855.19
99855.18
99855.16
99855.15
99855.13
99855.12
99855.1
99855.09
99855.07
99855.06
99855.04
99855.03
99855.01
99855
99854.98
99854.97
99854.95
99854.94
99854.92
99854.91
99854.89
99854.88
99854.86
99854.85
99854.83
99854.82
99854.8
99854.79
99854.77
99854.76
99854.75
99854.73
99854.72
99854.7
99854.69
99854.68
99854.66
99854.65
99760.46
99817.24
99866.35
99860.03
99854.97
99855.66
99856.16
99856.07
99856
99856
99855.99
99855.97
99855.96
99855.94
99855.93
99855.91
99855.9
99855.88
99855.87
99855.85
99855.84
99855.82
99855.81
99855.79
99855.78
99855.76
99855.75
99855.73
99855.72
99855.7
99855.69
99855.67
99855.66
99855.64
99855.63
99855.61
99855.6
99855.58
99855.56
99855.55
99855.53
99855.52
99855.5
99855.49
99855.47
99855.46
99855.44
99855.43
99855.41
99855.39
99855.38
99855.36
99855.35
99855.33
99855.32
99855.3
99855.29
99855.27
99855.26
99855.24
99855.22
99855.21
99855.19
99855.18
99855.16
99855.15
99855.13
99855.12
99855.1
99855.09
99855.07
99855.06
99855.04
99855.03
99855.01
99855
99854.98
99854.97
99854.95
99854.94
99854.92
99854.91
99854.89
99854.88
99854.86
99854.85
99854.83
99854.82
99854.8
99854.79
99854.77
99854.76
99854.75
99854.73
99854.72
99854.7
99854.69
99854.68
99854.66
99854.65
99760.47
99817.23
99866.35
99860.02
99854.97
99855.66
99856.16
99856.07
99856
99856
99855.99
99855.97
99855.96
99855.94
99855.93
99855.91
99855.9
99855.88
99855.87
99855.85
99855.84
99855.82
99855.81
99855.79
99855.78
99855.76
99855.75
99855.73
99855.72
99855.7
99855.69
99855.67
99855.66
99855.64
99855.63
99855.61
99855.6
99855.58
99855.56
99855.55
99855.53
99855.52
99855.5
99855.49
99855.47
99855.46
99855.44
99855.43
99855.41
99855.39
99855.38
99855.36
99855.35
99855.33
99855.32
99855.3
99855.29
99855.27
99855.26
99855.24
99855.22
99855.21
99855.19
99855.18
99855.16
99855.15
99855.13
99855.12
99855.1
99855.09
99855.07
99855.06
99855.04
99855.03
99855.01
99855
99854.98
99854.97
99854.95
99854.94
99854.92
99854.91
99854.89
99854.88
99854.86
99854.85
99854.83
99854.82
99854.8
99854.79
99854.77
99854.76
99854.75
99854.73
99854.72
99854.7
99854.69
99854.67
99854.66
99854.65
99760.47
99817.23
99866.35
99860.02
99854.97
99855.66
99856.16
99856.07
99856
99856
99855.99
99855.97
99855.96
99855.94
99855.93
99855.91
99855.9
99855.88
99855.87
99855.85
99855.84
99855.82
99855.81
99855.79
99855.78
99855.76
99855.75
99855.73
99855.72
99855.7
99855.69
99855.67
99855.66
99855.64
99855.63
99855.61
99855.6
99855.58
99855.56
99855.55
99855.53
99855.52
99855.5
99855.49
99855.47
99855.46
99855.44
99855.43
99855.41
99855.39
99855.38
99855.36
99855.35
99855.33
99855.32
99855.3
99855.29
99855.27
99855.26
99855.24
99855.22
99855.21
99855.19
99855.18
99855.16
99855.15
99855.13
99855.12
99855.1
99855.09
99855.07
99855.06
99855.04
99855.03
99855.01
99855
99854.98
99854.97
99854.95
99854.94
99854.92
99854.91
99854.89
99854.88
99854.86
99854.85
99854.83
99854.82
99854.8
99854.79
99854.77
99854.76
99854.74
99854.73
99854.72
99854.7
99854.69
99854.67
99854.66
99854.65
99760.48
99817.23
99866.35
99860.02
99854.97
99855.66
99856.16
99856.07
99856
99856
99855.99
99855.97
99855.96
99855.94
99855.93
99855.91
99855.9
99855.88
99855.87
99855.85
99855.84
99855.82
99855.81
99855.79
99855.78
99855.76
99855.75
99855.73
99855.72
99855.7
99855.69
99855.67
99855.66
99855.64
99855.63
99855.61
99855.6
99855.58
99855.56
99855.55
99855.53
99855.52
99855.5
99855.49
99855.47
99855.46
99855.44
99855.43
99855.41
99855.39
99855.38
99855.36
99855.35
99855.33
99855.32
99855.3
99855.29
99855.27
99855.26
99855.24
99855.22
99855.21
99855.19
99855.18
99855.16
99855.15
99855.13
99855.12
99855.1
99855.09
99855.07
99855.06
99855.04
99855.03
99855.01
99855
99854.98
99854.97
99854.95
99854.93
99854.92
99854.91
99854.89
99854.88
99854.86
99854.85
99854.83
99854.82
99854.8
99854.79
99854.77
99854.76
99854.74
99854.73
99854.72
99854.7
99854.69
99854.67
99854.66
99854.65
99760.48
99817.23
99866.35
99860.02
99854.97
99855.66
99856.16
99856.07
99856
99856
99855.99
99855.97
99855.96
99855.94
99855.93
99855.91
99855.9
99855.88
99855.87
99855.85
99855.84
99855.82
99855.81
99855.79
99855.78
99855.76
99855.75
99855.73
99855.72
99855.7
99855.69
99855.67
99855.66
99855.64
99855.63
99855.61
99855.6
99855.58
99855.56
99855.55
99855.53
99855.52
99855.5
99855.49
99855.47
99855.46
99855.44
99855.43
99855.41
99855.39
99855.38
99855.36
99855.35
99855.33
99855.32
99855.3
99855.29
99855.27
99855.26
99855.24
99855.22
99855.21
99855.19
99855.18
99855.16
99855.15
99855.13
99855.12
99855.1
99855.09
99855.07
99855.06
99855.04
99855.03
99855.01
99855
99854.98
99854.96
99854.95
99854.93
99854.92
99854.9
99854.89
99854.88
99854.86
99854.85
99854.83
99854.82
99854.8
99854.79
99854.77
99854.76
99854.74
99854.73
99854.72
99854.7
99854.69
99854.67
99854.66
99854.65
99760.48
99817.24
99866.35
99860.03
99854.97
99855.66
99856.16
99856.07
99856
99856
99855.99
99855.97
99855.96
99855.94
99855.93
99855.91
99855.9
99855.88
99855.87
99855.85
99855.84
99855.82
99855.81
99855.79
99855.78
99855.76
99855.75
99855.73
99855.72
99855.7
99855.69
99855.67
99855.66
99855.64
99855.63
99855.61
99855.6
99855.58
99855.56
99855.55
99855.53
99855.52
99855.5
99855.49
99855.47
99855.46
99855.44
99855.43
99855.41
99855.39
99855.38
99855.36
99855.35
99855.33
99855.32
99855.3
99855.29
99855.27
99855.26
99855.24
99855.22
99855.21
99855.19
99855.18
99855.16
99855.15
99855.13
99855.12
99855.1
99855.09
99855.07
99855.06
99855.04
99855.03
99855.01
99854.99
99854.98
99854.96
99854.95
99854.93
99854.92
99854.9
99854.89
99854.87
99854.86
99854.85
99854.83
99854.82
99854.8
99854.79
99854.77
99854.76
99854.74
99854.73
99854.72
99854.7
99854.69
99854.67
99854.66
99854.65
99760.48
99817.24
99866.35
99860.03
99854.97
99855.66
99856.16
99856.07
99856
99856
99855.99
99855.97
99855.96
99855.94
99855.93
99855.91
99855.9
99855.88
99855.87
99855.85
99855.84
99855.82
99855.81
99855.79
99855.78
99855.76
99855.75
99855.73
99855.72
99855.7
99855.69
99855.67
99855.66
99855.64
99855.63
99855.61
99855.6
99855.58
99855.56
99855.55
99855.53
99855.52
99855.5
99855.49
99855.47
99855.46
99855.44
99855.43
99855.41
99855.39
99855.38
99855.36
99855.35
99855.33
99855.32
99855.3
99855.29
99855.27
99855.26
99855.24
99855.22
99855.21
99855.19
99855.18
99855.16
99855.15
99855.13
99855.12
99855.1
99855.09
99855.07
99855.06
99855.04
99855.02
99855.01
99854.99
99854.98
99854.96
99854.95
99854.93
99854.92
99854.9
99854.89
99854.87
99854.86
99854.84
99854.83
99854.82
99854.8
99854.79
99854.77
99854.76
99854.74
99854.73
99854.71
99854.7
99854.69
99854.67
99854.66
99854.65
99760.48
99817.24
99866.35
99860.03
99854.98
99855.66
99856.16
99856.07
99856
99856
99855.99
99855.97
99855.96
99855.94
99855.93
99855.91
99855.9
99855.88
99855.87
99855.85
99855.84
99855.82
99855.81
99855.79
99855.78
99855.76
99855.75
99855.73
99855.72
99855.7
99855.69
99855.67
99855.66
99855.64
99855.63
99855.61
99855.6
99855.58
99855.56
99855.55
99855.53
99855.52
99855.5
99855.49
99855.47
99855.46
99855.44
99855.43
99855.41
99855.39
99855.38
99855.36
99855.35
99855.33
99855.32
99855.3
99855.29
99855.27
99855.26
99855.24
99855.22
99855.21
99855.19
99855.18
99855.16
99855.15
99855.13
99855.12
99855.1
99855.09
99855.07
99855.06
99855.04
99855.02
99855.01
99854.99
99854.98
99854.96
99854.95
99854.93
99854.92
99854.9
99854.89
99854.87
99854.86
99854.84
99854.83
99854.81
99854.8
99854.79
99854.77
99854.76
99854.74
99854.73
99854.71
99854.7
99854.69
99854.67
99854.66
99854.64
99760.48
99817.24
99866.35
99860.03
99854.98
99855.66
99856.16
99856.07
99856
99856
99855.99
99855.97
99855.96
99855.94
99855.93
99855.91
99855.9
99855.89
99855.87
99855.86
99855.84
99855.83
99855.81
99855.79
99855.78
99855.76
99855.75
99855.73
99855.72
99855.7
99855.69
99855.67
99855.66
99855.64
99855.63
99855.61
99855.6
99855.58
99855.56
99855.55
99855.53
99855.52
99855.5
99855.49
99855.47
99855.46
99855.44
99855.43
99855.41
99855.39
99855.38
99855.36
99855.35
99855.33
99855.32
99855.3
99855.29
99855.27
99855.26
99855.24
99855.22
99855.21
99855.19
99855.18
99855.16
99855.15
99855.13
99855.12
99855.1
99855.09
99855.07
99855.06
99855.04
99855.02
99855.01
99854.99
99854.98
99854.96
99854.95
99854.93
99854.92
99854.9
99854.89
99854.87
99854.86
99854.84
99854.83
99854.81
99854.8
99854.78
99854.77
99854.76
99854.74
99854.73
99854.71
99854.7
99854.68
99854.67
99854.66
99854.64
99760.49
99817.24
99866.35
99860.03
99854.98
99855.66
99856.16
99856.07
99856.01
99856
99855.99
99855.97
99855.96
99855.94
99855.93
99855.92
99855.9
99855.89
99855.87
99855.86
99855.84
99855.83
99855.81
99855.8
99855.78
99855.76
99855.75
99855.73
99855.72
99855.7
99855.69
99855.67
99855.66
99855.64
99855.63
99855.61
99855.6
99855.58
99855.57
99855.55
99855.53
99855.52
99855.5
99855.49
99855.47
99855.46
99855.44
99855.43
99855.41
99855.39
99855.38
99855.36
99855.35
99855.33
99855.32
99855.3
99855.29
99855.27
99855.26
99855.24
99855.22
99855.21
99855.19
99855.18
99855.16
99855.15
99855.13
99855.12
99855.1
99855.09
99855.07
99855.05
99855.04
99855.02
99855.01
99854.99
99854.98
99854.96
99854.95
99854.93
99854.92
99854.9
99854.89
99854.87
99854.86
99854.84
99854.83
99854.81
99854.8
99854.78
99854.77
99854.76
99854.74
99854.73
99854.71
99854.7
99854.68
99854.67
99854.66
99854.64
99760.49
99817.24
99866.35
99860.03
99854.98
99855.66
99856.16
99856.07
99856.01
99856
99855.99
99855.98
99855.96
99855.95
99855.93
99855.92
99855.9
99855.89
99855.87
99855.86
99855.84
99855.83
99855.81
99855.8
99855.78
99855.77
99855.75
99855.73
99855.72
99855.7
99855.69
99855.67
99855.66
99855.64
99855.63
99855.61
99855.6
99855.58
99855.57
99855.55
99855.53
99855.52
99855.5
99855.49
99855.47
99855.46
99855.44
99855.43
99855.41
99855.39
99855.38
99855.36
99855.35
99855.33
99855.32
99855.3
99855.29
99855.27
99855.26
99855.24
99855.22
99855.21
99855.19
99855.18
99855.16
99855.15
99855.13
99855.12
99855.1
99855.09
99855.07
99855.05
99855.04
99855.02
99855.01
99854.99
99854.98
99854.96
99854.95
99854.93
99854.92
99854.9
99854.89
99854.87
99854.86
99854.84
99854.83
99854.81
99854.8
99854.78
99854.77
99854.75
99854.74
99854.73
99854.71
99854.7
99854.68
99854.67
99854.66
99854.64
99760.49
99817.24
99866.35
99860.03
99854.98
99855.66
99856.17
99856.07
99856.01
99856
99855.99
99855.98
99855.96
99855.95
99855.93
99855.92
99855.9
99855.89
99855.87
99855.86
99855.84
99855.83
99855.81
99855.8
99855.78
99855.77
99855.75
99855.73
99855.72
99855.7
99855.69
99855.67
99855.66
99855.64
99855.63
99855.61
99855.6
99855.58
99855.57
99855.55
99855.53
99855.52
99855.5
99855.49
99855.47
99855.46
99855.44
99855.43
99855.41
99855.39
99855.38
99855.36
99855.35
99855.33
99855.32
99855.3
99855.29
99855.27
99855.26
99855.24
99855.22
99855.21
99855.19
99855.18
99855.16
99855.15
99855.13
99855.12
99855.1
99855.09
99855.07
99855.05
99855.04
99855.02
99855.01
99854.99
99854.98
99854.96
99854.95
99854.93
99854.92
99854.9
99854.89
99854.87
99854.86
99854.84
99854.83
99854.81
99854.8
99854.78
99854.77
99854.75
99854.74
99854.72
99854.71
99854.7
99854.68
99854.67
99854.65
99854.64
99760.49
99817.24
99866.36
99860.03
99854.98
99855.66
99856.17
99856.08
99856.01
99856
99855.99
99855.98
99855.96
99855.95
99855.93
99855.92
99855.9
99855.89
99855.87
99855.86
99855.84
99855.83
99855.81
99855.8
99855.78
99855.77
99855.75
99855.74
99855.72
99855.7
99855.69
99855.67
99855.66
99855.64
99855.63
99855.61
99855.6
99855.58
99855.57
99855.55
99855.53
99855.52
99855.5
99855.49
99855.47
99855.46
99855.44
99855.43
99855.41
99855.39
99855.38
99855.36
99855.35
99855.33
99855.32
99855.3
99855.29
99855.27
99855.26
99855.24
99855.22
99855.21
99855.19
99855.18
99855.16
99855.15
99855.13
99855.12
99855.1
99855.08
99855.07
99855.05
99855.04
99855.02
99855.01
99854.99
99854.98
99854.96
99854.95
99854.93
99854.92
99854.9
99854.89
99854.87
99854.86
99854.84
99854.83
99854.81
99854.8
99854.78
99854.77
99854.75
99854.74
99854.72
99854.71
99854.69
99854.68
99854.67
99854.65
99854.64
99760.49
99817.25
99866.36
99860.03
99854.98
99855.67
99856.17
99856.08
99856.01
99856
99855.99
99855.98
99855.96
99855.95
99855.93
99855.92
99855.9
99855.89
99855.87
99855.86
99855.84
99855.83
99855.81
99855.8
99855.78
99855.77
99855.75
99855.74
99855.72
99855.7
99855.69
99855.67
99855.66
99855.64
99855.63
99855.61
99855.6
99855.58
99855.57
99855.55
99855.53
99855.52
99855.5
99855.49
99855.47
99855.46
99855.44
99855.43
99855.41
99855.39
99855.38
99855.36
99855.35
99855.33
99855.32
99855.3
99855.29
99855.27
99855.26
99855.24
99855.22
99855.21
99855.19
99855.18
99855.16
99855.15
99855.13
99855.12
99855.1
99855.08
99855.07
99855.05
99855.04
99855.02
99855.01
99854.99
99854.98
99854.96
99854.95
99854.93
99854.92
99854.9
99854.89
99854.87
99854.85
99854.84
99854.82
99854.81
99854.8
99854.78
99854.77
99854.75
99854.74
99854.72
99854.71
99854.69
99854.68
99854.67
99854.65
99854.64
99760.5
99817.25
99866.36
99860.03
99854.98
99855.67
99856.17
99856.08
99856.01
99856
99855.99
99855.98
99855.96
99855.95
99855.93
99855.92
99855.9
99855.89
99855.87
99855.86
99855.84
99855.83
99855.81
99855.8
99855.78
99855.77
99855.75
99855.74
99855.72
99855.71
99855.69
99855.67
99855.66
99855.64
99855.63
99855.61
99855.6
99855.58
99855.57
99855.55
99855.53
99855.52
99855.5
99855.49
99855.47
99855.46
99855.44
99855.43
99855.41
99855.39
99855.38
99855.36
99855.35
99855.33
99855.32
99855.3
99855.29
99855.27
99855.25
99855.24
99855.22
99855.21
99855.19
99855.18
99855.16
99855.15
99855.13
99855.12
99855.1
99855.08
99855.07
99855.05
99855.04
99855.02
99855.01
99854.99
99854.98
99854.96
99854.95
99854.93
99854.91
99854.9
99854.88
99854.87
99854.85
99854.84
99854.82
99854.81
99854.79
99854.78
99854.76
99854.75
99854.74
99854.72
99854.71
99854.69
99854.68
99854.66
99854.65
99854.64
99760.5
99817.25
99866.36
99860.04
99854.98
99855.67
99856.17
99856.08
99856.01
99856.01
99856
99855.98
99855.96
99855.95
99855.94
99855.92
99855.9
99855.89
99855.87
99855.86
99855.84
99855.83
99855.81
99855.8
99855.78
99855.77
99855.75
99855.74
99855.72
99855.71
99855.69
99855.67
99855.66
99855.64
99855.63
99855.61
99855.6
99855.58
99855.57
99855.55
99855.53
99855.52
99855.5
99855.49
99855.47
99855.46
99855.44
99855.43
99855.41
99855.39
99855.38
99855.36
99855.35
99855.33
99855.32
99855.3
99855.29
99855.27
99855.25
99855.24
99855.22
99855.21
99855.19
99855.18
99855.16
99855.15
99855.13
99855.11
99855.1
99855.08
99855.07
99855.05
99855.04
99855.02
99855.01
99854.99
99854.98
99854.96
99854.94
99854.93
99854.91
99854.9
99854.88
99854.87
99854.85
99854.84
99854.82
99854.81
99854.79
99854.78
99854.76
99854.75
99854.73
99854.72
99854.71
99854.69
99854.68
99854.66
99854.65
99854.63
99760.5
99817.25
99866.36
99860.04
99854.99
99855.67
99856.17
99856.08
99856.01
99856.01
99856
99855.98
99855.97
99855.95
99855.94
99855.92
99855.91
99855.89
99855.88
99855.86
99855.84
99855.83
99855.81
99855.8
99855.78
99855.77
99855.75
99855.74
99855.72
99855.71
99855.69
99855.67
99855.66
99855.64
99855.63
99855.61
99855.6
99855.58
99855.57
99855.55
99855.53
99855.52
99855.5
99855.49
99855.47
99855.46
99855.44
99855.43
99855.41
99855.39
99855.38
99855.36
99855.35
99855.33
99855.32
99855.3
99855.29
99855.27
99855.25
99855.24
99855.22
99855.21
99855.19
99855.18
99855.16
99855.15
99855.13
99855.11
99855.1
99855.08
99855.07
99855.05
99855.04
99855.02
99855.01
99854.99
99854.97
99854.96
99854.94
99854.93
99854.91
99854.9
99854.88
99854.87
99854.85
99854.84
99854.82
99854.81
99854.79
99854.78
99854.76
99854.75
99854.73
99854.72
99854.7
99854.69
99854.67
99854.66
99854.65
99854.63
99760.5
99817.25
99866.36
99860.04
99854.99
99855.67
99856.17
99856.08
99856.01
99856.01
99856
99855.98
99855.97
99855.95
99855.94
99855.92
99855.91
99855.89
99855.88
99855.86
99855.85
99855.83
99855.81
99855.8
99855.78
99855.77
99855.75
99855.74
99855.72
99855.71
99855.69
99855.68
99855.66
99855.64
99855.63
99855.61
99855.6
99855.58
99855.57
99855.55
99855.54
99855.52
99855.5
99855.49
99855.47
99855.46
99855.44
99855.43
99855.41
99855.39
99855.38
99855.36
99855.35
99855.33
99855.32
99855.3
99855.29
99855.27
99855.25
99855.24
99855.22
99855.21
99855.19
99855.18
99855.16
99855.15
99855.13
99855.11
99855.1
99855.08
99855.07
99855.05
99855.04
99855.02
99855.01
99854.99
99854.97
99854.96
99854.94
99854.93
99854.91
99854.9
99854.88
99854.87
99854.85
99854.84
99854.82
99854.81
99854.79
99854.78
99854.76
99854.75
99854.73
99854.72
99854.7
99854.69
99854.67
99854.66
99854.64
99854.63
99760.51
99817.26
99866.37
99860.04
99854.99
99855.67
99856.18
99856.08
99856.02
99856.01
99856
99855.98
99855.97
99855.95
99855.94
99855.92
99855.91
99855.89
99855.88
99855.86
99855.85
99855.83
99855.82
99855.8
99855.78
99855.77
99855.75
99855.74
99855.72
99855.71
99855.69
99855.68
99855.66
99855.64
99855.63
99855.61
99855.6
99855.58
99855.57
99855.55
99855.54
99855.52
99855.5
99855.49
99855.47
99855.46
99855.44
99855.43
99855.41
99855.39
99855.38
99855.36
99855.35
99855.33
99855.32
99855.3
99855.29
99855.27
99855.25
99855.24
99855.22
99855.21
99855.19
99855.18
99855.16
99855.15
99855.13
99855.11
99855.1
99855.08
99855.07
99855.05
99855.04
99855.02
99855
99854.99
99854.97
99854.96
99854.94
99854.93
99854.91
99854.9
99854.88
99854.87
99854.85
99854.83
99854.82
99854.8
99854.79
99854.77
99854.76
99854.74
99854.73
99854.71
99854.7
99854.69
99854.67
99854.66
99854.64
99854.63
99760.51
99817.26
99866.37
99860.04
99854.99
99855.68
99856.18
99856.09
99856.02
99856.01
99856
99855.99
99855.97
99855.95
99855.94
99855.92
99855.91
99855.89
99855.88
99855.86
99855.85
99855.83
99855.82
99855.8
99855.78
99855.77
99855.75
99855.74
99855.72
99855.71
99855.69
99855.68
99855.66
99855.64
99855.63
99855.61
99855.6
99855.58
99855.57
99855.55
99855.54
99855.52
99855.5
99855.49
99855.47
99855.46
99855.44
99855.43
99855.41
99855.4
99855.38
99855.36
99855.35
99855.33
99855.32
99855.3
99855.29
99855.27
99855.25
99855.24
99855.22
99855.21
99855.19
99855.18
99855.16
99855.15
99855.13
99855.11
99855.1
99855.08
99855.07
99855.05
99855.04
99855.02
99855
99854.99
99854.97
99854.96
99854.94
99854.93
99854.91
99854.9
99854.88
99854.86
99854.85
99854.83
99854.82
99854.8
99854.79
99854.77
99854.76
99854.74
99854.73
99854.71
99854.7
99854.68
99854.67
99854.65
99854.64
99854.63
99760.51
99817.26
99866.37
99860.04
99854.99
99855.68
99856.18
99856.09
99856.02
99856.01
99856
99855.99
99855.97
99855.96
99855.94
99855.93
99855.91
99855.89
99855.88
99855.86
99855.85
99855.83
99855.82
99855.8
99855.79
99855.77
99855.75
99855.74
99855.72
99855.71
99855.69
99855.68
99855.66
99855.64
99855.63
99855.61
99855.6
99855.58
99855.57
99855.55
99855.54
99855.52
99855.5
99855.49
99855.47
99855.46
99855.44
99855.43
99855.41
99855.39
99855.38
99855.36
99855.35
99855.33
99855.32
99855.3
99855.29
99855.27
99855.25
99855.24
99855.22
99855.21
99855.19
99855.18
99855.16
99855.14
99855.13
99855.11
99855.1
99855.08
99855.07
99855.05
99855.04
99855.02
99855
99854.99
99854.97
99854.96
99854.94
99854.93
99854.91
99854.89
99854.88
99854.86
99854.85
99854.83
99854.82
99854.8
99854.79
99854.77
99854.76
99854.74
99854.73
99854.71
99854.7
99854.68
99854.67
99854.65
99854.64
99854.62
99760.52
99817.27
99866.37
99860.05
99855
99855.68
99856.18
99856.09
99856.02
99856.01
99856
99855.99
99855.97
99855.96
99855.94
99855.93
99855.91
99855.9
99855.88
99855.86
99855.85
99855.83
99855.82
99855.8
99855.79
99855.77
99855.75
99855.74
99855.72
99855.71
99855.69
99855.68
99855.66
99855.65
99855.63
99855.61
99855.6
99855.58
99855.57
99855.55
99855.54
99855.52
99855.5
99855.49
99855.47
99855.46
99855.44
99855.43
99855.41
99855.4
99855.38
99855.36
99855.35
99855.33
99855.32
99855.3
99855.29
99855.27
99855.25
99855.24
99855.22
99855.21
99855.19
99855.18
99855.16
99855.14
99855.13
99855.11
99855.1
99855.08
99855.07
99855.05
99855.04
99855.02
99855
99854.99
99854.97
99854.96
99854.94
99854.93
99854.91
99854.89
99854.88
99854.86
99854.85
99854.83
99854.82
99854.8
99854.78
99854.77
99854.75
99854.74
99854.72
99854.71
99854.69
99854.68
99854.66
99854.65
99854.64
99854.62
99760.52
99817.27
99866.37
99860.05
99855
99855.68
99856.18
99856.09
99856.02
99856.02
99856.01
99855.99
99855.97
99855.96
99855.94
99855.93
99855.91
99855.9
99855.88
99855.86
99855.85
99855.83
99855.82
99855.8
99855.79
99855.77
99855.75
99855.74
99855.72
99855.71
99855.69
99855.68
99855.66
99855.65
99855.63
99855.61
99855.6
99855.58
99855.57
99855.55
99855.54
99855.52
99855.5
99855.49
99855.47
99855.46
99855.44
99855.43
99855.41
99855.39
99855.38
99855.36
99855.35
99855.33
99855.32
99855.3
99855.29
99855.27
99855.25
99855.24
99855.22
99855.21
99855.19
99855.18
99855.16
99855.14
99855.13
99855.11
99855.1
99855.08
99855.07
99855.05
99855.03
99855.02
99855
99854.99
99854.97
99854.96
99854.94
99854.92
99854.91
99854.89
99854.88
99854.86
99854.85
99854.83
99854.81
99854.8
99854.78
99854.77
99854.75
99854.74
99854.72
99854.71
99854.69
99854.68
99854.66
99854.65
99854.63
99854.62
99760.52
99817.27
99866.38
99860.05
99855
99855.68
99856.19
99856.09
99856.03
99856.02
99856.01
99855.99
99855.98
99855.96
99855.94
99855.93
99855.91
99855.9
99855.88
99855.87
99855.85
99855.83
99855.82
99855.8
99855.79
99855.77
99855.76
99855.74
99855.72
99855.71
99855.69
99855.68
99855.66
99855.65
99855.63
99855.61
99855.6
99855.58
99855.57
99855.55
99855.54
99855.52
99855.5
99855.49
99855.47
99855.46
99855.44
99855.43
99855.41
99855.4
99855.38
99855.36
99855.35
99855.33
99855.32
99855.3
99855.29
99855.27
99855.25
99855.24
99855.22
99855.21
99855.19
99855.18
99855.16
99855.14
99855.13
99855.11
99855.1
99855.08
99855.07
99855.05
99855.03
99855.02
99855
99854.99
99854.97
99854.96
99854.94
99854.92
99854.91
99854.89
99854.88
99854.86
99854.84
99854.83
99854.81
99854.8
99854.78
99854.77
99854.75
99854.73
99854.72
99854.7
99854.69
99854.67
99854.66
99854.64
99854.63
99854.62
99760.53
99817.28
99866.38
99860.06
99855
99855.69
99856.19
99856.1
99856.03
99856.02
99856.01
99855.99
99855.98
99855.96
99855.95
99855.93
99855.91
99855.9
99855.88
99855.87
99855.85
99855.83
99855.82
99855.8
99855.79
99855.77
99855.76
99855.74
99855.72
99855.71
99855.69
99855.68
99855.66
99855.65
99855.63
99855.61
99855.6
99855.58
99855.57
99855.55
99855.54
99855.52
99855.5
99855.49
99855.47
99855.46
99855.44
99855.43
99855.41
99855.39
99855.38
99855.36
99855.35
99855.33
99855.32
99855.3
99855.29
99855.27
99855.25
99855.24
99855.22
99855.21
99855.19
99855.18
99855.16
99855.14
99855.13
99855.11
99855.1
99855.08
99855.07
99855.05
99855.03
99855.02
99855
99854.99
99854.97
99854.95
99854.94
99854.92
99854.91
99854.89
99854.87
99854.86
99854.84
99854.83
99854.81
99854.8
99854.78
99854.76
99854.75
99854.73
99854.72
99854.7
99854.69
99854.67
99854.66
99854.64
99854.63
99854.61
99760.53
99817.28
99866.38
99860.06
99855.01
99855.69
99856.19
99856.1
99856.03
99856.02
99856.01
99856
99855.98
99855.96
99855.95
99855.93
99855.92
99855.9
99855.88
99855.87
99855.85
99855.84
99855.82
99855.8
99855.79
99855.77
99855.76
99855.74
99855.73
99855.71
99855.69
99855.68
99855.66
99855.65
99855.63
99855.61
99855.6
99855.58
99855.57
99855.55
99855.54
99855.52
99855.51
99855.49
99855.47
99855.46
99855.44
99855.43
99855.41
99855.4
99855.38
99855.36
99855.35
99855.33
99855.32
99855.3
99855.29
99855.27
99855.25
99855.24
99855.22
99855.21
99855.19
99855.18
99855.16
99855.14
99855.13
99855.11
99855.1
99855.08
99855.07
99855.05
99855.03
99855.02
99855
99854.99
99854.97
99854.95
99854.94
99854.92
99854.91
99854.89
99854.87
99854.86
99854.84
99854.83
99854.81
99854.79
99854.78
99854.76
99854.75
99854.73
99854.71
99854.7
99854.68
99854.67
99854.65
99854.64
99854.62
99854.61
99760.54
99817.29
99866.39
99860.06
99855.01
99855.69
99856.19
99856.1
99856.03
99856.02
99856.01
99856
99855.98
99855.96
99855.95
99855.93
99855.92
99855.9
99855.88
99855.87
99855.85
99855.84
99855.82
99855.8
99855.79
99855.77
99855.76
99855.74
99855.72
99855.71
99855.69
99855.68
99855.66
99855.65
99855.63
99855.61
99855.6
99855.58
99855.57
99855.55
99855.54
99855.52
99855.5
99855.49
99855.47
99855.46
99855.44
99855.43
99855.41
99855.39
99855.38
99855.36
99855.35
99855.33
99855.32
99855.3
99855.29
99855.27
99855.25
99855.24
99855.22
99855.21
99855.19
99855.17
99855.16
99855.14
99855.13
99855.11
99855.1
99855.08
99855.06
99855.05
99855.03
99855.02
99855
99854.98
99854.97
99854.95
99854.94
99854.92
99854.91
99854.89
99854.87
99854.86
99854.84
99854.82
99854.81
99854.79
99854.78
99854.76
99854.74
99854.73
99854.71
99854.7
99854.68
99854.66
99854.65
99854.63
99854.62
99854.61
99760.55
99817.29
99866.39
99860.07
99855.01
99855.7
99856.2
99856.1
99856.04
99856.03
99856.02
99856
99855.98
99855.97
99855.95
99855.93
99855.92
99855.9
99855.89
99855.87
99855.85
99855.84
99855.82
99855.81
99855.79
99855.77
99855.76
99855.74
99855.73
99855.71
99855.69
99855.68
99855.66
99855.65
99855.63
99855.62
99855.6
99855.58
99855.57
99855.55
99855.54
99855.52
99855.51
99855.49
99855.47
99855.46
99855.44
99855.43
99855.41
99855.4
99855.38
99855.36
99855.35
99855.33
99855.32
99855.3
99855.29
99855.27
99855.25
99855.24
99855.22
99855.21
99855.19
99855.18
99855.16
99855.14
99855.13
99855.11
99855.1
99855.08
99855.06
99855.05
99855.03
99855.02
99855
99854.98
99854.97
99854.95
99854.94
99854.92
99854.9
99854.89
99854.87
99854.86
99854.84
99854.82
99854.81
99854.79
99854.77
99854.76
99854.74
99854.73
99854.71
99854.69
99854.68
99854.66
99854.65
99854.63
99854.62
99854.6
99760.55
99817.3
99866.39
99860.07
99855.02
99855.7
99856.2
99856.11
99856.04
99856.03
99856.02
99856
99855.98
99855.97
99855.95
99855.93
99855.92
99855.9
99855.89
99855.87
99855.85
99855.84
99855.82
99855.81
99855.79
99855.77
99855.76
99855.74
99855.73
99855.71
99855.69
99855.68
99855.66
99855.65
99855.63
99855.61
99855.6
99855.58
99855.57
99855.55
99855.54
99855.52
99855.5
99855.49
99855.47
99855.46
99855.44
99855.43
99855.41
99855.39
99855.38
99855.36
99855.35
99855.33
99855.32
99855.3
99855.28
99855.27
99855.25
99855.24
99855.22
99855.21
99855.19
99855.17
99855.16
99855.14
99855.13
99855.11
99855.1
99855.08
99855.06
99855.05
99855.03
99855.02
99855
99854.98
99854.97
99854.95
99854.94
99854.92
99854.9
99854.89
99854.87
99854.85
99854.84
99854.82
99854.81
99854.79
99854.77
99854.76
99854.74
99854.72
99854.71
99854.69
99854.67
99854.66
99854.64
99854.63
99854.61
99854.6
99760.56
99817.31
99866.4
99860.07
99855.02
99855.7
99856.2
99856.11
99856.04
99856.03
99856.02
99856
99855.99
99855.97
99855.95
99855.94
99855.92
99855.9
99855.89
99855.87
99855.85
99855.84
99855.82
99855.81
99855.79
99855.77
99855.76
99855.74
99855.73
99855.71
99855.69
99855.68
99855.66
99855.65
99855.63
99855.62
99855.6
99855.58
99855.57
99855.55
99855.54
99855.52
99855.51
99855.49
99855.47
99855.46
99855.44
99855.43
99855.41
99855.4
99855.38
99855.36
99855.35
99855.33
99855.32
99855.3
99855.29
99855.27
99855.25
99855.24
99855.22
99855.21
99855.19
99855.17
99855.16
99855.14
99855.13
99855.11
99855.1
99855.08
99855.06
99855.05
99855.03
99855.02
99855
99854.98
99854.97
99854.95
99854.94
99854.92
99854.9
99854.89
99854.87
99854.85
99854.84
99854.82
99854.8
99854.79
99854.77
99854.75
99854.74
99854.72
99854.7
99854.69
99854.67
99854.65
99854.64
99854.62
99854.61
99854.59
99760.57
99817.31
99866.4
99860.08
99855.03
99855.71
99856.21
99856.11
99856.04
99856.03
99856.02
99856
99855.99
99855.97
99855.95
99855.94
99855.92
99855.9
99855.89
99855.87
99855.85
99855.84
99855.82
99855.81
99855.79
99855.77
99855.76
99855.74
99855.73
99855.71
99855.69
99855.68
99855.66
99855.65
99855.63
99855.62
99855.6
99855.58
99855.57
99855.55
99855.54
99855.52
99855.5
99855.49
99855.47
99855.46
99855.44
99855.43
99855.41
99855.39
99855.38
99855.36
99855.35
99855.33
99855.32
99855.3
99855.28
99855.27
99855.25
99855.24
99855.22
99855.21
99855.19
99855.17
99855.16
99855.14
99855.13
99855.11
99855.1
99855.08
99855.06
99855.05
99855.03
99855.02
99855
99854.98
99854.97
99854.95
99854.93
99854.92
99854.9
99854.89
99854.87
99854.85
99854.84
99854.82
99854.8
99854.79
99854.77
99854.75
99854.73
99854.72
99854.7
99854.68
99854.67
99854.65
99854.63
99854.62
99854.6
99854.58
99760.58
99817.32
99866.41
99860.08
99855.03
99855.71
99856.21
99856.12
99856.05
99856.04
99856.03
99856.01
99855.99
99855.97
99855.96
99855.94
99855.92
99855.91
99855.89
99855.87
99855.86
99855.84
99855.82
99855.81
99855.79
99855.78
99855.76
99855.74
99855.73
99855.71
99855.7
99855.68
99855.66
99855.65
99855.63
99855.62
99855.6
99855.58
99855.57
99855.55
99855.54
99855.52
99855.51
99855.49
99855.47
99855.46
99855.44
99855.43
99855.41
99855.4
99855.38
99855.36
99855.35
99855.33
99855.32
99855.3
99855.29
99855.27
99855.25
99855.24
99855.22
99855.21
99855.19
99855.17
99855.16
99855.14
99855.13
99855.11
99855.1
99855.08
99855.06
99855.05
99855.03
99855.02
99855
99854.98
99854.97
99854.95
99854.93
99854.92
99854.9
99854.89
99854.87
99854.85
99854.84
99854.82
99854.8
99854.78
99854.77
99854.75
99854.73
99854.72
99854.7
99854.68
99854.66
99854.64
99854.63
99854.61
99854.59
99854.58
99760.59
99817.33
99866.42
99860.09
99855.03
99855.71
99856.21
99856.12
99856.05
99856.04
99856.02
99856.01
99855.99
99855.97
99855.96
99855.94
99855.92
99855.9
99855.89
99855.87
99855.86
99855.84
99855.82
99855.81
99855.79
99855.77
99855.76
99855.74
99855.73
99855.71
99855.69
99855.68
99855.66
99855.65
99855.63
99855.62
99855.6
99855.58
99855.57
99855.55
99855.54
99855.52
99855.51
99855.49
99855.47
99855.46
99855.44
99855.43
99855.41
99855.4
99855.38
99855.36
99855.35
99855.33
99855.32
99855.3
99855.28
99855.27
99855.25
99855.24
99855.22
99855.21
99855.19
99855.17
99855.16
99855.14
99855.13
99855.11
99855.09
99855.08
99855.06
99855.05
99855.03
99855.01
99855
99854.98
99854.97
99854.95
99854.93
99854.92
99854.9
99854.88
99854.87
99854.85
99854.83
99854.82
99854.8
99854.78
99854.77
99854.75
99854.73
99854.71
99854.69
99854.68
99854.66
99854.64
99854.62
99854.6
99854.59
99854.57
99760.6
99817.35
99866.43
99860.1
99855.04
99855.72
99856.22
99856.12
99856.05
99856.04
99856.03
99856.01
99855.99
99855.97
99855.96
99855.94
99855.92
99855.91
99855.89
99855.87
99855.86
99855.84
99855.82
99855.81
99855.79
99855.78
99855.76
99855.74
99855.73
99855.71
99855.7
99855.68
99855.66
99855.65
99855.63
99855.62
99855.6
99855.58
99855.57
99855.55
99855.54
99855.52
99855.51
99855.49
99855.47
99855.46
99855.44
99855.43
99855.41
99855.4
99855.38
99855.36
99855.35
99855.33
99855.32
99855.3
99855.29
99855.27
99855.25
99855.24
99855.22
99855.21
99855.19
99855.17
99855.16
99855.14
99855.13
99855.11
99855.1
99855.08
99855.06
99855.05
99855.03
99855.01
99855
99854.98
99854.97
99854.95
99854.93
99854.92
99854.9
99854.88
99854.87
99854.85
99854.83
99854.82
99854.8
99854.78
99854.76
99854.75
99854.73
99854.71
99854.69
99854.67
99854.65
99854.64
99854.62
99854.6
99854.58
99854.56
99760.61
99817.35
99866.43
99860.1
99855.04
99855.72
99856.22
99856.12
99856.05
99856.04
99856.03
99856.01
99855.99
99855.97
99855.96
99855.94
99855.92
99855.91
99855.89
99855.87
99855.86
99855.84
99855.82
99855.81
99855.79
99855.78
99855.76
99855.74
99855.73
99855.71
99855.7
99855.68
99855.66
99855.65
99855.63
99855.62
99855.6
99855.58
99855.57
99855.55
99855.54
99855.52
99855.51
99855.49
99855.47
99855.46
99855.44
99855.43
99855.41
99855.4
99855.38
99855.36
99855.35
99855.33
99855.32
99855.3
99855.28
99855.27
99855.25
99855.24
99855.22
99855.21
99855.19
99855.17
99855.16
99855.14
99855.13
99855.11
99855.09
99855.08
99855.06
99855.05
99855.03
99855.01
99855
99854.98
99854.97
99854.95
99854.93
99854.92
99854.9
99854.88
99854.87
99854.85
99854.83
99854.82
99854.8
99854.78
99854.76
99854.75
99854.73
99854.71
99854.69
99854.67
99854.65
99854.63
99854.61
99854.59
99854.57
99854.55
99760.64
99817.39
99866.45
99860.11
99855.05
99855.73
99856.22
99856.13
99856.05
99856.04
99856.03
99856.01
99855.99
99855.98
99855.96
99855.94
99855.92
99855.91
99855.89
99855.87
99855.86
99855.84
99855.82
99855.81
99855.79
99855.78
99855.76
99855.74
99855.73
99855.71
99855.7
99855.68
99855.66
99855.65
99855.63
99855.62
99855.6
99855.58
99855.57
99855.55
99855.54
99855.52
99855.51
99855.49
99855.47
99855.46
99855.44
99855.43
99855.41
99855.4
99855.38
99855.36
99855.35
99855.33
99855.32
99855.3
99855.29
99855.27
99855.25
99855.24
99855.22
99855.21
99855.19
99855.17
99855.16
99855.14
99855.13
99855.11
99855.09
99855.08
99855.06
99855.05
99855.03
99855.01
99855
99854.98
99854.97
99854.95
99854.93
99854.92
99854.9
99854.88
99854.87
99854.85
99854.83
99854.82
99854.8
99854.78
99854.76
99854.74
99854.73
99854.71
99854.69
99854.67
99854.65
99854.63
99854.6
99854.58
99854.56
99854.54
99760.62
99817.4
99866.45
99860.11
99855.05
99855.73
99856.22
99856.13
99856.05
99856.04
99856.03
99856.01
99855.99
99855.98
99855.96
99855.94
99855.92
99855.91
99855.89
99855.87
99855.86
99855.84
99855.82
99855.81
99855.79
99855.78
99855.76
99855.74
99855.73
99855.71
99855.7
99855.68
99855.66
99855.65
99855.63
99855.62
99855.6
99855.58
99855.57
99855.55
99855.54
99855.52
99855.51
99855.49
99855.47
99855.46
99855.44
99855.43
99855.41
99855.4
99855.38
99855.36
99855.35
99855.33
99855.32
99855.3
99855.28
99855.27
99855.25
99855.24
99855.22
99855.21
99855.19
99855.17
99855.16
99855.14
99855.13
99855.11
99855.09
99855.08
99855.06
99855.05
99855.03
99855.01
99855
99854.98
99854.97
99854.95
99854.93
99854.92
99854.9
99854.88
99854.87
99854.85
99854.83
99854.81
99854.8
99854.78
99854.76
99854.74
99854.72
99854.71
99854.69
99854.67
99854.64
99854.62
99854.6
99854.57
99854.55
99854.52
99760.77
99817.43
99866.43
99860.1
99855.06
99855.73
99856.22
99856.13
99856.06
99856.04
99856.03
99856.01
99855.99
99855.98
99855.96
99855.94
99855.92
99855.91
99855.89
99855.87
99855.86
99855.84
99855.82
99855.81
99855.79
99855.78
99855.76
99855.74
99855.73
99855.71
99855.7
99855.68
99855.66
99855.65
99855.63
99855.62
99855.6
99855.58
99855.57
99855.55
99855.54
99855.52
99855.51
99855.49
99855.47
99855.46
99855.44
99855.43
99855.41
99855.4
99855.38
99855.36
99855.35
99855.33
99855.32
99855.3
99855.29
99855.27
99855.25
99855.24
99855.22
99855.21
99855.19
99855.17
99855.16
99855.14
99855.13
99855.11
99855.09
99855.08
99855.06
99855.05
99855.03
99855.01
99855
99854.98
99854.97
99854.95
99854.93
99854.92
99854.9
99854.88
99854.87
99854.85
99854.83
99854.81
99854.8
99854.78
99854.76
99854.74
99854.72
99854.7
99854.68
99854.66
99854.64
99854.62
99854.59
99854.57
99854.53
99854.49
)
;

boundaryField
{
    bottomAir_bottom
    {
        type            symmetryPlane;
    }
    leftLet
    {
        type            calculated;
        value           uniform 100000;
    }
    rightLet
    {
        type            calculated;
        value           nonuniform List<scalar> 
40
(
99854.64
99854.64
99854.64
99854.64
99854.64
99854.64
99854.64
99854.64
99854.64
99854.64
99854.64
99854.64
99854.63
99854.63
99854.63
99854.63
99854.63
99854.63
99854.63
99854.62
99854.62
99854.62
99854.62
99854.61
99854.61
99854.61
99854.61
99854.6
99854.6
99854.59
99854.59
99854.58
99854.58
99854.57
99854.56
99854.55
99854.54
99854.52
99854.51
99854.47
)
;
    }
    frontAndBack
    {
        type            empty;
    }
    bottomAir_to_wall
    {
        type            calculated;
        value           nonuniform List<scalar> 
100
(
99760.77
99817.43
99866.43
99860.1
99855.06
99855.73
99856.22
99856.13
99856.06
99856.04
99856.03
99856.01
99855.99
99855.98
99855.96
99855.94
99855.92
99855.91
99855.89
99855.87
99855.86
99855.84
99855.82
99855.81
99855.79
99855.78
99855.76
99855.74
99855.73
99855.71
99855.7
99855.68
99855.66
99855.65
99855.63
99855.62
99855.6
99855.58
99855.57
99855.55
99855.54
99855.52
99855.51
99855.49
99855.47
99855.46
99855.44
99855.43
99855.41
99855.4
99855.38
99855.36
99855.35
99855.33
99855.32
99855.3
99855.29
99855.27
99855.25
99855.24
99855.22
99855.21
99855.19
99855.17
99855.16
99855.14
99855.13
99855.11
99855.09
99855.08
99855.06
99855.05
99855.03
99855.01
99855
99854.98
99854.97
99854.95
99854.93
99854.92
99854.9
99854.88
99854.87
99854.85
99854.83
99854.81
99854.8
99854.78
99854.76
99854.74
99854.72
99854.7
99854.68
99854.66
99854.64
99854.62
99854.59
99854.57
99854.53
99854.49
)
;
    }
}


// ************************************************************************* //
