/*--------------------------------*- C++ -*----------------------------------*\
| =========                 |                                                 |
| \\      /  F ield         | OpenFOAM: The Open Source CFD Toolbox           |
|  \\    /   O peration     | Version:  2.3.0                                 |
|   \\  /    A nd           | Web:      www.OpenFOAM.org                      |
|    \\/     M anipulation  |                                                 |
\*---------------------------------------------------------------------------*/
FoamFile
{
    version     2.0;
    format      ascii;
    class       volScalarField;
    location    "9600/bottomAir";
    object      rho;
}
// * * * * * * * * * * * * * * * * * * * * * * * * * * * * * * * * * * * * * //

dimensions      [1 -3 0 0 0 0 0];

internalField   nonuniform List<scalar> 
4000
(
0.2890926
0.2892013
0.2893253
0.2893115
0.2892987
0.2893001
0.2893014
0.2893012
0.289301
0.289301
0.289301
0.2893009
0.2893009
0.2893008
0.2893008
0.2893007
0.2893007
0.2893006
0.2893006
0.2893006
0.2893005
0.2893005
0.2893004
0.2893004
0.2893003
0.2893003
0.2893002
0.2893002
0.2893002
0.2893001
0.2893001
0.2893
0.2893
0.2892999
0.2892999
0.2892998
0.2892998
0.2892998
0.2892997
0.2892997
0.2892996
0.2892996
0.2892995
0.2892995
0.2892994
0.2892994
0.2892993
0.2892993
0.2892993
0.2892992
0.2892992
0.2892991
0.2892991
0.289299
0.289299
0.2892989
0.2892989
0.2892989
0.2892988
0.2892988
0.2892987
0.2892987
0.2892986
0.2892986
0.2892985
0.2892985
0.2892984
0.2892984
0.2892984
0.2892983
0.2892983
0.2892982
0.2892982
0.2892981
0.2892981
0.289298
0.289298
0.289298
0.2892979
0.2892979
0.2892978
0.2892978
0.2892977
0.2892977
0.2892976
0.2892976
0.2892976
0.2892975
0.2892975
0.2892974
0.2892974
0.2892973
0.2892973
0.2892973
0.2892972
0.2892972
0.2892971
0.2892971
0.289297
0.289297
0.2890927
0.2892012
0.2893252
0.2893115
0.2892986
0.2893001
0.2893014
0.2893012
0.289301
0.289301
0.2893009
0.2893009
0.2893008
0.2893008
0.2893008
0.2893007
0.2893007
0.2893006
0.2893006
0.2893005
0.2893005
0.2893004
0.2893004
0.2893004
0.2893003
0.2893003
0.2893002
0.2893002
0.2893001
0.2893001
0.2893
0.2893
0.2893
0.2892999
0.2892999
0.2892998
0.2892998
0.2892997
0.2892997
0.2892996
0.2892996
0.2892995
0.2892995
0.2892995
0.2892994
0.2892994
0.2892993
0.2892993
0.2892992
0.2892992
0.2892991
0.2892991
0.289299
0.289299
0.289299
0.2892989
0.2892989
0.2892988
0.2892988
0.2892987
0.2892987
0.2892986
0.2892986
0.2892986
0.2892985
0.2892985
0.2892984
0.2892984
0.2892983
0.2892983
0.2892982
0.2892982
0.2892981
0.2892981
0.2892981
0.289298
0.289298
0.2892979
0.2892979
0.2892978
0.2892978
0.2892977
0.2892977
0.2892977
0.2892976
0.2892976
0.2892975
0.2892975
0.2892974
0.2892974
0.2892974
0.2892973
0.2892973
0.2892972
0.2892972
0.2892971
0.2892971
0.2892971
0.289297
0.289297
0.2890927
0.2892012
0.2893252
0.2893115
0.2892986
0.2893001
0.2893014
0.2893012
0.289301
0.289301
0.2893009
0.2893009
0.2893008
0.2893008
0.2893008
0.2893007
0.2893007
0.2893006
0.2893006
0.2893005
0.2893005
0.2893004
0.2893004
0.2893004
0.2893003
0.2893003
0.2893002
0.2893002
0.2893001
0.2893001
0.2893
0.2893
0.2893
0.2892999
0.2892999
0.2892998
0.2892998
0.2892997
0.2892997
0.2892996
0.2892996
0.2892995
0.2892995
0.2892995
0.2892994
0.2892994
0.2892993
0.2892993
0.2892992
0.2892992
0.2892991
0.2892991
0.2892991
0.289299
0.289299
0.2892989
0.2892989
0.2892988
0.2892988
0.2892987
0.2892987
0.2892986
0.2892986
0.2892986
0.2892985
0.2892985
0.2892984
0.2892984
0.2892983
0.2892983
0.2892982
0.2892982
0.2892981
0.2892981
0.2892981
0.289298
0.289298
0.2892979
0.2892979
0.2892978
0.2892978
0.2892977
0.2892977
0.2892977
0.2892976
0.2892976
0.2892975
0.2892975
0.2892974
0.2892974
0.2892974
0.2892973
0.2892973
0.2892972
0.2892972
0.2892971
0.2892971
0.2892971
0.289297
0.289297
0.2890928
0.2892012
0.2893252
0.2893115
0.2892986
0.2893001
0.2893014
0.2893012
0.289301
0.289301
0.2893009
0.2893009
0.2893008
0.2893008
0.2893008
0.2893007
0.2893007
0.2893006
0.2893006
0.2893005
0.2893005
0.2893004
0.2893004
0.2893004
0.2893003
0.2893003
0.2893002
0.2893002
0.2893001
0.2893001
0.2893
0.2893
0.2893
0.2892999
0.2892999
0.2892998
0.2892998
0.2892997
0.2892997
0.2892996
0.2892996
0.2892996
0.2892995
0.2892995
0.2892994
0.2892994
0.2892993
0.2892993
0.2892992
0.2892992
0.2892991
0.2892991
0.2892991
0.289299
0.289299
0.2892989
0.2892989
0.2892988
0.2892988
0.2892987
0.2892987
0.2892986
0.2892986
0.2892986
0.2892985
0.2892985
0.2892984
0.2892984
0.2892983
0.2892983
0.2892982
0.2892982
0.2892982
0.2892981
0.2892981
0.289298
0.289298
0.2892979
0.2892979
0.2892978
0.2892978
0.2892978
0.2892977
0.2892977
0.2892976
0.2892976
0.2892975
0.2892975
0.2892974
0.2892974
0.2892974
0.2892973
0.2892973
0.2892972
0.2892972
0.2892971
0.2892971
0.2892971
0.289297
0.289297
0.2890928
0.2892012
0.2893252
0.2893115
0.2892986
0.2893001
0.2893014
0.2893012
0.289301
0.289301
0.2893009
0.2893009
0.2893008
0.2893008
0.2893008
0.2893007
0.2893007
0.2893006
0.2893006
0.2893005
0.2893005
0.2893004
0.2893004
0.2893004
0.2893003
0.2893003
0.2893002
0.2893002
0.2893001
0.2893001
0.2893
0.2893
0.2893
0.2892999
0.2892999
0.2892998
0.2892998
0.2892997
0.2892997
0.2892996
0.2892996
0.2892996
0.2892995
0.2892995
0.2892994
0.2892994
0.2892993
0.2892993
0.2892992
0.2892992
0.2892991
0.2892991
0.2892991
0.289299
0.289299
0.2892989
0.2892989
0.2892988
0.2892988
0.2892987
0.2892987
0.2892986
0.2892986
0.2892986
0.2892985
0.2892985
0.2892984
0.2892984
0.2892983
0.2892983
0.2892982
0.2892982
0.2892982
0.2892981
0.2892981
0.289298
0.289298
0.2892979
0.2892979
0.2892978
0.2892978
0.2892978
0.2892977
0.2892977
0.2892976
0.2892976
0.2892975
0.2892975
0.2892974
0.2892974
0.2892974
0.2892973
0.2892973
0.2892972
0.2892972
0.2892971
0.2892971
0.2892971
0.289297
0.289297
0.2890928
0.2892012
0.2893252
0.2893115
0.2892986
0.2893001
0.2893014
0.2893012
0.289301
0.289301
0.2893009
0.2893009
0.2893008
0.2893008
0.2893008
0.2893007
0.2893007
0.2893006
0.2893006
0.2893005
0.2893005
0.2893004
0.2893004
0.2893004
0.2893003
0.2893003
0.2893002
0.2893002
0.2893001
0.2893001
0.2893
0.2893
0.2893
0.2892999
0.2892999
0.2892998
0.2892998
0.2892997
0.2892997
0.2892996
0.2892996
0.2892996
0.2892995
0.2892995
0.2892994
0.2892994
0.2892993
0.2892993
0.2892992
0.2892992
0.2892991
0.2892991
0.2892991
0.289299
0.289299
0.2892989
0.2892989
0.2892988
0.2892988
0.2892987
0.2892987
0.2892986
0.2892986
0.2892986
0.2892985
0.2892985
0.2892984
0.2892984
0.2892983
0.2892983
0.2892982
0.2892982
0.2892982
0.2892981
0.2892981
0.289298
0.289298
0.2892979
0.2892979
0.2892978
0.2892978
0.2892978
0.2892977
0.2892977
0.2892976
0.2892976
0.2892975
0.2892975
0.2892974
0.2892974
0.2892974
0.2892973
0.2892973
0.2892972
0.2892972
0.2892971
0.2892971
0.2892971
0.289297
0.289297
0.2890928
0.2892012
0.2893252
0.2893115
0.2892986
0.2893001
0.2893014
0.2893012
0.289301
0.289301
0.2893009
0.2893009
0.2893008
0.2893008
0.2893008
0.2893007
0.2893007
0.2893006
0.2893006
0.2893005
0.2893005
0.2893005
0.2893004
0.2893004
0.2893003
0.2893003
0.2893002
0.2893002
0.2893001
0.2893001
0.2893
0.2893
0.2893
0.2892999
0.2892999
0.2892998
0.2892998
0.2892997
0.2892997
0.2892996
0.2892996
0.2892996
0.2892995
0.2892995
0.2892994
0.2892994
0.2892993
0.2892993
0.2892992
0.2892992
0.2892991
0.2892991
0.2892991
0.289299
0.289299
0.2892989
0.2892989
0.2892988
0.2892988
0.2892987
0.2892987
0.2892986
0.2892986
0.2892986
0.2892985
0.2892985
0.2892984
0.2892984
0.2892983
0.2892983
0.2892982
0.2892982
0.2892982
0.2892981
0.2892981
0.289298
0.289298
0.2892979
0.2892979
0.2892978
0.2892978
0.2892978
0.2892977
0.2892977
0.2892976
0.2892976
0.2892975
0.2892975
0.2892974
0.2892974
0.2892974
0.2892973
0.2892973
0.2892972
0.2892972
0.2892971
0.2892971
0.2892971
0.289297
0.289297
0.2890928
0.2892012
0.2893252
0.2893115
0.2892986
0.2893001
0.2893014
0.2893012
0.289301
0.289301
0.2893009
0.2893009
0.2893008
0.2893008
0.2893008
0.2893007
0.2893007
0.2893006
0.2893006
0.2893005
0.2893005
0.2893005
0.2893004
0.2893004
0.2893003
0.2893003
0.2893002
0.2893002
0.2893001
0.2893001
0.2893
0.2893
0.2893
0.2892999
0.2892999
0.2892998
0.2892998
0.2892997
0.2892997
0.2892996
0.2892996
0.2892996
0.2892995
0.2892995
0.2892994
0.2892994
0.2892993
0.2892993
0.2892992
0.2892992
0.2892991
0.2892991
0.2892991
0.289299
0.289299
0.2892989
0.2892989
0.2892988
0.2892988
0.2892987
0.2892987
0.2892986
0.2892986
0.2892986
0.2892985
0.2892985
0.2892984
0.2892984
0.2892983
0.2892983
0.2892982
0.2892982
0.2892982
0.2892981
0.2892981
0.289298
0.289298
0.2892979
0.2892979
0.2892978
0.2892978
0.2892978
0.2892977
0.2892977
0.2892976
0.2892976
0.2892975
0.2892975
0.2892974
0.2892974
0.2892974
0.2892973
0.2892973
0.2892972
0.2892972
0.2892971
0.2892971
0.2892971
0.289297
0.289297
0.2890928
0.2892012
0.2893252
0.2893115
0.2892986
0.2893001
0.2893014
0.2893012
0.289301
0.289301
0.2893009
0.2893009
0.2893008
0.2893008
0.2893008
0.2893007
0.2893007
0.2893006
0.2893006
0.2893005
0.2893005
0.2893005
0.2893004
0.2893004
0.2893003
0.2893003
0.2893002
0.2893002
0.2893001
0.2893001
0.2893001
0.2893
0.2893
0.2892999
0.2892999
0.2892998
0.2892998
0.2892997
0.2892997
0.2892996
0.2892996
0.2892996
0.2892995
0.2892995
0.2892994
0.2892994
0.2892993
0.2892993
0.2892992
0.2892992
0.2892991
0.2892991
0.2892991
0.289299
0.289299
0.2892989
0.2892989
0.2892988
0.2892988
0.2892987
0.2892987
0.2892986
0.2892986
0.2892986
0.2892985
0.2892985
0.2892984
0.2892984
0.2892983
0.2892983
0.2892982
0.2892982
0.2892982
0.2892981
0.2892981
0.289298
0.289298
0.2892979
0.2892979
0.2892978
0.2892978
0.2892978
0.2892977
0.2892977
0.2892976
0.2892976
0.2892975
0.2892975
0.2892974
0.2892974
0.2892974
0.2892973
0.2892973
0.2892972
0.2892972
0.2892971
0.2892971
0.2892971
0.289297
0.289297
0.2890928
0.2892012
0.2893252
0.2893115
0.2892986
0.2893001
0.2893014
0.2893012
0.289301
0.289301
0.2893009
0.2893009
0.2893008
0.2893008
0.2893008
0.2893007
0.2893007
0.2893006
0.2893006
0.2893005
0.2893005
0.2893005
0.2893004
0.2893004
0.2893003
0.2893003
0.2893002
0.2893002
0.2893001
0.2893001
0.2893001
0.2893
0.2893
0.2892999
0.2892999
0.2892998
0.2892998
0.2892997
0.2892997
0.2892996
0.2892996
0.2892996
0.2892995
0.2892995
0.2892994
0.2892994
0.2892993
0.2892993
0.2892992
0.2892992
0.2892991
0.2892991
0.2892991
0.289299
0.289299
0.2892989
0.2892989
0.2892988
0.2892988
0.2892987
0.2892987
0.2892986
0.2892986
0.2892986
0.2892985
0.2892985
0.2892984
0.2892984
0.2892983
0.2892983
0.2892982
0.2892982
0.2892982
0.2892981
0.2892981
0.289298
0.289298
0.2892979
0.2892979
0.2892978
0.2892978
0.2892978
0.2892977
0.2892977
0.2892976
0.2892976
0.2892975
0.2892975
0.2892974
0.2892974
0.2892974
0.2892973
0.2892973
0.2892972
0.2892972
0.2892971
0.2892971
0.2892971
0.289297
0.289297
0.2890928
0.2892012
0.2893252
0.2893115
0.2892986
0.2893001
0.2893014
0.2893012
0.289301
0.289301
0.2893009
0.2893009
0.2893009
0.2893008
0.2893008
0.2893007
0.2893007
0.2893006
0.2893006
0.2893005
0.2893005
0.2893005
0.2893004
0.2893004
0.2893003
0.2893003
0.2893002
0.2893002
0.2893001
0.2893001
0.2893001
0.2893
0.2893
0.2892999
0.2892999
0.2892998
0.2892998
0.2892997
0.2892997
0.2892996
0.2892996
0.2892996
0.2892995
0.2892995
0.2892994
0.2892994
0.2892993
0.2892993
0.2892992
0.2892992
0.2892991
0.2892991
0.2892991
0.289299
0.289299
0.2892989
0.2892989
0.2892988
0.2892988
0.2892987
0.2892987
0.2892986
0.2892986
0.2892986
0.2892985
0.2892985
0.2892984
0.2892984
0.2892983
0.2892983
0.2892982
0.2892982
0.2892982
0.2892981
0.2892981
0.289298
0.289298
0.2892979
0.2892979
0.2892978
0.2892978
0.2892977
0.2892977
0.2892977
0.2892976
0.2892976
0.2892975
0.2892975
0.2892974
0.2892974
0.2892974
0.2892973
0.2892973
0.2892972
0.2892972
0.2892971
0.2892971
0.2892971
0.289297
0.289297
0.2890928
0.2892012
0.2893252
0.2893115
0.2892986
0.2893001
0.2893014
0.2893012
0.289301
0.289301
0.2893009
0.2893009
0.2893009
0.2893008
0.2893008
0.2893007
0.2893007
0.2893006
0.2893006
0.2893005
0.2893005
0.2893005
0.2893004
0.2893004
0.2893003
0.2893003
0.2893002
0.2893002
0.2893001
0.2893001
0.2893001
0.2893
0.2893
0.2892999
0.2892999
0.2892998
0.2892998
0.2892997
0.2892997
0.2892996
0.2892996
0.2892996
0.2892995
0.2892995
0.2892994
0.2892994
0.2892993
0.2892993
0.2892992
0.2892992
0.2892991
0.2892991
0.2892991
0.289299
0.289299
0.2892989
0.2892989
0.2892988
0.2892988
0.2892987
0.2892987
0.2892986
0.2892986
0.2892986
0.2892985
0.2892985
0.2892984
0.2892984
0.2892983
0.2892983
0.2892982
0.2892982
0.2892982
0.2892981
0.2892981
0.289298
0.289298
0.2892979
0.2892979
0.2892978
0.2892978
0.2892977
0.2892977
0.2892977
0.2892976
0.2892976
0.2892975
0.2892975
0.2892974
0.2892974
0.2892974
0.2892973
0.2892973
0.2892972
0.2892972
0.2892971
0.2892971
0.2892971
0.289297
0.289297
0.2890928
0.2892012
0.2893252
0.2893115
0.2892986
0.2893001
0.2893014
0.2893012
0.289301
0.289301
0.2893009
0.2893009
0.2893009
0.2893008
0.2893008
0.2893007
0.2893007
0.2893006
0.2893006
0.2893005
0.2893005
0.2893005
0.2893004
0.2893004
0.2893003
0.2893003
0.2893002
0.2893002
0.2893001
0.2893001
0.2893001
0.2893
0.2893
0.2892999
0.2892999
0.2892998
0.2892998
0.2892997
0.2892997
0.2892996
0.2892996
0.2892996
0.2892995
0.2892995
0.2892994
0.2892994
0.2892993
0.2892993
0.2892992
0.2892992
0.2892991
0.2892991
0.2892991
0.289299
0.289299
0.2892989
0.2892989
0.2892988
0.2892988
0.2892987
0.2892987
0.2892986
0.2892986
0.2892986
0.2892985
0.2892985
0.2892984
0.2892984
0.2892983
0.2892983
0.2892982
0.2892982
0.2892982
0.2892981
0.2892981
0.289298
0.289298
0.2892979
0.2892979
0.2892978
0.2892978
0.2892977
0.2892977
0.2892977
0.2892976
0.2892976
0.2892975
0.2892975
0.2892974
0.2892974
0.2892974
0.2892973
0.2892973
0.2892972
0.2892972
0.2892971
0.2892971
0.2892971
0.289297
0.289297
0.2890928
0.2892012
0.2893252
0.2893115
0.2892986
0.2893001
0.2893014
0.2893012
0.289301
0.289301
0.2893009
0.2893009
0.2893009
0.2893008
0.2893008
0.2893007
0.2893007
0.2893006
0.2893006
0.2893005
0.2893005
0.2893005
0.2893004
0.2893004
0.2893003
0.2893003
0.2893002
0.2893002
0.2893001
0.2893001
0.2893001
0.2893
0.2893
0.2892999
0.2892999
0.2892998
0.2892998
0.2892997
0.2892997
0.2892996
0.2892996
0.2892996
0.2892995
0.2892995
0.2892994
0.2892994
0.2892993
0.2892993
0.2892992
0.2892992
0.2892991
0.2892991
0.2892991
0.289299
0.289299
0.2892989
0.2892989
0.2892988
0.2892988
0.2892987
0.2892987
0.2892986
0.2892986
0.2892986
0.2892985
0.2892985
0.2892984
0.2892984
0.2892983
0.2892983
0.2892982
0.2892982
0.2892982
0.2892981
0.2892981
0.289298
0.289298
0.2892979
0.2892979
0.2892978
0.2892978
0.2892977
0.2892977
0.2892977
0.2892976
0.2892976
0.2892975
0.2892975
0.2892974
0.2892974
0.2892974
0.2892973
0.2892973
0.2892972
0.2892972
0.2892971
0.2892971
0.2892971
0.289297
0.289297
0.2890928
0.2892012
0.2893252
0.2893115
0.2892987
0.2893001
0.2893014
0.2893012
0.289301
0.289301
0.2893009
0.2893009
0.2893009
0.2893008
0.2893008
0.2893007
0.2893007
0.2893006
0.2893006
0.2893005
0.2893005
0.2893005
0.2893004
0.2893004
0.2893003
0.2893003
0.2893002
0.2893002
0.2893001
0.2893001
0.2893001
0.2893
0.2893
0.2892999
0.2892999
0.2892998
0.2892998
0.2892997
0.2892997
0.2892996
0.2892996
0.2892996
0.2892995
0.2892995
0.2892994
0.2892994
0.2892993
0.2892993
0.2892992
0.2892992
0.2892991
0.2892991
0.2892991
0.289299
0.289299
0.2892989
0.2892989
0.2892988
0.2892988
0.2892987
0.2892987
0.2892986
0.2892986
0.2892986
0.2892985
0.2892985
0.2892984
0.2892984
0.2892983
0.2892983
0.2892982
0.2892982
0.2892982
0.2892981
0.2892981
0.289298
0.289298
0.2892979
0.2892979
0.2892978
0.2892978
0.2892977
0.2892977
0.2892977
0.2892976
0.2892976
0.2892975
0.2892975
0.2892974
0.2892974
0.2892973
0.2892973
0.2892973
0.2892972
0.2892972
0.2892971
0.2892971
0.289297
0.289297
0.289297
0.2890928
0.2892012
0.2893252
0.2893115
0.2892987
0.2893001
0.2893014
0.2893012
0.289301
0.289301
0.289301
0.2893009
0.2893009
0.2893008
0.2893008
0.2893007
0.2893007
0.2893006
0.2893006
0.2893006
0.2893005
0.2893005
0.2893004
0.2893004
0.2893003
0.2893003
0.2893002
0.2893002
0.2893001
0.2893001
0.2893001
0.2893
0.2893
0.2892999
0.2892999
0.2892998
0.2892998
0.2892997
0.2892997
0.2892996
0.2892996
0.2892996
0.2892995
0.2892995
0.2892994
0.2892994
0.2892993
0.2892993
0.2892992
0.2892992
0.2892991
0.2892991
0.2892991
0.289299
0.289299
0.2892989
0.2892989
0.2892988
0.2892988
0.2892987
0.2892987
0.2892987
0.2892986
0.2892986
0.2892985
0.2892985
0.2892984
0.2892984
0.2892983
0.2892983
0.2892982
0.2892982
0.2892982
0.2892981
0.2892981
0.289298
0.289298
0.2892979
0.2892979
0.2892978
0.2892978
0.2892977
0.2892977
0.2892977
0.2892976
0.2892976
0.2892975
0.2892975
0.2892974
0.2892974
0.2892973
0.2892973
0.2892973
0.2892972
0.2892972
0.2892971
0.2892971
0.289297
0.289297
0.289297
0.2890928
0.2892012
0.2893252
0.2893115
0.2892987
0.2893001
0.2893014
0.2893012
0.289301
0.289301
0.289301
0.2893009
0.2893009
0.2893008
0.2893008
0.2893007
0.2893007
0.2893006
0.2893006
0.2893006
0.2893005
0.2893005
0.2893004
0.2893004
0.2893003
0.2893003
0.2893002
0.2893002
0.2893001
0.2893001
0.2893001
0.2893
0.2893
0.2892999
0.2892999
0.2892998
0.2892998
0.2892997
0.2892997
0.2892997
0.2892996
0.2892996
0.2892995
0.2892995
0.2892994
0.2892994
0.2892993
0.2892993
0.2892992
0.2892992
0.2892992
0.2892991
0.2892991
0.289299
0.289299
0.2892989
0.2892989
0.2892988
0.2892988
0.2892987
0.2892987
0.2892987
0.2892986
0.2892986
0.2892985
0.2892985
0.2892984
0.2892984
0.2892983
0.2892983
0.2892982
0.2892982
0.2892982
0.2892981
0.2892981
0.289298
0.289298
0.2892979
0.2892979
0.2892978
0.2892978
0.2892977
0.2892977
0.2892977
0.2892976
0.2892976
0.2892975
0.2892975
0.2892974
0.2892974
0.2892973
0.2892973
0.2892973
0.2892972
0.2892972
0.2892971
0.2892971
0.289297
0.289297
0.289297
0.2890928
0.2892012
0.2893252
0.2893115
0.2892987
0.2893001
0.2893014
0.2893012
0.289301
0.289301
0.289301
0.2893009
0.2893009
0.2893008
0.2893008
0.2893007
0.2893007
0.2893006
0.2893006
0.2893006
0.2893005
0.2893005
0.2893004
0.2893004
0.2893003
0.2893003
0.2893002
0.2893002
0.2893002
0.2893001
0.2893001
0.2893
0.2893
0.2892999
0.2892999
0.2892998
0.2892998
0.2892997
0.2892997
0.2892997
0.2892996
0.2892996
0.2892995
0.2892995
0.2892994
0.2892994
0.2892993
0.2892993
0.2892992
0.2892992
0.2892992
0.2892991
0.2892991
0.289299
0.289299
0.2892989
0.2892989
0.2892988
0.2892988
0.2892987
0.2892987
0.2892987
0.2892986
0.2892986
0.2892985
0.2892985
0.2892984
0.2892984
0.2892983
0.2892983
0.2892982
0.2892982
0.2892982
0.2892981
0.2892981
0.289298
0.289298
0.2892979
0.2892979
0.2892978
0.2892978
0.2892977
0.2892977
0.2892977
0.2892976
0.2892976
0.2892975
0.2892975
0.2892974
0.2892974
0.2892973
0.2892973
0.2892973
0.2892972
0.2892972
0.2892971
0.2892971
0.289297
0.289297
0.289297
0.2890928
0.2892012
0.2893252
0.2893115
0.2892987
0.2893001
0.2893014
0.2893012
0.289301
0.289301
0.289301
0.2893009
0.2893009
0.2893008
0.2893008
0.2893007
0.2893007
0.2893006
0.2893006
0.2893006
0.2893005
0.2893005
0.2893004
0.2893004
0.2893003
0.2893003
0.2893002
0.2893002
0.2893002
0.2893001
0.2893001
0.2893
0.2893
0.2892999
0.2892999
0.2892998
0.2892998
0.2892997
0.2892997
0.2892997
0.2892996
0.2892996
0.2892995
0.2892995
0.2892994
0.2892994
0.2892993
0.2892993
0.2892992
0.2892992
0.2892992
0.2892991
0.2892991
0.289299
0.289299
0.2892989
0.2892989
0.2892988
0.2892988
0.2892987
0.2892987
0.2892987
0.2892986
0.2892986
0.2892985
0.2892985
0.2892984
0.2892984
0.2892983
0.2892983
0.2892982
0.2892982
0.2892982
0.2892981
0.2892981
0.289298
0.289298
0.2892979
0.2892979
0.2892978
0.2892978
0.2892977
0.2892977
0.2892977
0.2892976
0.2892976
0.2892975
0.2892975
0.2892974
0.2892974
0.2892973
0.2892973
0.2892973
0.2892972
0.2892972
0.2892971
0.2892971
0.289297
0.289297
0.289297
0.2890929
0.2892012
0.2893252
0.2893115
0.2892987
0.2893001
0.2893014
0.2893012
0.289301
0.289301
0.289301
0.2893009
0.2893009
0.2893008
0.2893008
0.2893007
0.2893007
0.2893007
0.2893006
0.2893006
0.2893005
0.2893005
0.2893004
0.2893004
0.2893003
0.2893003
0.2893002
0.2893002
0.2893002
0.2893001
0.2893001
0.2893
0.2893
0.2892999
0.2892999
0.2892998
0.2892998
0.2892997
0.2892997
0.2892997
0.2892996
0.2892996
0.2892995
0.2892995
0.2892994
0.2892994
0.2892993
0.2892993
0.2892992
0.2892992
0.2892992
0.2892991
0.2892991
0.289299
0.289299
0.2892989
0.2892989
0.2892988
0.2892988
0.2892987
0.2892987
0.2892987
0.2892986
0.2892986
0.2892985
0.2892985
0.2892984
0.2892984
0.2892983
0.2892983
0.2892982
0.2892982
0.2892982
0.2892981
0.2892981
0.289298
0.289298
0.2892979
0.2892979
0.2892978
0.2892978
0.2892977
0.2892977
0.2892977
0.2892976
0.2892976
0.2892975
0.2892975
0.2892974
0.2892974
0.2892973
0.2892973
0.2892973
0.2892972
0.2892972
0.2892971
0.2892971
0.289297
0.289297
0.289297
0.2890929
0.2892012
0.2893252
0.2893115
0.2892987
0.2893001
0.2893014
0.2893012
0.289301
0.289301
0.289301
0.2893009
0.2893009
0.2893008
0.2893008
0.2893007
0.2893007
0.2893007
0.2893006
0.2893006
0.2893005
0.2893005
0.2893004
0.2893004
0.2893003
0.2893003
0.2893002
0.2893002
0.2893002
0.2893001
0.2893001
0.2893
0.2893
0.2892999
0.2892999
0.2892998
0.2892998
0.2892997
0.2892997
0.2892997
0.2892996
0.2892996
0.2892995
0.2892995
0.2892994
0.2892994
0.2892993
0.2892993
0.2892992
0.2892992
0.2892992
0.2892991
0.2892991
0.289299
0.289299
0.2892989
0.2892989
0.2892988
0.2892988
0.2892987
0.2892987
0.2892987
0.2892986
0.2892986
0.2892985
0.2892985
0.2892984
0.2892984
0.2892983
0.2892983
0.2892982
0.2892982
0.2892982
0.2892981
0.2892981
0.289298
0.289298
0.2892979
0.2892979
0.2892978
0.2892978
0.2892977
0.2892977
0.2892977
0.2892976
0.2892976
0.2892975
0.2892975
0.2892974
0.2892974
0.2892973
0.2892973
0.2892972
0.2892972
0.2892972
0.2892971
0.2892971
0.289297
0.289297
0.2892969
0.2890929
0.2892012
0.2893252
0.2893115
0.2892987
0.2893002
0.2893014
0.2893012
0.289301
0.289301
0.289301
0.2893009
0.2893009
0.2893008
0.2893008
0.2893007
0.2893007
0.2893007
0.2893006
0.2893006
0.2893005
0.2893005
0.2893004
0.2893004
0.2893003
0.2893003
0.2893002
0.2893002
0.2893002
0.2893001
0.2893001
0.2893
0.2893
0.2892999
0.2892999
0.2892998
0.2892998
0.2892997
0.2892997
0.2892997
0.2892996
0.2892996
0.2892995
0.2892995
0.2892994
0.2892994
0.2892993
0.2892993
0.2892992
0.2892992
0.2892992
0.2892991
0.2892991
0.289299
0.289299
0.2892989
0.2892989
0.2892988
0.2892988
0.2892987
0.2892987
0.2892987
0.2892986
0.2892986
0.2892985
0.2892985
0.2892984
0.2892984
0.2892983
0.2892983
0.2892982
0.2892982
0.2892982
0.2892981
0.2892981
0.289298
0.289298
0.2892979
0.2892979
0.2892978
0.2892978
0.2892977
0.2892977
0.2892977
0.2892976
0.2892976
0.2892975
0.2892975
0.2892974
0.2892974
0.2892973
0.2892973
0.2892972
0.2892972
0.2892972
0.2892971
0.2892971
0.289297
0.289297
0.2892969
0.2890929
0.2892012
0.2893252
0.2893115
0.2892987
0.2893002
0.2893014
0.2893012
0.289301
0.289301
0.289301
0.2893009
0.2893009
0.2893008
0.2893008
0.2893007
0.2893007
0.2893007
0.2893006
0.2893006
0.2893005
0.2893005
0.2893004
0.2893004
0.2893003
0.2893003
0.2893002
0.2893002
0.2893002
0.2893001
0.2893001
0.2893
0.2893
0.2892999
0.2892999
0.2892998
0.2892998
0.2892997
0.2892997
0.2892997
0.2892996
0.2892996
0.2892995
0.2892995
0.2892994
0.2892994
0.2892993
0.2892993
0.2892992
0.2892992
0.2892992
0.2892991
0.2892991
0.289299
0.289299
0.2892989
0.2892989
0.2892988
0.2892988
0.2892987
0.2892987
0.2892987
0.2892986
0.2892986
0.2892985
0.2892985
0.2892984
0.2892984
0.2892983
0.2892983
0.2892982
0.2892982
0.2892982
0.2892981
0.2892981
0.289298
0.289298
0.2892979
0.2892979
0.2892978
0.2892978
0.2892977
0.2892977
0.2892976
0.2892976
0.2892976
0.2892975
0.2892975
0.2892974
0.2892974
0.2892973
0.2892973
0.2892972
0.2892972
0.2892972
0.2892971
0.2892971
0.289297
0.289297
0.2892969
0.2890929
0.2892012
0.2893253
0.2893115
0.2892987
0.2893002
0.2893014
0.2893012
0.289301
0.289301
0.289301
0.2893009
0.2893009
0.2893008
0.2893008
0.2893008
0.2893007
0.2893007
0.2893006
0.2893006
0.2893005
0.2893005
0.2893004
0.2893004
0.2893003
0.2893003
0.2893003
0.2893002
0.2893002
0.2893001
0.2893001
0.2893
0.2893
0.2892999
0.2892999
0.2892998
0.2892998
0.2892997
0.2892997
0.2892997
0.2892996
0.2892996
0.2892995
0.2892995
0.2892994
0.2892994
0.2892993
0.2892993
0.2892992
0.2892992
0.2892992
0.2892991
0.2892991
0.289299
0.289299
0.2892989
0.2892989
0.2892988
0.2892988
0.2892987
0.2892987
0.2892987
0.2892986
0.2892986
0.2892985
0.2892985
0.2892984
0.2892984
0.2892983
0.2892983
0.2892982
0.2892982
0.2892982
0.2892981
0.2892981
0.289298
0.289298
0.2892979
0.2892979
0.2892978
0.2892978
0.2892977
0.2892977
0.2892976
0.2892976
0.2892976
0.2892975
0.2892975
0.2892974
0.2892974
0.2892973
0.2892973
0.2892972
0.2892972
0.2892972
0.2892971
0.2892971
0.289297
0.289297
0.2892969
0.2890929
0.2892013
0.2893253
0.2893115
0.2892987
0.2893002
0.2893014
0.2893012
0.289301
0.289301
0.289301
0.2893009
0.2893009
0.2893008
0.2893008
0.2893008
0.2893007
0.2893007
0.2893006
0.2893006
0.2893005
0.2893005
0.2893004
0.2893004
0.2893003
0.2893003
0.2893003
0.2893002
0.2893002
0.2893001
0.2893001
0.2893
0.2893
0.2892999
0.2892999
0.2892998
0.2892998
0.2892998
0.2892997
0.2892997
0.2892996
0.2892996
0.2892995
0.2892995
0.2892994
0.2892994
0.2892993
0.2892993
0.2892992
0.2892992
0.2892992
0.2892991
0.2892991
0.289299
0.289299
0.2892989
0.2892989
0.2892988
0.2892988
0.2892987
0.2892987
0.2892987
0.2892986
0.2892986
0.2892985
0.2892985
0.2892984
0.2892984
0.2892983
0.2892983
0.2892982
0.2892982
0.2892982
0.2892981
0.2892981
0.289298
0.289298
0.2892979
0.2892979
0.2892978
0.2892978
0.2892977
0.2892977
0.2892976
0.2892976
0.2892976
0.2892975
0.2892975
0.2892974
0.2892974
0.2892973
0.2892973
0.2892972
0.2892972
0.2892971
0.2892971
0.2892971
0.289297
0.289297
0.2892969
0.2890929
0.2892013
0.2893253
0.2893115
0.2892987
0.2893002
0.2893014
0.2893012
0.289301
0.289301
0.289301
0.2893009
0.2893009
0.2893009
0.2893008
0.2893008
0.2893007
0.2893007
0.2893006
0.2893006
0.2893005
0.2893005
0.2893004
0.2893004
0.2893003
0.2893003
0.2893003
0.2893002
0.2893002
0.2893001
0.2893001
0.2893
0.2893
0.2892999
0.2892999
0.2892998
0.2892998
0.2892998
0.2892997
0.2892997
0.2892996
0.2892996
0.2892995
0.2892995
0.2892994
0.2892994
0.2892993
0.2892993
0.2892993
0.2892992
0.2892992
0.2892991
0.2892991
0.289299
0.289299
0.2892989
0.2892989
0.2892988
0.2892988
0.2892987
0.2892987
0.2892987
0.2892986
0.2892986
0.2892985
0.2892985
0.2892984
0.2892984
0.2892983
0.2892983
0.2892982
0.2892982
0.2892982
0.2892981
0.2892981
0.289298
0.289298
0.2892979
0.2892979
0.2892978
0.2892978
0.2892977
0.2892977
0.2892976
0.2892976
0.2892976
0.2892975
0.2892975
0.2892974
0.2892974
0.2892973
0.2892973
0.2892972
0.2892972
0.2892971
0.2892971
0.2892971
0.289297
0.289297
0.2892969
0.2890929
0.2892013
0.2893253
0.2893115
0.2892987
0.2893002
0.2893014
0.2893012
0.2893011
0.289301
0.289301
0.2893009
0.2893009
0.2893009
0.2893008
0.2893008
0.2893007
0.2893007
0.2893006
0.2893006
0.2893005
0.2893005
0.2893004
0.2893004
0.2893003
0.2893003
0.2893003
0.2893002
0.2893002
0.2893001
0.2893001
0.2893
0.2893
0.2892999
0.2892999
0.2892998
0.2892998
0.2892998
0.2892997
0.2892997
0.2892996
0.2892996
0.2892995
0.2892995
0.2892994
0.2892994
0.2892993
0.2892993
0.2892993
0.2892992
0.2892992
0.2892991
0.2892991
0.289299
0.289299
0.2892989
0.2892989
0.2892988
0.2892988
0.2892987
0.2892987
0.2892987
0.2892986
0.2892986
0.2892985
0.2892985
0.2892984
0.2892984
0.2892983
0.2892983
0.2892982
0.2892982
0.2892982
0.2892981
0.2892981
0.289298
0.289298
0.2892979
0.2892979
0.2892978
0.2892978
0.2892977
0.2892977
0.2892976
0.2892976
0.2892976
0.2892975
0.2892975
0.2892974
0.2892974
0.2892973
0.2892973
0.2892972
0.2892972
0.2892971
0.2892971
0.2892971
0.289297
0.289297
0.2892969
0.2890929
0.2892013
0.2893253
0.2893116
0.2892987
0.2893002
0.2893015
0.2893012
0.2893011
0.289301
0.289301
0.289301
0.2893009
0.2893009
0.2893008
0.2893008
0.2893007
0.2893007
0.2893006
0.2893006
0.2893005
0.2893005
0.2893004
0.2893004
0.2893004
0.2893003
0.2893003
0.2893002
0.2893002
0.2893001
0.2893001
0.2893
0.2893
0.2892999
0.2892999
0.2892998
0.2892998
0.2892998
0.2892997
0.2892997
0.2892996
0.2892996
0.2892995
0.2892995
0.2892994
0.2892994
0.2892993
0.2892993
0.2892993
0.2892992
0.2892992
0.2892991
0.2892991
0.289299
0.289299
0.2892989
0.2892989
0.2892988
0.2892988
0.2892987
0.2892987
0.2892987
0.2892986
0.2892986
0.2892985
0.2892985
0.2892984
0.2892984
0.2892983
0.2892983
0.2892982
0.2892982
0.2892982
0.2892981
0.2892981
0.289298
0.289298
0.2892979
0.2892979
0.2892978
0.2892978
0.2892977
0.2892977
0.2892976
0.2892976
0.2892976
0.2892975
0.2892975
0.2892974
0.2892974
0.2892973
0.2892973
0.2892972
0.2892972
0.2892971
0.2892971
0.289297
0.289297
0.289297
0.2892969
0.2890929
0.2892013
0.2893253
0.2893116
0.2892987
0.2893002
0.2893015
0.2893012
0.2893011
0.289301
0.289301
0.289301
0.2893009
0.2893009
0.2893008
0.2893008
0.2893007
0.2893007
0.2893006
0.2893006
0.2893005
0.2893005
0.2893004
0.2893004
0.2893004
0.2893003
0.2893003
0.2893002
0.2893002
0.2893001
0.2893001
0.2893
0.2893
0.2892999
0.2892999
0.2892998
0.2892998
0.2892998
0.2892997
0.2892997
0.2892996
0.2892996
0.2892995
0.2892995
0.2892994
0.2892994
0.2892993
0.2892993
0.2892993
0.2892992
0.2892992
0.2892991
0.2892991
0.289299
0.289299
0.2892989
0.2892989
0.2892988
0.2892988
0.2892988
0.2892987
0.2892987
0.2892986
0.2892986
0.2892985
0.2892985
0.2892984
0.2892984
0.2892983
0.2892983
0.2892982
0.2892982
0.2892982
0.2892981
0.2892981
0.289298
0.289298
0.2892979
0.2892979
0.2892978
0.2892978
0.2892977
0.2892977
0.2892976
0.2892976
0.2892975
0.2892975
0.2892975
0.2892974
0.2892974
0.2892973
0.2892973
0.2892972
0.2892972
0.2892971
0.2892971
0.289297
0.289297
0.289297
0.2892969
0.289093
0.2892013
0.2893253
0.2893116
0.2892987
0.2893002
0.2893015
0.2893013
0.2893011
0.289301
0.289301
0.289301
0.2893009
0.2893009
0.2893008
0.2893008
0.2893007
0.2893007
0.2893006
0.2893006
0.2893005
0.2893005
0.2893005
0.2893004
0.2893004
0.2893003
0.2893003
0.2893002
0.2893002
0.2893001
0.2893001
0.2893
0.2893
0.2892999
0.2892999
0.2892999
0.2892998
0.2892998
0.2892997
0.2892997
0.2892996
0.2892996
0.2892995
0.2892995
0.2892994
0.2892994
0.2892993
0.2892993
0.2892993
0.2892992
0.2892992
0.2892991
0.2892991
0.289299
0.289299
0.2892989
0.2892989
0.2892988
0.2892988
0.2892988
0.2892987
0.2892987
0.2892986
0.2892986
0.2892985
0.2892985
0.2892984
0.2892984
0.2892983
0.2892983
0.2892982
0.2892982
0.2892982
0.2892981
0.2892981
0.289298
0.289298
0.2892979
0.2892979
0.2892978
0.2892978
0.2892977
0.2892977
0.2892976
0.2892976
0.2892975
0.2892975
0.2892975
0.2892974
0.2892974
0.2892973
0.2892973
0.2892972
0.2892972
0.2892971
0.2892971
0.289297
0.289297
0.2892969
0.2892969
0.289093
0.2892013
0.2893253
0.2893116
0.2892987
0.2893002
0.2893015
0.2893013
0.2893011
0.2893011
0.289301
0.289301
0.2893009
0.2893009
0.2893008
0.2893008
0.2893007
0.2893007
0.2893006
0.2893006
0.2893005
0.2893005
0.2893005
0.2893004
0.2893004
0.2893003
0.2893003
0.2893002
0.2893002
0.2893001
0.2893001
0.2893
0.2893
0.2892999
0.2892999
0.2892999
0.2892998
0.2892998
0.2892997
0.2892997
0.2892996
0.2892996
0.2892995
0.2892995
0.2892994
0.2892994
0.2892993
0.2892993
0.2892993
0.2892992
0.2892992
0.2892991
0.2892991
0.289299
0.289299
0.2892989
0.2892989
0.2892988
0.2892988
0.2892988
0.2892987
0.2892987
0.2892986
0.2892986
0.2892985
0.2892985
0.2892984
0.2892984
0.2892983
0.2892983
0.2892982
0.2892982
0.2892982
0.2892981
0.2892981
0.289298
0.289298
0.2892979
0.2892979
0.2892978
0.2892978
0.2892977
0.2892977
0.2892976
0.2892976
0.2892975
0.2892975
0.2892975
0.2892974
0.2892974
0.2892973
0.2892973
0.2892972
0.2892972
0.2892971
0.2892971
0.289297
0.289297
0.2892969
0.2892969
0.289093
0.2892013
0.2893253
0.2893116
0.2892988
0.2893002
0.2893015
0.2893013
0.2893011
0.2893011
0.289301
0.289301
0.2893009
0.2893009
0.2893008
0.2893008
0.2893007
0.2893007
0.2893006
0.2893006
0.2893006
0.2893005
0.2893005
0.2893004
0.2893004
0.2893003
0.2893003
0.2893002
0.2893002
0.2893001
0.2893001
0.2893
0.2893
0.2892999
0.2892999
0.2892999
0.2892998
0.2892998
0.2892997
0.2892997
0.2892996
0.2892996
0.2892995
0.2892995
0.2892994
0.2892994
0.2892994
0.2892993
0.2892993
0.2892992
0.2892992
0.2892991
0.2892991
0.289299
0.289299
0.2892989
0.2892989
0.2892988
0.2892988
0.2892988
0.2892987
0.2892987
0.2892986
0.2892986
0.2892985
0.2892985
0.2892984
0.2892984
0.2892983
0.2892983
0.2892983
0.2892982
0.2892982
0.2892981
0.2892981
0.289298
0.289298
0.2892979
0.2892979
0.2892978
0.2892978
0.2892977
0.2892977
0.2892976
0.2892976
0.2892975
0.2892975
0.2892975
0.2892974
0.2892974
0.2892973
0.2892973
0.2892972
0.2892972
0.2892971
0.2892971
0.289297
0.289297
0.2892969
0.2892969
0.289093
0.2892014
0.2893253
0.2893116
0.2892988
0.2893002
0.2893015
0.2893013
0.2893011
0.2893011
0.289301
0.289301
0.2893009
0.2893009
0.2893008
0.2893008
0.2893007
0.2893007
0.2893006
0.2893006
0.2893006
0.2893005
0.2893005
0.2893004
0.2893004
0.2893003
0.2893003
0.2893002
0.2893002
0.2893001
0.2893001
0.2893
0.2893
0.2893
0.2892999
0.2892999
0.2892998
0.2892998
0.2892997
0.2892997
0.2892996
0.2892996
0.2892995
0.2892995
0.2892994
0.2892994
0.2892994
0.2892993
0.2892993
0.2892992
0.2892992
0.2892991
0.2892991
0.289299
0.289299
0.2892989
0.2892989
0.2892989
0.2892988
0.2892988
0.2892987
0.2892987
0.2892986
0.2892986
0.2892985
0.2892985
0.2892984
0.2892984
0.2892983
0.2892983
0.2892983
0.2892982
0.2892982
0.2892981
0.2892981
0.289298
0.289298
0.2892979
0.2892979
0.2892978
0.2892978
0.2892977
0.2892977
0.2892976
0.2892976
0.2892975
0.2892975
0.2892975
0.2892974
0.2892974
0.2892973
0.2892973
0.2892972
0.2892972
0.2892971
0.2892971
0.289297
0.289297
0.2892969
0.2892969
0.289093
0.2892014
0.2893254
0.2893116
0.2892988
0.2893002
0.2893015
0.2893013
0.2893011
0.2893011
0.289301
0.289301
0.2893009
0.2893009
0.2893008
0.2893008
0.2893007
0.2893007
0.2893007
0.2893006
0.2893006
0.2893005
0.2893005
0.2893004
0.2893004
0.2893003
0.2893003
0.2893002
0.2893002
0.2893001
0.2893001
0.2893
0.2893
0.2893
0.2892999
0.2892999
0.2892998
0.2892998
0.2892997
0.2892997
0.2892996
0.2892996
0.2892995
0.2892995
0.2892994
0.2892994
0.2892994
0.2892993
0.2892993
0.2892992
0.2892992
0.2892991
0.2892991
0.289299
0.289299
0.2892989
0.2892989
0.2892989
0.2892988
0.2892988
0.2892987
0.2892987
0.2892986
0.2892986
0.2892985
0.2892985
0.2892984
0.2892984
0.2892983
0.2892983
0.2892983
0.2892982
0.2892982
0.2892981
0.2892981
0.289298
0.289298
0.2892979
0.2892979
0.2892978
0.2892978
0.2892977
0.2892977
0.2892976
0.2892976
0.2892975
0.2892975
0.2892975
0.2892974
0.2892974
0.2892973
0.2892973
0.2892972
0.2892972
0.2892971
0.2892971
0.289297
0.289297
0.2892969
0.2892969
0.2890931
0.2892014
0.2893254
0.2893116
0.2892988
0.2893003
0.2893015
0.2893013
0.2893011
0.2893011
0.289301
0.289301
0.2893009
0.2893009
0.2893008
0.2893008
0.2893008
0.2893007
0.2893007
0.2893006
0.2893006
0.2893005
0.2893005
0.2893004
0.2893004
0.2893003
0.2893003
0.2893002
0.2893002
0.2893001
0.2893001
0.2893001
0.2893
0.2893
0.2892999
0.2892999
0.2892998
0.2892998
0.2892997
0.2892997
0.2892996
0.2892996
0.2892995
0.2892995
0.2892995
0.2892994
0.2892994
0.2892993
0.2892993
0.2892992
0.2892992
0.2892991
0.2892991
0.289299
0.289299
0.2892989
0.2892989
0.2892989
0.2892988
0.2892988
0.2892987
0.2892987
0.2892986
0.2892986
0.2892985
0.2892985
0.2892984
0.2892984
0.2892983
0.2892983
0.2892983
0.2892982
0.2892982
0.2892981
0.2892981
0.289298
0.289298
0.2892979
0.2892979
0.2892978
0.2892978
0.2892977
0.2892977
0.2892976
0.2892976
0.2892975
0.2892975
0.2892975
0.2892974
0.2892974
0.2892973
0.2892973
0.2892972
0.2892972
0.2892971
0.289297
0.289297
0.2892969
0.2892969
0.2892969
0.2890931
0.2892014
0.2893254
0.2893116
0.2892988
0.2893003
0.2893015
0.2893013
0.2893011
0.2893011
0.2893011
0.289301
0.289301
0.2893009
0.2893009
0.2893008
0.2893008
0.2893007
0.2893007
0.2893006
0.2893006
0.2893005
0.2893005
0.2893004
0.2893004
0.2893003
0.2893003
0.2893002
0.2893002
0.2893001
0.2893001
0.2893001
0.2893
0.2893
0.2892999
0.2892999
0.2892998
0.2892998
0.2892997
0.2892997
0.2892996
0.2892996
0.2892995
0.2892995
0.2892995
0.2892994
0.2892994
0.2892993
0.2892993
0.2892992
0.2892992
0.2892991
0.2892991
0.289299
0.289299
0.289299
0.2892989
0.2892989
0.2892988
0.2892988
0.2892987
0.2892987
0.2892986
0.2892986
0.2892985
0.2892985
0.2892984
0.2892984
0.2892984
0.2892983
0.2892983
0.2892982
0.2892982
0.2892981
0.2892981
0.289298
0.289298
0.2892979
0.2892979
0.2892978
0.2892978
0.2892977
0.2892977
0.2892976
0.2892976
0.2892976
0.2892975
0.2892975
0.2892974
0.2892974
0.2892973
0.2892973
0.2892972
0.2892971
0.2892971
0.289297
0.289297
0.2892969
0.2892969
0.2892968
0.2890931
0.2892015
0.2893254
0.2893117
0.2892988
0.2893003
0.2893015
0.2893013
0.2893011
0.2893011
0.2893011
0.289301
0.289301
0.2893009
0.2893009
0.2893008
0.2893008
0.2893007
0.2893007
0.2893006
0.2893006
0.2893005
0.2893005
0.2893004
0.2893004
0.2893003
0.2893003
0.2893002
0.2893002
0.2893002
0.2893001
0.2893001
0.2893
0.2893
0.2892999
0.2892999
0.2892998
0.2892998
0.2892997
0.2892997
0.2892996
0.2892996
0.2892996
0.2892995
0.2892995
0.2892994
0.2892994
0.2892993
0.2892993
0.2892992
0.2892992
0.2892991
0.2892991
0.2892991
0.289299
0.289299
0.2892989
0.2892989
0.2892988
0.2892988
0.2892987
0.2892987
0.2892986
0.2892986
0.2892985
0.2892985
0.2892985
0.2892984
0.2892984
0.2892983
0.2892983
0.2892982
0.2892982
0.2892981
0.2892981
0.289298
0.289298
0.2892979
0.2892979
0.2892978
0.2892978
0.2892978
0.2892977
0.2892977
0.2892976
0.2892976
0.2892975
0.2892975
0.2892974
0.2892974
0.2892973
0.2892973
0.2892972
0.2892972
0.2892971
0.2892971
0.289297
0.2892969
0.2892969
0.2892968
0.2890932
0.2892015
0.2893254
0.2893117
0.2892988
0.2893003
0.2893016
0.2893013
0.2893011
0.2893011
0.2893011
0.289301
0.289301
0.2893009
0.2893009
0.2893008
0.2893008
0.2893007
0.2893007
0.2893006
0.2893006
0.2893005
0.2893005
0.2893004
0.2893004
0.2893004
0.2893003
0.2893003
0.2893002
0.2893002
0.2893001
0.2893001
0.2893
0.2893
0.2893
0.2892999
0.2892999
0.2892998
0.2892998
0.2892997
0.2892997
0.2892997
0.2892996
0.2892996
0.2892995
0.2892995
0.2892994
0.2892994
0.2892994
0.2892993
0.2892993
0.2892992
0.2892992
0.2892992
0.2892991
0.2892991
0.289299
0.289299
0.289299
0.2892989
0.2892989
0.2892988
0.2892988
0.2892988
0.2892987
0.2892987
0.2892986
0.2892986
0.2892986
0.2892985
0.2892985
0.2892985
0.2892984
0.2892984
0.2892983
0.2892983
0.2892983
0.2892982
0.2892982
0.2892982
0.2892981
0.2892981
0.2892981
0.289298
0.289298
0.2892979
0.2892979
0.2892979
0.2892978
0.2892978
0.2892978
0.2892977
0.2892977
0.2892976
0.2892976
0.2892976
0.2892975
0.2892975
0.2892974
0.2892974
0.2890932
0.2892016
0.2893255
0.2893118
0.289299
0.2893004
0.2893017
0.2893015
0.2893014
0.2893014
0.2893014
0.2893014
0.2893014
0.2893014
0.2893014
0.2893014
0.2893014
0.2893015
0.2893015
0.2893015
0.2893016
0.2893016
0.2893016
0.2893017
0.2893018
0.2893018
0.2893019
0.2893019
0.289302
0.2893021
0.2893022
0.2893022
0.2893023
0.2893024
0.2893025
0.2893026
0.2893027
0.2893028
0.2893029
0.289303
0.2893032
0.2893033
0.2893034
0.2893035
0.2893037
0.2893038
0.289304
0.2893041
0.2893043
0.2893044
0.2893046
0.2893047
0.2893049
0.2893051
0.2893052
0.2893054
0.2893056
0.2893058
0.289306
0.2893061
0.2893063
0.2893065
0.2893067
0.2893069
0.2893071
0.2893074
0.2893076
0.2893078
0.289308
0.2893082
0.2893085
0.2893087
0.289309
0.2893092
0.2893094
0.2893097
0.2893099
0.2893102
0.2893105
0.2893107
0.289311
0.2893112
0.2893115
0.2893118
0.2893121
0.2893123
0.2893126
0.2893129
0.2893132
0.2893135
0.2893138
0.2893141
0.2893144
0.2893146
0.2893149
0.2893152
0.2893155
0.2893157
0.289316
0.2893161
0.289098
0.2892108
0.2893392
0.28933
0.2893218
0.2893279
0.2893337
0.2893381
0.2893425
0.2893471
0.2893516
0.2893562
0.2893607
0.2893653
0.2893699
0.2893744
0.289379
0.2893835
0.2893881
0.2893927
0.2893972
0.2894018
0.2894063
0.2894109
0.2894155
0.28942
0.2894246
0.2894292
0.2894338
0.2894383
0.2894429
0.2894475
0.289452
0.2894566
0.2894612
0.2894658
0.2894703
0.2894749
0.2894795
0.2894841
0.2894887
0.2894932
0.2894978
0.2895024
0.289507
0.2895116
0.2895161
0.2895207
0.2895253
0.2895299
0.2895345
0.2895391
0.2895437
0.2895482
0.2895528
0.2895574
0.289562
0.2895666
0.2895712
0.2895758
0.2895804
0.289585
0.2895896
0.2895942
0.2895988
0.2896034
0.289608
0.2896126
0.2896172
0.2896218
0.2896264
0.289631
0.2896356
0.2896402
0.2896448
0.2896494
0.289654
0.2896586
0.2896632
0.2896678
0.2896724
0.2896771
0.2896817
0.2896863
0.2896909
0.2896955
0.2897001
0.2897047
0.2897093
0.2897139
0.2897185
0.2897232
0.2897278
0.2897324
0.289737
0.2897416
0.2897462
0.2897508
0.2897554
0.2897599
)
;

boundaryField
{
    bottomAir_bottom
    {
        type            symmetryPlane;
    }
    leftLet
    {
        type            calculated;
        value           uniform 0.2896557;
    }
    rightLet
    {
        type            calculated;
        value           nonuniform List<scalar> 
40
(
0.289297
0.289297
0.289297
0.289297
0.289297
0.289297
0.289297
0.289297
0.289297
0.289297
0.289297
0.289297
0.2892969
0.2892969
0.2892969
0.2892969
0.2892969
0.2892969
0.2892969
0.2892969
0.2892969
0.2892969
0.2892969
0.2892969
0.2892969
0.2892969
0.2892969
0.2892969
0.2892969
0.2892969
0.2892969
0.2892969
0.2892969
0.2892968
0.2892968
0.2892968
0.2892968
0.2892973
0.2893161
0.2897599
)
;
    }
    frontAndBack
    {
        type            empty;
    }
    bottomAir_to_wall
    {
        type            calculated;
        value           nonuniform List<scalar> 
100
(
0.2951843
0.2953185
0.2954524
0.2954386
0.2954283
0.295434
0.2954396
0.2954436
0.2954478
0.2954523
0.2954567
0.2954612
0.2954656
0.2954701
0.2954746
0.2954791
0.2954836
0.2954882
0.2954927
0.2954972
0.2955017
0.2955063
0.2955108
0.2955154
0.2955199
0.2955244
0.295529
0.2955335
0.2955381
0.2955426
0.2955472
0.2955517
0.2955563
0.2955608
0.2955654
0.2955699
0.2955745
0.295579
0.2955836
0.2955881
0.2955927
0.2955972
0.2956018
0.2956064
0.2956109
0.2956155
0.29562
0.2956246
0.2956292
0.2956337
0.2956383
0.2956429
0.2956474
0.295652
0.2956566
0.2956611
0.2956657
0.2956703
0.2956749
0.2956794
0.295684
0.2956886
0.2956931
0.2956977
0.2957023
0.2957069
0.2957114
0.295716
0.2957206
0.2957252
0.2957298
0.2957343
0.2957389
0.2957435
0.2957481
0.2957527
0.2957572
0.2957618
0.2957664
0.295771
0.2957756
0.2957802
0.2957847
0.2957893
0.2957939
0.2957985
0.295803
0.2958076
0.2958122
0.2958167
0.2958213
0.2958258
0.2958303
0.2958348
0.2958393
0.2958437
0.295848
0.2958522
0.2958561
0.2958594
)
;
    }
}


// ************************************************************************* //
