/*--------------------------------*- C++ -*----------------------------------*\
| =========                 |                                                 |
| \\      /  F ield         | OpenFOAM: The Open Source CFD Toolbox           |
|  \\    /   O peration     | Version:  2.3.0                                 |
|   \\  /    A nd           | Web:      www.OpenFOAM.org                      |
|    \\/     M anipulation  |                                                 |
\*---------------------------------------------------------------------------*/
FoamFile
{
    version     2.0;
    format      ascii;
    class       volScalarField;
    location    "10000/topAir";
    object      p_rgh;
}
// * * * * * * * * * * * * * * * * * * * * * * * * * * * * * * * * * * * * * //

dimensions      [1 -1 -2 0 0 0 0];

internalField   nonuniform List<scalar> 
4000
(
99701.88
99772.3
99833.42
99825.56
99819.25
99820.09
99820.7
99820.57
99820.48
99820.46
99820.44
99820.41
99820.38
99820.36
99820.33
99820.31
99820.28
99820.26
99820.23
99820.21
99820.18
99820.16
99820.14
99820.11
99820.09
99820.06
99820.04
99820.02
99819.99
99819.97
99819.95
99819.92
99819.9
99819.88
99819.85
99819.83
99819.81
99819.79
99819.76
99819.74
99819.72
99819.69
99819.67
99819.65
99819.62
99819.6
99819.58
99819.56
99819.53
99819.51
99819.49
99819.46
99819.44
99819.42
99819.4
99819.37
99819.35
99819.33
99819.3
99819.28
99819.26
99819.23
99819.21
99819.19
99819.17
99819.14
99819.12
99819.1
99819.07
99819.05
99819.03
99819
99818.98
99818.96
99818.93
99818.91
99818.89
99818.86
99818.84
99818.81
99818.79
99818.76
99818.74
99818.72
99818.69
99818.67
99818.64
99818.61
99818.59
99818.56
99818.53
99818.5
99818.48
99818.45
99818.41
99818.38
99818.34
99818.3
99818.25
99818.18
99701.62
99772.27
99833.46
99825.57
99819.25
99820.09
99820.7
99820.57
99820.48
99820.46
99820.44
99820.41
99820.38
99820.36
99820.33
99820.31
99820.28
99820.26
99820.23
99820.21
99820.18
99820.16
99820.14
99820.11
99820.09
99820.06
99820.04
99820.02
99819.99
99819.97
99819.95
99819.92
99819.9
99819.88
99819.85
99819.83
99819.81
99819.79
99819.76
99819.74
99819.72
99819.69
99819.67
99819.65
99819.62
99819.6
99819.58
99819.56
99819.53
99819.51
99819.49
99819.46
99819.44
99819.42
99819.4
99819.37
99819.35
99819.33
99819.3
99819.28
99819.26
99819.23
99819.21
99819.19
99819.17
99819.14
99819.12
99819.1
99819.07
99819.05
99819.03
99819
99818.98
99818.96
99818.93
99818.91
99818.89
99818.86
99818.84
99818.81
99818.79
99818.76
99818.74
99818.72
99818.69
99818.67
99818.64
99818.61
99818.59
99818.56
99818.53
99818.51
99818.48
99818.45
99818.42
99818.38
99818.35
99818.31
99818.27
99818.23
99701.67
99772.25
99833.44
99825.56
99819.25
99820.08
99820.69
99820.57
99820.48
99820.46
99820.44
99820.41
99820.38
99820.36
99820.33
99820.31
99820.28
99820.26
99820.23
99820.21
99820.18
99820.16
99820.14
99820.11
99820.09
99820.06
99820.04
99820.02
99819.99
99819.97
99819.95
99819.92
99819.9
99819.88
99819.85
99819.83
99819.81
99819.79
99819.76
99819.74
99819.72
99819.69
99819.67
99819.65
99819.62
99819.6
99819.58
99819.56
99819.53
99819.51
99819.49
99819.46
99819.44
99819.42
99819.4
99819.37
99819.35
99819.33
99819.3
99819.28
99819.26
99819.24
99819.21
99819.19
99819.17
99819.14
99819.12
99819.1
99819.07
99819.05
99819.03
99819
99818.98
99818.96
99818.93
99818.91
99818.89
99818.86
99818.84
99818.81
99818.79
99818.77
99818.74
99818.72
99818.69
99818.67
99818.64
99818.61
99818.59
99818.56
99818.54
99818.51
99818.48
99818.45
99818.42
99818.39
99818.36
99818.32
99818.29
99818.26
99701.62
99772.2
99833.42
99825.55
99819.24
99820.07
99820.69
99820.56
99820.47
99820.45
99820.43
99820.41
99820.38
99820.36
99820.33
99820.3
99820.28
99820.26
99820.23
99820.21
99820.18
99820.16
99820.13
99820.11
99820.09
99820.06
99820.04
99820.02
99819.99
99819.97
99819.95
99819.92
99819.9
99819.88
99819.85
99819.83
99819.81
99819.79
99819.76
99819.74
99819.72
99819.69
99819.67
99819.65
99819.62
99819.6
99819.58
99819.56
99819.53
99819.51
99819.49
99819.46
99819.44
99819.42
99819.4
99819.37
99819.35
99819.33
99819.3
99819.28
99819.26
99819.24
99819.21
99819.19
99819.17
99819.14
99819.12
99819.1
99819.07
99819.05
99819.03
99819
99818.98
99818.96
99818.93
99818.91
99818.89
99818.86
99818.84
99818.81
99818.79
99818.77
99818.74
99818.72
99818.69
99818.67
99818.64
99818.62
99818.59
99818.56
99818.54
99818.51
99818.48
99818.45
99818.43
99818.4
99818.37
99818.34
99818.31
99818.28
99701.61
99772.19
99833.41
99825.55
99819.23
99820.07
99820.69
99820.56
99820.47
99820.45
99820.43
99820.41
99820.38
99820.36
99820.33
99820.31
99820.28
99820.26
99820.23
99820.21
99820.18
99820.16
99820.14
99820.11
99820.09
99820.06
99820.04
99820.02
99819.99
99819.97
99819.95
99819.92
99819.9
99819.88
99819.85
99819.83
99819.81
99819.79
99819.76
99819.74
99819.72
99819.69
99819.67
99819.65
99819.62
99819.6
99819.58
99819.56
99819.53
99819.51
99819.49
99819.46
99819.44
99819.42
99819.4
99819.37
99819.35
99819.33
99819.3
99819.28
99819.26
99819.24
99819.21
99819.19
99819.17
99819.14
99819.12
99819.1
99819.07
99819.05
99819.03
99819
99818.98
99818.96
99818.93
99818.91
99818.89
99818.86
99818.84
99818.81
99818.79
99818.77
99818.74
99818.72
99818.69
99818.67
99818.64
99818.62
99818.59
99818.57
99818.54
99818.51
99818.49
99818.46
99818.43
99818.4
99818.37
99818.35
99818.32
99818.29
99701.58
99772.16
99833.4
99825.53
99819.22
99820.06
99820.68
99820.56
99820.46
99820.45
99820.43
99820.4
99820.38
99820.35
99820.33
99820.3
99820.28
99820.25
99820.23
99820.21
99820.18
99820.16
99820.13
99820.11
99820.09
99820.06
99820.04
99820.02
99819.99
99819.97
99819.95
99819.92
99819.9
99819.88
99819.85
99819.83
99819.81
99819.78
99819.76
99819.74
99819.72
99819.69
99819.67
99819.65
99819.62
99819.6
99819.58
99819.56
99819.53
99819.51
99819.49
99819.46
99819.44
99819.42
99819.4
99819.37
99819.35
99819.33
99819.3
99819.28
99819.26
99819.24
99819.21
99819.19
99819.17
99819.14
99819.12
99819.1
99819.07
99819.05
99819.03
99819
99818.98
99818.96
99818.93
99818.91
99818.89
99818.86
99818.84
99818.82
99818.79
99818.77
99818.74
99818.72
99818.69
99818.67
99818.64
99818.62
99818.59
99818.57
99818.54
99818.52
99818.49
99818.46
99818.44
99818.41
99818.38
99818.36
99818.33
99818.31
99701.57
99772.15
99833.39
99825.53
99819.22
99820.06
99820.68
99820.55
99820.46
99820.45
99820.43
99820.4
99820.38
99820.35
99820.33
99820.3
99820.28
99820.25
99820.23
99820.21
99820.18
99820.16
99820.13
99820.11
99820.09
99820.06
99820.04
99820.02
99819.99
99819.97
99819.95
99819.92
99819.9
99819.88
99819.85
99819.83
99819.81
99819.79
99819.76
99819.74
99819.72
99819.69
99819.67
99819.65
99819.62
99819.6
99819.58
99819.56
99819.53
99819.51
99819.49
99819.46
99819.44
99819.42
99819.4
99819.37
99819.35
99819.33
99819.3
99819.28
99819.26
99819.24
99819.21
99819.19
99819.17
99819.14
99819.12
99819.1
99819.07
99819.05
99819.03
99819
99818.98
99818.96
99818.93
99818.91
99818.89
99818.86
99818.84
99818.82
99818.79
99818.77
99818.74
99818.72
99818.7
99818.67
99818.65
99818.62
99818.6
99818.57
99818.55
99818.52
99818.5
99818.47
99818.44
99818.42
99818.39
99818.37
99818.34
99818.32
99701.55
99772.13
99833.38
99825.52
99819.21
99820.05
99820.67
99820.55
99820.46
99820.44
99820.42
99820.4
99820.37
99820.35
99820.32
99820.3
99820.28
99820.25
99820.23
99820.2
99820.18
99820.16
99820.13
99820.11
99820.09
99820.06
99820.04
99820.02
99819.99
99819.97
99819.95
99819.92
99819.9
99819.88
99819.85
99819.83
99819.81
99819.78
99819.76
99819.74
99819.72
99819.69
99819.67
99819.65
99819.62
99819.6
99819.58
99819.56
99819.53
99819.51
99819.49
99819.46
99819.44
99819.42
99819.4
99819.37
99819.35
99819.33
99819.3
99819.28
99819.26
99819.24
99819.21
99819.19
99819.17
99819.14
99819.12
99819.1
99819.07
99819.05
99819.03
99819
99818.98
99818.96
99818.93
99818.91
99818.89
99818.86
99818.84
99818.82
99818.79
99818.77
99818.75
99818.72
99818.7
99818.67
99818.65
99818.62
99818.6
99818.57
99818.55
99818.52
99818.5
99818.47
99818.45
99818.42
99818.4
99818.38
99818.35
99818.33
99701.54
99772.12
99833.37
99825.51
99819.2
99820.04
99820.66
99820.54
99820.45
99820.44
99820.42
99820.4
99820.37
99820.35
99820.32
99820.3
99820.28
99820.25
99820.23
99820.2
99820.18
99820.16
99820.13
99820.11
99820.09
99820.06
99820.04
99820.02
99819.99
99819.97
99819.95
99819.92
99819.9
99819.88
99819.85
99819.83
99819.81
99819.79
99819.76
99819.74
99819.72
99819.69
99819.67
99819.65
99819.62
99819.6
99819.58
99819.56
99819.53
99819.51
99819.49
99819.46
99819.44
99819.42
99819.4
99819.37
99819.35
99819.33
99819.3
99819.28
99819.26
99819.24
99819.21
99819.19
99819.17
99819.14
99819.12
99819.1
99819.07
99819.05
99819.03
99819.01
99818.98
99818.96
99818.94
99818.91
99818.89
99818.87
99818.84
99818.82
99818.79
99818.77
99818.75
99818.72
99818.7
99818.67
99818.65
99818.63
99818.6
99818.58
99818.55
99818.53
99818.5
99818.48
99818.46
99818.43
99818.41
99818.38
99818.36
99818.34
99701.53
99772.11
99833.36
99825.51
99819.19
99820.04
99820.66
99820.54
99820.45
99820.44
99820.42
99820.39
99820.37
99820.34
99820.32
99820.3
99820.27
99820.25
99820.22
99820.2
99820.18
99820.15
99820.13
99820.11
99820.08
99820.06
99820.04
99820.01
99819.99
99819.97
99819.95
99819.92
99819.9
99819.88
99819.85
99819.83
99819.81
99819.78
99819.76
99819.74
99819.72
99819.69
99819.67
99819.65
99819.62
99819.6
99819.58
99819.56
99819.53
99819.51
99819.49
99819.46
99819.44
99819.42
99819.4
99819.37
99819.35
99819.33
99819.3
99819.28
99819.26
99819.24
99819.21
99819.19
99819.17
99819.14
99819.12
99819.1
99819.07
99819.05
99819.03
99819.01
99818.98
99818.96
99818.94
99818.91
99818.89
99818.87
99818.84
99818.82
99818.8
99818.77
99818.75
99818.72
99818.7
99818.68
99818.65
99818.63
99818.6
99818.58
99818.56
99818.53
99818.51
99818.48
99818.46
99818.44
99818.41
99818.39
99818.37
99818.35
99701.52
99772.1
99833.36
99825.5
99819.19
99820.03
99820.65
99820.54
99820.45
99820.43
99820.42
99820.39
99820.37
99820.34
99820.32
99820.3
99820.27
99820.25
99820.22
99820.2
99820.18
99820.15
99820.13
99820.11
99820.08
99820.06
99820.04
99820.01
99819.99
99819.97
99819.95
99819.92
99819.9
99819.88
99819.85
99819.83
99819.81
99819.78
99819.76
99819.74
99819.72
99819.69
99819.67
99819.65
99819.62
99819.6
99819.58
99819.56
99819.53
99819.51
99819.49
99819.46
99819.44
99819.42
99819.4
99819.37
99819.35
99819.33
99819.3
99819.28
99819.26
99819.24
99819.21
99819.19
99819.17
99819.14
99819.12
99819.1
99819.08
99819.05
99819.03
99819.01
99818.98
99818.96
99818.94
99818.91
99818.89
99818.87
99818.84
99818.82
99818.8
99818.77
99818.75
99818.73
99818.7
99818.68
99818.66
99818.63
99818.61
99818.58
99818.56
99818.54
99818.51
99818.49
99818.47
99818.44
99818.42
99818.4
99818.38
99818.36
99701.51
99772.09
99833.35
99825.49
99819.18
99820.03
99820.65
99820.53
99820.44
99820.43
99820.41
99820.39
99820.36
99820.34
99820.32
99820.29
99820.27
99820.25
99820.22
99820.2
99820.18
99820.15
99820.13
99820.11
99820.08
99820.06
99820.04
99820.01
99819.99
99819.97
99819.94
99819.92
99819.9
99819.88
99819.85
99819.83
99819.81
99819.78
99819.76
99819.74
99819.72
99819.69
99819.67
99819.65
99819.62
99819.6
99819.58
99819.56
99819.53
99819.51
99819.49
99819.46
99819.44
99819.42
99819.4
99819.37
99819.35
99819.33
99819.3
99819.28
99819.26
99819.24
99819.21
99819.19
99819.17
99819.14
99819.12
99819.1
99819.08
99819.05
99819.03
99819.01
99818.98
99818.96
99818.94
99818.91
99818.89
99818.87
99818.84
99818.82
99818.8
99818.77
99818.75
99818.73
99818.7
99818.68
99818.66
99818.63
99818.61
99818.59
99818.56
99818.54
99818.52
99818.49
99818.47
99818.45
99818.43
99818.4
99818.38
99818.36
99701.5
99772.09
99833.34
99825.49
99819.18
99820.02
99820.64
99820.53
99820.44
99820.43
99820.41
99820.38
99820.36
99820.34
99820.31
99820.29
99820.27
99820.24
99820.22
99820.2
99820.18
99820.15
99820.13
99820.11
99820.08
99820.06
99820.04
99820.01
99819.99
99819.97
99819.94
99819.92
99819.9
99819.88
99819.85
99819.83
99819.81
99819.78
99819.76
99819.74
99819.72
99819.69
99819.67
99819.65
99819.62
99819.6
99819.58
99819.56
99819.53
99819.51
99819.49
99819.46
99819.44
99819.42
99819.4
99819.37
99819.35
99819.33
99819.31
99819.28
99819.26
99819.24
99819.21
99819.19
99819.17
99819.15
99819.12
99819.1
99819.08
99819.05
99819.03
99819.01
99818.98
99818.96
99818.94
99818.92
99818.89
99818.87
99818.85
99818.82
99818.8
99818.78
99818.75
99818.73
99818.71
99818.68
99818.66
99818.64
99818.61
99818.59
99818.57
99818.54
99818.52
99818.5
99818.48
99818.45
99818.43
99818.41
99818.39
99818.37
99701.49
99772.08
99833.34
99825.48
99819.17
99820.02
99820.64
99820.52
99820.43
99820.42
99820.41
99820.38
99820.36
99820.34
99820.31
99820.29
99820.27
99820.24
99820.22
99820.2
99820.17
99820.15
99820.13
99820.1
99820.08
99820.06
99820.04
99820.01
99819.99
99819.97
99819.94
99819.92
99819.9
99819.87
99819.85
99819.83
99819.81
99819.78
99819.76
99819.74
99819.72
99819.69
99819.67
99819.65
99819.62
99819.6
99819.58
99819.56
99819.53
99819.51
99819.49
99819.46
99819.44
99819.42
99819.4
99819.37
99819.35
99819.33
99819.3
99819.28
99819.26
99819.24
99819.21
99819.19
99819.17
99819.15
99819.12
99819.1
99819.08
99819.05
99819.03
99819.01
99818.98
99818.96
99818.94
99818.92
99818.89
99818.87
99818.85
99818.82
99818.8
99818.78
99818.75
99818.73
99818.71
99818.69
99818.66
99818.64
99818.62
99818.59
99818.57
99818.55
99818.52
99818.5
99818.48
99818.46
99818.44
99818.42
99818.39
99818.37
99701.49
99772.07
99833.33
99825.48
99819.17
99820.01
99820.64
99820.52
99820.43
99820.42
99820.4
99820.38
99820.36
99820.33
99820.31
99820.29
99820.26
99820.24
99820.22
99820.2
99820.17
99820.15
99820.13
99820.1
99820.08
99820.06
99820.04
99820.01
99819.99
99819.97
99819.94
99819.92
99819.9
99819.87
99819.85
99819.83
99819.81
99819.78
99819.76
99819.74
99819.72
99819.69
99819.67
99819.65
99819.62
99819.6
99819.58
99819.56
99819.53
99819.51
99819.49
99819.46
99819.44
99819.42
99819.4
99819.37
99819.35
99819.33
99819.31
99819.28
99819.26
99819.24
99819.21
99819.19
99819.17
99819.15
99819.12
99819.1
99819.08
99819.05
99819.03
99819.01
99818.99
99818.96
99818.94
99818.92
99818.89
99818.87
99818.85
99818.83
99818.8
99818.78
99818.76
99818.73
99818.71
99818.69
99818.66
99818.64
99818.62
99818.6
99818.57
99818.55
99818.53
99818.51
99818.48
99818.46
99818.44
99818.42
99818.4
99818.38
99701.48
99772.07
99833.33
99825.48
99819.17
99820.01
99820.63
99820.52
99820.43
99820.42
99820.4
99820.38
99820.35
99820.33
99820.31
99820.29
99820.26
99820.24
99820.22
99820.19
99820.17
99820.15
99820.13
99820.1
99820.08
99820.06
99820.03
99820.01
99819.99
99819.97
99819.94
99819.92
99819.9
99819.87
99819.85
99819.83
99819.81
99819.78
99819.76
99819.74
99819.71
99819.69
99819.67
99819.65
99819.62
99819.6
99819.58
99819.56
99819.53
99819.51
99819.49
99819.46
99819.44
99819.42
99819.4
99819.37
99819.35
99819.33
99819.31
99819.28
99819.26
99819.24
99819.21
99819.19
99819.17
99819.15
99819.12
99819.1
99819.08
99819.05
99819.03
99819.01
99818.99
99818.96
99818.94
99818.92
99818.89
99818.87
99818.85
99818.83
99818.8
99818.78
99818.76
99818.73
99818.71
99818.69
99818.67
99818.64
99818.62
99818.6
99818.58
99818.55
99818.53
99818.51
99818.49
99818.47
99818.45
99818.42
99818.4
99818.38
99701.47
99772.06
99833.33
99825.47
99819.16
99820.01
99820.63
99820.51
99820.42
99820.41
99820.4
99820.37
99820.35
99820.33
99820.31
99820.28
99820.26
99820.24
99820.22
99820.19
99820.17
99820.15
99820.12
99820.1
99820.08
99820.06
99820.03
99820.01
99819.99
99819.97
99819.94
99819.92
99819.9
99819.87
99819.85
99819.83
99819.81
99819.78
99819.76
99819.74
99819.71
99819.69
99819.67
99819.65
99819.62
99819.6
99819.58
99819.56
99819.53
99819.51
99819.49
99819.46
99819.44
99819.42
99819.4
99819.37
99819.35
99819.33
99819.31
99819.28
99819.26
99819.24
99819.21
99819.19
99819.17
99819.15
99819.12
99819.1
99819.08
99819.06
99819.03
99819.01
99818.99
99818.96
99818.94
99818.92
99818.9
99818.87
99818.85
99818.83
99818.8
99818.78
99818.76
99818.74
99818.71
99818.69
99818.67
99818.65
99818.62
99818.6
99818.58
99818.56
99818.54
99818.51
99818.49
99818.47
99818.45
99818.43
99818.41
99818.39
99701.47
99772.06
99833.32
99825.47
99819.16
99820
99820.63
99820.51
99820.42
99820.41
99820.39
99820.37
99820.35
99820.33
99820.3
99820.28
99820.26
99820.24
99820.21
99820.19
99820.17
99820.15
99820.12
99820.1
99820.08
99820.06
99820.03
99820.01
99819.99
99819.96
99819.94
99819.92
99819.9
99819.87
99819.85
99819.83
99819.81
99819.78
99819.76
99819.74
99819.71
99819.69
99819.67
99819.65
99819.62
99819.6
99819.58
99819.56
99819.53
99819.51
99819.49
99819.46
99819.44
99819.42
99819.4
99819.37
99819.35
99819.33
99819.31
99819.28
99819.26
99819.24
99819.21
99819.19
99819.17
99819.15
99819.12
99819.1
99819.08
99819.06
99819.03
99819.01
99818.99
99818.96
99818.94
99818.92
99818.9
99818.87
99818.85
99818.83
99818.81
99818.78
99818.76
99818.74
99818.72
99818.69
99818.67
99818.65
99818.63
99818.6
99818.58
99818.56
99818.54
99818.52
99818.5
99818.47
99818.45
99818.43
99818.41
99818.39
99701.46
99772.05
99833.32
99825.46
99819.15
99820
99820.62
99820.51
99820.42
99820.41
99820.39
99820.37
99820.35
99820.32
99820.3
99820.28
99820.26
99820.24
99820.21
99820.19
99820.17
99820.14
99820.12
99820.1
99820.08
99820.05
99820.03
99820.01
99819.99
99819.96
99819.94
99819.92
99819.9
99819.87
99819.85
99819.83
99819.81
99819.78
99819.76
99819.74
99819.71
99819.69
99819.67
99819.65
99819.62
99819.6
99819.58
99819.56
99819.53
99819.51
99819.49
99819.46
99819.44
99819.42
99819.4
99819.37
99819.35
99819.33
99819.31
99819.28
99819.26
99819.24
99819.22
99819.19
99819.17
99819.15
99819.12
99819.1
99819.08
99819.06
99819.03
99819.01
99818.99
99818.97
99818.94
99818.92
99818.9
99818.88
99818.85
99818.83
99818.81
99818.78
99818.76
99818.74
99818.72
99818.7
99818.67
99818.65
99818.63
99818.61
99818.58
99818.56
99818.54
99818.52
99818.5
99818.48
99818.46
99818.44
99818.42
99818.4
99701.46
99772.05
99833.32
99825.46
99819.15
99820
99820.62
99820.5
99820.42
99820.4
99820.39
99820.37
99820.34
99820.32
99820.3
99820.28
99820.26
99820.23
99820.21
99820.19
99820.17
99820.14
99820.12
99820.1
99820.08
99820.05
99820.03
99820.01
99819.99
99819.96
99819.94
99819.92
99819.9
99819.87
99819.85
99819.83
99819.8
99819.78
99819.76
99819.74
99819.71
99819.69
99819.67
99819.65
99819.62
99819.6
99819.58
99819.56
99819.53
99819.51
99819.49
99819.46
99819.44
99819.42
99819.4
99819.37
99819.35
99819.33
99819.31
99819.28
99819.26
99819.24
99819.22
99819.19
99819.17
99819.15
99819.12
99819.1
99819.08
99819.06
99819.03
99819.01
99818.99
99818.97
99818.94
99818.92
99818.9
99818.88
99818.85
99818.83
99818.81
99818.79
99818.76
99818.74
99818.72
99818.7
99818.67
99818.65
99818.63
99818.61
99818.59
99818.57
99818.54
99818.52
99818.5
99818.48
99818.46
99818.44
99818.42
99818.4
99701.45
99772.04
99833.31
99825.46
99819.15
99819.99
99820.62
99820.5
99820.41
99820.4
99820.39
99820.36
99820.34
99820.32
99820.3
99820.28
99820.25
99820.23
99820.21
99820.19
99820.17
99820.14
99820.12
99820.1
99820.08
99820.05
99820.03
99820.01
99819.99
99819.96
99819.94
99819.92
99819.9
99819.87
99819.85
99819.83
99819.8
99819.78
99819.76
99819.74
99819.71
99819.69
99819.67
99819.65
99819.62
99819.6
99819.58
99819.56
99819.53
99819.51
99819.49
99819.46
99819.44
99819.42
99819.4
99819.37
99819.35
99819.33
99819.31
99819.28
99819.26
99819.24
99819.22
99819.19
99819.17
99819.15
99819.13
99819.1
99819.08
99819.06
99819.03
99819.01
99818.99
99818.97
99818.94
99818.92
99818.9
99818.88
99818.85
99818.83
99818.81
99818.79
99818.77
99818.74
99818.72
99818.7
99818.68
99818.65
99818.63
99818.61
99818.59
99818.57
99818.55
99818.53
99818.5
99818.48
99818.46
99818.44
99818.42
99818.4
99701.45
99772.04
99833.31
99825.46
99819.15
99819.99
99820.61
99820.5
99820.41
99820.4
99820.39
99820.36
99820.34
99820.32
99820.3
99820.27
99820.25
99820.23
99820.21
99820.19
99820.16
99820.14
99820.12
99820.1
99820.07
99820.05
99820.03
99820.01
99819.98
99819.96
99819.94
99819.92
99819.89
99819.87
99819.85
99819.83
99819.8
99819.78
99819.76
99819.74
99819.71
99819.69
99819.67
99819.65
99819.62
99819.6
99819.58
99819.56
99819.53
99819.51
99819.49
99819.46
99819.44
99819.42
99819.4
99819.37
99819.35
99819.33
99819.31
99819.28
99819.26
99819.24
99819.22
99819.19
99819.17
99819.15
99819.13
99819.1
99819.08
99819.06
99819.04
99819.01
99818.99
99818.97
99818.95
99818.92
99818.9
99818.88
99818.86
99818.83
99818.81
99818.79
99818.77
99818.74
99818.72
99818.7
99818.68
99818.66
99818.63
99818.61
99818.59
99818.57
99818.55
99818.53
99818.51
99818.49
99818.47
99818.45
99818.43
99818.41
99701.45
99772.03
99833.31
99825.45
99819.14
99819.99
99820.61
99820.5
99820.41
99820.4
99820.38
99820.36
99820.34
99820.32
99820.3
99820.27
99820.25
99820.23
99820.21
99820.19
99820.16
99820.14
99820.12
99820.1
99820.07
99820.05
99820.03
99820.01
99819.98
99819.96
99819.94
99819.92
99819.89
99819.87
99819.85
99819.83
99819.8
99819.78
99819.76
99819.74
99819.71
99819.69
99819.67
99819.65
99819.62
99819.6
99819.58
99819.56
99819.53
99819.51
99819.49
99819.47
99819.44
99819.42
99819.4
99819.37
99819.35
99819.33
99819.31
99819.28
99819.26
99819.24
99819.22
99819.19
99819.17
99819.15
99819.13
99819.1
99819.08
99819.06
99819.04
99819.01
99818.99
99818.97
99818.95
99818.92
99818.9
99818.88
99818.86
99818.83
99818.81
99818.79
99818.77
99818.75
99818.72
99818.7
99818.68
99818.66
99818.64
99818.62
99818.59
99818.57
99818.55
99818.53
99818.51
99818.49
99818.47
99818.45
99818.43
99818.41
99701.44
99772.03
99833.31
99825.45
99819.14
99819.99
99820.61
99820.49
99820.41
99820.4
99820.38
99820.36
99820.34
99820.32
99820.29
99820.27
99820.25
99820.23
99820.21
99820.18
99820.16
99820.14
99820.12
99820.1
99820.07
99820.05
99820.03
99820.01
99819.98
99819.96
99819.94
99819.92
99819.89
99819.87
99819.85
99819.83
99819.8
99819.78
99819.76
99819.74
99819.71
99819.69
99819.67
99819.65
99819.62
99819.6
99819.58
99819.56
99819.53
99819.51
99819.49
99819.46
99819.44
99819.42
99819.4
99819.37
99819.35
99819.33
99819.31
99819.28
99819.26
99819.24
99819.22
99819.19
99819.17
99819.15
99819.13
99819.1
99819.08
99819.06
99819.04
99819.01
99818.99
99818.97
99818.95
99818.92
99818.9
99818.88
99818.86
99818.84
99818.81
99818.79
99818.77
99818.75
99818.73
99818.7
99818.68
99818.66
99818.64
99818.62
99818.6
99818.57
99818.55
99818.53
99818.51
99818.49
99818.47
99818.45
99818.43
99818.41
99701.44
99772.03
99833.3
99825.45
99819.14
99819.98
99820.61
99820.49
99820.41
99820.39
99820.38
99820.36
99820.34
99820.31
99820.29
99820.27
99820.25
99820.23
99820.21
99820.18
99820.16
99820.14
99820.12
99820.09
99820.07
99820.05
99820.03
99820.01
99819.98
99819.96
99819.94
99819.92
99819.89
99819.87
99819.85
99819.83
99819.8
99819.78
99819.76
99819.74
99819.71
99819.69
99819.67
99819.65
99819.62
99819.6
99819.58
99819.56
99819.53
99819.51
99819.49
99819.47
99819.44
99819.42
99819.4
99819.37
99819.35
99819.33
99819.31
99819.28
99819.26
99819.24
99819.22
99819.19
99819.17
99819.15
99819.13
99819.1
99819.08
99819.06
99819.04
99819.01
99818.99
99818.97
99818.95
99818.93
99818.9
99818.88
99818.86
99818.84
99818.81
99818.79
99818.77
99818.75
99818.73
99818.7
99818.68
99818.66
99818.64
99818.62
99818.6
99818.58
99818.56
99818.53
99818.51
99818.49
99818.47
99818.45
99818.43
99818.41
99701.44
99772.03
99833.3
99825.45
99819.14
99819.98
99820.61
99820.49
99820.4
99820.39
99820.38
99820.36
99820.33
99820.31
99820.29
99820.27
99820.25
99820.23
99820.2
99820.18
99820.16
99820.14
99820.12
99820.09
99820.07
99820.05
99820.03
99820
99819.98
99819.96
99819.94
99819.92
99819.89
99819.87
99819.85
99819.83
99819.8
99819.78
99819.76
99819.74
99819.71
99819.69
99819.67
99819.65
99819.62
99819.6
99819.58
99819.56
99819.53
99819.51
99819.49
99819.46
99819.44
99819.42
99819.4
99819.37
99819.35
99819.33
99819.31
99819.28
99819.26
99819.24
99819.22
99819.19
99819.17
99819.15
99819.13
99819.1
99819.08
99819.06
99819.04
99819.02
99818.99
99818.97
99818.95
99818.93
99818.9
99818.88
99818.86
99818.84
99818.82
99818.79
99818.77
99818.75
99818.73
99818.71
99818.68
99818.66
99818.64
99818.62
99818.6
99818.58
99818.56
99818.54
99818.52
99818.5
99818.47
99818.45
99818.43
99818.41
99701.43
99772.02
99833.3
99825.45
99819.13
99819.98
99820.6
99820.49
99820.4
99820.39
99820.38
99820.35
99820.33
99820.31
99820.29
99820.27
99820.25
99820.22
99820.2
99820.18
99820.16
99820.14
99820.12
99820.09
99820.07
99820.05
99820.03
99820
99819.98
99819.96
99819.94
99819.91
99819.89
99819.87
99819.85
99819.83
99819.8
99819.78
99819.76
99819.74
99819.71
99819.69
99819.67
99819.65
99819.62
99819.6
99819.58
99819.56
99819.53
99819.51
99819.49
99819.47
99819.44
99819.42
99819.4
99819.37
99819.35
99819.33
99819.31
99819.28
99819.26
99819.24
99819.22
99819.19
99819.17
99819.15
99819.13
99819.11
99819.08
99819.06
99819.04
99819.02
99818.99
99818.97
99818.95
99818.93
99818.9
99818.88
99818.86
99818.84
99818.82
99818.79
99818.77
99818.75
99818.73
99818.71
99818.69
99818.66
99818.64
99818.62
99818.6
99818.58
99818.56
99818.54
99818.52
99818.5
99818.48
99818.46
99818.44
99818.42
99701.43
99772.02
99833.3
99825.44
99819.13
99819.98
99820.6
99820.49
99820.4
99820.39
99820.38
99820.35
99820.33
99820.31
99820.29
99820.27
99820.25
99820.22
99820.2
99820.18
99820.16
99820.14
99820.11
99820.09
99820.07
99820.05
99820.03
99820
99819.98
99819.96
99819.94
99819.91
99819.89
99819.87
99819.85
99819.83
99819.8
99819.78
99819.76
99819.74
99819.71
99819.69
99819.67
99819.65
99819.62
99819.6
99819.58
99819.56
99819.53
99819.51
99819.49
99819.47
99819.44
99819.42
99819.4
99819.37
99819.35
99819.33
99819.31
99819.28
99819.26
99819.24
99819.22
99819.2
99819.17
99819.15
99819.13
99819.11
99819.08
99819.06
99819.04
99819.02
99818.99
99818.97
99818.95
99818.93
99818.91
99818.88
99818.86
99818.84
99818.82
99818.8
99818.77
99818.75
99818.73
99818.71
99818.69
99818.67
99818.64
99818.62
99818.6
99818.58
99818.56
99818.54
99818.52
99818.5
99818.48
99818.46
99818.44
99818.42
99701.43
99772.02
99833.3
99825.44
99819.13
99819.98
99820.6
99820.49
99820.4
99820.39
99820.37
99820.35
99820.33
99820.31
99820.29
99820.27
99820.24
99820.22
99820.2
99820.18
99820.16
99820.14
99820.11
99820.09
99820.07
99820.05
99820.03
99820
99819.98
99819.96
99819.94
99819.91
99819.89
99819.87
99819.85
99819.82
99819.8
99819.78
99819.76
99819.74
99819.71
99819.69
99819.67
99819.65
99819.62
99819.6
99819.58
99819.56
99819.53
99819.51
99819.49
99819.47
99819.44
99819.42
99819.4
99819.38
99819.35
99819.33
99819.31
99819.29
99819.26
99819.24
99819.22
99819.2
99819.17
99819.15
99819.13
99819.11
99819.08
99819.06
99819.04
99819.02
99818.99
99818.97
99818.95
99818.93
99818.91
99818.88
99818.86
99818.84
99818.82
99818.8
99818.77
99818.75
99818.73
99818.71
99818.69
99818.67
99818.65
99818.62
99818.6
99818.58
99818.56
99818.54
99818.52
99818.5
99818.48
99818.46
99818.44
99818.42
99701.43
99772.02
99833.29
99825.44
99819.13
99819.98
99820.6
99820.48
99820.4
99820.39
99820.37
99820.35
99820.33
99820.31
99820.29
99820.27
99820.24
99820.22
99820.2
99820.18
99820.16
99820.14
99820.11
99820.09
99820.07
99820.05
99820.02
99820
99819.98
99819.96
99819.94
99819.91
99819.89
99819.87
99819.85
99819.82
99819.8
99819.78
99819.76
99819.73
99819.71
99819.69
99819.67
99819.65
99819.62
99819.6
99819.58
99819.56
99819.53
99819.51
99819.49
99819.47
99819.44
99819.42
99819.4
99819.38
99819.35
99819.33
99819.31
99819.29
99819.26
99819.24
99819.22
99819.2
99819.17
99819.15
99819.13
99819.11
99819.08
99819.06
99819.04
99819.02
99818.99
99818.97
99818.95
99818.93
99818.91
99818.88
99818.86
99818.84
99818.82
99818.8
99818.78
99818.75
99818.73
99818.71
99818.69
99818.67
99818.65
99818.63
99818.6
99818.58
99818.56
99818.54
99818.52
99818.5
99818.48
99818.46
99818.44
99818.42
99701.42
99772.02
99833.29
99825.44
99819.13
99819.97
99820.6
99820.48
99820.4
99820.39
99820.37
99820.35
99820.33
99820.31
99820.29
99820.26
99820.24
99820.22
99820.2
99820.18
99820.16
99820.13
99820.11
99820.09
99820.07
99820.05
99820.02
99820
99819.98
99819.96
99819.94
99819.91
99819.89
99819.87
99819.85
99819.82
99819.8
99819.78
99819.76
99819.73
99819.71
99819.69
99819.67
99819.64
99819.62
99819.6
99819.58
99819.56
99819.53
99819.51
99819.49
99819.47
99819.44
99819.42
99819.4
99819.38
99819.35
99819.33
99819.31
99819.29
99819.26
99819.24
99819.22
99819.2
99819.17
99819.15
99819.13
99819.11
99819.08
99819.06
99819.04
99819.02
99819
99818.97
99818.95
99818.93
99818.91
99818.88
99818.86
99818.84
99818.82
99818.8
99818.78
99818.75
99818.73
99818.71
99818.69
99818.67
99818.65
99818.63
99818.61
99818.58
99818.56
99818.54
99818.52
99818.5
99818.48
99818.46
99818.44
99818.42
99701.42
99772.01
99833.29
99825.44
99819.13
99819.97
99820.6
99820.48
99820.4
99820.39
99820.37
99820.35
99820.33
99820.31
99820.29
99820.26
99820.24
99820.22
99820.2
99820.18
99820.16
99820.13
99820.11
99820.09
99820.07
99820.05
99820.02
99820
99819.98
99819.96
99819.94
99819.91
99819.89
99819.87
99819.85
99819.82
99819.8
99819.78
99819.76
99819.73
99819.71
99819.69
99819.67
99819.64
99819.62
99819.6
99819.58
99819.56
99819.53
99819.51
99819.49
99819.47
99819.44
99819.42
99819.4
99819.38
99819.35
99819.33
99819.31
99819.29
99819.26
99819.24
99819.22
99819.2
99819.17
99819.15
99819.13
99819.11
99819.08
99819.06
99819.04
99819.02
99819
99818.97
99818.95
99818.93
99818.91
99818.89
99818.86
99818.84
99818.82
99818.8
99818.78
99818.75
99818.73
99818.71
99818.69
99818.67
99818.65
99818.63
99818.61
99818.59
99818.57
99818.54
99818.52
99818.5
99818.48
99818.46
99818.44
99818.42
99701.42
99772.01
99833.29
99825.44
99819.13
99819.97
99820.6
99820.48
99820.39
99820.38
99820.37
99820.35
99820.33
99820.31
99820.28
99820.26
99820.24
99820.22
99820.2
99820.18
99820.16
99820.13
99820.11
99820.09
99820.07
99820.05
99820.02
99820
99819.98
99819.96
99819.94
99819.91
99819.89
99819.87
99819.85
99819.82
99819.8
99819.78
99819.76
99819.73
99819.71
99819.69
99819.67
99819.64
99819.62
99819.6
99819.58
99819.56
99819.53
99819.51
99819.49
99819.47
99819.44
99819.42
99819.4
99819.38
99819.35
99819.33
99819.31
99819.29
99819.26
99819.24
99819.22
99819.2
99819.17
99819.15
99819.13
99819.11
99819.08
99819.06
99819.04
99819.02
99819
99818.97
99818.95
99818.93
99818.91
99818.89
99818.86
99818.84
99818.82
99818.8
99818.78
99818.76
99818.73
99818.71
99818.69
99818.67
99818.65
99818.63
99818.61
99818.59
99818.57
99818.55
99818.53
99818.5
99818.48
99818.46
99818.44
99818.43
99701.42
99772.01
99833.29
99825.44
99819.13
99819.97
99820.6
99820.48
99820.39
99820.38
99820.37
99820.35
99820.33
99820.3
99820.28
99820.26
99820.24
99820.22
99820.2
99820.18
99820.15
99820.13
99820.11
99820.09
99820.07
99820.05
99820.02
99820
99819.98
99819.96
99819.94
99819.91
99819.89
99819.87
99819.85
99819.82
99819.8
99819.78
99819.76
99819.73
99819.71
99819.69
99819.67
99819.64
99819.62
99819.6
99819.58
99819.55
99819.53
99819.51
99819.49
99819.47
99819.44
99819.42
99819.4
99819.38
99819.35
99819.33
99819.31
99819.29
99819.26
99819.24
99819.22
99819.2
99819.17
99819.15
99819.13
99819.11
99819.08
99819.06
99819.04
99819.02
99819
99818.97
99818.95
99818.93
99818.91
99818.89
99818.86
99818.84
99818.82
99818.8
99818.78
99818.76
99818.73
99818.71
99818.69
99818.67
99818.65
99818.63
99818.61
99818.59
99818.57
99818.55
99818.53
99818.51
99818.49
99818.47
99818.45
99818.43
99701.42
99772.01
99833.29
99825.44
99819.13
99819.97
99820.6
99820.48
99820.39
99820.38
99820.37
99820.35
99820.33
99820.3
99820.28
99820.26
99820.24
99820.22
99820.2
99820.18
99820.15
99820.13
99820.11
99820.09
99820.07
99820.05
99820.02
99820
99819.98
99819.96
99819.93
99819.91
99819.89
99819.87
99819.85
99819.82
99819.8
99819.78
99819.76
99819.73
99819.71
99819.69
99819.67
99819.64
99819.62
99819.6
99819.58
99819.55
99819.53
99819.51
99819.49
99819.47
99819.44
99819.42
99819.4
99819.38
99819.35
99819.33
99819.31
99819.29
99819.26
99819.24
99819.22
99819.2
99819.17
99819.15
99819.13
99819.11
99819.08
99819.06
99819.04
99819.02
99819
99818.97
99818.95
99818.93
99818.91
99818.89
99818.86
99818.84
99818.82
99818.8
99818.78
99818.76
99818.74
99818.71
99818.69
99818.67
99818.65
99818.63
99818.61
99818.59
99818.57
99818.55
99818.53
99818.51
99818.49
99818.47
99818.45
99818.43
99701.41
99772.01
99833.29
99825.44
99819.12
99819.97
99820.6
99820.48
99820.39
99820.38
99820.37
99820.35
99820.32
99820.3
99820.28
99820.26
99820.24
99820.22
99820.2
99820.18
99820.15
99820.13
99820.11
99820.09
99820.07
99820.04
99820.02
99820
99819.98
99819.96
99819.93
99819.91
99819.89
99819.87
99819.85
99819.82
99819.8
99819.78
99819.76
99819.73
99819.71
99819.69
99819.67
99819.64
99819.62
99819.6
99819.58
99819.55
99819.53
99819.51
99819.49
99819.47
99819.44
99819.42
99819.4
99819.38
99819.35
99819.33
99819.31
99819.29
99819.26
99819.24
99819.22
99819.2
99819.17
99819.15
99819.13
99819.11
99819.09
99819.06
99819.04
99819.02
99819
99818.97
99818.95
99818.93
99818.91
99818.89
99818.87
99818.84
99818.82
99818.8
99818.78
99818.76
99818.74
99818.71
99818.69
99818.67
99818.65
99818.63
99818.61
99818.59
99818.57
99818.55
99818.53
99818.51
99818.49
99818.47
99818.45
99818.43
99701.41
99772.01
99833.29
99825.44
99819.12
99819.97
99820.59
99820.48
99820.39
99820.38
99820.37
99820.35
99820.32
99820.3
99820.28
99820.26
99820.24
99820.22
99820.2
99820.18
99820.15
99820.13
99820.11
99820.09
99820.07
99820.04
99820.02
99820
99819.98
99819.96
99819.93
99819.91
99819.89
99819.87
99819.85
99819.82
99819.8
99819.78
99819.76
99819.73
99819.71
99819.69
99819.67
99819.64
99819.62
99819.6
99819.58
99819.55
99819.53
99819.51
99819.49
99819.47
99819.44
99819.42
99819.4
99819.38
99819.35
99819.33
99819.31
99819.29
99819.26
99819.24
99819.22
99819.2
99819.17
99819.15
99819.13
99819.11
99819.09
99819.06
99819.04
99819.02
99819
99818.97
99818.95
99818.93
99818.91
99818.89
99818.87
99818.84
99818.82
99818.8
99818.78
99818.76
99818.74
99818.71
99818.69
99818.67
99818.65
99818.63
99818.61
99818.59
99818.57
99818.55
99818.53
99818.51
99818.49
99818.47
99818.45
99818.43
99701.41
99772.01
99833.29
99825.44
99819.12
99819.97
99820.59
99820.48
99820.39
99820.38
99820.37
99820.35
99820.32
99820.3
99820.28
99820.26
99820.24
99820.22
99820.2
99820.18
99820.15
99820.13
99820.11
99820.09
99820.07
99820.04
99820.02
99820
99819.98
99819.96
99819.93
99819.91
99819.89
99819.87
99819.85
99819.82
99819.8
99819.78
99819.76
99819.73
99819.71
99819.69
99819.67
99819.64
99819.62
99819.6
99819.58
99819.55
99819.53
99819.51
99819.49
99819.47
99819.44
99819.42
99819.4
99819.38
99819.35
99819.33
99819.31
99819.29
99819.26
99819.24
99819.22
99819.2
99819.17
99819.15
99819.13
99819.11
99819.09
99819.06
99819.04
99819.02
99819
99818.97
99818.95
99818.93
99818.91
99818.89
99818.87
99818.84
99818.82
99818.8
99818.78
99818.76
99818.74
99818.72
99818.69
99818.67
99818.65
99818.63
99818.61
99818.59
99818.57
99818.55
99818.53
99818.51
99818.49
99818.47
99818.45
99818.43
99701.4
99772.01
99833.29
99825.44
99819.12
99819.97
99820.59
99820.48
99820.39
99820.38
99820.37
99820.35
99820.32
99820.3
99820.28
99820.26
99820.24
99820.22
99820.2
99820.18
99820.15
99820.13
99820.11
99820.09
99820.07
99820.04
99820.02
99820
99819.98
99819.96
99819.93
99819.91
99819.89
99819.87
99819.85
99819.82
99819.8
99819.78
99819.76
99819.73
99819.71
99819.69
99819.67
99819.64
99819.62
99819.6
99819.58
99819.55
99819.53
99819.51
99819.49
99819.47
99819.44
99819.42
99819.4
99819.38
99819.35
99819.33
99819.31
99819.29
99819.26
99819.24
99819.22
99819.2
99819.17
99819.15
99819.13
99819.11
99819.09
99819.06
99819.04
99819.02
99819
99818.97
99818.95
99818.93
99818.91
99818.89
99818.87
99818.84
99818.82
99818.8
99818.78
99818.76
99818.74
99818.72
99818.69
99818.67
99818.65
99818.63
99818.61
99818.59
99818.57
99818.55
99818.53
99818.51
99818.49
99818.47
99818.45
99818.43
99701.38
99772.03
99833.3
99825.44
99819.13
99819.97
99820.59
99820.48
99820.39
99820.38
99820.37
99820.35
99820.32
99820.3
99820.28
99820.26
99820.24
99820.22
99820.2
99820.18
99820.15
99820.13
99820.11
99820.09
99820.07
99820.04
99820.02
99820
99819.98
99819.96
99819.93
99819.91
99819.89
99819.87
99819.85
99819.82
99819.8
99819.78
99819.76
99819.73
99819.71
99819.69
99819.67
99819.64
99819.62
99819.6
99819.58
99819.55
99819.53
99819.51
99819.49
99819.47
99819.44
99819.42
99819.4
99819.38
99819.35
99819.33
99819.31
99819.29
99819.26
99819.24
99819.22
99819.2
99819.17
99819.15
99819.13
99819.11
99819.09
99819.06
99819.04
99819.02
99819
99818.97
99818.95
99818.93
99818.91
99818.89
99818.87
99818.84
99818.82
99818.8
99818.78
99818.76
99818.74
99818.72
99818.69
99818.67
99818.65
99818.63
99818.61
99818.59
99818.57
99818.55
99818.53
99818.51
99818.49
99818.47
99818.45
99818.43
)
;

boundaryField
{
    topAir_top
    {
        type            symmetryPlane;
    }
    leftLet
    {
        type            fixedValue;
        value           uniform 100000;
    }
    rightLet
    {
        type            fixedFluxPressure;
        gradient        nonuniform List<scalar> 
40
(
-6.832181
-3.952167
-3.288867
-2.743753
-2.512247
-2.347483
-2.253008
-2.184885
-2.13922
-2.104855
-2.079865
-2.06014
-2.045174
-2.032817
-2.023223
-2.014991
-2.008503
-2.002775
-1.998192
-1.994082
-1.990729
-1.987715
-1.985192
-1.982951
-1.981014
-1.979333
-1.977827
-1.976563
-1.975389
-1.974442
-1.973535
-1.972836
-1.972151
-1.971652
-1.971161
-1.970831
-1.970512
-1.970354
-1.970168
-1.97048
)
;
        value           nonuniform List<scalar> 
40
(
99818.15
99818.21
99818.24
99818.26
99818.28
99818.3
99818.31
99818.32
99818.33
99818.34
99818.35
99818.35
99818.36
99818.36
99818.37
99818.37
99818.38
99818.38
99818.39
99818.39
99818.39
99818.4
99818.4
99818.4
99818.4
99818.4
99818.41
99818.41
99818.41
99818.41
99818.41
99818.41
99818.42
99818.42
99818.42
99818.42
99818.42
99818.42
99818.42
99818.42
)
;
    }
    frontAndBack
    {
        type            empty;
    }
    topAir_to_wall
    {
        type            fixedFluxPressure;
        gradient        uniform 0;
        value           nonuniform List<scalar> 
100
(
99701.88
99772.3
99833.42
99825.56
99819.25
99820.09
99820.7
99820.57
99820.48
99820.46
99820.44
99820.41
99820.38
99820.36
99820.33
99820.31
99820.28
99820.26
99820.23
99820.21
99820.18
99820.16
99820.14
99820.11
99820.09
99820.06
99820.04
99820.02
99819.99
99819.97
99819.95
99819.92
99819.9
99819.88
99819.85
99819.83
99819.81
99819.79
99819.76
99819.74
99819.72
99819.69
99819.67
99819.65
99819.62
99819.6
99819.58
99819.56
99819.53
99819.51
99819.49
99819.46
99819.44
99819.42
99819.4
99819.37
99819.35
99819.33
99819.3
99819.28
99819.26
99819.23
99819.21
99819.19
99819.17
99819.14
99819.12
99819.1
99819.07
99819.05
99819.03
99819
99818.98
99818.96
99818.93
99818.91
99818.89
99818.86
99818.84
99818.81
99818.79
99818.76
99818.74
99818.72
99818.69
99818.67
99818.64
99818.61
99818.59
99818.56
99818.53
99818.5
99818.48
99818.45
99818.41
99818.38
99818.34
99818.3
99818.25
99818.18
)
;
    }
}


// ************************************************************************* //
