/*--------------------------------*- C++ -*----------------------------------*\
| =========                 |                                                 |
| \\      /  F ield         | OpenFOAM: The Open Source CFD Toolbox           |
|  \\    /   O peration     | Version:  2.3.0                                 |
|   \\  /    A nd           | Web:      www.OpenFOAM.org                      |
|    \\/     M anipulation  |                                                 |
\*---------------------------------------------------------------------------*/
FoamFile
{
    version     2.0;
    format      ascii;
    class       surfaceScalarField;
    location    "10000/topAir";
    object      phi;
}
// * * * * * * * * * * * * * * * * * * * * * * * * * * * * * * * * * * * * * //

dimensions      [1 0 -1 0 0 0 0];

internalField   nonuniform List<scalar> 
7860
(
0.01438488
1.225137e-05
0.01437451
1.037039e-05
0.01436595
8.568522e-06
0.01435717
8.777842e-06
0.01434811
9.060541e-06
0.01433896
9.158772e-06
0.01432972
9.232254e-06
0.01432042
9.307047e-06
0.01431105
9.369215e-06
0.01430163
9.418372e-06
0.01429217
9.458176e-06
0.01428268
9.49064e-06
0.01427316
9.517003e-06
0.01426362
9.538367e-06
0.01425407
9.555633e-06
0.0142445
9.56951e-06
0.01423492
9.580556e-06
0.01422533
9.589217e-06
0.01421573
9.595857e-06
0.01420613
9.600768e-06
0.01419653
9.604194e-06
0.01418692
9.606333e-06
0.01417731
9.607352e-06
0.01416771
9.607391e-06
0.0141581
9.606567e-06
0.01414849
9.604982e-06
0.01413889
9.60272e-06
0.01412929
9.599856e-06
0.01411969
9.596453e-06
0.0141101
9.592567e-06
0.01410051
9.588247e-06
0.01409093
9.583533e-06
0.01408135
9.578464e-06
0.01407178
9.573071e-06
0.01406221
9.567384e-06
0.01405265
9.561427e-06
0.01404309
9.555223e-06
0.01403354
9.548791e-06
0.014024
9.542149e-06
0.01401447
9.535312e-06
0.01400494
9.528294e-06
0.01399542
9.521106e-06
0.0139859
9.513758e-06
0.0139764
9.506261e-06
0.0139669
9.49862e-06
0.01395741
9.490843e-06
0.01394792
9.482934e-06
0.01393845
9.474898e-06
0.01392898
9.466739e-06
0.01391952
9.458457e-06
0.01391007
9.450055e-06
0.01390063
9.441532e-06
0.0138912
9.432887e-06
0.01388177
9.42412e-06
0.01387236
9.415226e-06
0.01386295
9.406202e-06
0.01385356
9.397044e-06
0.01384417
9.387744e-06
0.01383479
9.378295e-06
0.01382542
9.368688e-06
0.01381606
9.358914e-06
0.01380671
9.348959e-06
0.01379737
9.33881e-06
0.01378805
9.328451e-06
0.01377873
9.317864e-06
0.01376942
9.307029e-06
0.01376013
9.29592e-06
0.01375084
9.284512e-06
0.01374157
9.272774e-06
0.01373231
9.26067e-06
0.01372306
9.248159e-06
0.01371382
9.235197e-06
0.0137046
9.221728e-06
0.01369539
9.207691e-06
0.0136862
9.193015e-06
0.01367702
9.177615e-06
0.01366786
9.161393e-06
0.01365872
9.144234e-06
0.01364959
9.125999e-06
0.01364049
9.106524e-06
0.0136314
9.08561e-06
0.01362234
9.063015e-06
0.0136133
9.038442e-06
0.01360429
9.011522e-06
0.0135953
8.981789e-06
0.01358636
8.94865e-06
0.01357744
8.911335e-06
0.01356858
8.868822e-06
0.01355976
8.819732e-06
0.01355099
8.762149e-06
0.0135423
8.693325e-06
0.01353369
8.609173e-06
0.01352519
8.503345e-06
0.01351682
8.365417e-06
0.01350865
8.177495e-06
0.01350074
7.905788e-06
0.01349325
7.488455e-06
0.01348647
6.776676e-06
0.01348092
5.551852e-06
2.79915e-06
0.01440852
1.71379e-06
0.01441226
6.640075e-06
0.01441358
7.251063e-06
0.0144149
7.460434e-06
0.01441607
7.894493e-06
0.01441701
8.214305e-06
0.01441781
8.435425e-06
0.0144185
8.61387e-06
0.01441911
8.75988e-06
0.01441965
8.878243e-06
0.01442013
8.97569e-06
0.01442057
9.057197e-06
0.01442096
9.126067e-06
0.01442131
9.184773e-06
0.01442163
9.235234e-06
0.01442192
9.278922e-06
0.01442218
9.316982e-06
0.01442242
9.350319e-06
0.01442264
9.379657e-06
0.01442283
9.405582e-06
0.01442301
9.428569e-06
0.01442317
9.449015e-06
0.01442331
9.467246e-06
0.01442343
9.483536e-06
0.01442354
9.498117e-06
0.01442363
9.511186e-06
0.01442371
9.52291e-06
0.01442378
9.533435e-06
0.01442383
9.542884e-06
0.01442387
9.551366e-06
0.0144239
9.558975e-06
0.01442392
9.565793e-06
0.01442393
9.571893e-06
0.01442392
9.577336e-06
0.01442391
9.58218e-06
0.01442388
9.586472e-06
0.01442385
9.590257e-06
0.0144238
9.593571e-06
0.01442375
9.59645e-06
0.01442368
9.598921e-06
0.01442361
9.601011e-06
0.01442353
9.602743e-06
0.01442344
9.604136e-06
0.01442334
9.605206e-06
0.01442323
9.605969e-06
0.01442312
9.606435e-06
0.01442299
9.606614e-06
0.01442286
9.606515e-06
0.01442272
9.606141e-06
0.01442257
9.605497e-06
0.01442242
9.604584e-06
0.01442226
9.603402e-06
0.01442209
9.601948e-06
0.01442191
9.600217e-06
0.01442173
9.598202e-06
0.01442154
9.595896e-06
0.01442134
9.593287e-06
0.01442114
9.590362e-06
0.01442093
9.587104e-06
0.01442072
9.583495e-06
0.0144205
9.579513e-06
0.01442027
9.575133e-06
0.01442004
9.570325e-06
0.0144198
9.565057e-06
0.01441956
9.559292e-06
0.01441931
9.552985e-06
0.01441906
9.54609e-06
0.01441881
9.538549e-06
0.01441855
9.530299e-06
0.01441829
9.521269e-06
0.01441803
9.511376e-06
0.01441776
9.500525e-06
0.0144175
9.488607e-06
0.01441723
9.475495e-06
0.01441696
9.461045e-06
0.01441669
9.445086e-06
0.01441643
9.427418e-06
0.01441616
9.407808e-06
0.0144159
9.385977e-06
0.01441565
9.361593e-06
0.0144154
9.334257e-06
0.01441516
9.303484e-06
0.01441493
9.26868e-06
0.01441471
9.22911e-06
0.01441451
9.183851e-06
0.01441433
9.131731e-06
0.01441417
9.071242e-06
0.01441403
9.000404e-06
0.01441394
8.916574e-06
0.01441388
8.816148e-06
0.01441388
8.694101e-06
0.01441395
8.54324e-06
0.0144141
8.353002e-06
0.01441436
8.107406e-06
0.01441475
7.781696e-06
0.01441532
7.335986e-06
0.0144161
6.706762e-06
0.0144171
5.78131e-06
0.01441825
4.401335e-06
2.173849e-06
0.01440139
2.359597e-06
0.0144034
4.635694e-06
0.01440495
5.705481e-06
0.01440612
6.292905e-06
0.01440715
6.863546e-06
0.01440806
7.30764e-06
0.01440887
7.628206e-06
0.0144096
7.880388e-06
0.01441027
8.086202e-06
0.0144109
8.254751e-06
0.01441148
8.394457e-06
0.01441202
8.511926e-06
0.01441254
8.611729e-06
0.01441302
8.697241e-06
0.01441349
8.771068e-06
0.01441393
8.835236e-06
0.01441436
8.891334e-06
0.01441477
8.940627e-06
0.01441516
8.984134e-06
0.01441555
9.022686e-06
0.01441592
9.056965e-06
0.01441628
9.087535e-06
0.01441663
9.11487e-06
0.01441697
9.139367e-06
0.01441731
9.161362e-06
0.01441764
9.181143e-06
0.01441796
9.198953e-06
0.01441828
9.215006e-06
0.0144186
9.229485e-06
0.0144189
9.242547e-06
0.01441921
9.254331e-06
0.01441951
9.26496e-06
0.01441981
9.274537e-06
0.0144201
9.283158e-06
0.01442039
9.290904e-06
0.01442068
9.297847e-06
0.01442097
9.30405e-06
0.01442125
9.309571e-06
0.01442153
9.314459e-06
0.01442181
9.318757e-06
0.01442209
9.322503e-06
0.01442237
9.32573e-06
0.01442264
9.328467e-06
0.01442292
9.33074e-06
0.01442319
9.332568e-06
0.01442346
9.333969e-06
0.01442373
9.334958e-06
0.01442401
9.335544e-06
0.01442428
9.335737e-06
0.01442455
9.33554e-06
0.01442482
9.334956e-06
0.01442509
9.333984e-06
0.01442535
9.33262e-06
0.01442562
9.330857e-06
0.01442589
9.328685e-06
0.01442616
9.326092e-06
0.01442643
9.323061e-06
0.0144267
9.319571e-06
0.01442698
9.3156e-06
0.01442725
9.311119e-06
0.01442752
9.306097e-06
0.0144278
9.300496e-06
0.01442807
9.294273e-06
0.01442835
9.287381e-06
0.01442863
9.279763e-06
0.01442891
9.271357e-06
0.01442919
9.262092e-06
0.01442948
9.251886e-06
0.01442977
9.240646e-06
0.01443006
9.228269e-06
0.01443036
9.214632e-06
0.01443066
9.199599e-06
0.01443097
9.183011e-06
0.01443128
9.164686e-06
0.01443159
9.144412e-06
0.01443192
9.121946e-06
0.01443225
9.096999e-06
0.01443259
9.069237e-06
0.01443293
9.038261e-06
0.01443329
9.003598e-06
0.01443366
8.964683e-06
0.01443404
8.920831e-06
0.01443444
8.871209e-06
0.01443486
8.81479e-06
0.01443529
8.7503e-06
0.01443574
8.676136e-06
0.01443623
8.590254e-06
0.01443674
8.490016e-06
0.01443728
8.371963e-06
0.01443787
8.231486e-06
0.0144385
8.062342e-06
0.01443918
7.855921e-06
0.01443994
7.600151e-06
0.01444077
7.277832e-06
0.01444168
6.864231e-06
0.0144427
6.323476e-06
0.0144438
5.604809e-06
0.01444494
4.637174e-06
0.01444601
3.337649e-06
1.637084e-06
0.01440385
1.591059e-06
0.01440482
3.663306e-06
0.01440572
4.817151e-06
0.01440653
5.480938e-06
0.01440733
6.064709e-06
0.01440809
6.547178e-06
0.0144088
6.920093e-06
0.01440946
7.220395e-06
0.01441008
7.469355e-06
0.01441065
7.676808e-06
0.0144112
7.851015e-06
0.01441171
7.998825e-06
0.0144122
8.125302e-06
0.01441266
8.234288e-06
0.0144131
8.328807e-06
0.01441353
8.411257e-06
0.01441393
8.483552e-06
0.01441433
8.547235e-06
0.01441471
8.603562e-06
0.01441508
8.653563e-06
0.01441543
8.698092e-06
0.01441578
8.73786e-06
0.01441612
8.773464e-06
0.01441646
8.805409e-06
0.01441679
8.834122e-06
0.01441711
8.85997e-06
0.01441742
8.883269e-06
0.01441773
8.904289e-06
0.01441804
8.923267e-06
0.01441834
8.940406e-06
0.01441864
8.955885e-06
0.01441893
8.969861e-06
0.01441923
8.982471e-06
0.01441952
8.993836e-06
0.0144198
9.004062e-06
0.01442009
9.013243e-06
0.01442037
9.021462e-06
0.01442065
9.028792e-06
0.01442093
9.035296e-06
0.01442121
9.041032e-06
0.01442148
9.046049e-06
0.01442176
9.050389e-06
0.01442203
9.054092e-06
0.01442231
9.057187e-06
0.01442258
9.059703e-06
0.01442285
9.061662e-06
0.01442312
9.063082e-06
0.01442339
9.063978e-06
0.01442367
9.064358e-06
0.01442394
9.064231e-06
0.01442421
9.063597e-06
0.01442448
9.062456e-06
0.01442475
9.060802e-06
0.01442502
9.058626e-06
0.0144253
9.055915e-06
0.01442557
9.052652e-06
0.01442584
9.048816e-06
0.01442612
9.04438e-06
0.0144264
9.039313e-06
0.01442667
9.033578e-06
0.01442695
9.027135e-06
0.01442723
9.019933e-06
0.01442751
9.011918e-06
0.0144278
9.003026e-06
0.01442809
8.993185e-06
0.01442837
8.982314e-06
0.01442867
8.970319e-06
0.01442896
8.957096e-06
0.01442926
8.942524e-06
0.01442956
8.926468e-06
0.01442987
8.908771e-06
0.01443018
8.889257e-06
0.01443049
8.867722e-06
0.01443081
8.843933e-06
0.01443114
8.817618e-06
0.01443147
8.788465e-06
0.01443181
8.756111e-06
0.01443216
8.720127e-06
0.01443252
8.680014e-06
0.01443289
8.635175e-06
0.01443327
8.584905e-06
0.01443366
8.528352e-06
0.01443407
8.464488e-06
0.01443449
8.39206e-06
0.01443493
8.309524e-06
0.01443539
8.214961e-06
0.01443588
8.105965e-06
0.01443639
7.979479e-06
0.01443693
7.831587e-06
0.0144375
7.657207e-06
0.01443811
7.449686e-06
0.01443877
7.200224e-06
0.01443947
6.897111e-06
0.01444023
6.524726e-06
0.01444103
6.062335e-06
0.01444187
5.482861e-06
0.01444272
4.752332e-06
0.01444353
3.831852e-06
0.01444418
2.682964e-06
1.306902e-06
0.01440361
1.642651e-06
0.0144042
3.082627e-06
0.01440499
4.029359e-06
0.01440576
4.713618e-06
0.0144065
5.319402e-06
0.01440722
5.833334e-06
0.01440789
6.247966e-06
0.01440852
6.589e-06
0.01440912
6.875097e-06
0.01440968
7.11632e-06
0.01441021
7.320881e-06
0.01441071
7.495748e-06
0.01441119
7.646303e-06
0.01441165
7.776724e-06
0.01441208
7.890344e-06
0.01441251
7.989839e-06
0.01441291
8.077371e-06
0.0144133
8.1547e-06
0.01441368
8.223271e-06
0.01441405
8.284278e-06
0.01441441
8.338716e-06
0.01441476
8.387421e-06
0.0144151
8.431095e-06
0.01441544
8.470338e-06
0.01441577
8.505659e-06
0.01441609
8.537496e-06
0.01441641
8.566227e-06
0.01441672
8.592177e-06
0.01441703
8.615631e-06
0.01441733
8.636836e-06
0.01441763
8.656009e-06
0.01441793
8.673339e-06
0.01441822
8.688994e-06
0.01441851
8.70312e-06
0.0144188
8.715847e-06
0.01441908
8.72729e-06
0.01441937
8.737549e-06
0.01441965
8.746715e-06
0.01441993
8.754865e-06
0.01442021
8.762069e-06
0.01442049
8.768387e-06
0.01442076
8.773873e-06
0.01442104
8.778572e-06
0.01442131
8.782524e-06
0.01442159
8.785762e-06
0.01442186
8.788313e-06
0.01442213
8.7902e-06
0.0144224
8.791441e-06
0.01442268
8.792047e-06
0.01442295
8.792026e-06
0.01442322
8.791381e-06
0.01442349
8.790111e-06
0.01442377
8.78821e-06
0.01442404
8.785665e-06
0.01442431
8.782461e-06
0.01442459
8.778577e-06
0.01442486
8.773987e-06
0.01442514
8.768659e-06
0.01442541
8.762555e-06
0.01442569
8.75563e-06
0.01442597
8.747832e-06
0.01442625
8.739103e-06
0.01442653
8.729375e-06
0.01442682
8.718571e-06
0.01442711
8.706604e-06
0.01442739
8.693373e-06
0.01442769
8.678767e-06
0.01442798
8.662658e-06
0.01442828
8.644902e-06
0.01442858
8.625332e-06
0.01442888
8.603764e-06
0.01442919
8.579982e-06
0.01442951
8.553744e-06
0.01442983
8.524769e-06
0.01443015
8.492736e-06
0.01443048
8.457273e-06
0.01443082
8.417948e-06
0.01443117
8.37426e-06
0.01443152
8.325619e-06
0.01443188
8.271332e-06
0.01443226
8.210581e-06
0.01443264
8.142387e-06
0.01443304
8.065577e-06
0.01443346
7.978737e-06
0.01443389
7.880145e-06
0.01443433
7.76769e-06
0.0144348
7.638766e-06
0.01443529
7.490131e-06
0.0144358
7.317723e-06
0.01443634
7.116419e-06
0.01443691
6.879729e-06
0.01443751
6.599411e-06
0.01443815
6.265019e-06
0.01443881
5.863423e-06
0.01443949
5.378426e-06
0.01444018
4.790822e-06
0.01444086
4.079308e-06
0.01444146
3.224628e-06
0.01444193
2.213147e-06
1.070562e-06
0.01440468
1.226933e-06
0.0144052
2.566823e-06
0.01440577
3.45806e-06
0.01440636
4.13013e-06
0.01440695
4.731789e-06
0.01440753
5.250335e-06
0.0144081
5.680364e-06
0.01440865
6.041283e-06
0.01440918
6.348417e-06
0.01440968
6.610833e-06
0.01441017
6.835998e-06
0.01441063
7.03036e-06
0.01441108
7.199071e-06
0.01441151
7.34624e-06
0.01441192
7.475206e-06
0.01441233
7.588705e-06
0.01441271
7.688982e-06
0.01441309
7.777892e-06
0.01441346
7.856978e-06
0.01441381
7.927529e-06
0.01441416
7.990631e-06
0.0144145
8.047201e-06
0.01441483
8.09802e-06
0.01441516
8.143755e-06
0.01441548
8.184977e-06
0.0144158
8.22218e-06
0.01441611
8.255791e-06
0.01441641
8.286182e-06
0.01441671
8.313676e-06
0.01441701
8.338556e-06
0.01441731
8.361071e-06
0.0144176
8.38144e-06
0.01441789
8.399853e-06
0.01441817
8.416482e-06
0.01441846
8.431476e-06
0.01441874
8.444968e-06
0.01441902
8.457075e-06
0.0144193
8.4679e-06
0.01441958
8.477536e-06
0.01441985
8.486062e-06
0.01442013
8.493549e-06
0.0144204
8.500059e-06
0.01442067
8.505646e-06
0.01442095
8.510354e-06
0.01442122
8.514223e-06
0.01442149
8.517285e-06
0.01442176
8.519566e-06
0.01442203
8.521087e-06
0.0144223
8.521861e-06
0.01442257
8.521897e-06
0.01442284
8.521198e-06
0.01442311
8.519764e-06
0.01442338
8.517585e-06
0.01442365
8.514648e-06
0.01442392
8.510936e-06
0.01442419
8.506423e-06
0.01442447
8.501079e-06
0.01442474
8.494864e-06
0.01442502
8.487737e-06
0.01442529
8.479643e-06
0.01442557
8.470523e-06
0.01442585
8.460308e-06
0.01442613
8.448919e-06
0.01442641
8.436266e-06
0.01442669
8.422248e-06
0.01442698
8.406748e-06
0.01442727
8.389637e-06
0.01442756
8.370766e-06
0.01442786
8.349968e-06
0.01442816
8.327054e-06
0.01442846
8.301807e-06
0.01442876
8.273984e-06
0.01442907
8.243305e-06
0.01442939
8.209451e-06
0.01442971
8.172056e-06
0.01443004
8.130699e-06
0.01443037
8.084893e-06
0.01443071
8.034075e-06
0.01443106
7.977589e-06
0.01443141
7.914667e-06
0.01443178
7.844406e-06
0.01443216
7.76574e-06
0.01443254
7.677403e-06
0.01443295
7.577882e-06
0.01443336
7.465361e-06
0.01443379
7.337647e-06
0.01443424
7.192081e-06
0.0144347
7.025421e-06
0.01443519
6.833703e-06
0.01443569
6.612073e-06
0.01443622
6.354588e-06
0.01443676
6.054007e-06
0.01443732
5.701594e-06
0.0144379
5.287015e-06
0.01443848
4.798441e-06
0.01443905
4.223176e-06
0.01443958
3.548936e-06
0.01444004
2.767563e-06
0.01444037
1.876635e-06
9.018898e-07
0.0144048
1.195494e-06
0.0144051
2.2668e-06
0.01440553
3.025586e-06
0.01440601
3.652924e-06
0.01440652
4.227283e-06
0.01440704
4.732356e-06
0.01440756
5.162961e-06
0.01440807
5.532574e-06
0.01440856
5.852394e-06
0.01440904
6.129557e-06
0.01440951
6.370289e-06
0.01440996
6.580186e-06
0.01441039
6.763914e-06
0.01441081
6.925317e-06
0.01441122
7.06761e-06
0.01441162
7.19348e-06
0.014412
7.305178e-06
0.01441237
7.404592e-06
0.01441274
7.493315e-06
0.01441309
7.572693e-06
0.01441344
7.643872e-06
0.01441378
7.707828e-06
0.01441411
7.765398e-06
0.01441444
7.817302e-06
0.01441476
7.864162e-06
0.01441507
7.906516e-06
0.01441538
7.944834e-06
0.01441569
7.979524e-06
0.01441599
8.010945e-06
0.01441629
8.03941e-06
0.01441659
8.065196e-06
0.01441688
8.088547e-06
0.01441717
8.109679e-06
0.01441746
8.128781e-06
0.01441774
8.146022e-06
0.01441803
8.161551e-06
0.01441831
8.175501e-06
0.01441859
8.187988e-06
0.01441886
8.199117e-06
0.01441914
8.208978e-06
0.01441942
8.21765e-06
0.01441969
8.225205e-06
0.01441997
8.231702e-06
0.01442024
8.237194e-06
0.01442051
8.241724e-06
0.01442078
8.24533e-06
0.01442106
8.248041e-06
0.01442133
8.24988e-06
0.0144216
8.250863e-06
0.01442187
8.251e-06
0.01442214
8.250296e-06
0.01442241
8.248747e-06
0.01442268
8.246345e-06
0.01442295
8.243076e-06
0.01442322
8.238917e-06
0.0144235
8.233842e-06
0.01442377
8.227814e-06
0.01442404
8.220791e-06
0.01442432
8.212723e-06
0.0144246
8.203551e-06
0.01442487
8.193207e-06
0.01442515
8.181613e-06
0.01442543
8.168679e-06
0.01442571
8.154304e-06
0.014426
8.138375e-06
0.01442628
8.12076e-06
0.01442657
8.101314e-06
0.01442686
8.079871e-06
0.01442716
8.056244e-06
0.01442745
8.030222e-06
0.01442775
8.001564e-06
0.01442806
7.97e-06
0.01442837
7.935221e-06
0.01442868
7.896874e-06
0.014429
7.85456e-06
0.01442932
7.807816e-06
0.01442965
7.756117e-06
0.01442998
7.698851e-06
0.01443032
7.635314e-06
0.01443067
7.564688e-06
0.01443103
7.486017e-06
0.0144314
7.398184e-06
0.01443178
7.299875e-06
0.01443217
7.18954e-06
0.01443257
7.065343e-06
0.01443298
6.925104e-06
0.0144334
6.766223e-06
0.01443384
6.585602e-06
0.0144343
6.379544e-06
0.01443477
6.14365e-06
0.01443525
5.872717e-06
0.01443574
5.560652e-06
0.01443624
5.200456e-06
0.01443675
4.784321e-06
0.01443724
4.303965e-06
0.01443771
3.751408e-06
0.01443814
3.120176e-06
0.0144385
2.408166e-06
0.01443876
1.618195e-06
7.728747e-07
0.01440538
9.999064e-07
0.01440567
1.978292e-06
0.01440603
2.665383e-06
0.01440644
3.248418e-06
0.01440687
3.79489e-06
0.01440732
4.284325e-06
0.01440777
4.709949e-06
0.01440823
5.081462e-06
0.01440867
5.407227e-06
0.01440911
5.692839e-06
0.01440953
5.943472e-06
0.01440995
6.16395e-06
0.01441036
6.358424e-06
0.01441075
6.530414e-06
0.01441113
6.682924e-06
0.01441151
6.81852e-06
0.01441188
6.939384e-06
0.01441223
7.047374e-06
0.01441258
7.144079e-06
0.01441292
7.23086e-06
0.01441326
7.308881e-06
0.01441359
7.379149e-06
0.01441391
7.442532e-06
0.01441423
7.499782e-06
0.01441454
7.551553e-06
0.01441485
7.598416e-06
0.01441515
7.640867e-06
0.01441545
7.679346e-06
0.01441575
7.714236e-06
0.01441604
7.745875e-06
0.01441633
7.774563e-06
0.01441662
7.800563e-06
0.0144169
7.824109e-06
0.01441719
7.84541e-06
0.01441747
7.864649e-06
0.01441775
7.88199e-06
0.01441803
7.897577e-06
0.0144183
7.911539e-06
0.01441858
7.92399e-06
0.01441885
7.935029e-06
0.01441912
7.944746e-06
0.0144194
7.953216e-06
0.01441967
7.960508e-06
0.01441994
7.966678e-06
0.01442021
7.971775e-06
0.01442048
7.975839e-06
0.01442075
7.978905e-06
0.01442101
7.980995e-06
0.01442128
7.982129e-06
0.01442155
7.982318e-06
0.01442182
7.981566e-06
0.01442209
7.97987e-06
0.01442236
7.977221e-06
0.01442263
7.973601e-06
0.0144229
7.968988e-06
0.01442317
7.96335e-06
0.01442344
7.956648e-06
0.01442371
7.948835e-06
0.01442398
7.939855e-06
0.01442426
7.929644e-06
0.01442453
7.918125e-06
0.01442481
7.905213e-06
0.01442509
7.890809e-06
0.01442537
7.874803e-06
0.01442565
7.857068e-06
0.01442593
7.837462e-06
0.01442622
7.815825e-06
0.0144265
7.791976e-06
0.01442679
7.765711e-06
0.01442709
7.7368e-06
0.01442738
7.704984e-06
0.01442768
7.669969e-06
0.01442799
7.631424e-06
0.0144283
7.588971e-06
0.01442861
7.542181e-06
0.01442893
7.490567e-06
0.01442925
7.43357e-06
0.01442958
7.37055e-06
0.01442991
7.300772e-06
0.01443025
7.223388e-06
0.0144306
7.13742e-06
0.01443096
7.041731e-06
0.01443132
6.935001e-06
0.0144317
6.815692e-06
0.01443208
6.682009e-06
0.01443247
6.531854e-06
0.01443288
6.362772e-06
0.01443329
6.171901e-06
0.01443371
5.955911e-06
0.01443415
5.710953e-06
0.01443459
5.432627e-06
0.01443503
5.115987e-06
0.01443548
4.755623e-06
0.01443591
4.345865e-06
0.01443634
3.881179e-06
0.01443673
3.356887e-06
0.01443708
2.770125e-06
0.01443737
2.121834e-06
0.01443757
1.416651e-06
6.72699e-07
0.01440562
9.35557e-07
0.01440582
1.778387e-06
0.0144061
2.385815e-06
0.01440643
2.923846e-06
0.01440679
3.435997e-06
0.01440718
3.901016e-06
0.01440757
4.31235e-06
0.01440798
4.677059e-06
0.01440838
5.001151e-06
0.01440879
5.288711e-06
0.01440919
5.54377e-06
0.01440958
5.770263e-06
0.01440997
5.971693e-06
0.01441035
6.151124e-06
0.01441072
6.311242e-06
0.01441108
6.454391e-06
0.01441144
6.582608e-06
0.01441179
6.69766e-06
0.01441213
6.801078e-06
0.01441247
6.894191e-06
0.0144128
6.978155e-06
0.01441312
7.053974e-06
0.01441344
7.122526e-06
0.01441376
7.184575e-06
0.01441407
7.240792e-06
0.01441438
7.291767e-06
0.01441468
7.338017e-06
0.01441498
7.379998e-06
0.01441527
7.418113e-06
0.01441557
7.45272e-06
0.01441586
7.484133e-06
0.01441614
7.512633e-06
0.01441643
7.53847e-06
0.01441671
7.561865e-06
0.01441699
7.583015e-06
0.01441727
7.602095e-06
0.01441755
7.61926e-06
0.01441783
7.63465e-06
0.0144181
7.648387e-06
0.01441838
7.660579e-06
0.01441865
7.671321e-06
0.01441892
7.680697e-06
0.0144192
7.68878e-06
0.01441947
7.695631e-06
0.01441974
7.701304e-06
0.01442001
7.705843e-06
0.01442028
7.709283e-06
0.01442055
7.711651e-06
0.01442082
7.712968e-06
0.01442108
7.713245e-06
0.01442135
7.712487e-06
0.01442162
7.71069e-06
0.01442189
7.707846e-06
0.01442216
7.703934e-06
0.01442243
7.698931e-06
0.0144227
7.692801e-06
0.01442297
7.685502e-06
0.01442325
7.676985e-06
0.01442352
7.667187e-06
0.01442379
7.656038e-06
0.01442407
7.643457e-06
0.01442434
7.629351e-06
0.01442462
7.613614e-06
0.0144249
7.596126e-06
0.01442518
7.576751e-06
0.01442546
7.555337e-06
0.01442574
7.531711e-06
0.01442603
7.505681e-06
0.01442632
7.477028e-06
0.01442661
7.445509e-06
0.0144269
7.410848e-06
0.0144272
7.372735e-06
0.0144275
7.33082e-06
0.01442781
7.284709e-06
0.01442811
7.233954e-06
0.01442843
7.178047e-06
0.01442874
7.116413e-06
0.01442907
7.048396e-06
0.01442939
6.973247e-06
0.01442973
6.89011e-06
0.01443007
6.798006e-06
0.01443041
6.695809e-06
0.01443077
6.582227e-06
0.01443113
6.455773e-06
0.01443149
6.314738e-06
0.01443187
6.157157e-06
0.01443225
5.980776e-06
0.01443264
5.783021e-06
0.01443303
5.560974e-06
0.01443343
5.311359e-06
0.01443383
5.030554e-06
0.01443424
4.714657e-06
0.01443463
4.359606e-06
0.01443502
3.961418e-06
0.01443538
3.516566e-06
0.01443571
3.022574e-06
0.01443601
2.478722e-06
0.01443624
1.887391e-06
0.0144364
1.253661e-06
5.920269e-07
0.01440599
8.258859e-07
0.01440618
1.593258e-06
0.01440642
2.143911e-06
0.01440671
2.638986e-06
0.01440703
3.117576e-06
0.01440737
3.558294e-06
0.01440773
3.953979e-06
0.0144081
4.30958e-06
0.01440847
4.62929e-06
0.01440885
4.915944e-06
0.01440922
5.172594e-06
0.01440958
5.402399e-06
0.01440995
5.608274e-06
0.01441031
5.792856e-06
0.01441066
5.958516e-06
0.014411
6.107374e-06
0.01441135
6.241304e-06
0.01441168
6.361963e-06
0.01441201
6.470806e-06
0.01441234
6.569113e-06
0.01441266
6.65801e-06
0.01441297
6.738485e-06
0.01441328
6.81141e-06
0.01441359
6.87755e-06
0.01441389
6.937583e-06
0.01441419
6.992105e-06
0.01441449
7.041647e-06
0.01441478
7.086675e-06
0.01441507
7.127606e-06
0.01441536
7.164809e-06
0.01441564
7.198613e-06
0.01441593
7.22931e-06
0.01441621
7.257162e-06
0.01441649
7.282401e-06
0.01441677
7.305234e-06
0.01441704
7.325846e-06
0.01441732
7.344402e-06
0.01441759
7.361049e-06
0.01441786
7.375916e-06
0.01441813
7.389118e-06
0.0144184
7.400758e-06
0.01441867
7.410923e-06
0.01441894
7.419692e-06
0.01441921
7.427131e-06
0.01441948
7.433296e-06
0.01441975
7.438234e-06
0.01442001
7.441984e-06
0.01442028
7.444574e-06
0.01442055
7.446026e-06
0.01442081
7.446353e-06
0.01442108
7.445559e-06
0.01442135
7.443641e-06
0.01442162
7.440588e-06
0.01442188
7.436381e-06
0.01442215
7.430992e-06
0.01442242
7.424385e-06
0.01442269
7.416515e-06
0.01442296
7.407327e-06
0.01442323
7.396756e-06
0.0144235
7.384727e-06
0.01442377
7.371154e-06
0.01442405
7.355938e-06
0.01442432
7.338966e-06
0.0144246
7.32011e-06
0.01442487
7.299227e-06
0.01442515
7.276156e-06
0.01442543
7.250716e-06
0.01442572
7.222704e-06
0.014426
7.191891e-06
0.01442629
7.158021e-06
0.01442658
7.120809e-06
0.01442687
7.079932e-06
0.01442717
7.035029e-06
0.01442747
6.985693e-06
0.01442777
6.931466e-06
0.01442808
6.871831e-06
0.01442839
6.806205e-06
0.0144287
6.733929e-06
0.01442902
6.654255e-06
0.01442934
6.566338e-06
0.01442967
6.469216e-06
0.01443001
6.361798e-06
0.01443034
6.242845e-06
0.01443069
6.110953e-06
0.01443104
5.964527e-06
0.0144314
5.801768e-06
0.01443176
5.62065e-06
0.01443212
5.418912e-06
0.01443249
5.194052e-06
0.01443285
4.943344e-06
0.01443322
4.663879e-06
0.01443358
4.35265e-06
0.01443394
4.006695e-06
0.01443427
3.623323e-06
0.01443459
3.200437e-06
0.01443488
2.736992e-06
0.01443512
2.233485e-06
0.01443532
1.692842e-06
0.01443545
1.119893e-06
5.261051e-07
0.01440624
7.639837e-07
0.01440639
1.448644e-06
0.01440659
1.945618e-06
0.01440683
2.402463e-06
0.0144071
2.848694e-06
0.01440739
3.263726e-06
0.01440771
3.640742e-06
0.01440803
3.983358e-06
0.01440837
4.294508e-06
0.01440871
4.576101e-06
0.01440905
4.830405e-06
0.01440939
5.059905e-06
0.01440973
5.266974e-06
0.01441007
5.453822e-06
0.01441041
5.622489e-06
0.01441074
5.774839e-06
0.01441107
5.912554e-06
0.01441139
6.037143e-06
0.01441171
6.149955e-06
0.01441203
6.252193e-06
0.01441234
6.344926e-06
0.01441265
6.429104e-06
0.01441296
6.505573e-06
0.01441326
6.575083e-06
0.01441356
6.638302e-06
0.01441385
6.695824e-06
0.01441415
6.748178e-06
0.01441444
6.795835e-06
0.01441473
6.839216e-06
0.01441501
6.878697e-06
0.0144153
6.914613e-06
0.01441558
6.947263e-06
0.01441586
6.976917e-06
0.01441614
7.003815e-06
0.01441641
7.02817e-06
0.01441669
7.050175e-06
0.01441696
7.070001e-06
0.01441724
7.087801e-06
0.01441751
7.10371e-06
0.01441778
7.11785e-06
0.01441805
7.130326e-06
0.01441832
7.141231e-06
0.01441859
7.150648e-06
0.01441886
7.158645e-06
0.01441912
7.165282e-06
0.01441939
7.170609e-06
0.01441966
7.174666e-06
0.01441993
7.177484e-06
0.01442019
7.179084e-06
0.01442046
7.179481e-06
0.01442073
7.17868e-06
0.01442099
7.176676e-06
0.01442126
7.173458e-06
0.01442153
7.169006e-06
0.0144218
7.163291e-06
0.01442206
7.156275e-06
0.01442233
7.147909e-06
0.0144226
7.138136e-06
0.01442287
7.126888e-06
0.01442314
7.114087e-06
0.01442341
7.099641e-06
0.01442369
7.083445e-06
0.01442396
7.065384e-06
0.01442423
7.045322e-06
0.01442451
7.023111e-06
0.01442479
6.998583e-06
0.01442507
6.971549e-06
0.01442535
6.9418e-06
0.01442563
6.909098e-06
0.01442592
6.873182e-06
0.0144262
6.833757e-06
0.01442649
6.790494e-06
0.01442678
6.743025e-06
0.01442708
6.690939e-06
0.01442738
6.633772e-06
0.01442768
6.571009e-06
0.01442798
6.502067e-06
0.01442829
6.426296e-06
0.0144286
6.342962e-06
0.01442892
6.251242e-06
0.01442923
6.150211e-06
0.01442956
6.03883e-06
0.01442988
5.915932e-06
0.01443021
5.780211e-06
0.01443055
5.630211e-06
0.01443089
5.464312e-06
0.01443123
5.280729e-06
0.01443157
5.07751e-06
0.01443191
4.852551e-06
0.01443225
4.603626e-06
0.01443258
4.328447e-06
0.01443291
4.02475e-06
0.01443323
3.690439e-06
0.01443353
3.323779e-06
0.0144338
2.923661e-06
0.01443405
2.48994e-06
0.01443426
2.023765e-06
0.01443443
1.528159e-06
0.01443454
1.007487e-06
4.709443e-07
0.01440651
6.917275e-07
0.01440665
1.317544e-06
0.01440682
1.771274e-06
0.01440704
2.192418e-06
0.01440728
2.607622e-06
0.01440755
2.997463e-06
0.01440783
3.355318e-06
0.01440813
3.683799e-06
0.01440844
3.984883e-06
0.01440876
4.259735e-06
0.01440908
4.509949e-06
0.0144094
4.737416e-06
0.01440972
4.944021e-06
0.01441005
5.131574e-06
0.01441037
5.301802e-06
0.01441068
5.456317e-06
0.014411
5.596607e-06
0.01441131
5.724031e-06
0.01441162
5.839825e-06
0.01441193
5.945102e-06
0.01441223
6.04087e-06
0.01441253
6.128032e-06
0.01441283
6.207398e-06
0.01441313
6.279696e-06
0.01441342
6.345577e-06
0.01441371
6.405627e-06
0.014414
6.460367e-06
0.01441428
6.510269e-06
0.01441457
6.555752e-06
0.01441485
6.597196e-06
0.01441513
6.634938e-06
0.0144154
6.669283e-06
0.01441568
6.700505e-06
0.01441596
6.728847e-06
0.01441623
6.754531e-06
0.0144165
6.777753e-06
0.01441677
6.79869e-06
0.01441704
6.817499e-06
0.01441731
6.83432e-06
0.01441758
6.849278e-06
0.01441785
6.862484e-06
0.01441812
6.874035e-06
0.01441838
6.884014e-06
0.01441865
6.892494e-06
0.01441891
6.899539e-06
0.01441918
6.905198e-06
0.01441944
6.909515e-06
0.01441971
6.912521e-06
0.01441997
6.914239e-06
0.01442024
6.914684e-06
0.0144205
6.913861e-06
0.01442077
6.911766e-06
0.01442103
6.908387e-06
0.0144213
6.903703e-06
0.01442156
6.897683e-06
0.01442183
6.890288e-06
0.0144221
6.881468e-06
0.01442236
6.871162e-06
0.01442263
6.859301e-06
0.0144229
6.845802e-06
0.01442317
6.830571e-06
0.01442344
6.8135e-06
0.01442371
6.794467e-06
0.01442398
6.773335e-06
0.01442425
6.74995e-06
0.01442453
6.724139e-06
0.0144248
6.695709e-06
0.01442508
6.664444e-06
0.01442536
6.630105e-06
0.01442564
6.592424e-06
0.01442592
6.551103e-06
0.01442621
6.505811e-06
0.0144265
6.456177e-06
0.01442678
6.401791e-06
0.01442708
6.342193e-06
0.01442737
6.276871e-06
0.01442767
6.205257e-06
0.01442797
6.126714e-06
0.01442827
6.040535e-06
0.01442857
5.94593e-06
0.01442888
5.842022e-06
0.01442919
5.727835e-06
0.01442951
5.602288e-06
0.01442982
5.464187e-06
0.01443014
5.312218e-06
0.01443046
5.144949e-06
0.01443078
4.960829e-06
0.0144311
4.758201e-06
0.01443142
4.535324e-06
0.01443173
4.290412e-06
0.01443204
4.021699e-06
0.01443233
3.727521e-06
0.01443262
3.406448e-06
0.01443288
3.057441e-06
0.01443313
2.68006e-06
0.01443334
2.274704e-06
0.01443352
1.842829e-06
0.01443366
1.387325e-06
0.01443376
9.120185e-07
4.243021e-07
0.01440674
6.389471e-07
0.01440685
1.207529e-06
0.014407
1.622028e-06
0.01440718
2.011558e-06
0.01440739
2.398248e-06
0.01440763
2.763926e-06
0.01440788
3.102442e-06
0.01440815
3.41574e-06
0.01440843
3.705135e-06
0.01440872
3.971268e-06
0.01440901
4.215236e-06
0.01440931
4.438465e-06
0.01440961
4.642438e-06
0.01440992
4.828629e-06
0.01441022
4.998479e-06
0.01441052
5.153369e-06
0.01441082
5.294598e-06
0.01441112
5.423372e-06
0.01441142
5.540805e-06
0.01441172
5.647918e-06
0.01441201
5.74564e-06
0.01441231
5.834818e-06
0.0144126
5.916217e-06
0.01441289
5.990531e-06
0.01441317
6.058387e-06
0.01441346
6.120349e-06
0.01441374
6.176929e-06
0.01441402
6.228586e-06
0.0144143
6.275736e-06
0.01441458
6.318754e-06
0.01441486
6.357976e-06
0.01441513
6.393707e-06
0.01441541
6.426221e-06
0.01441568
6.455765e-06
0.01441595
6.48256e-06
0.01441622
6.506807e-06
0.01441649
6.528684e-06
0.01441676
6.548351e-06
0.01441703
6.565953e-06
0.0144173
6.581616e-06
0.01441757
6.595453e-06
0.01441783
6.607563e-06
0.0144181
6.618034e-06
0.01441836
6.626939e-06
0.01441863
6.634343e-06
0.01441889
6.640298e-06
0.01441916
6.644848e-06
0.01441942
6.648026e-06
0.01441969
6.649856e-06
0.01441995
6.650352e-06
0.01442022
6.649519e-06
0.01442048
6.647354e-06
0.01442074
6.643845e-06
0.01442101
6.638969e-06
0.01442127
6.632694e-06
0.01442154
6.62498e-06
0.0144218
6.615776e-06
0.01442207
6.605019e-06
0.01442234
6.592637e-06
0.0144226
6.578546e-06
0.01442287
6.562649e-06
0.01442314
6.544834e-06
0.01442341
6.524979e-06
0.01442368
6.502941e-06
0.01442395
6.478565e-06
0.01442422
6.451675e-06
0.0144245
6.422074e-06
0.01442477
6.389546e-06
0.01442505
6.353848e-06
0.01442533
6.314711e-06
0.01442561
6.271837e-06
0.01442589
6.224895e-06
0.01442617
6.17352e-06
0.01442645
6.117303e-06
0.01442674
6.055796e-06
0.01442703
5.988498e-06
0.01442732
5.914857e-06
0.01442761
5.834263e-06
0.01442791
5.746038e-06
0.0144282
5.649437e-06
0.0144285
5.543638e-06
0.0144288
5.427736e-06
0.0144291
5.300743e-06
0.01442941
5.161581e-06
0.01442971
5.009082e-06
0.01443001
4.841994e-06
0.01443031
4.658989e-06
0.01443061
4.458679e-06
0.01443091
4.239645e-06
0.0144312
4.000479e-06
0.01443148
3.739841e-06
0.01443175
3.456545e-06
0.01443201
3.149661e-06
0.01443225
2.818646e-06
0.01443246
2.463499e-06
0.01443265
2.084935e-06
0.01443281
1.684516e-06
0.01443293
1.264908e-06
0.01443302
8.294303e-07
3.84127e-07
0.01440696
5.858273e-07
0.01440706
1.108192e-06
0.01440719
1.489075e-06
0.01440736
1.849399e-06
0.01440755
2.209202e-06
0.01440776
2.551615e-06
0.01440799
2.870914e-06
0.01440824
3.168584e-06
0.0144085
3.445476e-06
0.01440877
3.701843e-06
0.01440905
3.938387e-06
0.01440933
4.156147e-06
0.01440961
4.356259e-06
0.0144099
4.539892e-06
0.01441019
4.708229e-06
0.01441048
4.86243e-06
0.01441077
5.003611e-06
0.01441106
5.132828e-06
0.01441135
5.251073e-06
0.01441164
5.359266e-06
0.01441193
5.458257e-06
0.01441222
5.548831e-06
0.0144125
5.631701e-06
0.01441278
5.707524e-06
0.01441306
5.776895e-06
0.01441334
5.840356e-06
0.01441362
5.8984e-06
0.0144139
5.951474e-06
0.01441417
5.999985e-06
0.01441445
6.0443e-06
0.01441472
6.084752e-06
0.01441499
6.121643e-06
0.01441526
6.155245e-06
0.01441553
6.185804e-06
0.0144158
6.213544e-06
0.01441607
6.238664e-06
0.01441634
6.261346e-06
0.0144166
6.281751e-06
0.01441687
6.300023e-06
0.01441714
6.316293e-06
0.0144174
6.330674e-06
0.01441766
6.343269e-06
0.01441793
6.354164e-06
0.01441819
6.363437e-06
0.01441846
6.371152e-06
0.01441872
6.377364e-06
0.01441898
6.382117e-06
0.01441924
6.385444e-06
0.01441951
6.387371e-06
0.01441977
6.387911e-06
0.01442003
6.387071e-06
0.01442029
6.384847e-06
0.01442056
6.381226e-06
0.01442082
6.376186e-06
0.01442108
6.369693e-06
0.01442134
6.361707e-06
0.01442161
6.352175e-06
0.01442187
6.341034e-06
0.01442214
6.328211e-06
0.0144224
6.313618e-06
0.01442267
6.297159e-06
0.01442293
6.278719e-06
0.0144232
6.258175e-06
0.01442347
6.235383e-06
0.01442374
6.210185e-06
0.014424
6.182404e-06
0.01442427
6.151844e-06
0.01442455
6.118287e-06
0.01442482
6.081491e-06
0.01442509
6.041189e-06
0.01442537
5.997086e-06
0.01442564
5.948856e-06
0.01442592
5.896138e-06
0.0144262
5.838536e-06
0.01442648
5.775611e-06
0.01442676
5.706883e-06
0.01442704
5.631821e-06
0.01442733
5.549844e-06
0.01442761
5.460314e-06
0.0144279
5.362532e-06
0.01442819
5.255737e-06
0.01442848
5.139101e-06
0.01442877
5.01173e-06
0.01442905
4.872661e-06
0.01442934
4.720868e-06
0.01442963
4.555271e-06
0.01442991
4.374744e-06
0.01443019
4.17814e-06
0.01443047
3.964318e-06
0.01443074
3.732185e-06
0.014431
3.480748e-06
0.01443124
3.209191e-06
0.01443148
2.916954e-06
0.01443169
2.603842e-06
0.01443189
2.270134e-06
0.01443205
1.916708e-06
0.01443219
1.545117e-06
0.0144323
1.157765e-06
0.01443237
7.57509e-07
3.493027e-07
0.01440715
5.418247e-07
0.01440724
1.021203e-06
0.01440736
1.371746e-06
0.0144075
1.705818e-06
0.01440767
2.040967e-06
0.01440786
2.361556e-06
0.01440807
2.662328e-06
0.0144083
2.944453e-06
0.01440853
3.208453e-06
0.01440878
3.45431e-06
0.01440904
3.682434e-06
0.0144093
3.893567e-06
0.01440957
4.088568e-06
0.01440984
4.268358e-06
0.01441011
4.433898e-06
0.01441039
4.586159e-06
0.01441067
4.726092e-06
0.01441094
4.854616e-06
0.01441122
4.972606e-06
0.0144115
5.080888e-06
0.01441178
5.180233e-06
0.01441206
5.271357e-06
0.01441233
5.354925e-06
0.01441261
5.431547e-06
0.01441288
5.501786e-06
0.01441316
5.566156e-06
0.01441343
5.625128e-06
0.0144137
5.679132e-06
0.01441397
5.728561e-06
0.01441424
5.773771e-06
0.01441451
5.815089e-06
0.01441478
5.852809e-06
0.01441505
5.8872e-06
0.01441532
5.918506e-06
0.01441558
5.946947e-06
0.01441585
5.972722e-06
0.01441611
5.996012e-06
0.01441638
6.016977e-06
0.01441664
6.035764e-06
0.01441691
6.052501e-06
0.01441717
6.067304e-06
0.01441743
6.080274e-06
0.0144177
6.091501e-06
0.01441796
6.10106e-06
0.01441822
6.109019e-06
0.01441848
6.115432e-06
0.01441874
6.120343e-06
0.01441901
6.123787e-06
0.01441927
6.125788e-06
0.01441953
6.126362e-06
0.01441979
6.125514e-06
0.01442005
6.123239e-06
0.01442031
6.119526e-06
0.01442057
6.114351e-06
0.01442084
6.107681e-06
0.0144211
6.099475e-06
0.01442136
6.089678e-06
0.01442162
6.078228e-06
0.01442189
6.06505e-06
0.01442215
6.050056e-06
0.01442241
6.033148e-06
0.01442268
6.014213e-06
0.01442294
5.993123e-06
0.01442321
5.969738e-06
0.01442348
5.943898e-06
0.01442374
5.915428e-06
0.01442401
5.88413e-06
0.01442428
5.84979e-06
0.01442455
5.812169e-06
0.01442482
5.771003e-06
0.01442509
5.726002e-06
0.01442536
5.676847e-06
0.01442563
5.623189e-06
0.01442591
5.564644e-06
0.01442618
5.50079e-06
0.01442646
5.431166e-06
0.01442674
5.355271e-06
0.01442701
5.272555e-06
0.01442729
5.182422e-06
0.01442757
5.084225e-06
0.01442785
4.977266e-06
0.01442813
4.860795e-06
0.0144284
4.734009e-06
0.01442868
4.596058e-06
0.01442895
4.44605e-06
0.01442923
4.283062e-06
0.0144295
4.10615e-06
0.01442976
3.914377e-06
0.01443002
3.706839e-06
0.01443027
3.482701e-06
0.01443051
3.241248e-06
0.01443073
2.981944e-06
0.01443095
2.704503e-06
0.01443114
2.408966e-06
0.01443131
2.095783e-06
0.01443147
1.765902e-06
0.01443159
1.420806e-06
0.01443168
1.062642e-06
0.01443175
6.938722e-07
3.186281e-07
0.01440733
4.999281e-07
0.01440741
9.422274e-07
0.01440752
1.265867e-06
0.01440765
1.575715e-06
0.01440781
1.887787e-06
0.01440798
2.187615e-06
0.01440818
2.470368e-06
0.01440838
2.737002e-06
0.0144086
2.987823e-06
0.01440884
3.222632e-06
0.01440908
3.441623e-06
0.01440932
3.645305e-06
0.01440958
3.834313e-06
0.01440984
4.009356e-06
0.0144101
4.171204e-06
0.01441036
4.320657e-06
0.01441063
4.458516e-06
0.0144109
4.585569e-06
0.01441117
4.70258e-06
0.01441144
4.810279e-06
0.01441171
4.909358e-06
0.01441198
5.000466e-06
0.01441225
5.084213e-06
0.01441252
5.161163e-06
0.01441279
5.231841e-06
0.01441306
5.29673e-06
0.01441333
5.356277e-06
0.0144136
5.41089e-06
0.01441387
5.460947e-06
0.01441413
5.506791e-06
0.0144144
5.548738e-06
0.01441466
5.587074e-06
0.01441493
5.622063e-06
0.01441519
5.653942e-06
0.01441546
5.682929e-06
0.01441572
5.70922e-06
0.01441598
5.732993e-06
0.01441625
5.754409e-06
0.01441651
5.773611e-06
0.01441677
5.790729e-06
0.01441703
5.805878e-06
0.01441729
5.819159e-06
0.01441755
5.830662e-06
0.01441781
5.840464e-06
0.01441807
5.84863e-06
0.01441833
5.855215e-06
0.01441859
5.860265e-06
0.01441885
5.863814e-06
0.01441911
5.865887e-06
0.01441937
5.866499e-06
0.01441963
5.865656e-06
0.01441989
5.863353e-06
0.01442015
5.859578e-06
0.01442041
5.854307e-06
0.01442067
5.847508e-06
0.01442093
5.839139e-06
0.01442119
5.829145e-06
0.01442146
5.817464e-06
0.01442172
5.80402e-06
0.01442198
5.788727e-06
0.01442224
5.771485e-06
0.0144225
5.752181e-06
0.01442276
5.730691e-06
0.01442303
5.706871e-06
0.01442329
5.680566e-06
0.01442355
5.6516e-06
0.01442382
5.619781e-06
0.01442408
5.584896e-06
0.01442435
5.546711e-06
0.01442461
5.504969e-06
0.01442488
5.459387e-06
0.01442515
5.409657e-06
0.01442542
5.355441e-06
0.01442568
5.29637e-06
0.01442595
5.232044e-06
0.01442622
5.162026e-06
0.01442649
5.085842e-06
0.01442676
5.002979e-06
0.01442703
4.912886e-06
0.0144273
4.814967e-06
0.01442757
4.708589e-06
0.01442784
4.593076e-06
0.0144281
4.467716e-06
0.01442837
4.331765e-06
0.01442863
4.184453e-06
0.01442889
4.024997e-06
0.01442914
3.852617e-06
0.01442939
3.666556e-06
0.01442963
3.466105e-06
0.01442986
3.250641e-06
0.01443008
3.019666e-06
0.01443029
2.772859e-06
0.01443048
2.510127e-06
0.01443066
2.231668e-06
0.01443082
1.93803e-06
0.01443096
1.630167e-06
0.01443107
1.309466e-06
0.01443115
9.778228e-07
0.01443121
6.3736e-07
2.91521e-07
0.0144075
4.630036e-07
0.01440757
8.712101e-07
0.01440767
1.170404e-06
0.01440779
1.458146e-06
0.01440793
1.748901e-06
0.01440809
2.029281e-06
0.01440826
2.294862e-06
0.01440845
2.546448e-06
0.01440866
2.784198e-06
0.01440887
3.007788e-06
0.0144091
3.217257e-06
0.01440933
3.412934e-06
0.01440957
3.595276e-06
0.01440981
3.764821e-06
0.01441006
3.922181e-06
0.01441031
4.068008e-06
0.01441057
4.202973e-06
0.01441083
4.327749e-06
0.01441109
4.442999e-06
0.01441135
4.549365e-06
0.01441161
4.647465e-06
0.01441187
4.737884e-06
0.01441213
4.821177e-06
0.0144124
4.897863e-06
0.01441266
4.968428e-06
0.01441292
5.033325e-06
0.01441319
5.092971e-06
0.01441345
5.147756e-06
0.01441371
5.198036e-06
0.01441397
5.244141e-06
0.01441424
5.286374e-06
0.0144145
5.325013e-06
0.01441476
5.36031e-06
0.01441502
5.392499e-06
0.01441528
5.421791e-06
0.01441554
5.448379e-06
0.0144158
5.472436e-06
0.01441606
5.494121e-06
0.01441632
5.513577e-06
0.01441658
5.530929e-06
0.01441684
5.546293e-06
0.0144171
5.559769e-06
0.01441736
5.571445e-06
0.01441762
5.581399e-06
0.01441788
5.589695e-06
0.01441814
5.596388e-06
0.0144184
5.601524e-06
0.01441866
5.605136e-06
0.01441891
5.60725e-06
0.01441917
5.607879e-06
0.01441943
5.607031e-06
0.01441969
5.604701e-06
0.01441995
5.600876e-06
0.01442021
5.595532e-06
0.01442047
5.588638e-06
0.01442072
5.580151e-06
0.01442098
5.570016e-06
0.01442124
5.558172e-06
0.0144215
5.544544e-06
0.01442176
5.529045e-06
0.01442202
5.511576e-06
0.01442228
5.492027e-06
0.01442254
5.470272e-06
0.0144228
5.446173e-06
0.01442306
5.419574e-06
0.01442333
5.390304e-06
0.01442359
5.358175e-06
0.01442385
5.322977e-06
0.01442411
5.284485e-06
0.01442437
5.242448e-06
0.01442464
5.196593e-06
0.0144249
5.146625e-06
0.01442516
5.092219e-06
0.01442543
5.033026e-06
0.01442569
4.968665e-06
0.01442595
4.898726e-06
0.01442622
4.822766e-06
0.01442648
4.74031e-06
0.01442674
4.65085e-06
0.014427
4.553844e-06
0.01442726
4.44872e-06
0.01442752
4.334876e-06
0.01442778
4.211684e-06
0.01442803
4.078496e-06
0.01442828
3.934656e-06
0.01442852
3.779505e-06
0.01442876
3.612404e-06
0.014429
3.432746e-06
0.01442922
3.239988e-06
0.01442944
3.033675e-06
0.01442965
2.813478e-06
0.01442984
2.579234e-06
0.01443002
2.330988e-06
0.01443018
2.069038e-06
0.01443033
1.79398e-06
0.01443045
1.506741e-06
0.01443055
1.208596e-06
0.01443063
9.012232e-07
0.01443068
5.864569e-07
2.672189e-07
0.01440765
4.284298e-07
0.01440772
8.061459e-07
0.01440781
1.083196e-06
0.01440792
1.350455e-06
0.01440805
1.621258e-06
0.0144082
1.883223e-06
0.01440836
2.132285e-06
0.01440854
2.369147e-06
0.01440873
2.593874e-06
0.01440893
2.806071e-06
0.01440914
3.005667e-06
0.01440936
3.192859e-06
0.01440959
3.367963e-06
0.01440982
3.531382e-06
0.01441006
3.683595e-06
0.0144103
3.825128e-06
0.01441055
3.956538e-06
0.0144108
4.078394e-06
0.01441105
4.191266e-06
0.0144113
4.295714e-06
0.01441156
4.392284e-06
0.01441181
4.4815e-06
0.01441207
4.563861e-06
0.01441233
4.639842e-06
0.01441259
4.709889e-06
0.01441284
4.77442e-06
0.0144131
4.833825e-06
0.01441336
4.88847e-06
0.01441362
4.93869e-06
0.01441388
4.984799e-06
0.01441414
5.027085e-06
0.0144144
5.065813e-06
0.01441466
5.101229e-06
0.01441492
5.133556e-06
0.01441518
5.162999e-06
0.01441543
5.189745e-06
0.01441569
5.213963e-06
0.01441595
5.235809e-06
0.01441621
5.255421e-06
0.01441647
5.272924e-06
0.01441672
5.28843e-06
0.01441698
5.302039e-06
0.01441724
5.313837e-06
0.0144175
5.323901e-06
0.01441775
5.332294e-06
0.01441801
5.339072e-06
0.01441827
5.344279e-06
0.01441853
5.347948e-06
0.01441878
5.350104e-06
0.01441904
5.350762e-06
0.0144193
5.349928e-06
0.01441955
5.347598e-06
0.01441981
5.343758e-06
0.01442007
5.338386e-06
0.01442033
5.331451e-06
0.01442058
5.322908e-06
0.01442084
5.312706e-06
0.0144211
5.300783e-06
0.01442135
5.287064e-06
0.01442161
5.271465e-06
0.01442187
5.253888e-06
0.01442213
5.234225e-06
0.01442239
5.212351e-06
0.01442264
5.188132e-06
0.0144229
5.161416e-06
0.01442316
5.132035e-06
0.01442342
5.099806e-06
0.01442368
5.064528e-06
0.01442393
5.02598e-06
0.01442419
4.983923e-06
0.01442445
4.938095e-06
0.01442471
4.888213e-06
0.01442497
4.833971e-06
0.01442523
4.775035e-06
0.01442548
4.71105e-06
0.01442574
4.641633e-06
0.014426
4.566371e-06
0.01442625
4.484829e-06
0.01442651
4.396541e-06
0.01442676
4.301018e-06
0.01442701
4.197747e-06
0.01442726
4.086194e-06
0.01442751
3.96581e-06
0.01442775
3.836036e-06
0.01442799
3.696314e-06
0.01442822
3.546096e-06
0.01442845
3.384863e-06
0.01442867
3.212136e-06
0.01442888
3.027504e-06
0.01442908
2.830648e-06
0.01442928
2.621368e-06
0.01442945
2.399617e-06
0.01442962
2.165534e-06
0.01442977
1.919479e-06
0.0144299
1.662057e-06
0.01443001
1.394153e-06
0.01443011
1.116924e-06
0.01443018
8.318501e-07
0.01443022
5.405175e-07
2.453991e-07
0.01440779
3.969679e-07
0.01440786
7.465916e-07
0.01440794
1.003321e-06
0.01440804
1.25165e-06
0.01440816
1.503864e-06
0.0144083
1.748505e-06
0.01440845
1.98184e-06
0.01440861
2.204499e-06
0.01440879
2.416486e-06
0.01440898
2.617366e-06
0.01440918
2.806991e-06
0.01440938
2.98546e-06
0.0144096
3.152981e-06
0.01440982
3.309847e-06
0.01441005
3.456425e-06
0.01441028
3.593138e-06
0.01441051
3.720444e-06
0.01441075
3.838821e-06
0.01441099
3.948757e-06
0.01441124
4.050738e-06
0.01441149
4.145243e-06
0.01441174
4.232739e-06
0.01441199
4.313674e-06
0.01441224
4.388478e-06
0.01441249
4.45756e-06
0.01441274
4.521304e-06
0.01441299
4.580072e-06
0.01441325
4.634205e-06
0.0144135
4.684018e-06
0.01441376
4.729807e-06
0.01441401
4.771846e-06
0.01441427
4.810386e-06
0.01441452
4.845662e-06
0.01441478
4.877888e-06
0.01441504
4.907262e-06
0.01441529
4.933964e-06
0.01441555
4.958158e-06
0.0144158
4.979995e-06
0.01441606
4.99961e-06
0.01441631
5.017124e-06
0.01441657
5.032647e-06
0.01441683
5.046276e-06
0.01441708
5.058096e-06
0.01441734
5.068181e-06
0.01441759
5.076596e-06
0.01441785
5.083393e-06
0.0144181
5.088616e-06
0.01441836
5.092298e-06
0.01441861
5.094464e-06
0.01441887
5.095128e-06
0.01441913
5.094296e-06
0.01441938
5.091964e-06
0.01441964
5.088119e-06
0.01441989
5.082738e-06
0.01442015
5.07579e-06
0.0144204
5.067233e-06
0.01442066
5.057016e-06
0.01442091
5.045076e-06
0.01442117
5.031343e-06
0.01442143
5.015731e-06
0.01442168
4.998147e-06
0.01442194
4.978484e-06
0.01442219
4.956621e-06
0.01442245
4.932426e-06
0.0144227
4.905753e-06
0.01442296
4.876438e-06
0.01442322
4.844306e-06
0.01442347
4.809162e-06
0.01442373
4.770795e-06
0.01442398
4.728975e-06
0.01442424
4.683453e-06
0.01442449
4.633961e-06
0.01442474
4.580209e-06
0.014425
4.521885e-06
0.01442525
4.458657e-06
0.0144255
4.390167e-06
0.01442575
4.316039e-06
0.014426
4.235871e-06
0.01442625
4.149242e-06
0.01442649
4.055712e-06
0.01442674
3.954822e-06
0.01442698
3.846105e-06
0.01442721
3.72908e-06
0.01442744
3.603271e-06
0.01442767
3.468206e-06
0.0144279
3.323433e-06
0.01442811
3.168533e-06
0.01442832
3.003136e-06
0.01442852
2.826937e-06
0.01442871
2.639722e-06
0.01442889
2.441391e-06
0.01442906
2.23198e-06
0.01442921
2.01169e-06
0.01442935
1.780912e-06
0.01442947
1.540245e-06
0.01442958
1.290514e-06
0.01442966
1.03277e-06
0.01442973
7.68318e-07
0.01442977
4.985382e-07
2.255572e-07
0.01440793
3.675536e-07
0.01440799
6.915044e-07
0.01440806
9.295473e-07
0.01440816
1.16022e-06
0.01440827
1.39497e-06
0.01440839
1.623196e-06
0.01440853
1.841459e-06
0.01440869
2.050337e-06
0.01440885
2.249803e-06
0.01440903
2.439405e-06
0.01440922
2.618949e-06
0.01440942
2.788462e-06
0.01440962
2.948072e-06
0.01440983
3.097984e-06
0.01441005
3.23848e-06
0.01441027
3.369894e-06
0.0144105
3.492601e-06
0.01441073
3.606999e-06
0.01441097
3.713504e-06
0.01441121
3.812534e-06
0.01441145
3.904508e-06
0.01441169
3.989839e-06
0.01441193
4.068927e-06
0.01441218
4.142158e-06
0.01441243
4.209903e-06
0.01441268
4.272514e-06
0.01441293
4.330324e-06
0.01441318
4.383649e-06
0.01441343
4.432782e-06
0.01441368
4.478001e-06
0.01441393
4.519562e-06
0.01441418
4.557704e-06
0.01441444
4.59265e-06
0.01441469
4.624603e-06
0.01441494
4.653751e-06
0.0144152
4.680269e-06
0.01441545
4.704314e-06
0.0144157
4.726031e-06
0.01441596
4.745549e-06
0.01441621
4.762988e-06
0.01441647
4.778453e-06
0.01441672
4.792038e-06
0.01441697
4.803827e-06
0.01441723
4.813891e-06
0.01441748
4.822293e-06
0.01441774
4.829085e-06
0.01441799
4.834309e-06
0.01441825
4.837998e-06
0.0144185
4.840175e-06
0.01441875
4.840855e-06
0.01441901
4.840044e-06
0.01441926
4.837738e-06
0.01441952
4.833923e-06
0.01441977
4.828578e-06
0.01442002
4.821672e-06
0.01442028
4.813164e-06
0.01442053
4.803005e-06
0.01442079
4.791132e-06
0.01442104
4.777477e-06
0.01442129
4.761958e-06
0.01442155
4.744483e-06
0.0144218
4.724947e-06
0.01442205
4.703236e-06
0.01442231
4.679221e-06
0.01442256
4.652759e-06
0.01442281
4.623696e-06
0.01442307
4.59186e-06
0.01442332
4.557067e-06
0.01442357
4.519115e-06
0.01442382
4.477785e-06
0.01442407
4.432843e-06
0.01442432
4.384035e-06
0.01442457
4.331088e-06
0.01442482
4.273713e-06
0.01442507
4.211599e-06
0.01442531
4.144419e-06
0.01442556
4.071825e-06
0.0144258
3.993454e-06
0.01442604
3.908924e-06
0.01442628
3.817842e-06
0.01442651
3.719803e-06
0.01442674
3.614396e-06
0.01442697
3.501206e-06
0.01442719
3.379827e-06
0.01442741
3.249864e-06
0.01442762
3.110947e-06
0.01442783
2.962743e-06
0.01442803
2.804967e-06
0.01442822
2.637403e-06
0.0144284
2.459918e-06
0.01442857
2.272485e-06
0.01442872
2.0752e-06
0.01442887
1.868302e-06
0.014429
1.652193e-06
0.01442911
1.427452e-06
0.0144292
1.194841e-06
0.01442928
9.553065e-07
0.01442934
7.100001e-07
0.01442938
4.601226e-07
2.074959e-07
0.01440805
3.403071e-07
0.0144081
6.404432e-07
0.01440818
8.611637e-07
0.01440826
1.075352e-06
0.01440837
1.293695e-06
0.01440848
1.506391e-06
0.01440862
1.710265e-06
0.01440876
1.905858e-06
0.01440892
2.093129e-06
0.01440908
2.271627e-06
0.01440926
2.44113e-06
0.01440945
2.601614e-06
0.01440964
2.753147e-06
0.01440984
2.895868e-06
0.01441005
3.029984e-06
0.01441027
3.15576e-06
0.01441049
3.273498e-06
0.01441071
3.383529e-06
0.01441094
3.486203e-06
0.01441117
3.58188e-06
0.0144114
3.670924e-06
0.01441164
3.753697e-06
0.01441187
3.830554e-06
0.01441211
3.901842e-06
0.01441236
3.967894e-06
0.0144126
4.029033e-06
0.01441284
4.085562e-06
0.01441309
4.137773e-06
0.01441334
4.185938e-06
0.01441358
4.230315e-06
0.01441383
4.271144e-06
0.01441408
4.308651e-06
0.01441433
4.343043e-06
0.01441458
4.374517e-06
0.01441483
4.403249e-06
0.01441508
4.429406e-06
0.01441533
4.453138e-06
0.01441558
4.474585e-06
0.01441584
4.49387e-06
0.01441609
4.511109e-06
0.01441634
4.526403e-06
0.01441659
4.539843e-06
0.01441684
4.551509e-06
0.0144171
4.561473e-06
0.01441735
4.569793e-06
0.0144176
4.57652e-06
0.01441785
4.581696e-06
0.01441811
4.585352e-06
0.01441836
4.587511e-06
0.01441861
4.588187e-06
0.01441886
4.587387e-06
0.01441912
4.585105e-06
0.01441937
4.581329e-06
0.01441962
4.576039e-06
0.01441987
4.569203e-06
0.01442013
4.560783e-06
0.01442038
4.550729e-06
0.01442063
4.538983e-06
0.01442088
4.525478e-06
0.01442113
4.510133e-06
0.01442139
4.492861e-06
0.01442164
4.473561e-06
0.01442189
4.452121e-06
0.01442214
4.428418e-06
0.01442239
4.402316e-06
0.01442264
4.373666e-06
0.01442289
4.342306e-06
0.01442314
4.308059e-06
0.01442339
4.270733e-06
0.01442363
4.230124e-06
0.01442388
4.186008e-06
0.01442413
4.13815e-06
0.01442437
4.086294e-06
0.01442461
4.030171e-06
0.01442486
3.969495e-06
0.0144251
3.903965e-06
0.01442534
3.833265e-06
0.01442557
3.757065e-06
0.01442581
3.675023e-06
0.01442604
3.586789e-06
0.01442626
3.492006e-06
0.01442649
3.390314e-06
0.01442671
3.28136e-06
0.01442692
3.164797e-06
0.01442713
3.040298e-06
0.01442734
2.907562e-06
0.01442753
2.766326e-06
0.01442772
2.616378e-06
0.0144279
2.457571e-06
0.01442807
2.289834e-06
0.01442823
2.113193e-06
0.01442838
1.927785e-06
0.01442851
1.733871e-06
0.01442863
1.53185e-06
0.01442874
1.322271e-06
0.01442883
1.105837e-06
0.0144289
8.833956e-07
0.01442895
6.559665e-07
0.01442899
4.246001e-07
1.908783e-07
0.01440816
3.147478e-07
0.01440821
5.928076e-07
0.01440828
7.974122e-07
0.01440836
9.96112e-07
0.01440846
1.198953e-06
0.01440857
1.396879e-06
0.01440869
1.586951e-06
0.01440883
1.769683e-06
0.01440898
1.945035e-06
0.01440914
2.112571e-06
0.01440931
2.272055e-06
0.01440948
2.423432e-06
0.01440967
2.566725e-06
0.01440986
2.702022e-06
0.01441006
2.829475e-06
0.01441027
2.94929e-06
0.01441048
3.061709e-06
0.0144107
3.167006e-06
0.01441092
3.265474e-06
0.01441114
3.357421e-06
0.01441137
3.443162e-06
0.0144116
3.523011e-06
0.01441183
3.597284e-06
0.01441207
3.666289e-06
0.01441231
3.730327e-06
0.01441255
3.789687e-06
0.01441279
3.844647e-06
0.01441303
3.895473e-06
0.01441327
3.942417e-06
0.01441352
3.985717e-06
0.01441376
4.025597e-06
0.01441401
4.062267e-06
0.01441426
4.095923e-06
0.0144145
4.126748e-06
0.01441475
4.15491e-06
0.014415
4.180567e-06
0.01441525
4.203861e-06
0.0144155
4.224924e-06
0.01441575
4.243876e-06
0.014416
4.260826e-06
0.01441625
4.275871e-06
0.0144165
4.289099e-06
0.01441675
4.300588e-06
0.014417
4.310403e-06
0.01441725
4.318604e-06
0.0144175
4.325239e-06
0.01441776
4.330348e-06
0.01441801
4.333961e-06
0.01441826
4.336101e-06
0.01441851
4.336781e-06
0.01441876
4.336006e-06
0.01441901
4.333773e-06
0.01441926
4.330069e-06
0.01441951
4.324875e-06
0.01441977
4.31816e-06
0.01442002
4.309887e-06
0.01442027
4.300008e-06
0.01442052
4.288467e-06
0.01442077
4.275199e-06
0.01442102
4.260127e-06
0.01442127
4.243167e-06
0.01442152
4.224222e-06
0.01442177
4.203185e-06
0.01442201
4.179939e-06
0.01442226
4.154353e-06
0.01442251
4.126287e-06
0.01442276
4.095585e-06
0.014423
4.062081e-06
0.01442325
4.025595e-06
0.01442349
3.985932e-06
0.01442373
3.942887e-06
0.01442398
3.896236e-06
0.01442422
3.845745e-06
0.01442446
3.791164e-06
0.01442469
3.732232e-06
0.01442493
3.668671e-06
0.01442516
3.600197e-06
0.01442539
3.526512e-06
0.01442562
3.44731e-06
0.01442584
3.362281e-06
0.01442606
3.271112e-06
0.01442628
3.173492e-06
0.01442649
3.069116e-06
0.0144267
2.957694e-06
0.0144269
2.838956e-06
0.0144271
2.712659e-06
0.01442728
2.578599e-06
0.01442746
2.436622e-06
0.01442764
2.286633e-06
0.0144278
2.128612e-06
0.01442795
1.962622e-06
0.01442809
1.788824e-06
0.01442821
1.60749e-06
0.01442832
1.419009e-06
0.01442842
1.223892e-06
0.01442851
1.022783e-06
0.01442857
8.164438e-07
0.01442862
6.05773e-07
0.01442866
3.916904e-07
1.755655e-07
0.01440827
2.908352e-07
0.01440832
5.482578e-07
0.01440838
7.377827e-07
0.01440846
9.218937e-07
0.01440855
1.110059e-06
0.01440865
1.293919e-06
0.01440877
1.470754e-06
0.0144089
1.641059e-06
0.01440904
1.804805e-06
0.01440919
1.961578e-06
0.01440935
2.111141e-06
0.01440952
2.253421e-06
0.0144097
2.388409e-06
0.01440988
2.516155e-06
0.01441007
2.636767e-06
0.01441027
2.750401e-06
0.01441048
2.857252e-06
0.01441069
2.957542e-06
0.0144109
3.051517e-06
0.01441112
3.139437e-06
0.01441134
3.221572e-06
0.01441156
3.298198e-06
0.01441179
3.36959e-06
0.01441202
3.436022e-06
0.01441225
3.497761e-06
0.01441249
3.55507e-06
0.01441272
3.608199e-06
0.01441296
3.65739e-06
0.0144132
3.702876e-06
0.01441344
3.744874e-06
0.01441368
3.783592e-06
0.01441393
3.819226e-06
0.01441417
3.851958e-06
0.01441442
3.88196e-06
0.01441466
3.909389e-06
0.01441491
3.934394e-06
0.01441515
3.95711e-06
0.0144154
3.977661e-06
0.01441565
3.996162e-06
0.0144159
4.012716e-06
0.01441615
4.027416e-06
0.01441639
4.040344e-06
0.01441664
4.051576e-06
0.01441689
4.061176e-06
0.01441714
4.069198e-06
0.01441739
4.075691e-06
0.01441764
4.080691e-06
0.01441789
4.084228e-06
0.01441814
4.086325e-06
0.01441839
4.086993e-06
0.01441864
4.086237e-06
0.01441889
4.084054e-06
0.01441914
4.080433e-06
0.01441939
4.075354e-06
0.01441964
4.068788e-06
0.01441989
4.0607e-06
0.01442014
4.051043e-06
0.01442038
4.039764e-06
0.01442063
4.0268e-06
0.01442088
4.012078e-06
0.01442113
3.995518e-06
0.01442137
3.977027e-06
0.01442162
3.956503e-06
0.01442187
3.933835e-06
0.01442211
3.9089e-06
0.01442236
3.881563e-06
0.0144226
3.851679e-06
0.01442284
3.819092e-06
0.01442309
3.783632e-06
0.01442333
3.745118e-06
0.01442357
3.703357e-06
0.0144238
3.658144e-06
0.01442404
3.609261e-06
0.01442428
3.556479e-06
0.01442451
3.499558e-06
0.01442474
3.438248e-06
0.01442497
3.372291e-06
0.01442519
3.301419e-06
0.01442541
3.225362e-06
0.01442563
3.143844e-06
0.01442585
3.056593e-06
0.01442606
2.963341e-06
0.01442626
2.863828e-06
0.01442646
2.757811e-06
0.01442666
2.645067e-06
0.01442684
2.525404e-06
0.01442702
2.398666e-06
0.01442719
2.264746e-06
0.01442736
2.123589e-06
0.01442751
1.975212e-06
0.01442765
1.819704e-06
0.01442779
1.657241e-06
0.01442791
1.488094e-06
0.01442801
1.312636e-06
0.0144281
1.131343e-06
0.01442818
9.447987e-07
0.01442824
7.536863e-07
0.01442829
5.588017e-07
0.01442832
3.609527e-07
1.613359e-07
0.01440837
2.683309e-07
0.01440841
5.064284e-07
0.01440847
6.81788e-07
0.01440854
8.520889e-07
0.01440863
1.026291e-06
0.01440873
1.196695e-06
0.01440884
1.360781e-06
0.01440896
1.519034e-06
0.01440909
1.671443e-06
0.01440924
1.817625e-06
0.01440939
1.957352e-06
0.01440955
2.090539e-06
0.01440972
2.21716e-06
0.0144099
2.337235e-06
0.01441009
2.450838e-06
0.01441028
2.558087e-06
0.01441048
2.659134e-06
0.01441068
2.754161e-06
0.01441089
2.84337e-06
0.0144111
2.926982e-06
0.01441132
3.005228e-06
0.01441154
3.078344e-06
0.01441176
3.146572e-06
0.01441199
3.210153e-06
0.01441221
3.269326e-06
0.01441245
3.324324e-06
0.01441268
3.375374e-06
0.01441291
3.422695e-06
0.01441315
3.466499e-06
0.01441339
3.506985e-06
0.01441363
3.544345e-06
0.01441387
3.578759e-06
0.01441411
3.610396e-06
0.01441435
3.639417e-06
0.01441459
3.665968e-06
0.01441484
3.690188e-06
0.01441508
3.712204e-06
0.01441533
3.732134e-06
0.01441557
3.750085e-06
0.01441582
3.766154e-06
0.01441607
3.78043e-06
0.01441631
3.792992e-06
0.01441656
3.80391e-06
0.01441681
3.813244e-06
0.01441706
3.821049e-06
0.01441731
3.827368e-06
0.01441755
3.832237e-06
0.0144178
3.835685e-06
0.01441805
3.837733e-06
0.0144183
3.838391e-06
0.01441855
3.837666e-06
0.0144188
3.835553e-06
0.01441904
3.832043e-06
0.01441929
3.827115e-06
0.01441954
3.820742e-06
0.01441979
3.812891e-06
0.01442004
3.803518e-06
0.01442028
3.792571e-06
0.01442053
3.779991e-06
0.01442078
3.765708e-06
0.01442102
3.749646e-06
0.01442127
3.731717e-06
0.01442151
3.711826e-06
0.01442176
3.689866e-06
0.014422
3.665721e-06
0.01442224
3.639266e-06
0.01442248
3.610364e-06
0.01442272
3.578868e-06
0.01442296
3.544621e-06
0.0144232
3.507454e-06
0.01442344
3.467188e-06
0.01442367
3.423634e-06
0.0144239
3.376592e-06
0.01442413
3.325853e-06
0.01442436
3.271198e-06
0.01442459
3.212401e-06
0.01442481
3.149229e-06
0.01442503
3.081445e-06
0.01442525
3.008808e-06
0.01442546
2.931076e-06
0.01442567
2.848014e-06
0.01442587
2.759389e-06
0.01442607
2.664982e-06
0.01442626
2.56459e-06
0.01442645
2.458032e-06
0.01442663
2.345156e-06
0.0144268
2.225848e-06
0.01442697
2.100033e-06
0.01442713
1.967693e-06
0.01442727
1.828866e-06
0.01442741
1.683662e-06
0.01442753
1.532262e-06
0.01442765
1.374931e-06
0.01442775
1.212022e-06
0.01442783
1.043972e-06
0.01442791
8.713124e-07
0.01442797
6.946529e-07
0.01442801
5.146981e-07
0.01442804
3.321576e-07
1.480759e-07
0.01440846
2.472062e-07
0.0144085
4.671091e-07
0.01440856
6.290969e-07
0.01440862
7.862846e-07
0.01440871
9.471612e-07
0.0144088
1.104657e-06
0.0144089
1.256441e-06
0.01440902
1.402993e-06
0.01440915
1.544332e-06
0.01440928
1.680108e-06
0.01440943
1.81011e-06
0.01440959
1.934251e-06
0.01440975
2.052492e-06
0.01440992
2.164833e-06
0.0144101
2.271322e-06
0.01441029
2.372045e-06
0.01441048
2.467119e-06
0.01441068
2.556692e-06
0.01441088
2.640929e-06
0.01441109
2.720013e-06
0.0144113
2.794142e-06
0.01441151
2.863519e-06
0.01441173
2.928353e-06
0.01441195
2.988856e-06
0.01441217
3.045238e-06
0.0144124
3.097706e-06
0.01441263
3.146466e-06
0.01441286
3.191713e-06
0.01441309
3.23364e-06
0.01441333
3.272428e-06
0.01441356
3.308254e-06
0.0144138
3.341281e-06
0.01441404
3.371667e-06
0.01441428
3.399559e-06
0.01441452
3.425095e-06
0.01441476
3.448403e-06
0.014415
3.469602e-06
0.01441525
3.488802e-06
0.01441549
3.506103e-06
0.01441574
3.521597e-06
0.01441598
3.535368e-06
0.01441623
3.547489e-06
0.01441647
3.558027e-06
0.01441672
3.567039e-06
0.01441696
3.574577e-06
0.01441721
3.580681e-06
0.01441746
3.585386e-06
0.01441771
3.588719e-06
0.01441795
3.5907e-06
0.0144182
3.591339e-06
0.01441845
3.590641e-06
0.01441869
3.588604e-06
0.01441894
3.585216e-06
0.01441919
3.580459e-06
0.01441943
3.574309e-06
0.01441968
3.566732e-06
0.01441992
3.557688e-06
0.01442017
3.547126e-06
0.01442042
3.534992e-06
0.01442066
3.52122e-06
0.0144209
3.505737e-06
0.01442115
3.48846e-06
0.01442139
3.469301e-06
0.01442163
3.448158e-06
0.01442187
3.424924e-06
0.01442211
3.399481e-06
0.01442235
3.371701e-06
0.01442259
3.341449e-06
0.01442282
3.308577e-06
0.01442306
3.27293e-06
0.01442329
3.234343e-06
0.01442352
3.192642e-06
0.01442375
3.147645e-06
0.01442398
3.099161e-06
0.0144242
3.046993e-06
0.01442442
2.990936e-06
0.01442464
2.930782e-06
0.01442486
2.86632e-06
0.01442507
2.797338e-06
0.01442528
2.723624e-06
0.01442548
2.644974e-06
0.01442568
2.561189e-06
0.01442587
2.472084e-06
0.01442606
2.377492e-06
0.01442624
2.277265e-06
0.01442641
2.171286e-06
0.01442658
2.059471e-06
0.01442674
1.941777e-06
0.01442689
1.818206e-06
0.01442703
1.688817e-06
0.01442715
1.553728e-06
0.01442727
1.413122e-06
0.01442738
1.267255e-06
0.01442748
1.116453e-06
0.01442756
9.611196e-07
0.01442763
8.017335e-07
0.01442769
6.3884e-07
0.01442773
4.730626e-07
0.01442775
3.050262e-07
1.356451e-07
0.01440854
2.273428e-07
0.01440858
4.300857e-07
0.01440863
5.794008e-07
0.0144087
7.240731e-07
0.01440878
8.721632e-07
0.01440886
1.017209e-06
0.01440896
1.157064e-06
0.01440908
1.292214e-06
0.0144092
1.42271e-06
0.01440933
1.548242e-06
0.01440947
1.66862e-06
0.01440962
1.78376e-06
0.01440978
1.893615e-06
0.01440995
1.998173e-06
0.01441012
2.09746e-06
0.0144103
2.191535e-06
0.01441049
2.280489e-06
0.01441068
2.364435e-06
0.01441087
2.443511e-06
0.01441108
2.517867e-06
0.01441128
2.587668e-06
0.01441149
2.653089e-06
0.01441171
2.71431e-06
0.01441192
2.771516e-06
0.01441214
2.824891e-06
0.01441237
2.874619e-06
0.01441259
2.920883e-06
0.01441282
2.963858e-06
0.01441305
3.003718e-06
0.01441328
3.040628e-06
0.01441351
3.074747e-06
0.01441375
3.106226e-06
0.01441399
3.135209e-06
0.01441422
3.161831e-06
0.01441446
3.18622e-06
0.0144147
3.208494e-06
0.01441494
3.228764e-06
0.01441518
3.247131e-06
0.01441543
3.263689e-06
0.01441567
3.278525e-06
0.01441591
3.291716e-06
0.01441616
3.30333e-06
0.0144164
3.313432e-06
0.01441665
3.322074e-06
0.01441689
3.329304e-06
0.01441714
3.335161e-06
0.01441738
3.339678e-06
0.01441763
3.34288e-06
0.01441787
3.344785e-06
0.01441812
3.345404e-06
0.01441837
3.34474e-06
0.01441861
3.342792e-06
0.01441886
3.339549e-06
0.0144191
3.334995e-06
0.01441935
3.329104e-06
0.01441959
3.321847e-06
0.01441984
3.313184e-06
0.01442008
3.30307e-06
0.01442033
3.291451e-06
0.01442057
3.278267e-06
0.01442081
3.263449e-06
0.01442105
3.246921e-06
0.01442129
3.228597e-06
0.01442153
3.208385e-06
0.01442177
3.186184e-06
0.01442201
3.161885e-06
0.01442224
3.135369e-06
0.01442248
3.10651e-06
0.01442271
3.075173e-06
0.01442294
3.041215e-06
0.01442317
3.004485e-06
0.0144234
2.964825e-06
0.01442363
2.922066e-06
0.01442385
2.876039e-06
0.01442407
2.826564e-06
0.01442429
2.773458e-06
0.0144245
2.716536e-06
0.01442471
2.655611e-06
0.01442492
2.590496e-06
0.01442512
2.521007e-06
0.01442532
2.446968e-06
0.01442551
2.368209e-06
0.0144257
2.284576e-06
0.01442588
2.195929e-06
0.01442606
2.102152e-06
0.01442623
2.003153e-06
0.01442639
1.898875e-06
0.01442654
1.789296e-06
0.01442668
1.674438e-06
0.01442682
1.554369e-06
0.01442694
1.429212e-06
0.01442706
1.299147e-06
0.01442716
1.164416e-06
0.01442725
1.025322e-06
0.01442733
8.82233e-07
0.0144274
7.355786e-07
0.01442745
5.858458e-07
0.01442749
4.335866e-07
0.01442751
2.793507e-07
1.239409e-07
0.01440862
2.088407e-07
0.01440866
3.953234e-07
0.01440871
5.325569e-07
0.01440877
6.652399e-07
0.01440884
8.010085e-07
0.01440892
9.339918e-07
0.01440902
1.062235e-06
0.01440913
1.186236e-06
0.01440924
1.306085e-06
0.01440937
1.421518e-06
0.01440951
1.532367e-06
0.01440965
1.638556e-06
0.0144098
1.740036e-06
0.01440996
1.836783e-06
0.01441013
1.928808e-06
0.01441031
2.016148e-06
0.01441049
2.098869e-06
0.01441068
2.17706e-06
0.01441087
2.250827e-06
0.01441107
2.320296e-06
0.01441127
2.385603e-06
0.01441147
2.446896e-06
0.01441168
2.504329e-06
0.0144119
2.558061e-06
0.01441211
2.608254e-06
0.01441233
2.655069e-06
0.01441256
2.698668e-06
0.01441278
2.739208e-06
0.01441301
2.776842e-06
0.01441324
2.811722e-06
0.01441347
2.84399e-06
0.0144137
2.873783e-06
0.01441393
2.901233e-06
0.01441417
2.926464e-06
0.0144144
2.949591e-06
0.01441464
2.970724e-06
0.01441488
2.989966e-06
0.01441512
3.00741e-06
0.01441536
3.023142e-06
0.0144156
3.037244e-06
0.01441584
3.049786e-06
0.01441609
3.060833e-06
0.01441633
3.070444e-06
0.01441657
3.078669e-06
0.01441682
3.085551e-06
0.01441706
3.091128e-06
0.0144173
3.095431e-06
0.01441755
3.098482e-06
0.01441779
3.100298e-06
0.01441804
3.10089e-06
0.01441828
3.100262e-06
0.01441853
3.09841e-06
0.01441877
3.095326e-06
0.01441901
3.090994e-06
0.01441926
3.085391e-06
0.0144195
3.078488e-06
0.01441974
3.07025e-06
0.01441999
3.060632e-06
0.01442023
3.049586e-06
0.01442047
3.037056e-06
0.01442071
3.022976e-06
0.01442095
3.007275e-06
0.01442119
2.989876e-06
0.01442143
2.970692e-06
0.01442166
2.94963e-06
0.0144219
2.926588e-06
0.01442213
2.901458e-06
0.01442236
2.874123e-06
0.01442259
2.84446e-06
0.01442282
2.812338e-06
0.01442305
2.77762e-06
0.01442327
2.74016e-06
0.0144235
2.699809e-06
0.01442372
2.656411e-06
0.01442393
2.609807e-06
0.01442415
2.559833e-06
0.01442436
2.506326e-06
0.01442456
2.449119e-06
0.01442477
2.388049e-06
0.01442496
2.322958e-06
0.01442516
2.253693e-06
0.01442535
2.180111e-06
0.01442553
2.102082e-06
0.0144257
2.019492e-06
0.01442587
1.932249e-06
0.01442604
1.840284e-06
0.01442619
1.743559e-06
0.01442634
1.64207e-06
0.01442648
1.535849e-06
0.01442661
1.424973e-06
0.01442673
1.309565e-06
0.01442684
1.189798e-06
0.01442693
1.065898e-06
0.01442702
9.381441e-07
0.0144271
8.068691e-07
0.01442716
6.724593e-07
0.01442721
5.353477e-07
0.01442725
3.960216e-07
0.01442727
2.549649e-07
1.128794e-07
0.01440869
1.916555e-07
0.01440873
3.627306e-07
0.01440877
4.883908e-07
0.01440883
6.095006e-07
0.0144089
7.333017e-07
0.01440898
8.545172e-07
0.01440907
9.713913e-07
0.01440917
1.084448e-06
0.01440929
1.193819e-06
0.01440941
1.299285e-06
0.01440954
1.400703e-06
0.01440968
1.498003e-06
0.01440983
1.591136e-06
0.01440998
1.680069e-06
0.01441015
1.764796e-06
0.01441032
1.845338e-06
0.0144105
1.921739e-06
0.01441068
1.994065e-06
0.01441087
2.062397e-06
0.01441106
2.126838e-06
0.01441126
2.187498e-06
0.01441146
2.244503e-06
0.01441167
2.297981e-06
0.01441188
2.348071e-06
0.01441209
2.394912e-06
0.01441231
2.438646e-06
0.01441252
2.479414e-06
0.01441275
2.517356e-06
0.01441297
2.552609e-06
0.0144132
2.585307e-06
0.01441342
2.615579e-06
0.01441365
2.643549e-06
0.01441389
2.669335e-06
0.01441412
2.693051e-06
0.01441435
2.714802e-06
0.01441459
2.734688e-06
0.01441483
2.752803e-06
0.01441507
2.769232e-06
0.0144153
2.784055e-06
0.01441554
2.797347e-06
0.01441579
2.809172e-06
0.01441603
2.819592e-06
0.01441627
2.82866e-06
0.01441651
2.836422e-06
0.01441675
2.842918e-06
0.014417
2.848185e-06
0.01441724
2.852248e-06
0.01441748
2.855131e-06
0.01441773
2.856849e-06
0.01441797
2.857411e-06
0.01441821
2.856821e-06
0.01441846
2.855077e-06
0.0144187
2.852169e-06
0.01441894
2.848083e-06
0.01441918
2.842799e-06
0.01441943
2.836288e-06
0.01441967
2.828519e-06
0.01441991
2.81945e-06
0.01442015
2.809036e-06
0.01442039
2.797225e-06
0.01442063
2.783957e-06
0.01442087
2.769166e-06
0.0144211
2.752781e-06
0.01442134
2.734721e-06
0.01442157
2.714901e-06
0.01442181
2.693228e-06
0.01442204
2.669603e-06
0.01442227
2.643919e-06
0.0144225
2.616063e-06
0.01442272
2.585918e-06
0.01442295
2.553357e-06
0.01442317
2.518251e-06
0.01442339
2.480465e-06
0.01442361
2.439859e-06
0.01442382
2.396292e-06
0.01442403
2.349617e-06
0.01442424
2.29969e-06
0.01442444
2.246366e-06
0.01442464
2.189504e-06
0.01442483
2.128964e-06
0.01442502
2.064617e-06
0.0144252
1.996343e-06
0.01442538
1.924032e-06
0.01442555
1.847593e-06
0.01442572
1.766952e-06
0.01442588
1.68206e-06
0.01442603
1.592894e-06
0.01442617
1.499461e-06
0.0144263
1.401802e-06
0.01442643
1.299997e-06
0.01442655
1.194167e-06
0.01442665
1.084475e-06
0.01442675
9.711297e-07
0.01442683
8.543862e-07
0.0144269
7.345448e-07
0.01442696
6.119506e-07
0.01442701
4.869879e-07
0.01442705
3.600871e-07
0.01442707
2.316732e-07
1.023637e-07
0.01440875
1.762506e-07
0.01440879
3.326006e-07
0.01440883
4.470288e-07
0.01440889
5.568927e-07
0.01440895
6.68982e-07
0.01440903
7.786189e-07
0.01440912
8.842736e-07
0.01440921
9.865082e-07
0.01440932
1.085503e-06
0.01440944
1.181086e-06
0.01440957
1.273134e-06
0.0144097
1.361586e-06
0.01440985
1.44639e-06
0.01441
1.527504e-06
0.01441016
1.604908e-06
0.01441033
1.678607e-06
0.0144105
1.748624e-06
0.01441068
1.815003e-06
0.01441086
1.877807e-06
0.01441105
1.937112e-06
0.01441125
1.993011e-06
0.01441145
2.045603e-06
0.01441165
2.095e-06
0.01441186
2.141317e-06
0.01441207
2.184673e-06
0.01441228
2.225193e-06
0.0144125
2.262999e-06
0.01441271
2.298214e-06
0.01441294
2.330959e-06
0.01441316
2.361354e-06
0.01441339
2.389513e-06
0.01441361
2.415548e-06
0.01441384
2.439566e-06
0.01441407
2.461666e-06
0.01441431
2.481947e-06
0.01441454
2.500498e-06
0.01441478
2.517403e-06
0.01441501
2.532742e-06
0.01441525
2.546587e-06
0.01441549
2.559006e-06
0.01441573
2.570058e-06
0.01441597
2.5798e-06
0.01441621
2.588279e-06
0.01441645
2.59554e-06
0.01441669
2.601618e-06
0.01441693
2.606547e-06
0.01441717
2.610351e-06
0.01441741
2.61305e-06
0.01441766
2.61466e-06
0.0144179
2.615189e-06
0.01441814
2.61464e-06
0.01441838
2.613011e-06
0.01441862
2.610294e-06
0.01441887
2.606475e-06
0.01441911
2.601535e-06
0.01441935
2.595449e-06
0.01441959
2.588186e-06
0.01441983
2.579711e-06
0.01442007
2.56998e-06
0.01442031
2.558945e-06
0.01442054
2.546553e-06
0.01442078
2.532742e-06
0.01442101
2.517447e-06
0.01442125
2.500595e-06
0.01442148
2.482108e-06
0.01442171
2.461901e-06
0.01442194
2.439884e-06
0.01442217
2.41596e-06
0.0144224
2.390028e-06
0.01442262
2.361981e-06
0.01442284
2.331706e-06
0.01442306
2.299086e-06
0.01442328
2.264001e-06
0.01442349
2.226326e-06
0.0144237
2.185936e-06
0.01442391
2.142702e-06
0.01442411
2.096497e-06
0.01442431
2.047195e-06
0.01442451
1.994673e-06
0.0144247
1.938811e-06
0.01442488
1.879499e-06
0.01442506
1.816636e-06
0.01442523
1.750132e-06
0.0144254
1.679912e-06
0.01442556
1.60592e-06
0.01442572
1.52812e-06
0.01442586
1.446501e-06
0.014426
1.361079e-06
0.01442613
1.2719e-06
0.01442625
1.179043e-06
0.01442636
1.082624e-06
0.01442647
9.827962e-07
0.01442656
8.797499e-07
0.01442664
7.737161e-07
0.01442671
6.64964e-07
0.01442677
5.538005e-07
0.01442681
4.40565e-07
0.01442685
3.256354e-07
0.01442687
2.093841e-07
9.234762e-08
0.01440881
1.626244e-07
0.01440884
3.04957e-07
0.01440888
4.083934e-07
0.01440894
5.071684e-07
0.014409
6.076624e-07
0.01440907
7.058193e-07
0.01440916
8.003552e-07
0.01440925
8.918773e-07
0.01440936
9.806089e-07
0.01440947
1.066413e-06
0.0144096
1.149182e-06
0.01440973
1.228856e-06
0.01440987
1.305378e-06
0.01441002
1.378694e-06
0.01441017
1.448772e-06
0.01441034
1.515599e-06
0.01441051
1.579181e-06
0.01441068
1.639546e-06
0.01441086
1.696735e-06
0.01441105
1.750807e-06
0.01441124
1.801833e-06
0.01441143
1.849895e-06
0.01441163
1.895084e-06
0.01441184
1.937498e-06
0.01441205
1.977239e-06
0.01441226
2.014413e-06
0.01441247
2.049125e-06
0.01441269
2.081484e-06
0.01441291
2.111595e-06
0.01441313
2.139565e-06
0.01441335
2.165493e-06
0.01441358
2.18948e-06
0.0144138
2.21162e-06
0.01441403
2.232004e-06
0.01441427
2.250718e-06
0.0144145
2.267843e-06
0.01441473
2.283456e-06
0.01441497
2.297627e-06
0.0144152
2.310423e-06
0.01441544
2.321904e-06
0.01441568
2.332125e-06
0.01441592
2.341136e-06
0.01441616
2.348981e-06
0.0144164
2.3557e-06
0.01441664
2.361326e-06
0.01441688
2.365889e-06
0.01441712
2.369412e-06
0.01441736
2.371912e-06
0.0144176
2.373404e-06
0.01441784
2.373895e-06
0.01441808
2.373389e-06
0.01441832
2.371882e-06
0.01441856
2.369369e-06
0.0144188
2.365836e-06
0.01441904
2.361265e-06
0.01441928
2.355635e-06
0.01441952
2.348917e-06
0.01441976
2.341077e-06
0.01442
2.332078e-06
0.01442024
2.321875e-06
0.01442047
2.310419e-06
0.01442071
2.297656e-06
0.01442094
2.283525e-06
0.01442117
2.267961e-06
0.01442141
2.250892e-06
0.01442164
2.232243e-06
0.01442186
2.211932e-06
0.01442209
2.189872e-06
0.01442231
2.165973e-06
0.01442253
2.140138e-06
0.01442275
2.112266e-06
0.01442297
2.082255e-06
0.01442319
2.049996e-06
0.0144234
2.01538e-06
0.0144236
1.978296e-06
0.01442381
1.938632e-06
0.01442401
1.896277e-06
0.0144242
1.851121e-06
0.0144244
1.803058e-06
0.01442458
1.751986e-06
0.01442476
1.697812e-06
0.01442494
1.640451e-06
0.01442511
1.579829e-06
0.01442527
1.515886e-06
0.01442543
1.448579e-06
0.01442558
1.377883e-06
0.01442572
1.303796e-06
0.01442586
1.22634e-06
0.01442599
1.145562e-06
0.0144261
1.06154e-06
0.01442621
9.743817e-07
0.01442631
8.842285e-07
0.0144264
7.912535e-07
0.01442648
6.956638e-07
0.01442654
5.97699e-07
0.0144266
4.976305e-07
0.01442664
3.957569e-07
0.01442668
2.924095e-07
0.0144267
1.879136e-07
8.273969e-08
0.01440887
1.523301e-07
0.01440889
2.80882e-07
0.01440893
3.730811e-07
0.01440898
4.607077e-07
0.01440904
5.495099e-07
0.01440911
6.360601e-07
0.01440919
7.193833e-07
0.01440928
8.001486e-07
0.01440938
8.786152e-07
0.0144095
9.546666e-07
0.01440962
1.028199e-06
0.01440975
1.099142e-06
0.01440988
1.167423e-06
0.01441003
1.232974e-06
0.01441018
1.295743e-06
0.01441034
1.3557e-06
0.01441051
1.412834e-06
0.01441068
1.467153e-06
0.01441086
1.518682e-06
0.01441104
1.567461e-06
0.01441123
1.613544e-06
0.01441142
1.656997e-06
0.01441162
1.697893e-06
0.01441182
1.736313e-06
0.01441203
1.772342e-06
0.01441223
1.806071e-06
0.01441244
1.837591e-06
0.01441266
1.866995e-06
0.01441288
1.894375e-06
0.0144131
1.919823e-06
0.01441332
1.943429e-06
0.01441354
1.965278e-06
0.01441377
1.985456e-06
0.014414
2.004042e-06
0.01441423
2.021112e-06
0.01441446
2.03674e-06
0.01441469
2.050993e-06
0.01441492
2.063935e-06
0.01441516
2.075624e-06
0.01441539
2.086115e-06
0.01441563
2.095457e-06
0.01441587
2.103696e-06
0.0144161
2.11087e-06
0.01441634
2.117016e-06
0.01441658
2.122164e-06
0.01441682
2.126339e-06
0.01441706
2.129563e-06
0.0144173
2.131853e-06
0.01441754
2.13322e-06
0.01441778
2.133672e-06
0.01441802
2.133211e-06
0.01441826
2.131835e-06
0.0144185
2.129538e-06
0.01441874
2.126309e-06
0.01441898
2.122131e-06
0.01441922
2.116984e-06
0.01441946
2.110843e-06
0.01441969
2.103678e-06
0.01441993
2.095454e-06
0.01442017
2.086132e-06
0.0144204
2.075667e-06
0.01442063
2.06401e-06
0.01442087
2.051107e-06
0.0144211
2.0369e-06
0.01442133
2.021325e-06
0.01442156
2.004314e-06
0.01442178
1.985795e-06
0.01442201
1.965689e-06
0.01442223
1.943916e-06
0.01442245
1.920391e-06
0.01442266
1.895026e-06
0.01442288
1.867727e-06
0.01442309
1.838403e-06
0.0144233
1.806955e-06
0.0144235
1.773287e-06
0.01442371
1.737302e-06
0.0144239
1.698904e-06
0.0144241
1.657997e-06
0.01442428
1.614492e-06
0.01442447
1.568301e-06
0.01442465
1.519347e-06
0.01442482
1.467559e-06
0.01442499
1.412875e-06
0.01442515
1.35525e-06
0.0144253
1.294649e-06
0.01442545
1.231058e-06
0.01442559
1.164479e-06
0.01442572
1.094937e-06
0.01442584
1.022481e-06
0.01442596
9.471836e-07
0.01442606
8.691447e-07
0.01442616
7.884919e-07
0.01442624
7.053808e-07
0.01442632
6.199955e-07
0.01442638
5.325473e-07
0.01442644
4.432744e-07
0.01442648
3.524374e-07
0.01442651
2.603239e-07
0.01442653
1.672159e-07
7.351703e-08
0.01440891
1.453404e-07
0.01440894
2.604881e-07
0.01440897
3.410081e-07
0.01440902
4.171697e-07
0.01440907
4.940841e-07
0.01440914
5.689101e-07
0.01440922
6.409761e-07
0.01440931
7.11017e-07
0.01440941
7.792843e-07
0.01440952
8.456627e-07
0.01440964
9.100313e-07
0.01440976
9.72306e-07
0.0144099
1.032391e-06
0.01441004
1.090201e-06
0.01441019
1.145665e-06
0.01441035
1.198739e-06
0.01441051
1.249392e-06
0.01441068
1.297619e-06
0.01441085
1.343427e-06
0.01441104
1.386843e-06
0.01441122
1.427905e-06
0.01441141
1.466661e-06
0.01441161
1.503171e-06
0.0144118
1.5375e-06
0.01441201
1.569719e-06
0.01441221
1.599904e-06
0.01441242
1.628132e-06
0.01441263
1.654482e-06
0.01441285
1.679034e-06
0.01441307
1.701866e-06
0.01441329
1.723056e-06
0.01441351
1.742679e-06
0.01441373
1.76081e-06
0.01441396
1.777517e-06
0.01441419
1.792868e-06
0.01441442
1.806927e-06
0.01441465
1.819753e-06
0.01441488
1.831403e-06
0.01441512
1.841928e-06
0.01441535
1.851377e-06
0.01441559
1.859794e-06
0.01441582
1.867217e-06
0.01441606
1.873683e-06
0.0144163
1.879223e-06
0.01441654
1.883863e-06
0.01441677
1.887628e-06
0.01441701
1.890536e-06
0.01441725
1.892601e-06
0.01441749
1.893835e-06
0.01441773
1.894243e-06
0.01441797
1.893828e-06
0.01441821
1.892589e-06
0.01441845
1.890519e-06
0.01441869
1.887608e-06
0.01441893
1.883842e-06
0.01441916
1.879204e-06
0.0144194
1.87367e-06
0.01441964
1.867214e-06
0.01441987
1.859804e-06
0.01442011
1.851407e-06
0.01442034
1.841982e-06
0.01442057
1.831486e-06
0.0144208
1.819871e-06
0.01442103
1.807085e-06
0.01442126
1.793072e-06
0.01442149
1.777773e-06
0.01442171
1.761122e-06
0.01442194
1.743052e-06
0.01442216
1.723491e-06
0.01442237
1.702366e-06
0.01442259
1.679599e-06
0.0144228
1.655109e-06
0.01442301
1.628815e-06
0.01442322
1.600633e-06
0.01442342
1.570479e-06
0.01442362
1.538271e-06
0.01442381
1.503924e-06
0.01442401
1.467358e-06
0.01442419
1.428497e-06
0.01442437
1.387268e-06
0.01442455
1.343605e-06
0.01442472
1.29745e-06
0.01442488
1.248753e-06
0.01442504
1.197479e-06
0.01442519
1.143601e-06
0.01442534
1.087111e-06
0.01442547
1.028016e-06
0.0144256
9.66343e-07
0.01442572
9.021369e-07
0.01442583
8.354659e-07
0.01442593
7.664205e-07
0.01442603
6.951146e-07
0.01442611
6.216863e-07
0.01442619
5.462971e-07
0.01442625
4.691317e-07
0.0144263
3.903971e-07
0.01442634
3.103192e-07
0.01442638
2.291464e-07
0.0144264
1.471218e-07
6.459509e-08
0.01440895
1.468449e-07
0.01440897
2.469448e-07
0.014409
3.134498e-07
0.01440904
3.77068e-07
0.01440909
4.413386e-07
0.01440916
5.038103e-07
0.01440924
5.642487e-07
0.01440933
6.234213e-07
0.01440942
6.814959e-07
0.01440953
7.382833e-07
0.01440965
7.936129e-07
0.01440977
8.473518e-07
0.0144099
8.993673e-07
0.01441005
9.495437e-07
0.01441019
9.977895e-07
0.01441035
1.044039e-06
0.01441051
1.08825e-06
0.01441068
1.1304e-06
0.01441085
1.170485e-06
0.01441103
1.208517e-06
0.01441121
1.244521e-06
0.0144114
1.278535e-06
0.01441159
1.310603e-06
0.01441179
1.340778e-06
0.01441199
1.36912e-06
0.01441219
1.395689e-06
0.0144124
1.42055e-06
0.01441261
1.443772e-06
0.01441282
1.46542e-06
0.01441304
1.485561e-06
0.01441326
1.504263e-06
0.01441348
1.521591e-06
0.0144137
1.537606e-06
0.01441393
1.552369e-06
0.01441415
1.56594e-06
0.01441438
1.578371e-06
0.01441461
1.589717e-06
0.01441484
1.600025e-06
0.01441507
1.60934e-06
0.01441531
1.617705e-06
0.01441554
1.625157e-06
0.01441578
1.631731e-06
0.01441601
1.637459e-06
0.01441625
1.642367e-06
0.01441649
1.646479e-06
0.01441673
1.649816e-06
0.01441696
1.652393e-06
0.0144172
1.654225e-06
0.01441744
1.65532e-06
0.01441768
1.655683e-06
0.01441792
1.655317e-06
0.01441816
1.65422e-06
0.01441839
1.652388e-06
0.01441863
1.649811e-06
0.01441887
1.646476e-06
0.01441911
1.642369e-06
0.01441934
1.637469e-06
0.01441958
1.631752e-06
0.01441981
1.625193e-06
0.01442005
1.61776e-06
0.01442028
1.609418e-06
0.01442051
1.600131e-06
0.01442074
1.589855e-06
0.01442097
1.578546e-06
0.0144212
1.566156e-06
0.01442142
1.552631e-06
0.01442164
1.537916e-06
0.01442186
1.521952e-06
0.01442208
1.504678e-06
0.0144223
1.48603e-06
0.01442251
1.465939e-06
0.01442272
1.444339e-06
0.01442293
1.421157e-06
0.01442314
1.396324e-06
0.01442334
1.369767e-06
0.01442353
1.341416e-06
0.01442373
1.311199e-06
0.01442391
1.27905e-06
0.0144241
1.244904e-06
0.01442428
1.208701e-06
0.01442445
1.170385e-06
0.01442462
1.12991e-06
0.01442478
1.087237e-06
0.01442493
1.042336e-06
0.01442508
9.951886e-07
0.01442522
9.457913e-07
0.01442536
8.941534e-07
0.01442548
8.403005e-07
0.0144256
7.842755e-07
0.01442571
7.261395e-07
0.01442581
6.659729e-07
0.0144259
6.038759e-07
0.01442598
5.399686e-07
0.01442606
4.74391e-07
0.01442612
4.073022e-07
0.01442617
3.388798e-07
0.01442621
2.693166e-07
0.01442624
1.988241e-07
0.01442626
1.276083e-07
5.596289e-08
0.01440899
1.567438e-07
0.014409
2.402792e-07
0.01440902
2.901708e-07
0.01440906
3.401492e-07
0.01440911
3.913578e-07
0.01440918
4.410419e-07
0.01440925
4.896068e-07
0.01440934
5.378181e-07
0.01440943
5.856901e-07
0.01440954
6.328944e-07
0.01440965
6.792165e-07
0.01440978
7.244489e-07
0.01440991
7.684249e-07
0.01441004
8.109858e-07
0.01441019
8.520232e-07
0.01441034
8.914473e-07
0.0144105
9.292032e-07
0.01441067
9.652528e-07
0.01441084
9.995815e-07
0.01441101
1.032189e-06
0.01441119
1.063088e-06
0.01441138
1.092305e-06
0.01441157
1.119872e-06
0.01441177
1.145832e-06
0.01441196
1.170229e-06
0.01441217
1.193115e-06
0.01441237
1.214541e-06
0.01441258
1.234565e-06
0.01441279
1.253241e-06
0.01441301
1.270625e-06
0.01441323
1.286773e-06
0.01441345
1.30174e-06
0.01441367
1.315578e-06
0.01441389
1.32834e-06
0.01441412
1.340073e-06
0.01441434
1.350825e-06
0.01441457
1.36064e-06
0.0144148
1.369559e-06
0.01441504
1.377622e-06
0.01441527
1.384863e-06
0.0144155
1.391315e-06
0.01441574
1.397008e-06
0.01441597
1.401968e-06
0.01441621
1.40622e-06
0.01441645
1.409782e-06
0.01441668
1.412673e-06
0.01441692
1.414907e-06
0.01441716
1.416494e-06
0.0144174
1.417443e-06
0.01441763
1.417759e-06
0.01441787
1.417442e-06
0.01441811
1.416493e-06
0.01441835
1.414906e-06
0.01441858
1.412674e-06
0.01441882
1.409786e-06
0.01441906
1.406229e-06
0.01441929
1.401985e-06
0.01441953
1.397036e-06
0.01441976
1.391356e-06
0.01441999
1.384921e-06
0.01442022
1.377701e-06
0.01442045
1.369664e-06
0.01442068
1.360773e-06
0.01442091
1.35099e-06
0.01442114
1.340273e-06
0.01442136
1.328578e-06
0.01442158
1.315858e-06
0.0144218
1.302063e-06
0.01442202
1.28714e-06
0.01442224
1.271035e-06
0.01442245
1.253691e-06
0.01442266
1.23505e-06
0.01442286
1.215053e-06
0.01442307
1.19364e-06
0.01442326
1.170752e-06
0.01442346
1.146328e-06
0.01442365
1.12031e-06
0.01442384
1.092643e-06
0.01442402
1.063272e-06
0.0144242
1.032149e-06
0.01442437
9.992294e-07
0.01442453
9.644744e-07
0.01442469
9.278534e-07
0.01442484
8.893437e-07
0.01442499
8.48933e-07
0.01442513
8.066192e-07
0.01442526
7.624134e-07
0.01442538
7.163392e-07
0.0144255
6.684355e-07
0.01442561
6.187556e-07
0.01442571
5.673695e-07
0.0144258
5.143631e-07
0.01442588
4.598393e-07
0.01442595
4.039167e-07
0.01442601
3.467304e-07
0.01442606
2.8843e-07
0.0144261
2.29178e-07
0.01442613
1.691522e-07
0.01442615
1.085253e-07
4.754496e-08
0.014409
1.933041e-07
0.01440899
2.487398e-07
0.01440901
2.713018e-07
0.01440905
3.046344e-07
0.0144091
3.414527e-07
0.01440917
3.775538e-07
0.01440924
4.140982e-07
0.01440933
4.516843e-07
0.01440943
4.897592e-07
0.01440953
5.278105e-07
0.01440965
5.65491e-07
0.01440977
6.02539e-07
0.0144099
6.387181e-07
0.01441003
6.738568e-07
0.01441018
7.0782e-07
0.01441033
7.405154e-07
0.01441049
7.718748e-07
0.01441065
8.018569e-07
0.01441082
8.304383e-07
0.01441099
8.576121e-07
0.01441117
8.833842e-07
0.01441136
9.077704e-07
0.01441155
9.307957e-07
0.01441174
9.524905e-07
0.01441194
9.728915e-07
0.01441214
9.92038e-07
0.01441234
1.009973e-06
0.01441255
1.02674e-06
0.01441276
1.042386e-06
0.01441297
1.056955e-06
0.01441319
1.070493e-06
0.01441341
1.083044e-06
0.01441363
1.094653e-06
0.01441385
1.105362e-06
0.01441408
1.11521e-06
0.0144143
1.124238e-06
0.01441453
1.13248e-06
0.01441476
1.139972e-06
0.01441499
1.146745e-06
0.01441522
1.15283e-06
0.01441546
1.158252e-06
0.01441569
1.163037e-06
0.01441592
1.167208e-06
0.01441616
1.170782e-06
0.0144164
1.173778e-06
0.01441663
1.17621e-06
0.01441687
1.178089e-06
0.01441711
1.179424e-06
0.01441734
1.180223e-06
0.01441758
1.180489e-06
0.01441782
1.180224e-06
0.01441805
1.179427e-06
0.01441829
1.178093e-06
0.01441853
1.176217e-06
0.01441876
1.17379e-06
0.014419
1.170801e-06
0.01441923
1.167234e-06
0.01441947
1.163075e-06
0.0144197
1.158302e-06
0.01441993
1.152895e-06
0.01442016
1.146829e-06
0.01442039
1.140077e-06
0.01442062
1.132609e-06
0.01442085
1.124394e-06
0.01442107
1.115396e-06
0.0144213
1.105579e-06
0.01442152
1.094904e-06
0.01442173
1.083329e-06
0.01442195
1.070811e-06
0.01442216
1.057305e-06
0.01442238
1.042765e-06
0.01442258
1.027143e-06
0.01442279
1.01039e-06
0.01442299
9.924569e-07
0.01442319
9.732953e-07
0.01442338
9.528566e-07
0.01442357
9.310932e-07
0.01442375
9.0796e-07
0.01442393
8.834136e-07
0.01442411
8.574147e-07
0.01442428
8.299278e-07
0.01442444
8.00923e-07
0.0144246
7.703759e-07
0.01442475
7.3827e-07
0.01442489
7.04596e-07
0.01442503
6.693546e-07
0.01442516
6.32556e-07
0.01442528
5.942218e-07
0.0144254
5.543849e-07
0.0144255
5.130914e-07
0.0144256
4.703994e-07
0.01442569
4.263814e-07
0.01442577
3.811223e-07
0.01442584
3.347208e-07
0.0144259
2.87288e-07
0.01442594
2.389473e-07
0.01442598
1.898322e-07
0.01442601
1.400879e-07
0.01442603
8.985551e-08
3.933323e-08
0.01440901
2.583924e-07
0.01440899
2.728931e-07
0.01440901
2.579919e-07
0.01440904
2.733909e-07
0.01440909
2.948365e-07
0.01440915
3.157028e-07
0.01440923
3.394515e-07
0.01440931
3.66179e-07
0.01440941
3.943916e-07
0.01440951
4.233141e-07
0.01440962
4.52445e-07
0.01440975
4.814165e-07
0.01440987
5.099073e-07
0.01441001
5.377186e-07
0.01441015
5.646889e-07
0.0144103
5.907183e-07
0.01441046
6.157282e-07
0.01441062
6.396739e-07
0.01441079
6.625255e-07
0.01441096
6.842712e-07
0.01441114
7.049107e-07
0.01441132
7.244525e-07
0.01441151
7.429144e-07
0.0144117
7.603177e-07
0.0144119
7.766909e-07
0.0144121
7.920629e-07
0.0144123
8.064681e-07
0.01441251
8.199396e-07
0.01441272
8.325142e-07
0.01441293
8.442265e-07
0.01441315
8.551134e-07
0.01441336
8.652092e-07
0.01441358
8.745494e-07
0.01441381
8.831667e-07
0.01441403
8.910938e-07
0.01441425
8.98361e-07
0.01441448
9.049976e-07
0.01441471
9.110308e-07
0.01441494
9.164862e-07
0.01441517
9.213875e-07
0.01441541
9.257561e-07
0.01441564
9.296118e-07
0.01441587
9.329722e-07
0.01441611
9.35853e-07
0.01441634
9.382675e-07
0.01441658
9.402276e-07
0.01441682
9.417421e-07
0.01441705
9.428191e-07
0.01441729
9.434633e-07
0.01441753
9.436784e-07
0.01441776
9.434651e-07
0.014418
9.42823e-07
0.01441823
9.417487e-07
0.01441847
9.402377e-07
0.01441871
9.382822e-07
0.01441894
9.358738e-07
0.01441918
9.330005e-07
0.01441941
9.296498e-07
0.01441964
9.258054e-07
0.01441987
9.214506e-07
0.0144201
9.165652e-07
0.01442033
9.111283e-07
0.01442056
9.051155e-07
0.01442078
8.985021e-07
0.01442101
8.912596e-07
0.01442123
8.833596e-07
0.01442145
8.7477e-07
0.01442167
8.654588e-07
0.01442188
8.55391e-07
0.0144221
8.445315e-07
0.01442231
8.328429e-07
0.01442251
8.20288e-07
0.01442272
8.068278e-07
0.01442292
7.924244e-07
0.01442311
7.770384e-07
0.01442331
7.606326e-07
0.01442349
7.431691e-07
0.01442368
7.246132e-07
0.01442386
7.049306e-07
0.01442403
6.840916e-07
0.0144242
6.620682e-07
0.01442436
6.38838e-07
0.01442451
6.143823e-07
0.01442466
5.886893e-07
0.01442481
5.617524e-07
0.01442494
5.335737e-07
0.01442507
5.041617e-07
0.01442519
4.735353e-07
0.0144253
4.417208e-07
0.01442541
4.087562e-07
0.0144255
3.746881e-07
0.01442559
3.395748e-07
0.01442567
3.034838e-07
0.01442574
2.664941e-07
0.0144258
2.286939e-07
0.01442584
1.901816e-07
0.01442588
1.510632e-07
0.01442591
1.114546e-07
0.01442593
7.146837e-08
3.1262e-08
0.01440895
4.192734e-07
0.0144089
3.208387e-07
0.01440893
2.329653e-07
0.01440897
2.330172e-07
0.01440903
2.417999e-07
0.0144091
2.484762e-07
0.01440918
2.61392e-07
0.01440926
2.788999e-07
0.01440936
2.983646e-07
0.01440946
3.188689e-07
0.01440958
3.399658e-07
0.0144097
3.611739e-07
0.01440982
3.821913e-07
0.01440996
4.027947e-07
0.0144101
4.228495e-07
0.01441025
4.422462e-07
0.0144104
4.609199e-07
0.01441056
4.788221e-07
0.01441073
4.95926e-07
0.0144109
5.122168e-07
0.01441108
5.2769e-07
0.01441126
5.423505e-07
0.01441145
5.562073e-07
0.01441164
5.692771e-07
0.01441183
5.815772e-07
0.01441203
5.931311e-07
0.01441223
6.039607e-07
0.01441244
6.140929e-07
0.01441265
6.235521e-07
0.01441286
6.32366e-07
0.01441307
6.4056e-07
0.01441329
6.481611e-07
0.01441351
6.551941e-07
0.01441373
6.616846e-07
0.01441396
6.67656e-07
0.01441418
6.731314e-07
0.01441441
6.781324e-07
0.01441464
6.826795e-07
0.01441487
6.867917e-07
0.0144151
6.904865e-07
0.01441533
6.937804e-07
0.01441556
6.966876e-07
0.01441579
6.99222e-07
0.01441603
7.013945e-07
0.01441626
7.032159e-07
0.0144165
7.046943e-07
0.01441674
7.058373e-07
0.01441697
7.066497e-07
0.01441721
7.071363e-07
0.01441744
7.072986e-07
0.01441768
7.071386e-07
0.01441792
7.066544e-07
0.01441815
7.058449e-07
0.01441839
7.047054e-07
0.01441862
7.032314e-07
0.01441886
7.014151e-07
0.01441909
6.992492e-07
0.01441932
6.967225e-07
0.01441956
6.938245e-07
0.01441979
6.905412e-07
0.01442002
6.868588e-07
0.01442024
6.827603e-07
0.01442047
6.782289e-07
0.0144207
6.732445e-07
0.01442092
6.677876e-07
0.01442114
6.618351e-07
0.01442136
6.553648e-07
0.01442158
6.483512e-07
0.01442179
6.407698e-07
0.014422
6.325928e-07
0.01442221
6.23794e-07
0.01442242
6.143443e-07
0.01442262
6.042161e-07
0.01442282
5.933799e-07
0.01442302
5.81808e-07
0.01442321
5.694714e-07
0.01442339
5.563437e-07
0.01442358
5.423977e-07
0.01442375
5.276101e-07
0.01442393
5.119573e-07
0.01442409
4.954207e-07
0.01442425
4.779825e-07
0.01442441
4.596308e-07
0.01442456
4.40356e-07
0.0144247
4.201554e-07
0.01442483
3.990293e-07
0.01442496
3.769866e-07
0.01442508
3.540401e-07
0.01442519
3.302117e-07
0.01442529
3.055287e-07
0.01442539
2.800276e-07
0.01442547
2.537509e-07
0.01442555
2.267506e-07
0.01442562
1.990848e-07
0.01442568
1.708205e-07
0.01442572
1.420312e-07
0.01442576
1.127975e-07
0.01442579
8.320679e-08
0.01442581
5.334466e-08
2.332351e-08
0.01440886
7.226776e-07
0.01440877
4.164624e-07
0.0144088
2.100082e-07
0.01440884
1.949486e-07
0.01440889
1.858995e-07
0.01440897
1.755203e-07
0.01440905
1.784062e-07
0.01440914
1.879214e-07
0.01440924
1.995335e-07
0.01440935
2.124505e-07
0.01440946
2.261619e-07
0.01440958
2.401312e-07
0.01440971
2.540529e-07
0.01440985
2.677482e-07
0.01440999
2.811019e-07
0.01441014
2.940319e-07
0.01441029
3.064872e-07
0.01441045
3.184334e-07
0.01441062
3.298505e-07
0.01441079
3.407277e-07
0.01441096
3.510613e-07
0.01441115
3.608539e-07
0.01441133
3.701116e-07
0.01441152
3.788447e-07
0.01441172
3.870651e-07
0.01441191
3.947876e-07
0.01441212
4.020274e-07
0.01441232
4.088016e-07
0.01441253
4.151268e-07
0.01441274
4.210211e-07
0.01441296
4.265017e-07
0.01441317
4.315861e-07
0.01441339
4.362911e-07
0.01441361
4.406336e-07
0.01441383
4.446291e-07
0.01441406
4.482932e-07
0.01441429
4.5164e-07
0.01441451
4.546834e-07
0.01441474
4.574358e-07
0.01441497
4.599091e-07
0.0144152
4.62114e-07
0.01441544
4.640604e-07
0.01441567
4.657571e-07
0.0144159
4.672118e-07
0.01441614
4.684314e-07
0.01441637
4.694215e-07
0.01441661
4.701869e-07
0.01441685
4.707312e-07
0.01441708
4.710572e-07
0.01441732
4.711663e-07
0.01441755
4.710594e-07
0.01441779
4.707357e-07
0.01441803
4.70194e-07
0.01441826
4.694316e-07
0.0144185
4.684451e-07
0.01441873
4.672298e-07
0.01441896
4.657802e-07
0.0144192
4.640895e-07
0.01441943
4.621502e-07
0.01441966
4.599533e-07
0.01441989
4.574893e-07
0.01442012
4.547473e-07
0.01442034
4.517157e-07
0.01442057
4.483815e-07
0.01442079
4.447312e-07
0.01442101
4.407501e-07
0.01442123
4.364229e-07
0.01442145
4.317332e-07
0.01442166
4.266641e-07
0.01442187
4.211978e-07
0.01442208
4.153164e-07
0.01442229
4.09001e-07
0.01442249
4.02233e-07
0.01442269
3.949933e-07
0.01442288
3.872632e-07
0.01442307
3.79024e-07
0.01442326
3.702578e-07
0.01442344
3.609473e-07
0.01442361
3.510767e-07
0.01442379
3.40631e-07
0.01442395
3.295975e-07
0.01442411
3.179653e-07
0.01442427
3.057263e-07
0.01442441
2.928748e-07
0.01442455
2.794087e-07
0.01442469
2.653293e-07
0.01442481
2.50642e-07
0.01442493
2.353562e-07
0.01442504
2.194862e-07
0.01442515
2.030507e-07
0.01442524
1.860739e-07
0.01442532
1.685846e-07
0.0144254
1.50617e-07
0.01442547
1.322104e-07
0.01442553
1.134093e-07
0.01442557
9.42636e-08
0.01442561
7.482833e-08
0.01442564
5.51655e-08
0.01442566
3.533983e-08
1.54438e-08
0.01440858
1.303724e-06
0.0144086
4.041579e-07
0.01440869
1.224362e-07
0.01440874
1.491371e-07
0.0144088
1.23308e-07
0.01440888
9.900092e-08
0.01440896
9.549698e-08
0.01440905
9.799484e-08
0.01440915
1.018717e-07
0.01440926
1.0722e-07
0.01440937
1.134874e-07
0.01440949
1.201182e-07
0.01440962
1.268442e-07
0.01440975
1.335427e-07
0.01440989
1.401186e-07
0.01441004
1.465155e-07
0.01441019
1.526949e-07
0.01441035
1.586344e-07
0.01441052
1.643196e-07
0.01441069
1.697418e-07
0.01441086
1.748982e-07
0.01441105
1.797874e-07
0.01441123
1.84413e-07
0.01441142
1.887777e-07
0.01441161
1.928887e-07
0.01441181
1.967511e-07
0.01441201
2.003738e-07
0.01441222
2.037637e-07
0.01441243
2.069303e-07
0.01441264
2.098812e-07
0.01441285
2.126258e-07
0.01441307
2.151721e-07
0.01441329
2.17529e-07
0.01441351
2.197044e-07
0.01441373
2.217064e-07
0.01441396
2.235424e-07
0.01441418
2.252197e-07
0.01441441
2.267451e-07
0.01441464
2.281247e-07
0.01441487
2.293647e-07
0.0144151
2.304701e-07
0.01441533
2.314462e-07
0.01441557
2.32297e-07
0.0144158
2.330267e-07
0.01441604
2.336384e-07
0.01441627
2.341353e-07
0.01441651
2.345193e-07
0.01441674
2.347929e-07
0.01441698
2.349566e-07
0.01441721
2.350121e-07
0.01441745
2.349588e-07
0.01441769
2.347973e-07
0.01441792
2.345261e-07
0.01441816
2.341447e-07
0.01441839
2.336506e-07
0.01441863
2.330422e-07
0.01441886
2.32316e-07
0.01441909
2.314694e-07
0.01441932
2.304977e-07
0.01441955
2.293975e-07
0.01441978
2.28163e-07
0.01442001
2.267897e-07
0.01442024
2.252708e-07
0.01442046
2.236009e-07
0.01442069
2.217723e-07
0.01442091
2.197785e-07
0.01442113
2.17611e-07
0.01442134
2.152625e-07
0.01442156
2.127237e-07
0.01442177
2.099866e-07
0.01442198
2.070414e-07
0.01442218
2.038797e-07
0.01442238
2.004911e-07
0.01442258
1.968672e-07
0.01442277
1.929978e-07
0.01442296
1.888743e-07
0.01442315
1.844872e-07
0.01442333
1.798286e-07
0.01442351
1.748899e-07
0.01442368
1.696646e-07
0.01442384
1.641454e-07
0.014424
1.58328e-07
0.01442416
1.522075e-07
0.0144243
1.457819e-07
0.01442444
1.390495e-07
0.01442458
1.320119e-07
0.0144247
1.24671e-07
0.01442482
1.170324e-07
0.01442493
1.091025e-07
0.01442503
1.008915e-07
0.01442513
9.241086e-08
0.01442521
8.367564e-08
0.01442529
7.470248e-08
0.01442536
6.551174e-08
0.01442541
5.612612e-08
0.01442546
4.657241e-08
0.0144255
3.688171e-08
0.01442553
2.709649e-08
0.01442554
1.726666e-08
7.528033e-09
0.01440966
0.01441007
0.01441019
0.01441034
0.01441047
0.01441057
0.01441066
0.01441076
0.01441086
0.01441097
0.01441108
0.0144112
0.01441133
0.01441146
0.0144116
0.01441175
0.0144119
0.01441206
0.01441222
0.01441239
0.01441257
0.01441275
0.01441293
0.01441312
0.01441332
0.01441351
0.01441371
0.01441392
0.01441412
0.01441433
0.01441454
0.01441476
0.01441498
0.0144152
0.01441542
0.01441564
0.01441587
0.01441609
0.01441632
0.01441655
0.01441678
0.01441701
0.01441725
0.01441748
0.01441771
0.01441795
0.01441818
0.01441842
0.01441865
0.01441889
0.01441912
0.01441936
0.01441959
0.01441982
0.01442006
0.01442029
0.01442052
0.01442075
0.01442098
0.01442121
0.01442144
0.01442167
0.01442189
0.01442212
0.01442234
0.01442256
0.01442278
0.01442299
0.01442321
0.01442342
0.01442362
0.01442383
0.01442403
0.01442422
0.01442442
0.01442461
0.01442479
0.01442497
0.01442514
0.01442531
0.01442548
0.01442564
0.01442579
0.01442593
0.01442607
0.01442621
0.01442633
0.01442645
0.01442656
0.01442666
0.01442675
0.01442683
0.01442691
0.01442697
0.01442703
0.01442708
0.01442711
0.01442714
0.01442716
)
;

boundaryField
{
    topAir_top
    {
        type            symmetryPlane;
        value           uniform 0;
    }
    leftLet
    {
        type            calculated;
        value           nonuniform List<scalar> 
40
(
-0.01439713
-0.01439799
-0.01440204
-0.01440308
-0.01440366
-0.01440427
-0.01440476
-0.01440518
-0.01440555
-0.01440588
-0.01440618
-0.01440644
-0.01440668
-0.0144069
-0.0144071
-0.01440729
-0.01440746
-0.01440762
-0.01440776
-0.0144079
-0.01440802
-0.01440814
-0.01440825
-0.01440835
-0.01440844
-0.01440852
-0.0144086
-0.01440867
-0.01440874
-0.0144088
-0.01440885
-0.01440891
-0.01440895
-0.014409
-0.01440904
-0.01440908
-0.01440911
-0.01440917
-0.01440916
-0.01440836
)
;
    }
    rightLet
    {
        type            calculated;
        value           nonuniform List<scalar> 
40
(
0.01347812
0.01441887
0.01444654
0.01444451
0.01444217
0.01444054
0.01443889
0.01443767
0.01443648
0.01443551
0.01443459
0.01443381
0.01443306
0.01443241
0.01443178
0.01443124
0.0144307
0.01443024
0.01442979
0.0144294
0.01442901
0.01442867
0.01442834
0.01442805
0.01442777
0.01442752
0.01442728
0.01442708
0.01442688
0.01442671
0.01442654
0.0144264
0.01442627
0.01442616
0.01442604
0.01442594
0.01442582
0.01442566
0.01442555
0.01442716
)
;
    }
    frontAndBack
    {
        type            empty;
        value           nonuniform 0();
    }
    topAir_to_wall
    {
        type            calculated;
        value           uniform 0;
    }
}


// ************************************************************************* //
