/*--------------------------------*- C++ -*----------------------------------*\
| =========                 |                                                 |
| \\      /  F ield         | OpenFOAM: The Open Source CFD Toolbox           |
|  \\    /   O peration     | Version:  1.6.x                                 |
|   \\  /    A nd           | Web:      www.OpenFOAM.org                      |
|    \\/     M anipulation  |                                                 |
\*---------------------------------------------------------------------------*/
FoamFile
{
    version     2.0;
    format      ascii;
    class       volScalarField;
    location    "7000";
    object      CO2;
}
// * * * * * * * * * * * * * * * * * * * * * * * * * * * * * * * * * * * * * //

dimensions      [0 0 0 0 0 0 0];

internalField   nonuniform List<scalar> 
4608
(
1.30992e-05
2.69098e-08
1.93177e-06
0.00689541
5.54322e-11
4.53602e-09
1.89794e-07
0.000373111
0.0119349
0.0382912
1.13468e-13
9.89484e-12
4.75805e-10
2.2198e-08
2.30518e-05
0.0009784
0.0161313
0.0560424
0.101293
2.30554e-16
2.03466e-14
1.09097e-12
7.13001e-11
2.1871e-06
8.10691e-05
0.00175212
0.0197392
0.064931
0.114272
0.110499
0.122259
4.64864e-19
4.02471e-17
2.35796e-15
1.93475e-13
9.51593e-06
0.000175566
0.00267679
0.0234874
0.0678269
0.120293
0.133545
0.109991
0.109811
0.105259
9.29606e-22
7.75377e-20
4.89587e-18
4.83002e-16
2.39982e-05
0.000318098
0.00376029
0.0261818
0.0716306
0.12228
0.137302
0.120281
0.109707
0.109803
0.1098
0.0762859
1.84263e-24
1.46778e-22
9.90918e-21
1.15349e-18
4.94037e-05
0.000515404
0.00494363
0.0485341
0.066988
0.123954
0.138245
0.137064
0.080849
0.109369
0.109799
0.1098
0.1098
0.0378341
3.61757e-27
2.74925e-25
1.97821e-23
2.69548e-21
9.00445e-05
0.000773151
0.00705329
0.0616819
0.0720862
0.120637
0.138869
0.14037
0.0934747
0.049717
0.109795
0.1098
0.1098
0.1098
0.0181496
7.02712e-30
5.12139e-28
3.93293e-26
6.22522e-24
0.000150748
0.00113554
0.00943096
0.0701423
0.0809609
0.117515
0.13798
0.141495
0.108428
0.0624541
0.0307731
0.1098
0.1098
0.1098
0.1098
0.00490129
1.3486e-32
9.51972e-31
7.85113e-29
1.43362e-26
0.000239674
0.00159669
0.0119067
0.0755816
0.0889578
0.119355
0.136126
0.142273
0.120386
0.0775636
0.0427368
0.0137247
0.1098
0.1098
0.1098
0.1098
0.000576076
2.552e-35
1.76914e-33
1.58434e-31
3.32114e-29
0.000363508
0.00214867
0.0143517
0.0802227
0.09463
0.122369
0.135992
0.142054
0.134271
0.0902403
0.05658
0.0225845
0.00368864
0.1098
0.1098
0.1098
0.1098
4.82363e-05
4.74907e-38
3.29023e-36
3.25002e-34
7.78644e-32
0.00052781
0.00277528
0.0168302
0.0801492
0.0997481
0.12481
0.136593
0.141873
0.140994
0.105317
0.069282
0.0334521
0.00847231
0.000432843
0.1098
0.1098
0.1098
0.1098
8.99924e-06
8.65947e-41
6.12593e-39
6.80919e-37
1.85489e-34
0.000735191
0.00347324
0.0191022
0.0795284
0.100219
0.127051
0.137133
0.141844
0.142933
0.122102
0.0839566
0.0446519
0.0156352
0.00153979
4.06928e-05
0.1098
0.1098
0.1098
0.1098
2.82525e-06
1.53927e-43
1.1422e-41
1.46383e-39
4.49838e-37
0.000987767
0.00422481
0.031446
0.0828662
0.0981147
0.127586
0.137676
0.141864
0.143327
0.133738
0.102829
0.0574701
0.0244988
0.00420751
0.00013516
8.13347e-06
0.1098
0.1098
0.1098
0.1098
1.07323e-06
2.64714e-46
2.13728e-44
3.24926e-42
1.11358e-39
0.00128636
0.00546702
0.0414874
0.0879176
0.099907
0.12648
0.137759
0.141943
0.1436
0.137623
0.117842
0.0754234
0.0351693
0.00950187
0.000451183
1.82995e-05
2.74729e-06
0.1098
0.1098
0.1098
0.1098
4.1876e-07
4.35243e-49
4.03328e-47
7.49893e-45
2.82774e-42
0.00166803
0.00699706
0.0496757
0.0937884
0.103623
0.126479
0.137238
0.141891
0.143709
0.140455
0.127549
0.0905629
0.0501804
0.0173553
0.0017119
4.09578e-05
5.0656e-06
1.12999e-06
0.1098
0.1098
0.1098
0.1098
1.57924e-07
6.70635e-52
7.71048e-50
1.81505e-47
7.38541e-45
0.00214326
0.00872305
0.0566991
0.0981795
0.108125
0.127176
0.136981
0.141601
0.143637
0.141655
0.135047
0.102183
0.0638464
0.0289651
0.00507266
0.000126616
8.5395e-06
1.99556e-06
4.77263e-07
0.1098
0.1098
0.1098
0.1098
5.63394e-08
9.52229e-55
1.51328e-52
4.65708e-50
1.98392e-47
0.00271415
0.0106048
0.0607562
0.100583
0.111409
0.128273
0.136994
0.141393
0.143488
0.142035
0.138073
0.112172
0.0751458
0.0403674
0.0128106
0.000543885
1.54094e-05
3.05295e-06
8.77323e-07
1.92431e-07
0.1098
0.1098
0.1098
0.1098
1.88443e-08
1.23123e-57
3.13058e-55
1.26508e-52
5.47664e-50
0.00337997
0.0125189
0.0636091
0.103396
0.113037
0.129099
0.137192
0.141286
0.143434
0.142456
0.139244
0.119463
0.085671
0.050541
0.0217797
0.00298637
3.85202e-05
4.41229e-06
1.33861e-06
3.82547e-07
7.19856e-08
0.1098
0.1098
0.1098
0.1098
5.87624e-09
1.43912e-60
7.06999e-58
3.60569e-55
1.54913e-52
0.00412907
0.0194611
0.0682158
0.106554
0.114772
0.129418
0.137353
0.141255
0.143349
0.142982
0.140542
0.125281
0.0944168
0.0603089
0.0303897
0.00827769
0.000231179
7.29129e-06
1.84457e-06
6.09386e-07
1.56592e-07
2.47011e-08
0.1098
0.1098
0.1098
0.1098
1.69903e-09
1.842e-60
1.05713e-57
4.47253e-55
0.00529895
0.026634
0.0736802
0.109855
0.11668
0.129771
0.13736
0.14123
0.143258
0.143106
0.141877
0.131142
0.102178
0.0691116
0.0387887
0.0147714
0.00139934
1.77789e-05
2.61429e-06
8.57084e-07
2.66348e-07
5.86879e-08
7.73211e-09
0.1098
0.1098
0.1098
0.1098
4.52665e-10
3.12914e-60
1.31325e-57
0.00681473
0.0333559
0.0794467
0.112848
0.118734
0.130188
0.13739
0.141161
0.143178
0.14311
0.142276
0.136082
0.110194
0.0774009
0.0467921
0.0216742
0.00427237
7.87715e-05
4.08983e-06
1.17317e-06
3.93506e-07
1.07507e-07
1.99121e-08
2.19826e-09
0.1098
0.1098
0.1098
0.1098
1.10345e-10
3.89409e-60
0.0106151
0.0398948
0.0857149
0.115738
0.120715
0.1307
0.137451
0.14111
0.143106
0.143127
0.142442
0.137596
0.117173
0.0861646
0.0545391
0.0284954
0.00892563
0.000419963
8.07886e-06
1.60475e-06
5.46533e-07
1.6899e-07
3.92899e-08
6.07959e-09
5.64905e-10
0.1098
0.1098
0.1098
0.1098
2.44253e-11
0.0157109
0.0468425
0.0924243
0.118584
0.122653
0.131291
0.137552
0.141076
0.143054
0.143187
0.142616
0.13858
0.122264
0.0939603
0.0628973
0.0351988
0.0142754
0.00172933
2.23743e-05
2.2877e-06
7.32736e-07
2.43988e-07
6.59908e-08
1.28685e-08
1.66263e-09
1.30511e-10
0.1098
0.1098
0.1098
0.1098
4.87067e-12
0.0218473
0.0546743
0.099209
0.121314
0.12457
0.13194
0.137704
0.141059
0.142994
0.14325
0.142857
0.139507
0.126373
0.100482
0.0706998
0.0424324
0.0198254
0.00444056
9.83183e-05
3.74893e-06
9.61278e-07
3.33817e-07
1.00275e-07
2.30801e-08
3.75354e-09
4.05375e-10
2.69463e-11
0.1098
0.1098
0.1098
8.67966e-13
0.0283776
0.0636636
0.105601
0.123801
0.126445
0.132638
0.137904
0.14107
0.14293
0.143237
0.143068
0.140491
0.129946
0.106137
0.0775725
0.049485
0.0257882
0.00830495
0.000476002
7.81492e-06
1.30125e-06
4.38025e-07
1.42474e-07
3.70966e-08
7.16679e-09
9.70083e-10
8.76692e-11
4.94024e-12
0.1098
0.1098
1.3714e-13
0.0352572
0.0739896
0.110937
0.126095
0.128197
0.133383
0.138141
0.141111
0.14288
0.14319
0.143121
0.141261
0.133264
0.111213
0.0837919
0.0560291
0.0317481
0.0128964
0.00163653
2.20618e-05
1.90537e-06
5.67615e-07
1.92328e-07
5.52147e-08
1.2194e-08
1.96371e-09
2.21033e-10
1.67258e-11
7.99029e-13
0.1098
1.90654e-14
0.0430074
0.0847494
0.115715
0.128239
0.129835
0.134148
0.138415
0.141181
0.142854
0.143149
0.14311
0.141575
0.135662
0.115979
0.0895311
0.062162
0.0375336
0.0177441
0.00396512
8.9095e-05
3.18628e-06
7.44908e-07
2.51519e-07
7.75374e-08
1.90841e-08
3.53174e-09
4.72226e-10
4.41719e-11
2.79922e-12
1.13259e-13
2.31513e-15
0.0522183
0.0953881
0.119975
0.130227
0.131385
0.134916
0.138721
0.141279
0.142855
0.143134
0.143099
0.141751
0.136728
0.120086
0.0950135
0.0680071
0.0431156
0.0225729
0.00729493
0.000400798
6.5802e-06
1.01779e-06
3.24398e-07
1.04419e-07
2.80219e-08
5.81693e-09
8.95414e-10
9.91413e-11
7.70224e-12
4.08585e-13
1.39787e-14
2.43884e-16
0.0636814
0.10482
0.123701
0.132078
0.132848
0.135685
0.139048
0.141401
0.142883
0.143148
0.143114
0.141912
0.137521
0.123361
0.0999795
0.0737021
0.0485355
0.0273188
0.0110332
0.00135375
1.75898e-05
1.50833e-06
4.19896e-07
1.36856e-07
3.91972e-08
8.95006e-09
1.55083e-09
1.97562e-10
1.80784e-11
1.16568e-12
5.1717e-14
1.49296e-15
2.21461e-17
0.077633
0.112533
0.127027
0.133807
0.13423
0.136454
0.139393
0.14154
0.142923
0.143187
0.143159
0.142091
0.138241
0.126161
0.104361
0.0789772
0.0538732
0.0320427
0.0149105
0.00317464
6.64128e-05
2.51436e-06
5.56949e-07
1.7694e-07
5.29239e-08
1.30558e-08
2.50146e-09
3.5917e-10
3.77275e-11
2.84875e-12
1.52321e-13
5.64509e-15
1.37169e-16
1.72336e-18
0.0934945
0.119122
0.130011
0.135408
0.135541
0.137219
0.139752
0.141692
0.142966
0.14322
0.143228
0.142291
0.138925
0.128617
0.108309
0.0837983
0.0589767
0.0367673
0.0188395
0.00575777
0.000276208
5.01014e-06
7.70454e-07
2.28862e-07
6.97865e-08
1.82773e-08
3.81179e-09
6.06925e-10
7.18228e-11
6.20325e-12
3.85992e-13
1.70987e-14
5.28529e-16
1.07822e-17
1.1432e-19
0.107821
0.1247
0.132641
0.136858
0.136775
0.137978
0.140122
0.141855
0.143012
0.143237
0.143268
0.142499
0.139577
0.130783
0.111879
0.0882771
0.0638061
0.0413858
0.0227801
0.00872857
0.000907256
1.2154e-05
1.1383e-06
2.99654e-07
9.08827e-08
2.48169e-08
5.55083e-09
9.66469e-10
1.26961e-10
1.23314e-11
8.73849e-13
4.47583e-14
1.64084e-15
4.22325e-17
7.21505e-19
6.4336e-21
0.118691
0.129231
0.134885
0.138139
0.137917
0.138726
0.140503
0.14203
0.143064
0.143248
0.143275
0.14261
0.140176
0.132692
0.115098
0.0924346
0.0684033
0.0458561
0.0267152
0.0118869
0.0021504
3.81039e-05
1.84036e-06
4.01142e-07
1.18038e-07
3.29992e-08
7.80035e-09
1.46619e-09
2.11152e-10
2.27572e-11
1.80845e-12
1.04979e-13
4.42148e-15
1.33992e-16
2.86682e-18
4.09131e-20
3.05872e-22
0.126185
0.132736
0.136738
0.139245
0.13895
0.139452
0.140892
0.142214
0.143125
0.14326
0.143266
0.142643
0.140497
0.134339
0.117988
0.0962711
0.0727625
0.0501878
0.0306206
0.0151199
0.00405474
0.000140772
3.37217e-06
5.54754e-07
1.54066e-07
4.33474e-08
1.06694e-08
2.13839e-09
3.3383e-10
3.94792e-11
3.47599e-12
2.25481e-13
1.07083e-14
3.70526e-16
9.27173e-18
1.6462e-19
1.95807e-21
1.22377e-23
0.131157
0.135368
0.138241
0.140189
0.139866
0.140145
0.141285
0.142409
0.143194
0.143279
0.143256
0.142642
0.140652
0.135218
0.120545
0.0997921
0.0768663
0.0543707
0.0344725
0.0183526
0.00638143
0.000474846
7.18433e-06
8.03131e-07
2.03409e-07
5.66575e-08
1.43171e-08
3.02195e-09
5.06015e-10
6.50151e-11
6.27894e-12
4.5021e-13
2.37985e-14
9.23757e-16
2.62381e-17
5.41519e-19
7.96623e-21
7.87492e-23
3.7704e-25
0.134491
0.137336
0.139454
0.140992
0.140667
0.140794
0.141678
0.142613
0.143273
0.143307
0.143252
0.142633
0.140744
0.135758
0.122596
0.10298
0.080701
0.0583852
0.0382572
0.0215785
0.00889801
0.00121812
1.8093e-05
1.24248e-06
2.73155e-07
7.41275e-08
1.89761e-08
4.16772e-09
7.40719e-10
1.02457e-10
1.07586e-11
8.45019e-13
4.92286e-14
2.11803e-15
6.71472e-17
1.5644e-18
2.66021e-20
3.23237e-22
2.42772e-24
3.24256e-27
0.136806
0.138829
0.140441
0.141681
0.141365
0.14139
0.142064
0.142824
0.143361
0.143343
0.143256
0.142629
0.140816
0.136182
0.124278
0.105783
0.0842408
0.062228
0.0419563
0.024813
0.0115056
0.00246515
5.66272e-05
2.07838e-06
3.76025e-07
9.75302e-08
2.49891e-08
5.64459e-09
1.05401e-09
1.55553e-10
1.76188e-11
1.50408e-12
9.57872e-14
4.52685e-15
1.58398e-16
4.09903e-18
7.82794e-20
1.0927e-21
9.94774e-24
2.67668e-26
0.138483
0.13999
0.141256
0.142276
0.141975
0.141933
0.142436
0.143041
0.143459
0.143389
0.143269
0.14263
0.140883
0.136547
0.125712
0.108259
0.0874715
0.0658689
0.0455552
0.0280375
0.0141646
0.00414788
0.000188511
3.89939e-06
5.325e-07
1.29642e-07
3.28567e-08
7.54969e-09
1.46627e-09
2.28909e-10
2.77514e-11
2.55696e-12
1.76772e-13
9.10921e-15
3.48879e-16
9.92285e-18
2.09502e-19
3.26461e-21
3.36451e-23
1.18323e-25
0.139749
0.140919
0.141943
0.142797
0.14251
0.142425
0.142792
0.143257
0.143563
0.143444
0.14329
0.142638
0.140948
0.136874
0.126959
0.110469
0.0904291
0.069273
0.0490281
0.0312267
0.0168261
0.00609279
0.000535274
8.20154e-06
7.86791e-07
1.74439e-07
4.33203e-08
1.00217e-08
2.00455e-09
3.2821e-10
4.22812e-11
4.17642e-12
3.11502e-13
1.73933e-14
7.24283e-16
2.24669e-17
5.19195e-19
8.89301e-21
1.00882e-22
4.15596e-25
0.140742
0.141682
0.142532
0.143259
0.142985
0.142871
0.143127
0.143471
0.143673
0.143505
0.143319
0.142652
0.141011
0.137169
0.128051
0.112454
0.0931507
0.0724626
0.0523475
0.0343593
0.0194904
0.00817213
0.00120311
1.97841e-05
1.2232e-06
2.38476e-07
5.74228e-08
1.32608e-08
2.70586e-09
4.60701e-10
6.26093e-11
6.5891e-12
5.27077e-13
3.17147e-14
1.42777e-15
4.80068e-17
1.20562e-18
2.24777e-20
2.76642e-22
1.27618e-24
0.141547
0.142327
0.143046
0.143671
0.143409
0.143274
0.143441
0.143679
0.143784
0.14357
0.143353
0.142669
0.141071
0.137434
0.129009
0.11424
0.0956608
0.0754624
0.0555162
0.0374131
0.0221602
0.0103218
0.00225625
5.61209e-05
2.02456e-06
3.31844e-07
7.66926e-08
1.75506e-08
3.6219e-09
6.35854e-10
9.05026e-11
1.00859e-11
8.60672e-13
5.55137e-14
2.68866e-15
9.74888e-17
2.64558e-18
5.33235e-20
7.05786e-22
3.56352e-24
0.142221
0.142882
0.143501
0.144042
0.143791
0.143641
0.143733
0.143878
0.143893
0.143636
0.143391
0.142689
0.141126
0.137671
0.129851
0.115849
0.097972
0.0782869
0.0585448
0.0403799
0.0248183
0.0125126
0.00363528
0.000166694
3.65697e-06
4.71242e-07
1.03295e-07
2.32943e-08
4.82522e-09
8.66382e-10
1.28218e-10
1.50392e-11
1.36191e-12
9.37286e-14
4.86063e-15
1.89219e-16
5.52229e-18
1.19695e-19
1.6938e-21
9.23568e-24
0.142798
0.14337
0.143908
0.144378
0.144136
0.143975
0.144003
0.144065
0.143997
0.143698
0.143427
0.142707
0.141173
0.137877
0.130588
0.117301
0.100101
0.0809321
0.061442
0.0432593
0.0274451
0.014708
0.00522083
0.000435422
7.19998e-06
6.90145e-07
1.403e-07
3.1056e-08
6.41796e-09
1.16965e-09
1.78691e-10
2.19256e-11
2.09623e-12
1.53236e-13
8.47413e-15
3.52668e-16
1.10241e-17
2.55815e-19
3.85352e-21
2.24979e-23
0.143302
0.143803
0.144274
0.144682
0.144448
0.144278
0.144251
0.144239
0.144092
0.143755
0.14346
0.142719
0.141209
0.138051
0.131225
0.118609
0.102066
0.0834139
0.0642246
0.0460539
0.0300332
0.0169003
0.00691927
0.000939332
1.56787e-05
1.04823e-06
1.92555e-07
4.16079e-08
8.54294e-09
1.56964e-09
2.4581e-10
3.13585e-11
3.14907e-12
2.43439e-13
1.42997e-14
6.33909e-16
2.11404e-17
5.23212e-19
8.36007e-21
5.19515e-23
0.143749
0.144192
0.144605
0.144955
0.144731
0.144554
0.144478
0.144397
0.144175
0.143801
0.143484
0.142722
0.141228
0.13819
0.131767
0.11978
0.103877
0.0857465
0.0668903
0.0487687
0.0325833
0.0190944
0.00867939
0.00173037
3.9242e-05
1.66415e-06
2.6717e-07
5.60483e-08
1.13974e-08
2.09965e-09
3.34809e-10
4.41363e-11
4.63153e-12
3.76996e-13
2.34326e-14
1.10265e-15
3.91033e-17
1.02842e-18
1.73775e-20
1.1443e-22
0.144149
0.144542
0.144904
0.145201
0.144985
0.144803
0.144682
0.144537
0.144244
0.143833
0.143495
0.142711
0.141227
0.138288
0.132214
0.12082
0.105541
0.0879364
0.0694383
0.0514027
0.0350933
0.0212982
0.0104755
0.00278877
0.000106078
2.82105e-06
3.75174e-07
7.58893e-08
1.52549e-08
2.80574e-09
4.52815e-10
6.13105e-11
6.68822e-12
5.70754e-13
3.73999e-14
1.86188e-15
6.99914e-17
1.95037e-18
3.47459e-20
2.41595e-22
0.144509
0.144859
0.145173
0.145418
0.145212
0.145026
0.144863
0.144658
0.144295
0.143849
0.143491
0.142682
0.1412
0.138341
0.132564
0.121731
0.107063
0.0899839
0.071865
0.0539548
0.0375592
0.0234987
0.0122954
0.00403963
0.000268242
5.12496e-06
5.37268e-07
1.0321e-07
2.04901e-08
3.75167e-09
6.09596e-10
8.42829e-11
9.50822e-12
8.46981e-13
5.82961e-14
3.06045e-15
1.21589e-16
3.57973e-18
6.70795e-20
4.90832e-22
0.144835
0.145145
0.145413
0.145605
0.145411
0.145223
0.145022
0.144757
0.144326
0.143843
0.143467
0.14263
0.141142
0.138346
0.132817
0.122512
0.108443
0.091895
0.0741618
0.0564289
0.0399782
0.0256871
0.0141204
0.00540494
0.000586668
9.92893e-06
7.89512e-07
1.41128e-07
2.76091e-08
5.02509e-09
8.18584e-10
1.14942e-10
1.33405e-11
1.23502e-12
8.896e-14
4.90947e-15
2.05548e-16
6.37659e-18
1.25401e-19
9.63188e-22
0.14513
0.145402
0.145623
0.145761
0.14558
0.145392
0.145156
0.144835
0.144335
0.143816
0.14342
0.142552
0.14105
0.138297
0.132972
0.123161
0.109681
0.0936707
0.0763411
0.0588318
0.0423499
0.0278611
0.015954
0.0068427
0.00110429
2.13311e-05
1.19318e-06
1.94192e-07
3.731e-08
6.74551e-09
1.09825e-09
1.5585e-10
1.85154e-11
1.77357e-12
1.33205e-13
7.7037e-15
3.38957e-16
1.10516e-17
2.27608e-19
1.83076e-21
0.145394
0.145628
0.145802
0.145881
0.145716
0.145531
0.145261
0.144887
0.14432
0.143763
0.143348
0.142445
0.140921
0.138192
0.133027
0.123679
0.110774
0.0953074
0.0784023
0.0611514
0.0446743
0.0300191
0.0178025
0.00832446
0.0018466
5.09055e-05
1.88226e-06
2.68762e-07
5.05498e-08
9.07594e-09
1.4739e-09
2.10505e-10
2.54754e-11
2.51375e-12
1.96126e-13
1.18494e-14
5.46421e-16
1.86785e-17
4.02036e-19
3.37918e-21
0.145628
0.145823
0.145946
0.14596
0.145815
0.145636
0.145332
0.144906
0.144276
0.143683
0.143248
0.142306
0.140752
0.138029
0.132983
0.124064
0.111721
0.0968024
0.0803376
0.0633778
0.0469467
0.0321577
0.0196666
0.00983947
0.00278026
0.000125056
3.13782e-06
3.7559e-07
6.86019e-08
1.22377e-08
1.98017e-09
2.83686e-10
3.48164e-11
3.52349e-12
2.84509e-13
1.7901e-14
8.62832e-16
3.08488e-17
6.92554e-19
6.07082e-21
0.145832
0.145985
0.146053
0.145994
0.145873
0.145702
0.145365
0.144883
0.144189
0.143571
0.143118
0.142135
0.140542
0.137808
0.132845
0.124319
0.11252
0.0981528
0.0821453
0.0654935
0.0491645
0.0342723
0.0215363
0.0113774
0.0038499
0.000284304
5.50579e-06
5.33365e-07
9.32609e-08
1.65273e-08
2.66422e-09
3.81928e-10
4.7346e-11
4.89344e-12
4.07389e-13
2.66094e-14
1.33702e-15
4.988e-17
1.16571e-18
1.06372e-20
0.146002
0.146111
0.146116
0.14597
0.145882
0.145724
0.145354
0.144815
0.144048
0.143404
0.142953
0.141928
0.14029
0.137529
0.132614
0.124447
0.113172
0.0993553
0.0838222
0.0675044
0.0513326
0.0363592
0.0234053
0.012926
0.00500886
0.000570331
1.01946e-05
7.72123e-07
1.27139e-07
2.23436e-08
3.58988e-09
5.14157e-10
6.41619e-11
6.7453e-12
5.76813e-13
3.89868e-14
2.03657e-15
7.90968e-17
1.92064e-18
1.8212e-20
0.146137
0.146194
0.146126
0.145876
0.14583
0.145692
0.14529
0.144694
0.14385
0.143171
0.142724
0.141681
0.139994
0.137193
0.132296
0.124452
0.113678
0.100408
0.0853624
0.069407
0.0534328
0.038417
0.0252704
0.014488
0.00622718
0.0010163
2.05902e-05
1.14313e-06
1.73848e-07
3.02304e-08
4.84327e-09
6.92524e-10
8.67598e-11
9.24317e-12
8.08885e-13
5.63932e-14
3.05427e-15
1.23206e-16
3.10256e-18
3.05189e-20
0.14623
0.146228
0.146071
0.145691
0.145703
0.145594
0.145163
0.144504
0.143586
0.142871
0.142416
0.141345
0.139649
0.136801
0.131897
0.124341
0.114042
0.101311
0.0867625
0.0711905
0.0554537
0.0404373
0.0271298
0.0160674
0.00748527
0.00163905
4.56341e-05
1.75311e-06
2.38429e-07
4.09149e-08
6.54061e-09
9.33524e-10
1.17177e-10
1.26092e-11
1.1252e-12
8.0654e-14
4.51659e-15
1.88796e-16
4.92115e-18
5.0134e-20
0.146275
0.1462
0.145933
0.145382
0.145479
0.145413
0.144953
0.144235
0.143229
0.142495
0.142036
0.140911
0.139175
0.136348
0.131421
0.12412
0.114269
0.102065
0.0880206
0.072852
0.0573723
0.0424124
0.0289775
0.0176651
0.00877519
0.00241649
0.000104338
2.81523e-06
3.29135e-07
5.53581e-08
8.8376e-09
1.2595e-09
1.58187e-10
1.71448e-11
1.55483e-12
1.14221e-13
6.59516e-15
2.85003e-16
7.67523e-18
8.0848e-20
0.146261
0.146095
0.145682
0.144898
0.14512
0.145123
0.144639
0.143857
0.142772
0.142002
0.14157
0.140394
0.138574
0.135691
0.130868
0.123797
0.114365
0.102674
0.0891356
0.0743885
0.0591934
0.0443473
0.0308071
0.0192722
0.0100902
0.00331015
0.000225586
4.71572e-06
4.59711e-07
7.48951e-08
1.19411e-08
1.70058e-09
2.13558e-10
2.32596e-11
2.13702e-12
1.60391e-13
9.52234e-15
4.24399e-16
1.17858e-17
1.2816e-19
0.146172
0.145885
0.145274
0.144138
0.144573
0.144683
0.144189
0.143342
0.142166
0.141396
0.140967
0.139776
0.137881
0.134868
0.130172
0.123374
0.114337
0.10314
0.0901075
0.0757966
0.0609139
0.0462233
0.0326153
0.0208814
0.0114171
0.00428383
0.000441128
8.22657e-06
6.51478e-07
1.01421e-07
1.61276e-08
2.2972e-09
2.88403e-10
3.15107e-11
2.92489e-12
2.23597e-13
1.36118e-14
6.24185e-16
1.78405e-17
1.99946e-19
0.145982
0.14553
0.144617
0.142873
0.143724
0.14403
0.143546
0.14265
0.141376
0.1406
0.140241
0.13898
0.137067
0.133951
0.129342
0.122826
0.114188
0.10347
0.0909378
0.0770735
0.0625267
0.0480288
0.0343942
0.0224885
0.0127559
0.0053143
0.000776722
1.53174e-05
9.38783e-07
1.37516e-07
2.17694e-08
3.10351e-09
3.89629e-10
4.2655e-11
3.9905e-12
3.09827e-13
1.92865e-14
9.07775e-16
2.6652e-17
3.07364e-19
0.145652
0.144945
0.143512
0.140751
0.142325
0.143035
0.14263
0.141693
0.140355
0.139585
0.139292
0.13805
0.136006
0.132938
0.128415
0.122153
0.113911
0.103667
0.091629
0.0782184
0.0640264
0.0497489
0.036135
0.0240895
0.0141081
0.00638299
0.00125444
3.09843e-05
1.38802e-06
1.86676e-07
2.93605e-08
4.19205e-09
5.26548e-10
5.77196e-11
5.43168e-12
4.27176e-13
2.71176e-14
1.30694e-15
3.93375e-17
4.6606e-19
0.145103
0.14395
0.141514
0.138077
0.140131
0.141422
0.141271
0.140375
0.138965
0.138296
0.138094
0.136827
0.134818
0.131766
0.127396
0.121377
0.11351
0.103728
0.0921824
0.0792315
0.065411
0.0513763
0.0378357
0.0256786
0.015476
0.00748063
0.00186658
6.65024e-05
2.1283e-06
2.54247e-07
3.95522e-08
5.65924e-09
7.1169e-10
7.80962e-11
7.38128e-12
5.86608e-13
3.78758e-14
1.86468e-15
5.74233e-17
6.97781e-19
0.144161
0.142063
0.138877
0.135087
0.137437
0.139123
0.13929
0.138554
0.137221
0.136703
0.136626
0.135407
0.133439
0.130486
0.12626
0.120503
0.112995
0.10366
0.092599
0.0801123
0.066679
0.0529116
0.0394888
0.0272504
0.0168532
0.00860267
0.00258845
0.000140526
3.39293e-06
3.48818e-07
5.32229e-08
7.63346e-09
9.61813e-10
1.05666e-10
1.00195e-11
8.02989e-13
5.26034e-14
2.63914e-15
8.2985e-17
1.03254e-18
0.142335
0.13946
0.135883
0.131935
0.134453
0.136399
0.136845
0.136332
0.13516
0.134836
0.134913
0.13379
0.131909
0.129071
0.125027
0.119527
0.112374
0.10347
0.0928828
0.0808604
0.0678279
0.0543518
0.0410816
0.0287983
0.018232
0.00973913
0.00338856
0.000276866
5.58269e-06
4.83751e-07
7.1595e-08
1.02846e-08
1.29945e-09
1.4296e-10
1.35906e-11
1.09646e-12
7.27106e-14
3.70884e-15
1.18836e-16
1.51145e-18
0.139753
0.136467
0.132707
0.12872
0.131322
0.133427
0.134097
0.133807
0.132839
0.132723
0.132979
0.131989
0.130233
0.127537
0.123687
0.118455
0.111648
0.103165
0.0930407
0.0814786
0.0688551
0.0556913
0.0426055
0.0303146
0.0196062
0.0108838
0.00424636
0.000497143
9.56062e-06
6.79044e-07
9.6349e-08
1.38395e-08
1.75452e-09
1.93407e-10
1.8425e-11
1.49436e-12
1.00106e-13
5.17987e-15
1.68779e-16
2.19062e-18
0.136762
0.133276
0.129459
0.125507
0.128134
0.130329
0.131169
0.131079
0.13032
0.130405
0.130844
0.130021
0.128419
0.125891
0.122249
0.117287
0.110824
0.10275
0.0930777
0.0819715
0.0697615
0.0569256
0.0440496
0.0317919
0.0209707
0.012036
0.00514458
0.000822608
1.7421e-05
9.68603e-07
1.29712e-07
1.86008e-08
2.36695e-09
2.61588e-10
2.49721e-11
2.03367e-12
1.37376e-13
7.1955e-15
2.37946e-16
3.14614e-18
0.133563
0.130004
0.126208
0.122336
0.124951
0.127186
0.128151
0.128231
0.127666
0.12793
0.128541
0.1279
0.126477
0.124137
0.120717
0.116029
0.109904
0.10223
0.092999
0.0823431
0.0705495
0.0580537
0.0454066
0.0332269
0.0223205
0.0131958
0.00607061
0.00126263
3.41837e-05
1.41649e-06
1.74775e-07
2.49661e-08
3.18994e-09
3.53647e-10
3.38357e-11
2.7649e-12
1.88016e-13
9.94931e-15
3.33251e-16
4.48095e-18
0.13028
0.126726
0.122998
0.119232
0.121811
0.124051
0.125106
0.125327
0.124935
0.12535
0.126108
0.125649
0.124417
0.122283
0.119095
0.114685
0.108894
0.10161
0.0928101
0.0825976
0.0712216
0.0590765
0.0466774
0.034614
0.0236509
0.0143623
0.00701761
0.00180755
6.96697e-05
2.14205e-06
2.36252e-07
3.34592e-08
4.29394e-09
4.77807e-10
4.58302e-11
3.75608e-12
2.56797e-13
1.37022e-14
4.64005e-16
6.33385e-18
0.126989
0.123488
0.119856
0.11621
0.118737
0.120961
0.122078
0.122413
0.12217
0.12271
0.123588
0.123298
0.122258
0.120336
0.117387
0.113257
0.107797
0.100894
0.0925156
0.0827395
0.0717804
0.0599945
0.0478611
0.0359432
0.024956
0.0155292
0.00798126
0.00243635
0.000138744
3.34295e-06
3.21482e-07
4.47911e-08
5.77202e-09
6.4504e-10
6.20512e-11
5.09937e-12
3.50154e-13
1.88094e-14
6.42702e-16
8.89159e-18
0.123738
0.120318
0.116798
0.11328
0.115745
0.117936
0.119095
0.119521
0.119408
0.120047
0.121019
0.12088
0.12002
0.118308
0.115602
0.111753
0.106618
0.100089
0.0921209
0.0827732
0.0722291
0.0608086
0.0489565
0.0372082
0.026229
0.0166898
0.00895238
0.00312621
0.000259142
5.34948e-06
4.41314e-07
5.99403e-08
7.74799e-09
8.6995e-10
8.39692e-11
6.91922e-12
4.76813e-13
2.57487e-14
8.86279e-16
1.24041e-17
0.120554
0.117233
0.113833
0.110446
0.112843
0.114991
0.116176
0.116675
0.116672
0.117389
0.118433
0.118425
0.11773
0.116218
0.113749
0.110176
0.105362
0.0991977
0.0916313
0.0827035
0.0725708
0.0615199
0.0499621
0.038405
0.0274639
0.017838
0.00992571
0.00386162
0.000446886
8.84204e-06
6.11704e-07
8.02233e-08
1.03867e-08
1.17198e-09
1.13554e-10
9.38351e-12
6.48583e-13
3.51668e-14
1.21741e-15
1.72096e-17
0.117456
0.114243
0.110965
0.107709
0.110035
0.112134
0.113332
0.11389
0.113979
0.114758
0.115855
0.115959
0.115412
0.114085
0.111841
0.108537
0.104036
0.0982269
0.0910518
0.0825352
0.0728093
0.06213
0.0508764
0.0395298
0.0286556
0.0189693
0.0108995
0.0046283
0.000718871
1.53715e-05
8.59053e-07
1.07369e-07
1.39069e-08
1.57702e-09
1.53443e-10
1.27183e-11
8.81431e-13
4.79381e-14
1.66662e-15
2.37585e-17
0.114453
0.111352
0.108197
0.105068
0.107323
0.109368
0.110571
0.111175
0.111342
0.112169
0.113303
0.113502
0.113086
0.111929
0.109896
0.106847
0.102647
0.0971823
0.0903879
0.0822734
0.0729488
0.0626417
0.0516999
0.0405764
0.0297999
0.0200796
0.0118733
0.00541528
0.00108256
2.85053e-05
1.23121e-06
1.43749e-07
1.8595e-08
2.11946e-09
2.07157e-10
1.72273e-11
1.19692e-12
6.52435e-14
2.27502e-15
3.26553e-17
0.11155
0.108562
0.105528
0.102523
0.104705
0.106695
0.107896
0.108536
0.10877
0.109632
0.110791
0.111071
0.110771
0.109768
0.10793
0.10512
0.101205
0.0960717
0.0896457
0.0819233
0.0729938
0.0630578
0.0524339
0.0415463
0.0308966
0.0211647
0.0128461
0.00621648
0.00153174
5.50418e-05
1.81493e-06
1.92868e-07
2.48276e-08
2.8448e-09
2.794e-10
2.33186e-11
1.62413e-12
8.86774e-14
3.09786e-15
4.47093e-17
0.108748
0.105871
0.102956
0.10007
0.102181
0.104114
0.105308
0.105975
0.106265
0.107154
0.108328
0.108676
0.108478
0.107614
0.105956
0.103369
0.0997236
0.0949045
0.0888328
0.081491
0.0729488
0.0633819
0.0530802
0.0424404
0.0319394
0.022221
0.0138131
0.00702795
0.00205106
0.0001053
2.75012e-06
2.6002e-07
3.31116e-08
3.81309e-09
3.76433e-10
3.15392e-11
2.20222e-12
1.2039e-13
4.20949e-15
6.10041e-17
0.106047
0.103279
0.100477
0.0977056
0.0997473
0.101624
0.102807
0.103495
0.103832
0.104739
0.105922
0.106326
0.106218
0.10548
0.103986
0.101607
0.0982136
0.0936917
0.0879578
0.0809833
0.0728194
0.0636178
0.0536412
0.0432588
0.0329246
0.0232442
0.0147688
0.00784334
0.00262225
0.000191991
4.25382e-06
3.52863e-07
4.41372e-08
5.10401e-09
5.06581e-10
4.2621e-11
2.98388e-12
1.6328e-13
5.70978e-15
8.29895e-17
0.103445
0.100783
0.0980902
0.0954278
0.0974018
0.0992223
0.100391
0.101095
0.101472
0.102391
0.103575
0.104027
0.103997
0.103373
0.10203
0.0998434
0.096686
0.092444
0.0870307
0.0804083
0.0726117
0.0637699
0.0541194
0.0440026
0.0338498
0.0242305
0.0157088
0.00865608
0.00323227
0.000327408
6.72071e-06
4.82239e-07
5.88287e-08
6.82361e-09
6.80908e-10
5.75425e-11
4.03988e-12
2.21247e-13
7.73292e-15
1.12605e-16
0.10094
0.0983786
0.0957908
0.0932331
0.0951412
0.0969066
0.0980589
0.0987742
0.099184
0.100111
0.101291
0.101783
0.101822
0.101299
0.100095
0.098087
0.0951501
0.0911711
0.0860611
0.0797748
0.0723328
0.0638434
0.054518
0.0446727
0.0347142
0.0251765
0.0166292
0.00946403
0.0038694
0.000523778
1.09778e-05
6.6475e-07
7.83922e-08
9.11231e-09
9.14134e-10
7.76099e-11
5.46515e-12
2.99535e-13
1.0459e-14
1.52445e-16
0.098527
0.0960633
0.0935759
0.0911175
0.0929625
0.0946737
0.0958078
0.0965304
0.0969679
0.0978977
0.0990699
0.0995953
0.0996943
0.099263
0.0981867
0.0963439
0.0936131
0.0898814
0.0850581
0.0790916
0.0719904
0.0638443
0.054841
0.045271
0.0355173
0.0260801
0.0175274
0.0102663
0.00452323
0.000791027
1.88421e-05
9.28736e-07
1.04423e-07
1.21543e-08
1.22581e-09
1.04566e-10
7.38684e-12
4.05183e-13
1.41296e-14
2.05976e-16
0.0962038
0.0938337
0.0914416
0.089078
0.0908618
0.0925208
0.0936352
0.0943619
0.0948224
0.0957518
0.0969133
0.0974657
0.0976173
0.0972685
0.0963085
0.0946192
0.092081
0.0885819
0.0840293
0.0783668
0.0715922
0.063779
0.055093
0.0458001
0.0362594
0.0269394
0.018401
0.011063
0.005187
0.0011288
3.39761e-05
1.32421e-06
1.39175e-07
1.61899e-08
1.64179e-09
1.40734e-10
9.97514e-12
5.47633e-13
1.9068e-14
2.77827e-16
0.0939667
0.0916856
0.0893845
0.0871113
0.0888362
0.0904441
0.0915385
0.0922664
0.0927457
0.093672
0.0948203
0.0953947
0.0955922
0.0953174
0.0944639
0.0929166
0.0905585
0.087278
0.0829815
0.0776077
0.0711457
0.0636542
0.0552792
0.0462631
0.0369416
0.0277532
0.0192475
0.0118519
0.00585702
0.00152893
6.23732e-05
1.9344e-06
1.85938e-07
2.15381e-08
2.19616e-09
1.89203e-10
1.34575e-11
7.39526e-13
2.57073e-14
3.74176e-16
0.0918117
0.0896158
0.0874016
0.0852144
0.0868825
0.0884409
0.0895142
0.0902418
0.0907361
0.0916568
0.09279
0.0933822
0.0936195
0.0934113
0.092655
0.0912392
0.0890492
0.0859745
0.08192
0.0768207
0.0706575
0.0634763
0.0554048
0.0466638
0.037566
0.028521
0.0200646
0.0126294
0.00653024
0.00197753
0.000112199
2.88314e-06
2.49454e-07
2.86277e-08
2.93394e-09
2.54077e-10
1.81377e-11
9.97781e-13
3.46264e-14
5.03274e-16
0.0897354
0.0876208
0.0854895
0.0833842
0.0849976
0.0865081
0.08756
0.0882849
0.0887917
0.0897048
0.0908213
0.0914274
0.0916995
0.091551
0.0908834
0.0895892
0.0875561
0.0846748
0.0808494
0.0760111
0.0701336
0.0632511
0.055475
0.0470059
0.0381349
0.0292429
0.0208507
0.0133922
0.00720088
0.00246269
0.000192487
4.3594e-06
3.36256e-07
3.80344e-08
3.9148e-09
3.40796e-10
2.44204e-11
1.345e-12
4.65981e-14
6.76121e-16
0.0877345
0.0856975
0.0836451
0.0816179
0.0831788
0.0846428
0.0856729
0.0863937
0.08691
0.0878144
0.0889128
0.0895296
0.0898317
0.0897367
0.0891502
0.0879683
0.0860816
0.0833822
0.0797734
0.0751832
0.0695789
0.0629839
0.055495
0.0472935
0.0386502
0.0299199
0.0216046
0.0141376
0.00786515
0.00297494
0.000311799
6.69639e-06
4.55432e-07
5.05127e-08
5.21779e-09
4.56579e-10
3.28447e-11
1.81136e-12
6.26539e-14
9.07374e-16
0.0858055
0.0838427
0.0818654
0.0799125
0.0814229
0.0828422
0.0838504
0.0845656
0.0850891
0.0859832
0.0870632
0.0876875
0.0880156
0.0879685
0.087456
0.0863778
0.0846276
0.082099
0.0786951
0.0743409
0.0689978
0.0626796
0.0554692
0.0475306
0.0391146
0.0305537
0.0223259
0.014864
0.0085218
0.00350506
0.000479556
1.05558e-05
6.20657e-07
6.70354e-08
6.94697e-09
6.10998e-10
4.41273e-11
2.43707e-12
8.41682e-14
1.21654e-15
0.0839454
0.0820533
0.0801476
0.0782653
0.0797274
0.0811035
0.0820898
0.0827983
0.0833269
0.0842096
0.0852702
0.0859002
0.0862503
0.0862462
0.0858011
0.0848186
0.0831955
0.0808273
0.077617
0.0734873
0.0683941
0.0623423
0.055402
0.0477211
0.0395314
0.0311459
0.0230146
0.0155703
0.00917061
0.00404554
0.000701854
1.73201e-05
8.54615e-07
8.88776e-08
9.23781e-09
8.16715e-10
5.92211e-11
3.27568e-12
1.12971e-13
1.62959e-15
0.082151
0.0803263
0.0784887
0.0766737
0.0780895
0.0794239
0.0803886
0.0810894
0.0816213
0.0824917
0.0835325
0.0841658
0.0845351
0.0845691
0.0841855
0.0832914
0.0817866
0.0795688
0.0765415
0.0726252
0.0677709
0.0619754
0.055297
0.0478684
0.0399037
0.0316974
0.023671
0.0162558
0.00981234
0.00459147
0.00097821
2.95819e-05
1.19594e-06
1.17821e-07
1.22659e-08
1.0904e-09
7.93907e-11
4.39843e-12
1.51495e-13
2.181e-15
0.0804194
0.0786589
0.0768862
0.0751351
0.0765066
0.077801
0.0787442
0.0794367
0.0799703
0.0808278
0.0818483
0.082483
0.0828685
0.0829369
0.0826092
0.0817965
0.0804019
0.0783251
0.0754705
0.0717569
0.0671311
0.0615822
0.0551577
0.0479758
0.0402341
0.0322095
0.0242954
0.01692
0.0104457
0.00514038
0.00130287
5.14364e-05
1.70651e-06
1.56387e-07
1.62642e-08
1.45388e-09
1.0631e-10
5.89995e-12
2.02973e-13
2.91657e-15
0.0787477
0.0770483
0.0753374
0.073647
0.0749762
0.0762322
0.0771542
0.0778378
0.0783718
0.0792158
0.0802159
0.0808503
0.0812494
0.0813484
0.0810719
0.0803341
0.0790419
0.0770974
0.0744056
0.0708845
0.066477
0.0611654
0.0549867
0.0480461
0.040525
0.0326838
0.0248881
0.0175622
0.011069
0.00569029
0.00166588
8.84045e-05
2.47579e-06
2.08115e-07
2.15414e-08
1.93602e-09
1.42187e-10
7.90579e-12
2.71693e-13
3.89706e-15
0.077133
0.0754919
0.0738396
0.0722067
0.0734957
0.074715
0.0756163
0.0762907
0.076824
0.077654
0.0786336
0.0792664
0.0796766
0.0798028
0.0795728
0.0789045
0.0777073
0.0758866
0.0733484
0.07001
0.065811
0.0607274
0.0547867
0.0480815
0.0407786
0.0331218
0.0254498
0.018182
0.0116804
0.00623775
0.0020586
0.000146702
3.63184e-06
2.77752e-07
2.8508e-08
2.57472e-09
1.89953e-10
1.05817e-11
3.63341e-13
5.20301e-15
0.0755727
0.0739869
0.0723902
0.0708118
0.0720627
0.073247
0.0741283
0.074793
0.0753247
0.0761406
0.0770996
0.0777297
0.078149
0.0782993
0.0781116
0.0775071
0.0763987
0.0746936
0.0723002
0.069135
0.0651349
0.0602704
0.0545599
0.0480844
0.0409964
0.0335247
0.025981
0.018779
0.0122786
0.0067794
0.00247375
0.000232502
5.37737e-06
3.71633e-07
3.76977e-08
3.41995e-09
2.53459e-10
1.41487e-11
4.85417e-13
6.94101e-15
0.0740642
0.0725309
0.0709868
0.0694598
0.0706746
0.0718258
0.0726877
0.0733428
0.0738721
0.0746737
0.0756124
0.0762386
0.0766653
0.0768368
0.0766876
0.0761419
0.0751158
0.0735194
0.0712621
0.0682611
0.0644507
0.0597964
0.0543086
0.0480568
0.0411802
0.0338926
0.0264826
0.0193533
0.0128625
0.00731423
0.00290464
0.00035224
8.07778e-06
4.98697e-07
4.97917e-08
4.53704e-09
3.37793e-10
1.88972e-11
6.47919e-13
9.25154e-15
0.0726047
0.0711211
0.0696267
0.068148
0.0693291
0.0704491
0.0712925
0.0719379
0.0724643
0.0732516
0.0741701
0.0747916
0.0752241
0.0754145
0.0753001
0.0748086
0.0738591
0.0723642
0.0702353
0.0673896
0.0637601
0.0593074
0.0540346
0.0480007
0.0413317
0.0342269
0.0269564
0.0199048
0.0134317
0.0078422
0.00334492
0.000512033
1.24423e-05
6.72715e-07
6.56616e-08
6.01063e-09
4.49631e-10
2.52109e-11
8.63973e-13
1.2322e-14
0.0711918
0.069755
0.0683071
0.0668736
0.0680234
0.0691142
0.0699402
0.0705763
0.0710994
0.0718725
0.0727712
0.0733874
0.0738242
0.0740312
0.0739485
0.0735069
0.0726284
0.0712285
0.0692205
0.0665221
0.0630646
0.0588052
0.0537399
0.0479179
0.0414528
0.0345297
0.0274031
0.020434
0.013986
0.00836404
0.00379035
0.000713699
1.9819e-05
9.16183e-07
8.64661e-08
7.9497e-09
5.97716e-10
3.35953e-11
1.15092e-12
1.6398e-14
0.0698226
0.0684298
0.0670255
0.065634
0.066755
0.0678188
0.0686287
0.0692559
0.0697755
0.0705346
0.071414
0.0720243
0.0724642
0.0726858
0.072632
0.0722363
0.0714239
0.0701128
0.0682184
0.0656593
0.0623657
0.0582913
0.0534261
0.0478102
0.0415451
0.0348025
0.0278223
0.020941
0.0145251
0.00887964
0.00423848
0.00095526
3.24319e-05
1.26557e-06
1.13803e-07
1.04951e-08
7.93442e-10
4.47153e-11
1.53159e-12
2.18039e-14
0.0684945
0.0671428
0.0657789
0.0644262
0.0655211
0.0665604
0.0673555
0.0679745
0.0684907
0.0692362
0.0700968
0.0707008
0.0711429
0.0713773
0.0713497
0.0709963
0.0702452
0.0690172
0.0672297
0.0648023
0.0616647
0.0577675
0.0530951
0.047679
0.0416099
0.0350463
0.0282145
0.021426
0.0150487
0.00938822
0.00468795
0.00123113
5.34872e-05
1.77511e-06
1.49895e-07
1.3831e-08
1.05162e-09
5.94418e-11
2.03605e-12
2.89674e-14
0.0672047
0.065891
0.0645644
0.0632473
0.0643188
0.0653361
0.0661184
0.06673
0.0672429
0.0679754
0.0688179
0.0694154
0.0698588
0.0701046
0.0701008
0.0697864
0.0690924
0.0679421
0.0662551
0.0639523
0.0609629
0.0572351
0.0527482
0.047526
0.0416486
0.0352621
0.0285799
0.0218888
0.0155565
0.00988877
0.00513725
0.00153494
8.69548e-05
2.51981e-06
1.9773e-07
1.82006e-08
1.39144e-09
7.89138e-11
2.70375e-12
3.84508e-14
0.0659504
0.0646716
0.063379
0.0620941
0.0631452
0.0641433
0.0649147
0.0655201
0.0660303
0.0667504
0.0675755
0.0681667
0.0686108
0.0688665
0.0688843
0.068606
0.0679649
0.0668874
0.065295
0.0631098
0.0602613
0.0566954
0.0523871
0.0473527
0.0416626
0.0354508
0.0289182
0.0223298
0.0160482
0.0103803
0.00558374
0.0018608
0.000137229
3.60327e-06
2.61185e-07
2.39216e-08
1.83803e-09
1.04616e-10
3.58637e-12
5.09932e-14
0.0647285
0.0634815
0.0622195
0.0609636
0.0619973
0.0629792
0.0637418
0.0643425
0.0648507
0.0655594
0.0663681
0.0669529
0.0673973
0.0676619
0.0676995
0.0674544
0.0668627
0.0658531
0.0643497
0.0622758
0.0595611
0.0561499
0.0520131
0.0471605
0.0416531
0.0356134
0.0292296
0.02275
0.0165236
0.0108618
0.00602543
0.0022035
0.000208659
5.18409e-06
3.45296e-07
3.14001e-08
2.42412e-09
1.38486e-10
4.75151e-12
6.75646e-14
0.063536
0.0623174
0.0610829
0.0598526
0.0608719
0.0618408
0.0625971
0.0631947
0.0637019
0.0644002
0.0651936
0.0657725
0.066217
0.0664896
0.0665453
0.0663309
0.0657852
0.0648393
0.0634195
0.0614508
0.0588632
0.0555997
0.0516276
0.0469508
0.0416215
0.0357513
0.0295159
0.0231498
0.0169826
0.0113327
0.00646168
0.002558
0.000306146
7.53198e-06
4.56986e-07
4.11471e-08
3.19203e-09
1.83047e-10
6.28744e-12
8.94357e-14
0.0623696
0.0611763
0.0599659
0.0587579
0.0597661
0.060725
0.0614778
0.0620742
0.0625815
0.0632708
0.0640502
0.0646238
0.0650683
0.0653483
0.0654207
0.0652349
0.064732
0.0638458
0.0625047
0.0606355
0.0581685
0.0550459
0.051232
0.046725
0.0415692
0.0358656
0.029778
0.0235286
0.0174254
0.0117927
0.00689253
0.00291969
0.00043395
1.11449e-05
6.0654e-07
5.38076e-08
4.1959e-09
2.41582e-10
8.30926e-12
1.18268e-13
0.0612263
0.060055
0.0588652
0.0576764
0.0586766
0.0596289
0.060381
0.0609784
0.0614874
0.062169
0.062936
0.0635051
0.0639499
0.0642367
0.0643248
0.0641656
0.0637027
0.0628724
0.0616055
0.0598302
0.0574777
0.0544896
0.0508274
0.0464844
0.0414972
0.0359573
0.0300168
0.0238862
0.0178517
0.0122417
0.00731859
0.00328545
0.000593677
1.69149e-05
8.10267e-07
7.02186e-08
5.50458e-09
3.18333e-10
1.09668e-11
1.56234e-13
0.0601028
0.05895
0.0577778
0.0566054
0.0576004
0.0585494
0.059304
0.0599045
0.0604168
0.0610925
0.0618487
0.0624143
0.06286
0.0631535
0.0632563
0.063122
0.0626967
0.061919
0.0607218
0.0590353
0.0567917
0.0539318
0.0504151
0.0462302
0.0414069
0.0360273
0.0302328
0.0242228
0.0182613
0.0126792
0.00773976
0.00365344
0.00078446
2.62766e-05
1.09387e-06
9.15166e-08
7.20597e-09
4.18762e-10
1.44546e-11
2.06166e-13
0.0589957
0.0578585
0.056701
0.0555424
0.0565347
0.0574835
0.0582435
0.0588499
0.0593673
0.060039
0.0607862
0.0613497
0.0617969
0.0620973
0.0622142
0.0621034
0.0617133
0.0609851
0.0598537
0.0582513
0.0561109
0.0533733
0.049996
0.0459635
0.0412993
0.0360767
0.0304266
0.0245377
0.0186542
0.0131051
0.00815556
0.00402258
0.0010028
4.12976e-05
1.49538e-06
1.19256e-07
9.41375e-09
5.49884e-10
1.90247e-11
2.7175e-13
0.057902
0.0567774
0.055632
0.0544852
0.0554771
0.0564285
0.057197
0.0578117
0.0583364
0.0590059
0.0597462
0.0603091
0.0607588
0.0610665
0.0611972
0.0611088
0.060752
0.0600704
0.0590012
0.0574783
0.055436
0.052815
0.0495712
0.0456856
0.0411757
0.0361066
0.030599
0.0248308
0.0190311
0.0135191
0.00856527
0.00439189
0.00124449
6.45852e-05
2.06729e-06
1.55516e-07
1.22762e-08
7.20728e-10
2.50023e-11
3.57782e-13
0.0568189
0.0557043
0.0545689
0.0534323
0.0544253
0.0553818
0.0561616
0.0567871
0.0573213
0.0579908
0.0587262
0.0592903
0.0597438
0.0600595
0.0602039
0.0601371
0.059812
0.0591745
0.0581641
0.0567165
0.0547674
0.0522576
0.0491417
0.0453976
0.0410372
0.0361179
0.0307509
0.0251033
0.0193923
0.0139211
0.00896827
0.00475984
0.00150534
9.91361e-05
2.8792e-06
2.02963e-07
1.59866e-08
9.42922e-10
3.28069e-11
4.70476e-13
0.0557438
0.054637
0.05351
0.0523837
0.053378
0.0543414
0.0551349
0.0557737
0.0563193
0.0569911
0.0577241
0.0582911
0.05875
0.0590745
0.0592329
0.0591872
0.0588925
0.0582969
0.0573422
0.0559661
0.0541055
0.0517017
0.0487084
0.0451003
0.0408848
0.0361117
0.0308833
0.0253562
0.0197371
0.0143109
0.00936383
0.00512439
0.00178129
0.000148107
4.02813e-06
2.64956e-07
2.07918e-08
1.23148e-09
4.29787e-11
6.1788e-13
0.0546744
0.053574
0.0524554
0.0513432
0.052335
0.0533058
0.0541149
0.0547691
0.0553282
0.0560041
0.056737
0.0573093
0.0577751
0.0581097
0.0582827
0.0582579
0.0579926
0.057437
0.0565352
0.055227
0.0534506
0.051148
0.048272
0.0447949
0.0407195
0.036089
0.0309969
0.0255901
0.0200653
0.0146882
0.00975142
0.00548476
0.00206871
0.000214658
5.66275e-06
3.45831e-07
2.70022e-08
1.60569e-09
5.62138e-11
8.10392e-13
0.0536093
0.0525152
0.051409
0.0503258
0.0513002
0.0522748
0.0531001
0.0537712
0.0543455
0.0550277
0.0557626
0.0563423
0.0568172
0.0571632
0.0573516
0.0573479
0.0571112
0.0565941
0.0557428
0.0544992
0.052803
0.050597
0.0478333
0.0444822
0.0405423
0.0360507
0.0310926
0.0258056
0.0203768
0.0150529
0.0101306
0.00584074
0.00236362
0.000302671
8.02942e-06
4.51555e-07
3.50056e-08
2.09021e-09
7.34073e-11
1.06143e-12
0.0525486
0.0514646
0.0503857
0.0493804
0.0502884
0.0512522
0.0520902
0.0527786
0.0533694
0.0540596
0.0547987
0.0553879
0.0558739
0.0562332
0.056438
0.0564557
0.0562473
0.0557674
0.0549646
0.0537826
0.052163
0.0500491
0.0473929
0.0441631
0.0403542
0.0359977
0.0311711
0.0260028
0.0206715
0.0154046
0.0105012
0.00619251
0.00266309
0.000414429
1.15686e-05
5.90904e-07
4.52865e-08
2.71641e-09
9.57082e-11
1.38831e-12
0.051496
0.0504372
0.0494348
0.0486647
0.0493483
0.0502524
0.0510889
0.0517911
0.0523985
0.0530979
0.053843
0.0544439
0.054943
0.0553173
0.0555401
0.0555798
0.0553997
0.0549561
0.0542
0.053077
0.0515304
0.0495047
0.0469516
0.0438382
0.040156
0.0359309
0.0312331
0.0261824
0.0209483
0.0157435
0.010863
0.00654036
0.00296514
0.000550645
1.69978e-05
7.77584e-07
5.8459e-08
3.52368e-09
1.24587e-10
1.81329e-12
0.0504666
0.0494826
0.0487149
0.0486366
0.0493237
0.0501102
0.0508122
0.0514326
0.0521412
0.0528937
0.0535082
0.0540224
0.0544136
0.0546559
0.0547189
0.054567
0.0541593
0.0534484
0.0523821
0.0509055
0.048964
0.0465098
0.0435085
0.0399485
0.0358511
0.0312795
0.026345
0.0212082
0.0160706
0.0112157
0.00688404
0.00326858
0.000710322
2.54028e-05
1.03239e-06
7.53663e-08
4.56032e-09
1.61914e-10
2.36499e-12
0.0495101
0.0487598
0.0486206
0.0492014
0.0498557
0.0504751
0.0511895
0.0519496
0.052579
0.0531102
0.0535202
0.0537836
0.0538709
0.0537482
0.0533759
0.0527091
0.0516975
0.050288
0.0484274
0.046068
0.0431745
0.0397327
0.0357592
0.031311
0.0264914
0.021452
0.0163852
0.0115594
0.00722318
0.00357264
0.000890959
3.82742e-05
1.38544e-06
9.71413e-08
5.89008e-09
2.10042e-10
3.08009e-12
0.0487859
0.0485136
0.0489676
0.0495395
0.050246
0.0510103
0.051655
0.0522046
0.0526352
0.0529213
0.0530343
0.0529414
0.0526048
0.0519812
0.0510228
0.0496779
0.0478949
0.0456265
0.0428367
0.0395091
0.035656
0.0313285
0.0266222
0.0216803
0.0166869
0.0118938
0.00755733
0.00387657
0.00108975
5.74492e-05
1.87773e-06
1.25281e-07
7.59473e-09
2.71996e-10
4.00518e-12
0.0482956
0.0486711
0.0493242
0.0500794
0.0507361
0.0513044
0.0517568
0.0520673
0.0522074
0.0521454
0.0518447
0.0512641
0.0503573
0.049075
0.0473667
0.0451858
0.0424959
0.0392785
0.0355423
0.0313326
0.026738
0.0218935
0.0169754
0.0122188
0.00788602
0.00417928
0.00130371
8.504e-05
2.56307e-06
1.61691e-07
9.77964e-09
3.51603e-10
5.20039e-12
0.0480141
0.0484686
0.0491699
0.0498256
0.0504093
0.050884
0.0512201
0.0513887
0.0513585
0.0510944
0.0505565
0.0497006
0.0484788
0.0468426
0.044746
0.0421524
0.0390414
0.0354186
0.031324
0.0268393
0.022092
0.0172507
0.012534
0.00820875
0.0044792
0.00152991
0.000123298
3.51395e-06
2.08725e-07
1.25788e-08
4.53762e-10
6.74171e-12
0.0478214
0.0483258
0.0489361
0.0495227
0.0500165
0.0503784
0.0505766
0.0505795
0.0503526
0.0498575
0.0490517
0.0478891
0.0463226
0.0443073
0.0418065
0.0387985
0.0352857
0.0313033
0.0269268
0.022276
0.0175127
0.0128392
0.00852508
0.0047757
0.00176552
0.000174507
4.8349e-06
2.69322e-07
1.61598e-08
5.84726e-10
8.72624e-12
0.0476875
0.0481109
0.0486568
0.0491573
0.0495422
0.0497701
0.0498069
0.049618
0.049166
0.0484098
0.0473052
0.0458065
0.0438699
0.0414588
0.0385503
0.0351442
0.0312713
0.027001
0.0224459
0.0177605
0.0131345
0.00883468
0.00506856
0.00200749
0.000241507
6.6878e-06
3.47338e-07
2.07291e-08
7.52421e-10
1.12778e-11
0.047487
0.0478537
0.0483186
0.0487143
0.0489691
0.0490398
0.0488894
0.0484809
0.0477742
0.0467266
0.0452941
0.0434337
0.0411093
0.0382972
0.0349947
0.0312285
0.0270624
0.0226022
0.0179948
0.0134207
0.00913739
0.00535782
0.00225345
0.000326193
9.34612e-06
4.48213e-07
2.65426e-08
9.66838e-10
1.45541e-11
0.0472466
0.047541
0.0479063
0.0481763
0.048278
0.048166
0.0478012
0.0471439
0.0461527
0.0447848
0.0429986
0.0407583
0.0380395
0.0348376
0.0311755
0.0271116
0.0227453
0.0182162
0.0136972
0.00943317
0.00564373
0.00250168
0.000429499
1.32438e-05
5.80148e-07
3.39249e-08
1.2405e-09
1.87552e-11
0.0469532
0.0471575
0.0474028
0.0475243
0.0474477
0.0471261
0.0465181
0.0455828
0.0442784
0.0425645
0.0404059
0.0377777
0.0346734
0.0311128
0.0271492
0.0228757
0.0184251
0.0139636
0.00972189
0.00592615
0.00275111
0.000551278
1.90313e-05
7.55402e-07
4.33047e-08
1.58907e-09
2.41347e-11
0.0465918
0.0466863
0.0467891
0.0467371
0.0464558
0.0458963
0.0450162
0.0437743
0.0421312
0.040052
0.0375118
0.0345026
0.0310408
0.0271756
0.0229939
0.018622
0.0142197
0.0100034
0.00620486
0.00300111
0.000690127
2.76157e-05
9.91894e-07
5.52482e-08
2.03236e-09
3.10124e-11
0.0461451
0.0461083
0.0460441
0.0457925
0.0452784
0.0444525
0.0432722
0.0416984
0.0396967
0.0372422
0.0343253
0.0309601
0.0271912
0.0231002
0.0188069
0.0144653
0.0102774
0.00647954
0.00325107
0.000844368
4.01458e-05
1.31495e-06
7.0506e-08
2.59568e-09
3.97923e-11
0.0455942
0.0454027
0.0451457
0.0446669
0.0438919
0.0427717
0.0412658
0.0393399
0.0369688
0.034142
0.030871
0.0271965
0.023195
0.0189802
0.0147004
0.0105437
0.00674986
0.00350034
0.00101195
5.79956e-05
1.75874e-06
9.00675e-08
3.3115e-09
5.09858e-11
0.0449185
0.0445472
0.0440704
0.0433365
0.042273
0.0408332
0.0389814
0.0366918
0.0339528
0.0307738
0.0271919
0.0232785
0.019142
0.0149248
0.0108021
0.00701545
0.00374798
0.00119073
8.27035e-05
2.3685e-06
1.152e-07
4.22146e-09
6.52416e-11
0.0440957
0.0435185
0.0427945
0.0417782
0.0404011
0.0386213
0.0364111
0.0337579
0.0306687
0.0271776
0.0233512
0.0192923
0.0151377
0.0110527
0.00727594
0.00399306
0.00137857
0.000115882
3.20521e-06
1.47479e-07
5.37891e-09
8.33848e-11
0.0431024
0.0422929
0.0412948
0.0399713
0.0382598
0.0361269
0.0335573
0.0305561
0.027154
0.0234133
0.0194315
0.0153398
0.011296
0.00753106
0.00423517
0.00157321
0.000159324
4.35471e-06
1.88866e-07
6.85115e-09
1.06466e-10
0.041915
0.0408473
0.0395505
0.0378989
0.0358396
0.0333514
0.0304361
0.0271212
0.0234651
0.0195599
0.0155314
0.0115314
0.00778065
0.00447413
0.00177243
0.000214917
5.94694e-06
2.41887e-07
8.72215e-09
1.35818e-10
0.0405102
0.0391604
0.0375443
0.0355508
0.0331404
0.0303089
0.0270796
0.0235067
0.0196777
0.0157127
0.0117585
0.00802449
0.00470997
0.00197448
0.000283955
8.18653e-06
3.09995e-07
1.10967e-08
1.73129e-10
0.0388667
0.0372149
0.0352654
0.0329258
0.0301748
0.0270293
0.0235384
0.0197849
0.0158838
0.011977
0.00826238
0.00494274
0.0021781
0.000367127
1.13828e-05
3.98179e-07
1.41069e-08
2.20526e-10
0.0369668
0.0349992
0.0327117
0.0300351
0.0269705
0.0235604
0.0198818
0.0160448
0.0121866
0.00849405
0.00517231
0.00238243
0.000464368
1.59839e-05
5.13786e-07
1.79247e-08
2.80691e-10
0.0347984
0.0325103
0.0298926
0.0269041
0.0235727
0.0199683
0.0161956
0.012387
0.00871923
0.00539839
0.00258691
0.000574853
2.26006e-05
6.67596e-07
2.27754e-08
3.57088e-10
0.0323578
0.0297563
0.0268319
0.0235756
0.0200445
0.0163362
0.0125782
0.00893763
0.00562068
0.00279104
0.000697516
3.20036e-05
8.75012e-07
2.89575e-08
4.54129e-10
0.0296522
0.0267595
0.02357
0.0201101
0.0164661
0.0127596
0.00914891
0.00583883
0.00299431
0.000830956
4.51229e-05
1.15721e-06
3.68683e-08
5.77312e-10
0.0267025
0.023558
0.0201648
0.0165849
0.0129307
0.00935261
0.00605239
0.00319605
0.000973595
6.30102e-05
1.54354e-06
4.70184e-08
7.33821e-10
0.0235454
0.0202075
0.016691
0.0130905
0.00954802
0.00626082
0.00339531
0.00112388
8.67941e-05
2.074e-06
6.01003e-08
9.32778e-10
0.0202349
0.0167803
0.0132365
0.00973374
0.00646327
0.00359152
0.00128014
0.000117646
2.80392e-06
7.69732e-08
1.18698e-09
0.0168418
0.0133621
0.0099065
0.00665816
0.00378397
0.00144046
0.000157038
3.81151e-06
9.87438e-08
1.51173e-09
0.0134501
0.0100579
0.00684187
0.00397136
0.00160313
0.000206076
5.21547e-06
1.2685e-07
1.92696e-09
0.0101654
0.00700504
0.0041505
0.00176625
0.000265517
7.19047e-06
1.63259e-07
2.45819e-09
0.00712216
0.00431222
0.00192682
0.000335658
9.98802e-06
2.10758e-07
3.13848e-09
0.00443052
0.00207697
0.000415993
1.39567e-05
2.73409e-07
4.01131e-09
0.00219191
0.000504091
1.95477e-05
3.57203e-07
5.13495e-09
0.000586451
2.72772e-05
4.70818e-07
6.58903e-09
3.74445e-05
6.26229e-07
8.48156e-09
8.29605e-07
1.09586e-08
1.4087e-08
)
;

boundaryField
{
    wallTube
    {
        type            zeroGradient;
    }
    outlet
    {
        type            zeroGradient;
    }
    inletPilot
    {
        type            fixedValue;
        value           uniform 0.1098;
    }
    inletAir
    {
        type            fixedValue;
        value           uniform 0;
    }
    wallOutside
    {
        type            zeroGradient;
    }
    inletCH4
    {
        type            fixedValue;
        value           uniform 0;
    }
    frontAndBack_pos
    {
        type            wedge;
    }
    frontAndBack_neg
    {
        type            wedge;
    }
}


// ************************************************************************* //
