/*--------------------------------*- C++ -*----------------------------------*\
| =========                 |                                                 |
| \\      /  F ield         | OpenFOAM: The Open Source CFD Toolbox           |
|  \\    /   O peration     | Version:  1.6.x                                 |
|   \\  /    A nd           | Web:      www.OpenFOAM.org                      |
|    \\/     M anipulation  |                                                 |
\*---------------------------------------------------------------------------*/
FoamFile
{
    version     2.0;
    format      ascii;
    class       volScalarField;
    location    "7000";
    object      eR;
}
// * * * * * * * * * * * * * * * * * * * * * * * * * * * * * * * * * * * * * //

dimensions      [0 0 0 0 0 0 0];

internalField   nonuniform List<scalar> 
4608
(
3.16742
3.16736
3.16737
3.19734
3.16736
3.16736
3.16736
3.16891
3.25302
3.38356
3.16736
3.16736
3.16736
3.16736
3.16746
3.173
3.31434
3.9891
4.08534
3.16736
3.16736
3.16736
3.16736
3.16737
3.16779
3.17956
3.37543
4.43504
7.16884
0.050182
0.68545
3.16736
3.16736
3.16736
3.16736
3.16741
3.16845
3.18853
3.44342
4.63351
10.1829
6.09374
0.00514885
0.00027673
0.0308089
3.16736
3.16736
3.16736
3.16736
3.1675
3.16959
3.20011
3.49839
4.84158
12.1383
16.6311
0.287103
0.000573387
4.83715e-05
1.54802e-06
0.00161826
3.16736
3.16736
3.16736
3.16736
3.16768
3.17131
3.21369
4.14535
4.66074
13.8425
28.1192
1.92473
0.0139177
8.28075e-05
7.51104e-06
4.01682e-07
8.83513e-09
0.000446949
3.16736
3.16736
3.16736
3.16736
3.168
3.17372
3.24534
4.71682
5.05753
12.2672
38.6728
7.03492
0.0372805
0.00307987
1.29982e-06
7.97103e-08
3.08619e-09
5.12632e-11
0.000158823
3.16736
3.16736
3.16736
3.16736
3.1685
3.17772
3.28428
5.20292
5.74194
11.4243
37.2633
12.7491
0.103929
0.00747529
0.00089314
1.61547e-08
7.50366e-10
2.27624e-11
3.96978e-13
3.71457e-05
3.16736
3.16736
3.16736
3.16736
3.16933
3.18338
3.32724
5.58084
6.52719
12.8614
32.1496
24.9659
0.198405
0.018249
0.0020179
0.000232637
1.75857e-10
6.58292e-12
2.2811e-13
3.70637e-15
4.30567e-06
3.16736
3.16736
3.16736
3.16736
3.1706
3.19062
3.37168
5.9427
7.24406
15.2815
35.8163
43.4229
0.588105
0.0303088
0.00443539
0.000495306
5.1246e-05
1.75062e-12
9.6444e-14
2.49669e-15
3.54433e-17
3.69082e-07
3.16736
3.16736
3.16736
3.16736
3.17242
3.19923
3.41839
5.92958
8.02549
17.9019
43.292
60.0479
3.85269
0.0623944
0.00715092
0.000965349
0.000126552
5.65545e-06
3.6914e-14
1.39674e-15
2.7329e-17
3.46357e-19
7.1089e-08
3.16736
3.16736
3.16736
3.16736
3.17486
3.20915
3.46277
5.88853
8.10021
21.0283
51.0946
73.5108
10.5118
0.313521
0.0136217
0.0014735
0.000239228
2.10752e-05
4.97856e-07
6.68788e-16
1.92834e-17
2.99917e-19
3.45359e-21
2.30009e-08
3.16736
3.16736
3.16736
3.16736
3.17796
3.22012
3.75308
6.18975
7.77882
21.9114
59.5484
86.074
16.9509
0.92861
0.0580643
0.00256545
0.000353137
5.29397e-05
1.7885e-06
9.27971e-08
1.09083e-17
2.58164e-19
3.30403e-21
3.50397e-23
8.99289e-09
3.16736
3.16736
3.16736
3.16736
3.18177
3.23984
4.04544
6.7055
8.10219
20.2142
61.2982
97.0393
24.4629
2.07429
0.14312
0.00944641
0.000571173
9.13807e-05
5.58219e-06
2.31242e-07
2.98551e-08
1.66612e-19
3.3894e-21
3.64967e-23
3.60158e-25
3.61093e-09
3.16736
3.16736
3.16736
3.16736
3.18692
3.26517
4.33309
7.43348
8.83093
20.2964
54.4887
100.101
30.594
3.95048
0.345948
0.0205924
0.00182856
0.000144849
1.5945e-05
5.07095e-07
6.09991e-08
1.19241e-08
2.43522e-21
4.38705e-23
4.02584e-25
3.72924e-27
1.40082e-09
3.16736
3.16736
3.16736
3.16736
3.19365
3.29472
4.6238
8.098
9.91747
21.3708
51.9475
93.8886
34.6063
5.97979
0.771059
0.0438017
0.00384343
0.00039936
3.47715e-05
1.25675e-06
1.03999e-07
2.31345e-08
4.9496e-09
3.44542e-23
5.57e-25
4.41279e-27
3.86821e-29
5.13485e-10
3.16736
3.16736
3.16736
3.16736
3.20202
3.32792
4.81343
8.5098
10.9098
23.1933
52.2949
90.6083
39.8865
7.85945
1.50613
0.0846288
0.00773319
0.000827077
9.57264e-05
3.87749e-06
1.65682e-07
3.63142e-08
9.88731e-09
1.97648e-09
4.73572e-25
6.87375e-27
4.79395e-29
3.99955e-31
1.76129e-10
3.16736
3.16736
3.16736
3.16736
3.21207
3.36269
4.95732
9.05914
11.4726
24.6742
54.3737
89.5022
46.5206
10.7866
2.41544
0.164947
0.0145149
0.00163318
0.000199478
1.91201e-05
3.14589e-07
4.926e-08
1.557e-08
4.22099e-09
7.36118e-10
6.31884e-27
8.22843e-29
5.14927e-31
4.10902e-33
5.61761e-11
3.16736
3.16736
3.16736
3.16736
3.22363
3.50266
5.21311
9.78439
12.1255
25.1337
55.814
89.4026
50.6366
14.7504
3.8619
0.303147
0.0274166
0.00303822
0.000396186
4.92169e-05
1.50217e-06
6.82453e-08
2.07948e-08
6.95041e-09
1.70079e-09
2.52382e-10
8.17323e-29
9.5322e-31
5.46576e-33
4.19388e-35
1.65638e-11
3.16736
3.16736
3.16736
3.24261
3.66595
5.56066
10.6987
12.9496
25.6437
55.2531
88.7257
52.5514
17.6424
5.93508
0.568664
0.0495402
0.00569314
0.000736028
0.000100292
7.82268e-06
1.31158e-07
2.64407e-08
9.64978e-09
2.9874e-09
6.30134e-10
7.91221e-11
1.02096e-30
1.0597e-32
5.75528e-35
4.2547e-37
4.48649e-12
3.16736
3.16736
3.26806
3.83921
5.99091
11.6796
13.997
26.3102
54.7328
86.7176
53.9589
19.7074
7.6814
1.01534
0.0888247
0.010324
0.00137391
0.000196229
2.29201e-05
4.62127e-07
3.4957e-08
1.23418e-08
4.405e-09
1.18907e-09
2.12075e-10
2.25601e-11
1.22214e-32
1.12685e-34
6.06466e-37
4.28957e-39
1.10863e-12
3.16736
3.33618
4.0299
6.55625
12.8171
15.1676
27.2597
54.4162
84.7948
56.0116
21.7487
9.16116
1.61689
0.144787
0.0184733
0.00249386
0.000369698
5.03494e-05
2.22104e-06
5.57727e-08
1.5058e-08
5.8661e-09
1.87757e-09
4.29642e-10
6.44018e-11
5.81831e-12
1.38544e-34
1.15e-36
6.49581e-39
4.3179e-41
2.4811e-13
3.43461
4.26103
7.31793
14.2032
16.5138
28.4646
54.4724
82.8037
58.008
24.4257
10.7082
2.25719
0.243158
0.0295391
0.00447289
0.000672379
0.000102596
8.89757e-06
1.28625e-07
1.84654e-08
7.2681e-09
2.64372e-09
7.27441e-10
1.39457e-10
1.75533e-11
1.34932e-12
1.46795e-36
1.14452e-38
7.14313e-41
4.2538e-43
4.99117e-14
3.56488
4.56503
8.33092
15.888
18.1245
29.9111
54.9885
80.8532
58.7643
27.1472
12.6859
2.98518
0.374895
0.0482179
0.00721194
0.00120125
0.000195381
2.44286e-05
5.12134e-07
2.55088e-08
8.56471e-09
3.42653e-09
1.09014e-09
2.52526e-10
4.03959e-11
4.27177e-12
2.79614e-13
1.43619e-38
1.14261e-40
8.16212e-43
8.95643e-15
3.71948
4.98798
9.62841
17.8224
20.0696
31.6506
55.8931
79.2017
58.4998
28.9281
14.7854
3.92579
0.547059
0.0737134
0.0116197
0.00195323
0.000352521
5.3302e-05
2.52664e-06
4.55487e-08
1.01833e-08
4.15817e-09
1.49347e-09
4.03213e-10
7.78933e-11
1.0386e-11
9.23082e-13
5.14363e-14
1.30196e-40
1.16806e-42
1.42292e-15
3.9031
5.61033
11.0882
20.0987
22.3072
33.7852
57.1519
77.9419
57.7817
30.0049
16.3352
4.9881
0.790109
0.106382
0.0177637
0.0031323
0.000579859
0.000104701
9.42796e-06
1.20509e-07
1.2994e-08
4.88424e-09
1.90503e-09
5.85947e-10
1.32263e-10
2.12222e-11
2.35754e-12
1.76087e-13
8.34407e-15
1.07018e-42
1.98676e-16
4.14033
6.49306
12.8802
22.8662
24.9063
36.3011
58.8563
77.1016
57.031
30.7444
17.4874
5.89454
1.11935
0.149697
0.0256814
0.00481016
0.000929239
0.000182337
2.5074e-05
5.04342e-07
1.9482e-08
5.74129e-09
2.31294e-09
7.90216e-10
2.0387e-10
3.81947e-11
5.07974e-12
4.69886e-13
2.94785e-14
1.18578e-15
2.4208e-17
4.47416
7.76382
15.1205
26.2563
28.0197
39.214
60.9886
76.732
56.4638
31.383
18.4525
6.70841
1.49414
0.209091
0.0359943
0.00703007
0.00143236
0.000296553
5.21161e-05
2.43166e-06
3.85995e-08
7.06659e-09
2.73388e-09
1.00667e-09
2.90966e-10
6.23285e-11
9.65317e-12
1.06251e-12
8.17861e-14
4.30513e-15
1.46672e-16
2.55709e-18
4.99637
9.48531
17.9023
30.5194
31.7875
42.6466
63.4702
76.6262
56.1104
32.0421
19.3534
7.48709
1.88777
0.292662
0.0497387
0.00994711
0.0021082
0.000459788
9.33914e-05
8.81793e-06
1.05822e-07
9.70959e-09
3.23209e-09
1.2326e-09
3.90674e-10
9.40378e-11
1.6631e-11
2.12346e-12
1.9319e-13
1.23631e-14
5.45281e-16
1.56935e-17
2.32699e-19
5.87624
11.6772
21.5168
36.0541
36.4463
46.732
66.3108
76.5268
55.5184
32.7167
20.2529
8.25967
2.29767
0.395494
0.0690615
0.0137707
0.00299851
0.00068204
0.000153032
2.20147e-05
4.23115e-07
1.57206e-08
3.95654e-09
1.47794e-09
5.00691e-10
1.33149e-10
2.6471e-11
3.85016e-12
4.04426e-13
3.03755e-14
1.61434e-15
5.95598e-17
1.44406e-18
1.81393e-20
7.47822
14.7027
26.4135
43.3851
42.3649
51.6519
69.5118
76.3261
54.4509
32.974
21.1362
9.04204
2.72489
0.514998
0.0934837
0.0190469
0.00416781
0.000976604
0.000233261
4.3977e-05
1.85431e-06
3.18256e-08
5.1808e-09
1.77422e-09
6.21408e-10
1.79209e-10
3.94813e-11
6.44863e-12
7.69119e-13
6.63455e-14
4.10899e-15
1.81141e-16
5.58002e-18
1.13654e-19
1.20494e-21
10.1784
19.0612
33.1831
53.0928
50.0127
57.6713
73.1054
75.9888
52.9844
32.7103
21.6507
9.81934
3.17166
0.650532
0.122212
0.0258303
0.00577054
0.00136335
0.000338065
7.52878e-05
6.47603e-06
8.02598e-08
7.48864e-09
2.18046e-09
7.58689e-10
2.32044e-10
5.5831e-11
1.0113e-11
1.35175e-12
1.31882e-13
9.32854e-15
4.75891e-16
1.73792e-17
4.46147e-19
7.61316e-21
6.78853e-23
14.4339
25.3895
42.5052
65.6863
59.8632
65.102
77.1408
75.5419
51.2851
32.076
21.7402
10.3691
3.63106
0.802572
0.15479
0.0339383
0.00786546
0.00188709
0.0004751
0.000117327
1.61549e-05
2.65948e-07
1.21954e-08
2.79633e-09
9.26226e-10
2.92562e-10
7.56396e-11
1.50125e-11
2.22394e-12
2.42497e-13
1.93158e-14
1.11898e-15
4.69703e-17
1.4191e-18
3.03018e-20
4.32074e-22
3.23034e-24
20.8189
34.3921
55.0601
81.4055
72.2376
74.1851
81.644
74.9829
49.4909
31.2385
21.5357
10.6791
4.004
0.970246
0.1911
0.0432106
0.0104246
0.00257645
0.000658505
0.000171465
3.21221e-05
1.03093e-06
2.30916e-08
3.79449e-09
1.14781e-09
3.63682e-10
9.91534e-11
2.12942e-11
3.46033e-12
4.17497e-13
3.70437e-14
2.40539e-15
1.14005e-16
3.93373e-18
9.81981e-20
1.74084e-21
2.06932e-23
1.29336e-25
29.9255
46.7952
71.3863
99.8904
87.0914
84.9205
86.5076
74.3292
47.6748
30.3078
21.1644
10.8276
4.28774
1.14438
0.231053
0.0535802
0.0134027
0.00343353
0.000900091
0.000240978
5.46964e-05
3.61198e-06
5.1347e-08
5.52232e-09
1.46181e-09
4.5119e-10
1.27017e-10
2.91066e-11
5.13593e-12
6.7954e-13
6.65604e-14
4.79656e-15
2.53604e-16
9.82552e-18
2.78439e-19
5.73569e-21
8.42774e-23
8.32714e-25
3.98682e-27
42.4182
63.2757
91.5833
119.818
103.718
96.8856
91.3945
73.5189
45.8683
29.3392
20.7041
10.8751
4.50882
1.30929
0.279333
0.0650365
0.0167732
0.00444927
0.00120458
0.000331096
8.41207e-05
9.62337e-06
1.34721e-07
8.74118e-09
1.93065e-09
5.64908e-10
1.60563e-10
3.86567e-11
7.32668e-12
1.05406e-12
1.13075e-13
8.96973e-15
5.24239e-16
2.25496e-17
7.13694e-19
1.65964e-20
2.81792e-22
3.42084e-24
2.56812e-26
3.42887e-29
59.0155
84.2301
114.866
138.714
120.521
109.068
95.7268
72.4104
44.0629
28.3514
20.1942
10.8557
4.68372
1.46118
0.332986
0.0789195
0.0205334
0.00562213
0.00157169
0.000445413
0.000121878
2.00431e-05
4.38252e-07
1.50984e-08
2.66214e-09
7.20388e-10
2.02204e-10
5.028e-11
1.01175e-11
1.56885e-12
1.82983e-13
1.58656e-14
1.01745e-15
4.8181e-17
1.68508e-18
4.35437e-20
8.30283e-22
1.1576e-23
1.053e-25
2.83151e-28
80.2659
109.331
139.073
153.337
135.084
119.885
98.7697
70.8204
42.2212
27.3415
19.6483
10.7871
4.82106
1.5993
0.388804
0.0950561
0.0250318
0.00695686
0.00200162
0.000585094
0.000168967
3.57106e-05
1.49612e-06
2.93881e-08
3.82937e-09
9.42153e-10
2.5593e-10
6.45528e-11
1.36139e-11
2.25491e-12
2.83862e-13
2.67311e-14
1.86905e-15
9.67831e-17
3.71128e-18
1.05496e-19
2.22459e-21
3.46217e-23
3.56439e-25
1.25236e-27
106.095
136.888
160.595
160.803
144.774
127.502
99.8231
68.5821
40.2924
26.2932
19.0664
10.6761
4.92594
1.72343
0.444919
0.112723
0.0303547
0.00853948
0.00249723
0.000750633
0.000225665
5.63265e-05
4.40203e-06
6.37843e-08
5.80282e-09
1.26561e-09
3.28041e-10
8.24358e-11
1.79664e-11
3.14753e-12
4.24589e-13
4.31539e-14
3.27135e-15
1.84175e-16
7.6955e-18
2.38879e-19
5.51704e-21
9.43991e-23
1.06969e-24
4.40186e-27
135.114
163.4
175.255
159.864
147.755
130.447
98.4413
65.599
38.2305
25.1832
18.4401
10.5229
5.00038
1.83376
0.500178
0.131332
0.0363739
0.0104279
0.00308296
0.000943499
0.000292896
8.18795e-05
1.02406e-05
1.5935e-07
9.28203e-09
1.74862e-09
4.27738e-10
1.0547e-10
2.34037e-11
4.29034e-12
6.15437e-13
6.71122e-14
5.4857e-15
3.34101e-16
1.51322e-17
5.10015e-19
1.28132e-20
2.38752e-22
2.93566e-24
1.35274e-26
164.002
184.02
180.087
151.373
143.768
128.183
94.5798
61.8741
36.0065
23.9893
17.7564
10.3239
5.04389
1.93015
0.55386
0.150484
0.0429269
0.0126151
0.00378315
0.00117102
0.000371754
0.000112363
1.9766e-05
4.67549e-07
1.58713e-08
2.47935e-09
5.68723e-10
1.35995e-10
3.02818e-11
5.74138e-12
8.68604e-13
1.01004e-13
8.8577e-15
5.80763e-16
2.83842e-17
1.03378e-18
2.81012e-20
5.66501e-22
7.49404e-24
3.78008e-26
187.718
194.371
174.759
137.615
134.082
121.259
88.5873
57.508
33.6155
22.6962
17.0024
10.0731
5.05415
2.01163
0.605341
0.169933
0.0498805
0.015064
0.00460564
0.00144265
0.000464603
0.000147777
3.31801e-05
1.42459e-06
2.96753e-08
3.61021e-09
7.7057e-10
1.77492e-10
3.91452e-11
7.58281e-12
1.19912e-12
1.47734e-13
1.38297e-14
9.71962e-16
5.10373e-17
2.00047e-18
5.85759e-20
1.27116e-21
1.79894e-23
9.80288e-26
201.203
192.733
161.451
121.178
120.753
110.975
81.0663
52.6722
31.0775
21.299
16.1684
9.76427
5.02777
2.07642
0.653799
0.189492
0.0571523
0.017728
0.0055456
0.00176435
0.000574838
0.000188455
4.98874e-05
3.82145e-06
6.0228e-08
5.44477e-09
1.062e-09
2.34971e-10
5.08128e-11
9.93473e-12
1.62641e-12
2.1084e-13
2.09596e-14
1.57224e-15
8.83648e-17
3.71277e-18
1.16663e-19
2.71392e-21
4.09196e-23
2.38882e-25
201.896
180.733
143.458
104.169
105.815
98.837
72.6901
47.5695
28.4332
19.8055
15.251
9.39242
4.96104
2.12224
0.698097
0.208926
0.0646877
0.0205819
0.00659955
0.00213771
0.000705559
0.00023584
6.96124e-05
8.42065e-06
1.34937e-07
8.52054e-09
1.4887e-09
3.1554e-10
6.64876e-11
1.29745e-11
2.17676e-12
2.94721e-13
3.09446e-14
2.46693e-15
1.47853e-16
6.63701e-18
2.22976e-19
5.54076e-21
8.87096e-23
5.51631e-25
190.948
162.035
123.804
87.9554
90.8116
86.1439
64.0602
42.4
25.7367
18.2349
14.2545
8.95556
4.85086
2.14657
0.736874
0.227897
0.0724227
0.0236105
0.00775867
0.00256292
0.000858717
0.000291582
9.25194e-05
1.57229e-05
3.45715e-07
1.39295e-08
2.11753e-09
4.29546e-10
8.79024e-11
1.69631e-11
2.88692e-12
4.05001e-13
4.46554e-14
3.76686e-15
2.39877e-16
1.14666e-17
4.10636e-19
1.08624e-20
1.84149e-22
1.21456e-24
172.108
140.451
104.589
73.2488
76.7072
73.8182
55.6367
37.3367
23.0471
16.6154
13.1911
8.45591
4.69557
2.14714
0.768603
0.24597
0.0802605
0.0267955
0.00901656
0.00303848
0.00103529
0.000357071
0.000118951
2.59408e-05
9.47509e-07
2.42555e-08
3.05323e-09
5.91431e-10
1.17545e-10
2.22806e-11
3.80938e-12
5.49103e-13
6.31885e-14
5.61431e-15
3.78495e-16
1.92063e-17
7.30998e-19
2.05283e-20
3.67465e-22
2.562e-24
149.597
118.807
86.9737
60.2844
63.9817
62.41
47.7272
32.514
20.4216
14.9799
12.0795
7.90029
4.49578
2.12233
0.791767
0.262617
0.0880735
0.0301071
0.0103663
0.0035631
0.00123552
0.00043301
0.000149227
3.8776e-05
2.43065e-06
4.49759e-08
4.48815e-09
8.21305e-10
1.5891e-10
2.94758e-11
5.01959e-12
7.37103e-13
8.79469e-14
8.19107e-15
5.82435e-16
3.12768e-17
1.26159e-18
3.75126e-20
7.07485e-22
5.19753e-24
126.672
98.74
71.4099
49.0514
52.765
52.1738
40.5061
28.0247
17.9098
13.3627
10.9429
7.29966
4.25466
2.0716
0.80505
0.277251
0.0956939
0.0335093
0.011796
0.00413739
0.00145949
0.00051984
0.000183764
5.38711e-05
5.3962e-06
8.8654e-08
6.75081e-09
1.14902e-09
2.16815e-10
3.93303e-11
6.62624e-12
9.8298e-13
1.20762e-13
1.17297e-14
8.76332e-16
4.96459e-17
2.11651e-18
6.64668e-20
1.31801e-21
1.01786e-23
105.268
80.9483
57.9537
39.4507
43.0217
43.1443
34.0392
23.9234
15.5505
11.7953
9.80584
6.66807
3.97793
1.99578
0.807526
0.289278
0.10292
0.0369487
0.0132989
0.00476334
0.0017077
0.000617943
0.000223118
7.13263e-05
1.0275e-05
1.93517e-07
1.04136e-08
1.61733e-09
2.97958e-10
5.29401e-11
8.78493e-12
1.30641e-12
1.64075e-13
1.653e-14
1.29233e-15
7.69941e-17
3.45996e-18
1.1448e-19
2.38208e-21
1.92952e-23
86.2442
65.5762
46.4958
31.3402
34.6673
35.2701
28.2966
20.2257
13.3695
10.304
8.69191
6.02103
3.67326
1.89703
0.798801
0.298153
0.109531
0.0403562
0.0148587
0.00543604
0.00198098
0.000727746
0.000267761
9.11371e-05
1.74367e-05
4.67344e-07
1.67364e-08
2.28661e-09
4.11492e-10
7.18296e-11
1.17165e-11
1.73525e-12
2.21204e-13
2.29826e-14
1.87227e-15
1.16924e-16
5.52369e-18
1.92104e-19
4.18642e-21
3.54967e-23
69.8073
52.5175
36.8561
24.5473
27.5863
28.4879
23.238
16.8993
11.3762
8.90834
7.62153
5.374
3.34957
1.77872
0.77908
0.303429
0.1153
0.0436516
0.0164508
0.00614928
0.00227883
0.0008497
0.000318054
0.000113369
2.68238e-05
1.16028e-06
2.83467e-08
3.25938e-09
5.69648e-10
9.80906e-11
1.57317e-11
2.30899e-12
2.96727e-13
3.16039e-14
2.67065e-15
1.7423e-16
8.62942e-18
3.14725e-19
7.16968e-21
6.3517e-23
55.8578
41.5627
28.8187
18.9111
21.6346
22.7136
18.8406
13.9302
9.54972
7.61686
6.61037
4.74089
3.01604
1.64504
0.749147
0.304805
0.120007
0.0467468
0.0180471
0.00689197
0.0026006
0.000983997
0.000374177
0.000138043
3.81211e-05
2.67012e-06
5.04171e-08
4.71226e-09
7.89736e-10
1.3455e-10
2.12626e-11
3.08343e-12
3.97024e-13
4.30871e-14
3.75886e-15
2.55259e-16
1.32178e-17
5.04363e-19
1.19886e-20
1.10776e-22
44.1716
32.4579
22.1766
14.2709
16.6815
17.8374
15.065
11.3236
7.89479
6.41532
5.6665
4.13302
2.68127
1.50058
0.710259
0.302148
0.123457
0.049549
0.0196144
0.00765665
0.00294669
0.00113068
0.000436323
0.000165262
5.1077e-05
5.41947e-06
9.45579e-08
6.93186e-09
1.0969e-09
1.85037e-10
2.89034e-11
4.13687e-12
5.31028e-13
5.83739e-14
5.23118e-15
3.68389e-16
1.98857e-17
7.92038e-19
1.96076e-20
1.88649e-22
34.474
24.9558
16.7291
10.49
12.5915
13.7638
11.848
9.06692
6.42846
5.31531
4.77965
3.5572
2.35265
1.34985
0.663992
0.295506
0.125488
0.0519655
0.0211149
0.00843142
0.00331205
0.00128991
0.00050467
0.000195289
6.56298e-05
9.73459e-06
1.93255e-07
1.04148e-08
1.52611e-09
2.548e-10
3.9466e-11
5.57842e-12
7.11262e-13
7.87584e-14
7.21336e-15
5.24686e-16
2.94358e-17
1.22084e-18
3.14182e-20
3.14238e-22
26.495
18.8206
12.3039
7.45188
9.25196
10.3883
9.1432
7.12639
5.14877
4.33525
3.963
3.00791
2.03535
1.19693
0.612058
0.285087
0.125988
0.053908
0.0225086
0.00920057
0.00369167
0.00146059
0.000579387
0.000228373
8.1691e-05
1.58697e-05
4.31895e-07
1.61919e-08
2.12684e-09
3.50897e-10
5.40567e-11
7.55895e-12
9.5524e-13
1.06032e-13
9.87476e-15
7.38828e-16
4.29418e-17
1.84999e-18
4.93981e-20
5.12784e-22
19.9791
13.848
8.75439
5.04997
6.56533
7.62602
6.88813
5.48703
4.03877
3.47534
3.2332
2.4985
1.72849
1.04523
0.55616
0.271234
0.124893
0.0552965
0.0237543
0.00994799
0.00407734
0.00164128
0.000660309
0.00026469
9.92414e-05
2.37239e-05
9.94811e-07
2.6304e-08
2.9799e-09
4.8275e-10
7.41705e-11
1.02859e-11
1.28736e-12
1.42681e-13
1.34457e-14
1.03039e-15
6.18366e-17
2.76009e-18
7.632e-20
8.20939e-22
14.7039
9.86514
5.95018
3.20472
4.44079
5.40258
5.03762
4.11404
3.09899
2.72534
2.59108
2.04161
1.44284
0.898776
0.497985
0.254391
0.122192
0.0560627
0.0248104
0.0106559
0.00446412
0.00183185
0.000747068
0.000304207
0.000118251
3.302e-05
2.16682e-06
4.44903e-08
4.21821e-09
6.63513e-10
1.01812e-10
1.40428e-11
1.74146e-12
1.92168e-13
1.82416e-14
1.42564e-15
8.80342e-17
4.06015e-18
1.16026e-19
1.29114e-21
10.4817
6.72059
3.79169
1.85525
2.81176
3.64618
3.54955
2.98842
2.31075
2.09049
2.03028
1.63821
1.18565
0.763149
0.440955
0.235139
0.117929
0.0561525
0.0256365
0.0113048
0.00484484
0.00202864
0.000839448
0.000346836
0.000138673
4.34859e-05
4.26339e-06
7.82672e-08
6.04888e-09
9.11786e-10
1.39681e-10
1.92142e-11
2.36421e-12
2.59301e-13
2.46973e-14
1.96007e-15
1.24094e-16
5.89698e-18
1.73792e-19
1.99745e-21
7.14934
4.29724
2.20381
0.977812
1.62623
2.30534
2.37998
2.08885
1.66892
1.55882
1.55643
1.28658
0.958102
0.639984
0.386584
0.214954
0.112234
0.0555313
0.0261944
0.0118744
0.00521078
0.00222821
0.000936507
0.000392513
0.000160594
5.50275e-05
7.52791e-06
1.46731e-07
8.8073e-09
1.2529e-09
1.91428e-10
2.63204e-11
3.21964e-12
3.5075e-13
3.34134e-14
2.68195e-15
1.73449e-16
8.46775e-18
2.56802e-19
3.04322e-21
4.57976
2.50725
1.15426
0.496424
0.864159
1.33761
1.49939
1.39171
1.16298
1.12979
1.16192
0.990793
0.762892
0.529839
0.335011
0.194609
0.105599
0.0542007
0.0264514
0.0123439
0.00555237
0.00242613
0.00103704
0.00044102
0.00018409
6.7505e-05
1.21922e-05
2.97922e-07
1.31383e-08
1.72129e-09
2.61911e-10
3.60636e-11
4.39521e-12
4.75729e-13
4.52217e-14
3.65733e-15
2.40727e-16
1.20371e-17
3.74783e-19
4.57133e-21
2.67797
1.30997
0.57056
0.260304
0.448281
0.722466
0.880408
0.881615
0.782713
0.796443
0.847131
0.749115
0.59927
0.434567
0.286757
0.174239
0.098378
0.052296
0.0263871
0.0126932
0.00585961
0.00261803
0.00114014
0.000491979
0.000209198
8.0842e-05
1.82238e-05
6.40381e-07
2.02822e-08
2.36925e-09
3.57547e-10
4.9383e-11
6.00986e-12
6.46926e-13
6.12727e-14
4.97693e-15
3.32193e-16
1.69602e-17
5.4085e-19
6.77752e-21
1.39831
0.635682
0.290959
0.143155
0.239957
0.387164
0.499262
0.538783
0.514126
0.549387
0.60558
0.558309
0.465776
0.35239
0.24319
0.15412
0.090676
0.0499513
0.0260271
0.0129059
0.00612207
0.00279983
0.0012442
0.000544977
0.00023578
9.49611e-05
2.54156e-05
1.35401e-06
3.24776e-08
3.2796e-09
4.86978e-10
6.75345e-11
8.22417e-12
8.81738e-13
8.3155e-14
6.76569e-15
4.56371e-16
2.37154e-17
7.72634e-19
9.92823e-21
0.672653
0.317147
0.156536
0.0823644
0.134143
0.213786
0.284988
0.325998
0.33248
0.372501
0.42621
0.410648
0.358115
0.283114
0.203997
0.134956
0.0826077
0.0472224
0.0254125
0.0129802
0.00632986
0.00296657
0.00134674
0.000599416
0.000263649
0.000109767
3.34787e-05
2.66679e-06
5.35739e-08
4.58039e-09
6.62131e-10
9.21835e-11
1.12555e-11
1.20387e-12
1.13059e-13
9.19564e-15
6.24899e-16
3.29478e-17
1.09381e-18
1.4384e-20
0.331739
0.167708
0.0885812
0.0492927
0.0781533
0.122564
0.166458
0.198489
0.213649
0.249211
0.295776
0.298327
0.27225
0.225152
0.169455
0.116887
0.0744649
0.0441517
0.0245657
0.0129243
0.00647742
0.003113
0.00144527
0.000654409
0.000292573
0.000125197
4.22595e-05
4.77628e-06
9.18218e-08
6.46292e-09
8.9925e-10
1.2555e-10
1.53942e-11
1.64574e-12
1.5399e-13
1.25041e-14
8.53714e-16
4.55305e-17
1.53615e-18
2.06306e-20
0.173837
0.0936934
0.0523484
0.0305379
0.0472258
0.0728239
0.0998785
0.122576
0.137482
0.165467
0.20273
0.213998
0.204557
0.17707
0.139295
0.100189
0.0663947
0.0408442
0.0235002
0.0127442
0.0065638
0.00323496
0.0015369
0.000708939
0.000322242
0.000141223
5.1622e-05
7.86252e-06
1.6704e-07
9.24992e-09
1.21972e-09
1.70583e-10
2.10287e-11
2.25106e-12
2.10089e-13
1.70173e-14
1.16468e-15
6.26484e-17
2.14237e-18
2.93207e-20
0.0964689
0.0548387
0.0321147
0.0195267
0.0294781
0.0446804
0.061527
0.0770009
0.089055
0.109678
0.137787
0.151619
0.151766
0.137589
0.113197
0.084949
0.0585661
0.0373795
0.0222489
0.0124426
0.0065889
0.00333015
0.00161914
0.000762073
0.000352273
0.000157789
6.14329e-05
1.20158e-05
3.26168e-07
1.35444e-08
1.65293e-09
2.31132e-10
2.86767e-11
3.07883e-12
2.86989e-13
2.31871e-14
1.58778e-15
8.59139e-17
2.9699e-18
4.13298e-20
0.0561827
0.0333942
0.0203759
0.0128733
0.0189608
0.0282193
0.0388452
0.0492392
0.0582421
0.0729109
0.0933051
0.106369
0.111161
0.10553
0.0908508
0.071189
0.0510938
0.0338425
0.0208449
0.0120277
0.00655187
0.00339708
0.0016905
0.000812751
0.000382236
0.000174789
7.15897e-05
1.71333e-05
6.60443e-07
2.04552e-08
2.24306e-09
3.12228e-10
3.9022e-11
4.20835e-12
3.92356e-13
3.16307e-14
2.16448e-15
1.17521e-16
4.09619e-18
5.78306e-20
0.0340826
0.021064
0.0133492
0.00875455
0.0125585
0.0183143
0.0250995
0.0320503
0.0385232
0.0487639
0.0632169
0.0741694
0.0805107
0.0798617
0.07195
0.058909
0.0440553
0.0303053
0.0193245
0.0115102
0.00645343
0.00343423
0.00174968
0.000859651
0.00041164
0.000192015
8.1996e-05
2.30039e-05
1.30556e-06
3.18064e-08
3.0578e-09
4.20614e-10
5.29646e-11
5.74562e-12
5.36587e-13
4.31943e-14
2.95152e-15
1.60487e-16
5.62548e-18
8.03942e-20
0.021434
0.0137348
0.00903198
0.00615015
0.00857131
0.0122097
0.0165882
0.0212364
0.0258002
0.0328832
0.0429903
0.0515958
0.0578346
0.0596971
0.0562008
0.0480962
0.0375122
0.0268266
0.0177234
0.0109033
0.00629575
0.00344056
0.00179542
0.000901758
0.000439914
0.000209227
9.25215e-05
2.93952e-05
2.41797e-06
5.0615e-08
4.19626e-09
5.6542e-10
7.16922e-11
7.83169e-12
7.33716e-13
5.90331e-14
4.02681e-15
2.18921e-16
7.69991e-18
1.11119e-19
0.0139422
0.00925678
0.00631885
0.00446999
0.00603769
0.00836945
0.0112187
0.0143322
0.0175164
0.0223954
0.0294139
0.0359215
0.0413438
0.0441838
0.0433292
0.0387259
0.0315191
0.0234576
0.016074
0.0102217
0.00608239
0.00341563
0.00182661
0.000938178
0.000466519
0.00022617
0.000103067
3.61654e-05
4.12619e-06
8.30382e-08
5.80275e-09
7.58733e-10
9.67692e-11
1.06538e-11
1.00261e-12
8.07189e-14
5.49714e-15
2.98448e-16
1.05111e-17
1.52842e-19
0.0093777
0.00645529
0.0045774
0.00336304
0.00439667
0.00590931
0.00777541
0.00986488
0.0120737
0.0154306
0.0202883
0.025094
0.0295022
0.0324751
0.0330347
0.0307647
0.0261218
0.0202484
0.0144069
0.0094804
0.00581826
0.00335969
0.00184232
0.000968088
0.000490948
0.000242588
0.000113555
4.31716e-05
6.55426e-06
1.42921e-07
8.11354e-09
1.01617e-09
1.30244e-10
1.44599e-11
1.36855e-12
1.10383e-13
7.50849e-15
4.06768e-16
1.43194e-17
2.09355e-19
0.00652864
0.00466383
0.00343487
0.00261582
0.00331214
0.00430586
0.0055345
0.00693905
0.00846614
0.0107767
0.014135
0.0176296
0.0210713
0.0237728
0.0249699
0.0241489
0.0213584
0.017246
0.0127536
0.00869439
0.00550903
0.00327374
0.00184199
0.00099059
0.00051273
0.000258233
0.000123907
5.02799e-05
9.74457e-06
2.61621e-07
1.15509e-08
1.35877e-09
1.7476e-10
1.95768e-11
1.8653e-12
1.50906e-13
1.02599e-14
5.544e-16
1.94785e-17
2.85758e-19
0.00471019
0.00349215
0.00266625
0.0020964
0.0025784
0.00324159
0.00405509
0.0050008
0.0060545
0.00764702
0.00996881
0.0124835
0.0151
0.0173789
0.0187623
0.0187702
0.0172483
0.0144951
0.0111462
0.00788028
0.00516102
0.00315936
0.00182542
0.00100524
0.000531559
0.000272851
0.000134028
5.73898e-05
1.36057e-05
4.97791e-07
1.6868e-08
1.817e-09
2.33732e-10
2.64321e-11
2.53776e-12
2.06167e-13
1.4022e-14
7.55704e-16
2.6469e-17
3.88923e-19
0.00352275
0.00270599
0.00213338
0.00172268
0.00206767
0.00252008
0.00306333
0.0037019
0.00442847
0.00552836
0.00713469
0.00893044
0.0108829
0.0127196
0.0140511
0.0144813
0.0137813
0.0120316
0.00961701
0.00705606
0.00478175
0.00301868
0.00179269
0.00101164
0.000546893
0.000286216
0.000143775
6.44127e-05
1.79652e-05
9.37491e-07
2.52584e-08
2.43596e-09
3.11658e-10
3.55832e-11
3.44541e-12
2.81371e-13
1.91618e-14
1.03024e-15
3.59441e-17
5.28108e-19
0.00272709
0.00216216
0.00175073
0.00144358
0.00169999
0.00201806
0.00238627
0.0028201
0.00332188
0.00408398
0.00519676
0.00647141
0.00790821
0.00934322
0.0105143
0.0111167
0.0109171
0.00987626
0.00819598
0.006241
0.00437998
0.00285456
0.00174422
0.0010095
0.000558302
0.000298066
0.000153002
7.12539e-05
2.26277e-05
1.68102e-06
3.8534e-08
3.27971e-09
4.14523e-10
4.77579e-11
4.66664e-12
3.83478e-13
2.6175e-14
1.40462e-15
4.87903e-17
7.15798e-19
0.00217732
0.00177233
0.00146537
0.00122758
0.00142543
0.00165762
0.00191338
0.00221179
0.00256027
0.00309123
0.00386386
0.00476409
0.00580956
0.00690551
0.00788067
0.00851178
0.00859341
0.00803146
0.00690662
0.00545457
0.00396576
0.00267073
0.00168082
0.000998687
0.000565452
0.000308148
0.000161565
7.78182e-05
2.74566e-05
2.81467e-06
5.99406e-08
4.4373e-09
5.50138e-10
6.39062e-11
6.30461e-12
5.2176e-13
3.57298e-14
1.91489e-15
6.62105e-17
9.68837e-19
0.00178363
0.001482
0.00124474
0.00105541
0.00121301
0.0013896
0.00157358
0.00178334
0.0020283
0.00240172
0.00294053
0.00357379
0.00432721
0.00514922
0.00593138
0.00651609
0.0067366
0.00648301
0.00576308
0.00471428
0.00354998
0.00247179
0.00160379
0.000979241
0.000568088
0.000316231
0.000169325
8.40494e-05
3.23362e-05
4.41055e-06
9.61832e-08
6.04292e-09
7.28433e-10
8.52594e-11
8.49466e-12
7.0852e-13
4.87226e-14
2.60985e-15
8.98338e-17
1.30994e-18
0.00149067
0.00125778
0.00106902
0.000915209
0.00104375
0.00118318
0.00132129
0.0014735
0.00164932
0.00191599
0.00229483
0.00273933
0.00327775
0.00388489
0.00449473
0.00499963
0.00527139
0.00520513
0.00476975
0.00403376
0.00314345
0.00226317
0.00151497
0.000951458
0.000566048
0.000322112
0.000176156
8.9898e-05
3.71537e-05
6.5185e-06
1.61696e-07
8.32206e-09
9.62169e-10
1.13394e-10
1.14137e-11
9.60046e-13
6.63534e-14
3.55528e-15
1.21862e-16
1.76976e-18
0.00126457
0.00107935
0.000926026
0.000799578
0.000905901
0.00101928
0.00112747
0.00124236
0.00137237
0.00156714
0.00183723
0.00214967
0.00253191
0.00297429
0.00343884
0.00385457
0.00412695
0.00416558
0.00392263
0.00342172
0.00275576
0.0020507
0.00141675
0.000915924
0.000559286
0.000325625
0.000181932
9.53197e-05
4.18251e-05
9.09398e-06
2.84894e-07
1.16646e-08
1.26892e-09
1.50316e-10
1.52915e-11
1.29781e-12
9.02223e-14
4.83962e-15
1.65265e-16
2.38953e-18
0.00108472
0.000934261
0.000808193
0.000703586
0.000792163
0.000886066
0.000973908
0.00106419
0.00116383
0.00131025
0.00150694
0.00172815
0.00199856
0.0023171
0.00266387
0.00299399
0.00324039
0.00333004
0.00321164
0.00288203
0.00239449
0.00184008
0.00131191
0.000873535
0.000547901
0.000326646
0.000186538
0.000100243
4.62851e-05
1.20295e-05
5.10301e-07
1.67049e-08
1.67358e-09
1.98605e-10
2.04245e-11
1.75002e-12
1.22456e-13
6.58142e-15
2.24042e-16
3.22479e-18
0.000938548
0.000814776
0.000710463
0.000623657
0.00069767
0.000776169
0.000849194
0.000922652
0.00100179
0.00111546
0.00126276
0.00142181
0.00161349
0.00184076
0.00209493
0.00234928
0.00255805
0.00266519
0.00262303
0.00241436
0.00206485
0.00163644
0.00120345
0.000825473
0.000532151
0.000325119
0.000189869
0.000104587
5.04832e-05
1.51767e-05
8.94906e-07
2.43545e-08
2.21116e-09
2.61624e-10
2.71954e-11
2.35354e-12
1.65872e-13
8.93912e-15
3.03561e-16
4.35021e-18
0.000818211
0.000715741
0.000629169
0.000556976
0.000618914
0.000684758
0.000746225
0.000807411
0.000872215
0.000963194
0.00107707
0.00119427
0.00133149
0.00149293
0.00167628
0.00186703
0.00203549
0.00214048
0.00214141
0.00201522
0.00176968
0.00144394
0.00109434
0.000773125
0.000512455
0.000321059
0.000191848
0.000108275
5.43515e-05
1.84112e-05
1.49544e-06
3.59619e-08
2.92847e-09
3.43734e-10
3.60972e-11
3.1564e-12
2.24188e-13
1.21238e-14
4.1101e-16
5.866e-18
0.000718502
0.000633416
0.000561417
0.000501197
0.000553145
0.000608418
0.000660381
0.000712011
0.000766177
0.000840858
0.000931635
0.00102076
0.00112094
0.00123594
0.0013666
0.00150617
0.00163661
0.00172911
0.00175118
0.00167905
0.00150975
0.00126563
0.000987252
0.000717996
0.000489363
0.000314568
0.000192428
0.000111244
5.78401e-05
2.16394e-05
2.35599e-06
5.38603e-08
3.88901e-09
4.50447e-10
4.77642e-11
4.22098e-12
3.02292e-13
1.64156e-14
5.55989e-16
7.90645e-18
0.000635643
0.00056485
0.000504798
0.000454328
0.000498076
0.000544521
0.000588464
0.00063225
0.000678045
0.000740386
0.00081464
0.000884711
0.000959955
0.00104292
0.00113545
0.00123534
0.0013326
0.00140821
0.00143759
0.0013991
0.00128417
0.00110344
0.000884473
0.000661595
0.000463551
0.000305841
0.000191601
0.000113447
6.09203e-05
2.47755e-05
3.51746e-06
8.26026e-08
5.18631e-09
5.88608e-10
6.30049e-11
5.62812e-12
4.06588e-13
2.21854e-14
7.51281e-16
1.0651e-17
0.000566654
0.000507588
0.000457264
0.000414682
0.000451766
0.000490911
0.000528062
0.000565226
0.000604126
0.000656666
0.000718467
0.000775243
0.000833643
0.000894874
0.000960581
0.00103077
0.00110071
0.00115872
0.00118726
0.00116824
0.00109092
0.000958267
0.000787768
0.000605335
0.000435777
0.000295135
0.000189404
0.000114857
6.35722e-05
2.77473e-05
4.9908e-06
1.31486e-07
6.97276e-09
7.66844e-10
8.28364e-11
7.48195e-12
5.45442e-13
2.99221e-14
1.01386e-15
1.43392e-17
0.000509056
0.000459545
0.000417086
0.000380856
0.00041257
0.000445757
0.000477219
0.000508761
0.000541842
0.000586312
0.000638262
0.000685258
0.000732055
0.000778632
0.000825919
0.000874655
0.000923164
0.00096499
0.000988433
0.000979414
0.000927186
0.00083017
0.000698376
0.000550451
0.000406808
0.000282752
0.000185911
0.000115462
6.57847e-05
3.05037e-05
6.73446e-06
2.17312e-07
9.50174e-09
9.96817e-10
1.08529e-10
9.9158e-12
7.29739e-13
4.02688e-14
1.36619e-15
1.92897e-17
0.000460745
0.000418957
0.000382827
0.000351707
0.000379115
0.000407502
0.00043428
0.000461093
0.000489237
0.00052694
0.000570799
0.000610188
0.000648603
0.000685213
0.000720052
0.000753784
0.000786231
0.000814357
0.000831006
0.000825981
0.000789799
0.00071855
0.000617035
0.000497955
0.000377376
0.000269046
0.000181232
0.000115271
6.75364e-05
3.30095e-05
8.67131e-06
3.65099e-07
1.3166e-08
1.29442e-09
1.41704e-10
1.30988e-11
9.73573e-13
5.40677e-14
1.83794e-15
2.59254e-17
0.000419943
0.000384366
0.000353318
0.000326318
0.000350279
0.000374838
0.000397831
0.000420729
0.00044472
0.000476723
0.000513806
0.000546988
0.000578998
0.000608565
0.000635029
0.000658543
0.000679454
0.000696724
0.000706482
0.000701925
0.000675451
0.000622357
0.00054405
0.000448613
0.000348147
0.000254394
0.000175512
0.00011431
6.88102e-05
3.52407e-05
1.07014e-05
6.05862e-07
1.85066e-08
1.68113e-09
1.84419e-10
1.72476e-11
1.29506e-12
7.24179e-14
2.46811e-15
3.48066e-17
0.000385176
0.000354581
0.000327624
0.000303968
0.00032516
0.000346688
0.000366671
0.000386387
0.000406934
0.000434165
0.000465544
0.000493519
0.000520367
0.000544683
0.00056537
0.00058206
0.000594998
0.000604154
0.000607822
0.000601927
0.000580904
0.000540246
0.000479372
0.000402955
0.000319692
0.000239173
0.000168923
0.000112626
6.95989e-05
3.71693e-05
1.2741e-05
9.70114e-07
2.62624e-08
2.18461e-09
2.39289e-10
2.26359e-11
1.71766e-12
9.67439e-14
3.30787e-15
4.66729e-17
0.000355247
0.000328654
0.00030501
0.000284092
0.000303048
0.000322178
0.000339802
0.000356975
0.00037471
0.000397989
0.000424591
0.000448158
0.000470695
0.000490865
0.000507385
0.000519484
0.000527109
0.000530515
0.000529298
0.000521385
0.000503112
0.000470723
0.00042268
0.000361288
0.00029247
0.000223738
0.000161652
0.000110285
6.99076e-05
3.87735e-05
1.47242e-05
1.4819e-06
3.75667e-08
2.84037e-09
3.09558e-10
2.96108e-11
2.27125e-12
1.28907e-13
4.42384e-15
6.24987e-17
0.000329201
0.000305842
0.000284903
0.000266251
0.000283385
0.000300616
0.000316408
0.000331577
0.000347051
0.000367091
0.000389736
0.000409591
0.000428476
0.000445222
0.000458554
0.000467474
0.000471607
0.000471164
0.000466333
0.000456407
0.000439299
0.000412246
0.000373462
0.000323733
0.000266837
0.000208399
0.000153894
0.000107369
6.97552e-05
4.00515e-05
1.65976e-05
2.15989e-06
5.44249e-08
3.69702e-09
3.99159e-10
3.86072e-11
2.99401e-12
1.71293e-13
5.90362e-15
8.35582e-17
0.000306285
0.000285561
0.000266856
0.000250102
0.000265735
0.000281453
0.000295831
0.000309441
0.000323118
0.00034053
0.000359934
0.000376704
0.000392502
0.000406358
0.000417115
0.000423714
0.000425547
0.000422629
0.000415347
0.000403761
0.000387
0.000363304
0.000331079
0.000290256
0.000243038
0.000193438
0.000145849
0.000103974
6.91732e-05
4.10113e-05
1.83157e-05
3.01556e-06
8.06404e-08
4.82789e-09
5.12874e-10
5.01638e-11
3.93436e-12
2.26979e-13
7.86014e-15
1.11536e-16
0.000285916
0.000267362
0.000250523
0.000235376
0.00024976
0.000264264
0.000277553
0.000289957
0.000302221
0.000317515
0.000334292
0.000348538
0.000361762
0.000373171
0.000381776
0.000386575
0.000386841
0.00038239
0.00037357
0.000360827
0.000344079
0.000322472
0.000294827
0.0002607
0.000221218
0.000179088
0.000137689
0.0001002
6.82023e-05
4.16694e-05
1.98506e-05
4.03033e-06
1.23197e-07
6.34999e-09
6.56765e-10
6.49427e-11
5.15332e-12
2.99903e-13
1.04398e-14
1.48616e-16
0.000267638
0.000250892
0.00023563
0.00022186
0.000235192
0.000248711
0.000261162
0.00027264
0.0002838
0.000297395
0.000312057
0.000324273
0.000335388
0.00034475
0.00035154
0.000354872
0.000354009
0.000348623
0.000338934
0.000325504
0.000308736
0.000288449
0.000263979
0.000234823
0.000201436
0.000165525
0.000129569
9.61485e-05
6.68901e-05
4.20418e-05
2.11877e-05
5.16378e-06
1.92911e-07
8.44695e-09
8.38822e-10
8.37577e-11
6.72737e-12
3.95089e-13
1.38314e-14
1.97644e-16
0.000251099
0.000235877
0.000221962
0.000209384
0.000221821
0.000234533
0.000246338
0.000257106
0.000267408
0.000279639
0.000292609
0.000303215
0.000312636
0.000320319
0.000325591
0.000327702
0.000325971
0.000320006
0.000309895
0.000296168
0.000279465
0.000260084
0.000237822
0.000212322
0.000183676
0.00015287
0.000121622
9.19155e-05
6.5288e-05
4.21455e-05
2.23224e-05
6.35951e-06
3.0406e-07
1.13781e-08
1.06963e-09
1.07617e-10
8.75168e-12
5.18907e-13
1.82774e-14
2.62317e-16
0.000236022
0.000222099
0.000209348
0.00019781
0.000209479
0.000221522
0.000232826
0.000243052
0.000252689
0.000263826
0.000275442
0.000284788
0.000292875
0.000299214
0.000303243
0.00030434
0.000301916
0.000295576
0.000285313
0.000271572
0.000255062
0.000236372
0.000215688
0.000192865
0.000167868
0.000141196
0.000113962
8.75928e-05
6.34495e-05
4.2001e-05
2.32545e-05
7.56328e-06
4.7217e-07
1.54788e-08
1.36267e-09
1.37781e-10
1.13441e-11
6.79398e-13
2.40881e-14
3.47414e-16
0.000222187
0.000209384
0.000197649
0.000187027
0.000198027
0.00020951
0.000220426
0.000230239
0.000239361
0.000249616
0.00026015
0.000268521
0.000275577
0.000280869
0.00028391
0.000284186
0.000281203
0.000274607
0.000264344
0.000250768
0.000234566
0.000216474
0.000196958
0.000176113
0.0001539
0.000130536
0.000106673
8.32642e-05
6.1429e-05
4.16322e-05
2.39829e-05
8.73009e-06
7.11429e-07
2.1184e-08
1.73445e-09
1.758e-10
1.46513e-11
8.86655e-13
3.16589e-14
4.59098e-16
0.000209422
0.000197593
0.00018675
0.000176941
0.000187356
0.000198363
0.000208976
0.000218475
0.0002272
0.000236741
0.000246407
0.000254033
0.000260309
0.000264808
0.000267093
0.000266728
0.000263308
0.000256537
0.000246352
0.000233039
0.000217226
0.000199696
0.000181093
0.000161725
0.000141635
0.00012089
9.98218e-05
7.90065e-05
5.928e-05
4.10669e-05
2.45136e-05
9.82605e-06
1.03184e-06
2.91365e-08
2.20532e-09
2.23538e-10
1.88551e-11
1.15332e-12
4.14911e-14
6.05284e-16
0.000197584
0.00018661
0.000176558
0.000167477
0.000177373
0.000187972
0.000198347
0.000207609
0.000216029
0.00022499
0.000233957
0.000241018
0.000246716
0.000250636
0.000252369
0.000251533
0.000247792
0.000240911
0.000230846
0.00021784
0.000202458
0.000185473
0.000167625
0.000149386
0.000130915
0.000112232
9.34559e-05
7.48801e-05
5.70537e-05
4.03354e-05
2.48613e-05
1.08254e-05
1.44194e-06
4.04083e-08
2.80233e-09
2.83184e-10
2.41774e-11
1.49517e-12
5.42185e-14
7.96107e-16
0.000186559
0.000176341
0.000166997
0.000158567
0.000168003
0.000178246
0.000188433
0.000197516
0.000205703
0.00021419
0.000222593
0.000229231
0.000234514
0.000238029
0.000239384
0.00023823
0.000234281
0.000227355
0.000217436
0.000204751
0.000189811
0.000173355
0.000156159
0.00013881
0.000121581
0.000104512
8.76001e-05
7.09294e-05
5.47963e-05
3.94697e-05
2.5045e-05
1.17104e-05
1.9439e-06
5.69398e-08
3.5648e-09
3.57332e-10
3.08867e-11
1.93176e-12
7.06388e-14
1.04449e-15
0.000176252
0.00016671
0.000157999
0.00015016
0.00015918
0.000169113
0.000179147
0.000188097
0.000196107
0.000204204
0.000212149
0.000218477
0.000223471
0.000226722
0.000227845
0.000226507
0.000222457
0.00021555
0.000205802
0.000193438
0.000178933
0.000162983
0.000146367
0.00012974
0.000113477
9.7668e-05
8.22583e-05
6.71907e-05
5.25479e-05
3.8501e-05
2.50867e-05
1.2474e-05
2.52597e-06
8.20701e-08
4.55399e-09
4.49145e-10
3.93043e-11
2.48723e-12
9.17522e-14
1.36687e-15
0.000166586
0.000157648
0.000149511
0.000142208
0.000150851
0.000160506
0.000170419
0.000179269
0.000187145
0.000194921
0.000202493
0.000208597
0.000213404
0.000216502
0.00021751
0.000216104
0.000212049
0.000205227
0.000195677
0.000183632
0.000169544
0.000154073
0.000137979
0.000121956
0.000106455
9.16308e-05
7.74226e-05
6.36884e-05
5.03433e-05
3.74591e-05
2.50058e-05
1.31166e-05
3.16646e-06
1.20804e-07
5.86323e-09
5.62712e-10
4.98157e-11
3.19107e-12
1.18806e-13
1.78404e-15
0.000157492
0.000149101
0.000141486
0.000134675
0.000142972
0.000152374
0.000162185
0.000170962
0.000178738
0.000186249
0.000193516
0.000199466
0.000204163
0.000207197
0.000208185
0.000206805
0.00020283
0.000196155
0.000186835
0.00017511
0.00016142
0.000146396
0.000130777
0.000115269
0.000100379
8.63274e-05
7.30746e-05
6.04369e-05
4.82109e-05
3.6371e-05
2.48204e-05
1.36437e-05
3.83602e-06
1.79693e-07
7.62328e-09
7.0332e-10
6.28889e-11
4.07921e-12
1.5335e-13
2.32224e-15
0.000148916
0.000141023
0.000133887
0.000127529
0.000135503
0.000144674
0.000154397
0.000163119
0.000170823
0.000178111
0.000185128
0.000190978
0.000195627
0.000198664
0.000199708
0.000198432
0.00019461
0.000188139
0.000179083
0.000167683
0.000154376
0.00013977
0.000124582
0.00010952
9.51289e-05
8.16859e-05
6.91895e-05
5.74441e-05
4.61758e-05
3.52612e-05
2.45481e-05
1.40631e-05
4.50697e-06
2.65943e-07
1.00018e-08
8.77617e-10
7.90955e-11
5.19537e-12
1.97297e-13
3.01443e-15
0.000140811
0.000133376
0.000126681
0.000120745
0.000128415
0.000137369
0.000147011
0.000155691
0.000163342
0.000170445
0.000177256
0.000183048
0.000187697
0.000190792
0.000191949
0.000190839
0.000187229
0.000181015
0.000172255
0.000161193
0.000148258
0.000134043
0.000119248
0.000104577
9.0598e-05
7.76376e-05
6.57381e-05
5.47139e-05
4.42559e-05
3.41515e-05
2.42057e-05
1.43821e-05
5.15645e-06
3.86434e-07
1.32041e-08
1.09354e-09
9.91314e-11
6.59261e-12
2.53001e-13
3.90187e-15
0.00013314
0.000126127
0.000119843
0.000114308
0.000121683
0.000130427
0.000139993
0.000148638
0.00015625
0.000163196
0.000169839
0.000175606
0.000180291
0.000183485
0.000184801
0.000183906
0.000180558
0.000174642
0.000166212
0.000155503
0.000142935
0.000129091
0.000114656
0.000100329
8.66947e-05
7.41189e-05
6.26887e-05
5.22429e-05
4.24612e-05
3.30605e-05
2.38092e-05
1.46076e-05
5.76671e-06
5.46646e-07
1.75009e-08
1.36044e-09
1.23823e-10
8.33527e-12
3.23346e-13
5.03594e-15
0.000125869
0.000119251
0.000113359
0.000108225
0.000115292
0.000123825
0.000133312
0.000141927
0.000149508
0.00015632
0.000162823
0.000168593
0.000173342
0.000176667
0.000178178
0.000177535
0.000174487
0.000168907
0.000160835
0.000150494
0.000138295
0.000124806
0.000110705
9.66835e-05
8.33403e-05
7.10721e-05
6.00092e-05
5.0023e-05
4.07991e-05
3.20034e-05
2.33741e-05
1.47507e-05
6.32607e-06
7.50095e-07
2.32968e-08
1.68983e-09
1.54134e-10
1.05009e-11
4.11861e-13
6.48042e-15
0.000118973
0.000112732
0.000107236
0.000102564
0.00010925
0.00011755
0.000126947
0.000135528
0.000143084
0.00014978
0.000156166
0.000161957
0.000166794
0.000170273
0.000172005
0.000171644
0.000168926
0.000163712
0.000156024
0.000146068
0.000134241
0.0001211
0.000107311
9.3564e-05
8.04675e-05
6.84455e-05
5.76679e-05
4.80429e-05
3.92736e-05
3.09925e-05
2.29145e-05
1.48242e-05
6.82611e-06
1.00083e-06
3.12532e-08
2.09719e-09
1.91189e-10
1.31824e-11
5.22838e-13
8.3142e-15
0.000112438
0.000106579
0.000101539
9.75625e-05
0.000103622
0.000111609
0.000120884
0.00012942
0.000136951
0.000143544
0.000149831
0.000155658
0.000160599
0.000164252
0.000166224
0.000166165
0.000163802
0.000158977
0.000151694
0.00014214
0.000130691
0.000117893
0.000104401
9.09042e-05
7.8019e-05
6.61939e-05
5.56354e-05
4.62896e-05
3.78858e-05
3.00377e-05
2.24436e-05
1.48411e-05
7.26418e-06
1.29639e-06
4.25339e-08
2.60514e-09
2.3629e-10
1.64906e-11
6.61484e-13
1.06345e-14
0.000106269
0.000100856
9.65108e-05
9.40147e-05
9.86474e-05
0.000106066
0.000115131
0.000123591
0.000131088
0.000137586
0.000143787
0.00014966
0.000154716
0.000158555
0.000160783
0.000161044
0.000159052
0.000154635
0.000147775
0.000138636
0.000127575
0.000115119
0.000101915
8.86481e-05
7.59455e-05
6.42774e-05
5.38842e-05
4.47498e-05
3.66328e-05
2.9147e-05
2.19728e-05
1.48136e-05
7.64189e-06
1.62939e-06
5.89355e-08
3.2486e-09
2.90974e-10
2.05551e-11
8.34088e-13
1.35606e-14
0.000100533
9.58076e-05
9.29479e-05
9.51136e-05
0.000101158
0.000109752
0.000118049
0.000125483
0.000131886
0.000138008
0.000143934
0.000149112
0.000153146
0.00015564
0.000156232
0.000154624
0.000150628
0.000144206
0.000135496
0.000124832
0.00011272
9.97977e-05
8.67474e-05
7.42047e-05
6.26613e-05
5.23895e-05
4.34102e-05
3.55139e-05
2.83276e-05
2.15119e-05
1.4752e-05
7.96361e-06
1.98849e-06
8.29822e-08
4.07887e-09
3.57289e-10
2.55217e-11
1.04819e-12
1.72386e-14
9.54742e-05
9.2233e-05
9.7658e-05
0.000104975
0.000112856
0.000120145
0.000126432
0.000132475
0.000138454
0.000143758
0.000147992
0.000150758
0.000151689
0.000150475
0.000146911
0.000140937
0.000132667
0.000122408
0.000110647
9.80036e-05
8.51601e-05
7.276e-05
6.13151e-05
5.11288e-05
4.22578e-05
3.45262e-05
2.75818e-05
2.10694e-05
1.46651e-05
8.23508e-06
2.36025e-06
1.1781e-07
5.16644e-09
4.37844e-10
3.15742e-11
1.31267e-12
2.18463e-14
9.18935e-05
0.00010155
0.000108234
0.000115135
0.000121232
0.000127178
0.000133203
0.000138632
0.000143066
0.000146108
0.000147381
0.000146567
0.000143444
0.000137927
0.000130106
0.000120261
0.000108854
9.6492e-05
8.38498e-05
7.15794e-05
6.02124e-05
5.00819e-05
4.12803e-05
3.36658e-05
2.69113e-05
2.06522e-05
1.4561e-05
8.46224e-06
2.73283e-06
1.66807e-07
6.60094e-09
5.35888e-10
3.89316e-11
1.63831e-12
2.75977e-14
0.000104905
0.000110666
0.000116346
0.000122122
0.000128168
0.000133713
0.000138346
0.000141663
0.00014328
0.000142869
0.000140191
0.000135138
0.000127774
0.000118351
0.000107306
9.52277e-05
8.27845e-05
7.0635e-05
5.93298e-05
4.9231e-05
4.0466e-05
3.29278e-05
2.6317e-05
2.02654e-05
1.44468e-05
8.65033e-06
3.09645e-06
2.33275e-07
8.49152e-09
6.55285e-10
4.78572e-11
2.03785e-12
3.47556e-14
0.000107438
0.000111983
0.000117367
0.000123357
0.000128992
0.000133814
0.000137401
0.000139362
0.000139355
0.000137124
0.00013254
0.00012564
0.000116646
0.00010597
9.41798e-05
8.19362e-05
6.99022e-05
5.86466e-05
4.85599e-05
3.98041e-05
3.23071e-05
2.57991e-05
1.99135e-05
1.43287e-05
8.80359e-06
3.44369e-06
3.20023e-07
1.09774e-08
8.00497e-10
5.86631e-11
2.52654e-12
4.36325e-14
0.000108825
0.000113116
0.000118826
0.000124475
0.000129458
0.000133306
0.000135606
0.000136001
0.000134218
0.000130106
0.000123675
0.000115118
0.000104817
9.33216e-05
8.12802e-05
6.93593e-05
5.81446e-05
4.80544e-05
3.92846e-05
3.17984e-05
2.53573e-05
1.96002e-05
1.42124e-05
8.92799e-06
3.76959e-06
4.29137e-07
1.42541e-08
9.76822e-10
7.1712e-11
3.12264e-12
5.46058e-14
0.000110031
0.000114766
0.000120212
0.000125285
0.000129366
0.000131994
0.000132787
0.000131452
0.000127814
0.000121856
0.000113741
0.000103824
9.26296e-05
8.07948e-05
6.89873e-05
5.78078e-05
4.77016e-05
3.88986e-05
3.1397e-05
2.49894e-05
1.93284e-05
1.4103e-05
9.02979e-06
4.07079e-06
5.63204e-07
1.86208e-08
1.19109e-09
8.74219e-11
3.84777e-12
6.81288e-14
0.000111804
0.000116384
0.000121339
0.000125586
0.000128518
0.000129699
0.000128808
0.000125644
0.000120161
0.000112495
0.000102969
9.20834e-05
8.0461e-05
6.87689e-05
5.76217e-05
4.74903e-05
3.86381e-05
3.10985e-05
2.46955e-05
1.91018e-05
1.40054e-05
9.11521e-06
4.34646e-06
7.22169e-07
2.45806e-08
1.45297e-09
1.06279e-10
4.72748e-12
8.47447e-14
0.000113574
0.000117786
0.000122006
0.000125178
0.000126726
0.00012627
0.000123579
0.000118574
0.000111361
0.000102233
9.16642e-05
8.02618e-05
6.86893e-05
5.75735e-05
4.74102e-05
3.84956e-05
3.08986e-05
2.44752e-05
1.89213e-05
1.39238e-05
9.19021e-06
4.59779e-06
9.0388e-07
3.29032e-08
1.77717e-09
1.28872e-10
5.79178e-12
1.05102e-13
0.000115157
0.000118771
0.000122008
0.000123866
0.000123828
0.000121604
0.000117078
0.000110323
0.0001016
9.13563e-05
8.01817e-05
6.87347e-05
5.76517e-05
4.74522e-05
3.84647e-05
3.07935e-05
2.43275e-05
1.87878e-05
1.38617e-05
9.2596e-06
4.82724e-06
1.1044e-06
4.46829e-08
2.18534e-09
1.55954e-10
7.07587e-12
1.29975e-13
0.000116353
0.000119134
0.000121146
0.000121479
0.000119708
0.00011566
0.000109366
0.000101055
9.11454e-05
8.02075e-05
6.88928e-05
5.7846e-05
4.76079e-05
3.85393e-05
3.07797e-05
2.42513e-05
1.87021e-05
1.38222e-05
9.32754e-06
5.03805e-06
1.3182e-06
6.13444e-08
2.70818e-09
1.88479e-10
8.62168e-12
1.60281e-13
0.000116956
0.000118669
0.000119241
0.000117887
0.000114308
0.000108477
0.000100584
9.10185e-05
8.03269e-05
6.91528e-05
5.81467e-05
4.787e-05
3.87139e-05
3.08537e-05
2.42456e-05
1.86651e-05
1.38079e-05
9.39777e-06
5.2335e-06
1.54028e-06
8.45415e-08
3.3874e-09
2.27663e-10
1.04797e-11
1.9711e-13
0.000116759
0.000117192
0.000116149
0.000113014
0.000107645
0.000100177
9.09638e-05
8.0529e-05
6.95047e-05
5.85455e-05
4.82315e-05
3.89837e-05
3.10125e-05
2.4309e-05
1.86774e-05
1.38212e-05
9.47359e-06
5.41667e-06
1.76607e-06
1.1607e-07
4.27657e-09
2.75052e-10
1.27114e-11
2.41763e-13
0.000115572
0.000114547
0.00011178
0.000106859
9.98207e-05
9.09699e-05
8.0803e-05
6.99391e-05
5.90344e-05
4.86861e-05
3.93439e-05
3.12534e-05
2.44404e-05
1.87393e-05
1.38641e-05
9.558e-06
5.59004e-06
1.99191e-06
1.57724e-07
5.44335e-09
3.32546e-10
1.53908e-11
2.95789e-13
0.000113233
0.00011063
0.000106113
9.95035e-05
9.10252e-05
8.11389e-05
7.04471e-05
5.96061e-05
4.92281e-05
3.97905e-05
3.15737e-05
2.46389e-05
1.88507e-05
1.39387e-05
9.65379e-06
5.75607e-06
2.21508e-06
2.11141e-07
6.97576e-09
4.02405e-10
1.86088e-11
3.61047e-13
0.000109627
0.000105404
9.92091e-05
9.11157e-05
8.15251e-05
7.10196e-05
6.02531e-05
4.98518e-05
4.03196e-05
3.19712e-05
2.49036e-05
1.90127e-05
1.40478e-05
9.76363e-06
5.91779e-06
2.43365e-06
2.78019e-07
8.99533e-09
4.87352e-10
2.2474e-11
4.39766e-13
0.000104708
9.89109e-05
9.12182e-05
8.19462e-05
7.16456e-05
6.09677e-05
5.05515e-05
4.09272e-05
3.24437e-05
2.5234e-05
1.92261e-05
1.41923e-05
9.89017e-06
6.07838e-06
2.64647e-06
3.59979e-07
1.16852e-08
5.90845e-10
2.71161e-11
5.34622e-13
9.85042e-05
9.12831e-05
8.23733e-05
7.23088e-05
6.17397e-05
5.13208e-05
4.16093e-05
3.29888e-05
2.56292e-05
1.94918e-05
1.43733e-05
1.00358e-05
6.24109e-06
2.8535e-06
4.57625e-07
1.5332e-08
7.17636e-10
3.26903e-11
6.48822e-13
9.1136e-05
8.27375e-05
7.29761e-05
6.25526e-05
5.21508e-05
4.2361e-05
3.36041e-05
2.60885e-05
1.981e-05
1.4592e-05
1.02026e-05
6.40905e-06
3.05563e-06
5.7072e-07
2.03596e-08
8.74653e-10
3.93867e-11
7.8621e-13
8.28094e-05
7.35643e-05
6.33708e-05
5.30253e-05
4.31745e-05
3.42859e-05
2.66106e-05
2.01812e-05
1.48497e-05
1.03928e-05
6.58489e-06
3.25437e-06
6.98163e-07
2.73655e-08
1.07212e-09
4.74465e-11
9.51417e-13
7.38066e-05
6.41025e-05
5.39083e-05
4.4035e-05
3.50282e-05
2.71932e-05
2.06051e-05
1.51473e-05
1.06083e-05
6.77104e-06
3.45161e-06
8.38156e-07
3.71372e-08
1.32491e-09
5.71806e-11
1.15023e-12
6.44622e-05
5.47051e-05
4.49077e-05
3.58177e-05
2.78316e-05
2.10808e-05
1.54856e-05
1.08508e-05
6.96973e-06
3.64933e-06
9.89018e-07
5.06317e-08
1.65397e-09
6.89917e-11
1.3897e-12
5.51301e-05
4.57006e-05
3.66223e-05
2.85149e-05
2.16049e-05
1.58645e-05
1.11217e-05
7.18303e-06
3.84947e-06
1.14911e-06
6.89664e-08
2.08753e-09
8.34094e-11
1.67814e-12
4.61442e-05
3.73576e-05
2.92149e-05
2.21685e-05
1.6282e-05
1.14218e-05
7.41271e-06
4.05372e-06
1.31702e-06
9.33662e-08
2.66412e-09
1.01099e-10
2.02614e-12
3.77825e-05
2.98577e-05
2.27485e-05
1.67314e-05
1.17504e-05
7.66007e-06
4.26333e-06
1.49184e-06
1.25117e-07
3.43568e-09
1.22967e-10
2.44669e-12
3.02387e-05
2.32834e-05
1.71944e-05
1.21031e-05
7.92531e-06
4.47982e-06
1.67286e-06
1.65552e-07
4.47354e-09
1.50114e-10
2.9582e-12
2.36077e-05
1.76227e-05
1.24666e-05
8.20598e-06
4.70422e-06
1.85936e-06
2.1642e-07
5.87854e-09
1.83959e-10
3.58152e-12
1.78887e-05
1.28045e-05
8.49305e-06
4.93586e-06
2.05098e-06
2.79047e-07
7.80432e-09
2.26347e-10
4.3435e-12
1.30217e-05
8.76065e-06
5.16968e-06
2.24688e-06
3.54438e-07
1.04774e-08
2.79832e-10
5.2783e-12
8.93984e-06
5.38833e-06
2.44413e-06
4.43159e-07
1.42248e-08
3.48078e-10
6.42981e-12
5.54236e-06
2.6319e-06
5.44876e-07
1.95015e-08
4.36485e-10
7.85581e-12
2.7738e-06
6.56724e-07
2.69001e-08
5.53089e-10
9.63399e-12
7.60953e-07
3.71023e-08
7.09602e-10
1.18712e-11
5.04835e-08
9.22257e-10
1.47133e-11
1.19913e-09
1.83591e-11
2.28931e-11
)
;

boundaryField
{
    wallTube
    {
        type            zeroGradient;
    }
    outlet
    {
        type            zeroGradient;
    }
    inletPilot
    {
        type            zeroGradient;
    }
    inletAir
    {
        type            zeroGradient;
    }
    wallOutside
    {
        type            zeroGradient;
    }
    inletCH4
    {
        type            zeroGradient;
    }
    frontAndBack_pos
    {
        type            wedge;
    }
    frontAndBack_neg
    {
        type            wedge;
    }
}


// ************************************************************************* //
