/*--------------------------------*- C++ -*----------------------------------*\
| =========                 |                                                 |
| \\      /  F ield         | OpenFOAM: The Open Source CFD Toolbox           |
|  \\    /   O peration     | Version:  1.6.x                                 |
|   \\  /    A nd           | Web:      www.OpenFOAM.org                      |
|    \\/     M anipulation  |                                                 |
\*---------------------------------------------------------------------------*/
FoamFile
{
    version     2.0;
    format      ascii;
    class       volScalarField;
    location    "7000";
    object      H2O;
}
// * * * * * * * * * * * * * * * * * * * * * * * * * * * * * * * * * * * * * //

dimensions      [0 0 0 0 0 0 0];

internalField   nonuniform List<scalar> 
4608
(
1.09772e-05
2.25505e-08
1.61883e-06
0.00577838
4.64524e-11
3.8012e-09
1.59047e-07
0.000312664
0.00995382
0.0320885
9.50864e-14
8.29191e-12
3.98725e-10
1.86018e-08
1.9317e-05
0.000817351
0.0134138
0.0465365
0.0851244
1.93206e-16
1.70505e-14
9.14232e-13
5.97494e-11
1.83273e-06
6.77791e-05
0.00146039
0.016381
0.0537429
0.0952706
0.0947363
0.103905
3.89558e-19
3.37272e-17
1.97598e-15
1.62132e-13
7.95972e-06
0.000146526
0.00222717
0.0194618
0.0560626
0.0999561
0.112303
0.0943478
0.094209
0.0901095
7.79014e-22
6.49769e-20
4.10275e-18
4.04757e-16
2.00448e-05
0.00026508
0.00312407
0.0216711
0.059166
0.10141
0.114863
0.101913
0.0941158
0.0942025
0.0942002
0.0654025
1.54413e-24
1.23001e-22
8.30393e-21
9.66629e-19
4.12118e-05
0.000428936
0.00410238
0.0399609
0.0552981
0.102674
0.115281
0.115118
0.0688768
0.0938286
0.094199
0.0942
0.0942
0.032434
3.03154e-27
2.30389e-25
1.65774e-23
2.25882e-21
7.5026e-05
0.00064272
0.00583636
0.0507108
0.0593941
0.0997994
0.115561
0.117387
0.0789608
0.0424012
0.094196
0.0942
0.0941999
0.0941999
0.0155581
5.88876e-30
4.29175e-28
3.29581e-26
5.21676e-24
0.000125473
0.000942335
0.0077876
0.057628
0.0666317
0.0970699
0.114592
0.117996
0.0909505
0.0528691
0.026266
0.0941999
0.0941999
0.0941999
0.0941999
0.00420116
1.13013e-32
7.97757e-31
6.57928e-29
1.20138e-26
0.000199235
0.00132275
0.00981803
0.0620764
0.0731725
0.0984847
0.112822
0.118362
0.100509
0.0651972
0.0362421
0.0117206
0.0941999
0.0941999
0.0942
0.0942
0.000493745
2.13859e-35
1.48255e-33
1.32768e-31
2.78313e-29
0.000301761
0.00177742
0.0118226
0.065879
0.0778135
0.100903
0.112551
0.117933
0.111684
0.0754715
0.047652
0.0191826
0.0031508
0.0942
0.0942
0.0942
0.0942
4.13376e-05
3.97974e-38
2.75723e-36
2.72353e-34
6.52506e-32
0.000437577
0.00229304
0.0138546
0.0658139
0.0820111
0.102865
0.112938
0.117601
0.11702
0.0877187
0.0580393
0.0282317
0.00720432
0.000369808
0.0942
0.0942
0.0942
0.0942
7.71105e-06
7.25667e-41
5.13356e-39
5.70613e-37
1.5544e-34
0.000608785
0.00286697
0.015717
0.0652924
0.0823831
0.104677
0.113299
0.117441
0.118462
0.101378
0.0700221
0.037479
0.0132175
0.00131042
3.47808e-05
0.0942
0.0942
0.0942
0.0942
2.42048e-06
1.28992e-43
9.5717e-42
1.2267e-39
3.76966e-37
0.000817095
0.00348468
0.0258238
0.0680204
0.0806279
0.105081
0.11368
0.117349
0.118662
0.110808
0.0854451
0.0480147
0.0205979
0.00356164
0.000115133
6.95463e-06
0.0942
0.0942
0.0942
0.0942
9.19333e-07
2.21831e-46
1.79105e-44
2.72289e-42
9.3318e-40
0.00106316
0.00450374
0.0340448
0.0721578
0.0820818
0.104124
0.113683
0.117325
0.118781
0.113895
0.0976787
0.062757
0.0294288
0.00799959
0.000382416
1.56051e-05
2.34967e-06
0.0942
0.0942
0.0942
0.0942
3.58653e-07
3.64735e-49
3.37991e-47
6.28414e-45
2.36966e-42
0.00137726
0.00575815
0.040749
0.0769721
0.0851215
0.104085
0.113185
0.117202
0.118783
0.116131
0.105558
0.0751463
0.0418103
0.0145409
0.00144279
3.47822e-05
4.32339e-06
9.6655e-07
0.0942
0.0942
0.0942
0.0942
1.35232e-07
5.61995e-52
6.46141e-50
1.52102e-47
6.189e-45
0.00176794
0.00717282
0.0465009
0.0805735
0.0888128
0.104628
0.112915
0.116887
0.118645
0.117039
0.111632
0.0846293
0.0530397
0.0241627
0.00425414
0.000106902
7.26541e-06
1.70407e-06
4.08251e-07
0.0942
0.0942
0.0942
0.0942
4.8235e-08
7.97972e-55
1.26813e-52
3.90266e-50
1.66253e-47
0.00223689
0.008715
0.0498233
0.0825423
0.0915024
0.105508
0.112876
0.116649
0.118453
0.117283
0.114048
0.0927712
0.062297
0.033572
0.0106957
0.000456579
1.30491e-05
2.60075e-06
7.4943e-07
1.64605e-07
0.0942
0.0942
0.0942
0.0942
1.61304e-08
1.03178e-57
2.62344e-55
1.06014e-52
4.58945e-50
0.00278352
0.0102835
0.052159
0.0848479
0.09283
0.106166
0.112997
0.116502
0.118344
0.117569
0.114951
0.0987011
0.0709098
0.0419405
0.0181291
0.00249464
3.24182e-05
3.74583e-06
1.14128e-06
3.26853e-07
6.15738e-08
0.0942
0.0942
0.0942
0.0942
5.029e-09
1.20599e-60
5.92468e-58
3.02159e-55
1.29818e-52
0.00339827
0.0159684
0.0559331
0.0874375
0.0942466
0.106407
0.113093
0.116426
0.118218
0.117944
0.115963
0.103426
0.0780553
0.0499606
0.0252398
0.00689412
0.000193284
6.15791e-06
1.56849e-06
5.19853e-07
1.33814e-07
2.11271e-08
0.0942
0.0942
0.0942
0.0942
1.45379e-09
1.54361e-60
8.8588e-58
3.748e-55
0.00435741
0.021842
0.0604113
0.090145
0.0958066
0.106677
0.113063
0.11636
0.118092
0.117995
0.11701
0.10819
0.0843916
0.057177
0.0321587
0.0122761
0.00116589
1.49112e-05
2.21409e-06
7.296e-07
2.2731e-07
5.01556e-08
6.61282e-09
0.0942
0.0942
0.0942
0.0942
3.87255e-10
2.62224e-60
1.10051e-57
0.00559963
0.0273464
0.0651386
0.0926019
0.0974873
0.107002
0.113056
0.11626
0.11798
0.117952
0.117291
0.112201
0.0909377
0.0639664
0.0387398
0.0179814
0.00355211
6.57065e-05
3.44465e-06
9.95528e-07
3.35243e-07
9.17779e-08
1.70181e-08
1.87987e-09
0.0942
0.0942
0.0942
0.0942
9.43842e-11
3.26326e-60
0.00871216
0.0327014
0.0702792
0.0949758
0.0991096
0.107407
0.113077
0.11618
0.117878
0.117923
0.117385
0.113406
0.0966319
0.0711436
0.0451018
0.0236068
0.0074083
0.00034931
6.76429e-06
1.35599e-06
4.64443e-07
1.44056e-07
3.35489e-08
5.19608e-09
4.83039e-10
0.0942
0.0942
0.0942
0.0942
2.08889e-11
0.0128852
0.0383921
0.0757837
0.0973133
0.100698
0.107879
0.113133
0.116117
0.117797
0.117933
0.117488
0.114177
0.100778
0.0775217
0.0519622
0.0291256
0.0118323
0.00143578
1.86457e-05
1.92379e-06
6.20599e-07
2.07568e-07
5.62802e-08
1.099e-08
1.421e-09
1.11586e-10
0.0942
0.0942
0.0942
0.0942
4.16486e-12
0.0179102
0.0448082
0.081352
0.0995567
0.10227
0.1084
0.113236
0.116072
0.117713
0.117948
0.117649
0.114904
0.104119
0.0828519
0.0583602
0.035075
0.016413
0.00368182
8.1683e-05
3.13704e-06
8.11025e-07
2.8323e-07
8.53786e-08
1.96909e-08
3.20596e-09
3.46454e-10
2.30366e-11
0.0942
0.0942
0.0942
7.42088e-13
0.0232579
0.0521743
0.086601
0.101601
0.103808
0.108962
0.113378
0.116052
0.117628
0.117905
0.117788
0.11568
0.10702
0.0874693
0.06399
0.0408694
0.0213275
0.00687805
0.000394783
6.51045e-06
1.09323e-06
3.70474e-07
1.21049e-07
3.16066e-08
6.11606e-09
8.28625e-10
7.49237e-11
4.22304e-12
0.0942
0.0942
1.17237e-13
0.0288922
0.0606384
0.0909858
0.103487
0.105245
0.109565
0.113554
0.11606
0.117557
0.117836
0.117801
0.116282
0.109714
0.0916109
0.0690808
0.0462408
0.0262333
0.0106698
0.00135569
1.83209e-05
1.5939e-06
4.78377e-07
1.62984e-07
4.69617e-08
1.03947e-08
1.67616e-09
1.88811e-10
1.42936e-11
6.82965e-13
0.0942
1.62966e-14
0.0352402
0.0694621
0.0949138
0.10525
0.106589
0.110185
0.113762
0.116094
0.117508
0.117774
0.117763
0.116511
0.111655
0.0954992
0.0737756
0.0512707
0.0309907
0.0146678
0.00328143
7.38404e-05
2.65493e-06
6.25432e-07
2.12511e-07
6.58086e-08
1.62451e-08
3.0118e-09
4.03139e-10
3.77334e-11
2.39203e-12
9.6799e-14
1.9787e-15
0.0427862
0.0781912
0.0984181
0.106886
0.107861
0.110808
0.113998
0.116153
0.117484
0.117735
0.117727
0.11663
0.112506
0.0988467
0.0782587
0.0560615
0.0355767
0.0186455
0.00603196
0.000331764
5.465e-06
8.51335e-07
2.73196e-07
8.84053e-08
2.38122e-08
4.95481e-09
7.63826e-10
8.46467e-11
6.57961e-12
3.49132e-13
1.19462e-14
2.08424e-16
0.0521798
0.0859358
0.101485
0.108409
0.109062
0.111433
0.114253
0.116234
0.117484
0.117722
0.117714
0.116737
0.113134
0.101512
0.0823172
0.0607272
0.0400264
0.0225509
0.00911639
0.00111959
1.4575e-05
1.25715e-06
3.52418e-07
1.15548e-07
3.3241e-08
7.61284e-09
1.32165e-09
1.68569e-10
1.54366e-11
9.95772e-13
4.41893e-14
1.27578e-15
1.89245e-17
0.0636176
0.0922759
0.104225
0.109832
0.110197
0.112059
0.114524
0.11633
0.117496
0.117732
0.117727
0.116861
0.113703
0.103789
0.0858958
0.0650464
0.0444061
0.0264352
0.0123122
0.00262366
5.49473e-05
2.08914e-06
4.6585e-07
1.48943e-07
4.47778e-08
1.10866e-08
2.12933e-09
3.06215e-10
3.21967e-11
2.4326e-12
1.30117e-13
4.82315e-15
1.17206e-16
1.47254e-18
0.0766303
0.0976971
0.106684
0.111151
0.111274
0.112683
0.114807
0.116439
0.117512
0.117738
0.117762
0.117003
0.114244
0.105785
0.0891188
0.0689917
0.0485911
0.0303174
0.0155478
0.00475555
0.000228315
4.15241e-06
6.42346e-07
1.92046e-07
5.88932e-08
1.54907e-08
3.24028e-09
5.16945e-10
6.12525e-11
5.2946e-12
3.29619e-13
1.46059e-14
4.5155e-16
9.21242e-18
9.76754e-20
0.0883965
0.102292
0.108853
0.112346
0.112288
0.113301
0.115101
0.116558
0.117533
0.117734
0.117774
0.117154
0.114759
0.107543
0.0920319
0.0726552
0.0525494
0.03411
0.0187902
0.0072053
0.000749456
1.00557e-05
9.46262e-07
2.50661e-07
7.64833e-08
2.09877e-08
4.71108e-09
8.22251e-10
1.08189e-10
1.05191e-11
7.45926e-13
3.82225e-14
1.4016e-15
3.60796e-17
6.1642e-19
5.49652e-21
0.0973369
0.106028
0.110705
0.113402
0.113227
0.113912
0.115404
0.116688
0.117559
0.117725
0.117762
0.117225
0.115232
0.109091
0.0946564
0.0760546
0.0563156
0.0377788
0.0220258
0.00980761
0.00177544
3.14892e-05
1.52615e-06
3.3455e-07
9.90479e-08
2.78407e-08
6.60834e-09
1.24577e-09
1.79762e-10
1.93996e-11
1.54296e-12
8.96179e-14
3.77588e-15
1.14452e-16
2.44903e-18
3.49522e-20
2.61305e-22
0.10351
0.108922
0.112236
0.114314
0.114078
0.114506
0.115715
0.116827
0.117594
0.117718
0.117737
0.117235
0.115478
0.110425
0.0970125
0.0791903
0.0598855
0.0413322
0.0252351
0.0124693
0.00334612
0.000116248
2.79109e-06
4.6141e-07
1.28903e-07
3.64771e-08
9.0207e-09
1.81419e-09
2.83894e-10
3.36279e-11
2.96401e-12
1.92408e-13
9.142e-15
3.16425e-16
7.9194e-18
1.40623e-19
1.6727e-21
1.0454e-23
0.107613
0.111097
0.113478
0.115093
0.114831
0.115073
0.116031
0.116976
0.117637
0.117719
0.117713
0.117218
0.115589
0.11113
0.0990946
0.0820668
0.0632449
0.0447621
0.0283987
0.015129
0.00526388
0.000391916
5.93809e-06
6.66433e-07
1.69712e-07
4.75494e-08
1.20779e-08
2.55946e-09
4.29787e-10
5.53288e-11
5.35055e-12
3.83987e-13
2.03102e-14
7.88672e-16
2.2407e-17
4.62522e-19
6.80468e-21
6.72688e-23
3.22073e-25
0.110368
0.112725
0.114481
0.115755
0.115491
0.115603
0.116347
0.117133
0.11769
0.117728
0.117695
0.117195
0.11565
0.111559
0.100763
0.0846704
0.0663828
0.0480525
0.0315057
0.0177816
0.00733679
0.00100495
1.49402e-05
1.029e-06
2.2732e-07
6.20422e-08
1.597e-08
3.52327e-09
6.28252e-10
8.71022e-11
9.1609e-12
7.20315e-13
4.19951e-14
1.80774e-15
5.73297e-17
1.33597e-18
2.27207e-20
2.76095e-22
2.07372e-24
2.76982e-27
0.112285
0.113961
0.115296
0.116321
0.116065
0.116092
0.116658
0.117298
0.117751
0.117746
0.117684
0.117177
0.115695
0.111893
0.10213
0.0869583
0.0692784
0.0512012
0.0345411
0.0204398
0.00948334
0.00203295
4.67283e-05
1.71867e-06
3.1222e-07
8.14149e-08
2.09781e-08
4.76199e-09
8.92577e-10
1.32086e-10
1.49893e-11
1.28128e-12
8.1673e-14
3.86225e-15
1.35202e-16
3.49979e-18
6.68485e-20
9.33247e-22
8.49671e-24
2.28638e-26
0.113673
0.114922
0.115969
0.116811
0.116565
0.116536
0.11696
0.117467
0.117821
0.117772
0.117682
0.117165
0.115736
0.11218
0.103294
0.0889776
0.0719201
0.0541834
0.0374932
0.0230887
0.011671
0.00341944
0.000155483
3.22075e-06
4.41299e-07
1.07955e-07
2.7513e-08
6.35518e-09
1.23954e-09
1.94121e-10
2.35866e-11
2.17661e-12
1.50642e-13
7.76862e-15
2.97694e-16
8.47018e-18
1.78877e-19
2.78786e-21
2.8735e-23
1.01065e-25
0.114721
0.115689
0.116535
0.117238
0.117004
0.116938
0.117247
0.117638
0.117897
0.117806
0.117688
0.11716
0.115777
0.112436
0.104305
0.0907796
0.0743377
0.0569706
0.0403409
0.0257073
0.0138596
0.00502111
0.000441325
6.76841e-06
6.51007e-07
1.44938e-07
3.61847e-08
8.41662e-09
1.69138e-09
2.77928e-10
3.58964e-11
3.55226e-12
2.65291e-13
1.48265e-14
6.17797e-16
1.91725e-17
4.43205e-19
7.5931e-21
8.61497e-23
3.54952e-25
0.115542
0.116319
0.11702
0.117616
0.117393
0.117302
0.117518
0.117807
0.117978
0.117846
0.117701
0.117159
0.115817
0.112666
0.105189
0.0923976
0.0765616
0.0595815
0.0430619
0.0282786
0.0160494
0.00673265
0.000991624
1.6317e-05
1.01082e-06
1.97766e-07
4.78513e-08
1.11106e-08
2.2785e-09
3.89498e-10
5.30904e-11
5.59922e-12
4.48572e-13
2.702e-14
1.21736e-15
4.09544e-17
1.02891e-18
1.91884e-20
2.3621e-22
1.08986e-24
0.116207
0.11685
0.117441
0.117952
0.11774
0.117631
0.117771
0.117972
0.118062
0.117891
0.11772
0.117163
0.115856
0.112873
0.105964
0.0938528
0.0786122
0.0620364
0.0456585
0.0307843
0.0182428
0.00850123
0.00185909
4.62644e-05
1.6714e-06
2.74752e-07
6.3771e-08
1.46704e-08
3.04336e-09
5.36648e-10
7.664e-11
8.56199e-12
7.31912e-13
4.72679e-14
2.29136e-15
8.31373e-17
2.25718e-18
4.55106e-20
6.02534e-22
3.04287e-24
0.116762
0.117306
0.117813
0.118255
0.11805
0.117929
0.118007
0.11813
0.118144
0.117937
0.117742
0.11717
0.115891
0.113057
0.106645
0.0951632
0.0804998
0.0643472
0.0481397
0.0332179
0.0204259
0.0103028
0.00299455
0.000137368
3.01672e-06
3.89653e-07
8.57269e-08
1.94274e-08
4.04557e-09
7.29848e-10
1.08419e-10
1.27525e-11
1.15717e-12
7.97538e-14
4.14026e-15
1.61299e-16
4.71007e-18
1.02132e-19
1.44573e-21
7.88519e-24
0.117237
0.117705
0.118145
0.118527
0.118331
0.1182
0.118225
0.118278
0.118223
0.117982
0.117764
0.117176
0.11592
0.113217
0.107239
0.0963449
0.0822384
0.0665109
0.0505126
0.0355791
0.0225825
0.0121075
0.00429953
0.000358718
5.93595e-06
5.7004e-07
1.16246e-07
2.58459e-08
5.36907e-09
9.83384e-10
1.50858e-10
1.85688e-11
1.77941e-12
1.30293e-13
7.21413e-15
3.00496e-16
9.39934e-18
2.18218e-19
3.28844e-21
1.9205e-23
0.11765
0.118059
0.118443
0.118772
0.118584
0.118446
0.118425
0.118416
0.118295
0.118021
0.117783
0.117178
0.115941
0.113351
0.107754
0.0974089
0.0838421
0.0685404
0.0527913
0.0378702
0.0247067
0.013909
0.00569688
0.000773665
1.29204e-05
8.65063e-07
1.59321e-07
3.45612e-08
7.13131e-09
1.31699e-09
2.07168e-10
2.65219e-11
2.67034e-12
2.06825e-13
1.21659e-14
5.39866e-16
1.80177e-17
4.46179e-19
7.1324e-21
4.43392e-23
0.118015
0.118376
0.118711
0.118993
0.118812
0.118669
0.118607
0.11854
0.118358
0.118053
0.117796
0.117173
0.115949
0.113457
0.10819
0.0983616
0.0853205
0.0704477
0.0549738
0.0400954
0.0267993
0.0157113
0.00714441
0.00142485
3.23267e-05
1.3724e-06
2.20802e-07
4.64772e-08
9.49449e-09
1.75804e-09
2.81667e-10
3.72746e-11
3.92298e-12
3.20013e-13
1.99223e-14
9.38557e-16
3.3313e-17
8.76707e-19
1.48216e-20
9.76423e-23
0.118341
0.118661
0.118952
0.119191
0.119016
0.118869
0.11877
0.118651
0.11841
0.118074
0.117799
0.117157
0.11594
0.11353
0.108548
0.0992071
0.0866781
0.072238
0.0570595
0.042254
0.0288583
0.0175211
0.008621
0.00229588
8.73599e-05
2.32519e-06
3.09771e-07
6.28383e-08
1.26837e-08
2.34444e-09
3.80226e-10
5.1698e-11
5.65805e-12
4.84019e-13
3.17734e-14
1.58387e-15
5.95992e-17
1.66202e-18
2.96266e-20
2.06102e-22
0.118634
0.118917
0.119169
0.119364
0.119198
0.119048
0.118915
0.118745
0.118447
0.118081
0.11779
0.117127
0.115911
0.113567
0.108829
0.0999469
0.0879191
0.0739115
0.0590457
0.044345
0.0308807
0.0193276
0.0101167
0.00332497
0.000220856
4.22226e-06
4.43264e-07
8.53555e-08
1.70072e-08
3.12861e-09
5.10887e-10
7.09511e-11
8.03298e-12
7.1752e-13
4.94855e-14
2.6018e-15
1.03482e-16
3.04924e-18
5.71775e-20
4.18614e-22
0.118898
0.119148
0.119362
0.119513
0.119357
0.119205
0.11904
0.118823
0.118467
0.118072
0.117765
0.117078
0.115858
0.113564
0.10903
0.100581
0.0890449
0.0754734
0.0609254
0.0463718
0.0328643
0.0211239
0.0116162
0.00444787
0.00048293
8.17718e-06
6.50959e-07
1.16594e-07
2.28813e-08
4.18266e-09
6.84706e-10
9.65927e-11
1.12546e-11
1.04507e-12
7.5448e-14
4.1708e-15
1.74841e-16
5.4292e-18
1.06852e-19
8.21237e-22
0.119135
0.119353
0.119529
0.119636
0.119491
0.11934
0.119146
0.118881
0.11847
0.118044
0.117721
0.117009
0.115777
0.113518
0.109151
0.101107
0.0900542
0.0769244
0.0627085
0.04834
0.0348087
0.0229078
0.0131222
0.00563
0.000908853
1.75626e-05
9.83279e-07
1.60295e-07
3.08802e-08
5.60489e-09
9.16881e-10
1.30737e-10
1.55968e-11
1.49895e-12
1.12864e-13
6.53964e-15
2.88146e-16
9.40506e-18
1.93865e-19
1.56046e-21
0.119348
0.119535
0.119671
0.119729
0.119598
0.119449
0.119227
0.11892
0.118453
0.117996
0.117657
0.116916
0.115666
0.113427
0.10919
0.101526
0.0909452
0.0782616
0.0643949
0.0502398
0.0367141
0.0246784
0.0146401
0.00684796
0.00151952
4.19017e-05
1.55048e-06
2.21691e-07
4.17913e-08
7.52941e-09
1.22824e-09
1.76264e-10
2.14255e-11
2.12177e-12
1.66005e-13
1.00507e-14
4.64208e-16
1.58874e-17
3.42291e-19
2.87931e-21
0.119535
0.11969
0.119785
0.11979
0.119675
0.11953
0.119281
0.118931
0.118412
0.117926
0.11757
0.116798
0.115523
0.113288
0.10915
0.101837
0.0917166
0.0794828
0.065978
0.052063
0.0385765
0.0264326
0.0161706
0.00809291
0.00228741
0.000102916
2.58378e-06
3.09629e-07
5.66619e-08
1.01383e-08
1.64726e-09
2.37111e-10
2.92332e-11
2.96994e-12
2.40546e-13
1.51702e-14
7.32497e-16
2.62243e-17
5.89369e-19
5.1709e-21
0.119697
0.119818
0.119867
0.119812
0.119717
0.11958
0.119304
0.118908
0.118337
0.11783
0.11746
0.116653
0.115346
0.113102
0.109032
0.102041
0.0923672
0.0805856
0.0674567
0.0537953
0.040394
0.0281669
0.0177053
0.0093564
0.00316692
0.000233927
4.5323e-06
4.3948e-07
7.69678e-08
1.36753e-08
2.21275e-09
3.18657e-10
3.96863e-11
4.11867e-12
3.44029e-13
2.25288e-14
1.13419e-15
4.23768e-17
9.9155e-19
9.05685e-21
0.119833
0.119916
0.119914
0.119788
0.119719
0.119593
0.11929
0.118847
0.118217
0.117689
0.11732
0.116479
0.115135
0.112869
0.108838
0.102141
0.0928971
0.0815675
0.0688281
0.0554417
0.0421706
0.0298782
0.0192391
0.0106283
0.00411965
0.000469199
8.38999e-06
6.35948e-07
1.04857e-07
1.84686e-08
2.97723e-09
4.28249e-10
5.36901e-11
5.66871e-12
4.86488e-13
3.29744e-14
1.72622e-15
6.71549e-17
1.63283e-18
1.54997e-20
0.119938
0.119979
0.119917
0.119706
0.119672
0.119562
0.119233
0.118743
0.11805
0.117493
0.117128
0.116272
0.114888
0.11259
0.108574
0.102142
0.0933079
0.0824267
0.0700876
0.0569992
0.0438913
0.0315654
0.0207695
0.011911
0.00512095
0.000835965
1.69418e-05
9.412e-07
1.43301e-07
2.49653e-08
4.0115e-09
5.75886e-10
7.24767e-11
7.75575e-12
6.81312e-13
4.76446e-14
2.58657e-15
1.04531e-16
2.63617e-18
2.59622e-20
0.120009
0.120002
0.119867
0.119549
0.119563
0.119477
0.119124
0.118583
0.117829
0.117243
0.116872
0.115993
0.114601
0.112265
0.108243
0.102047
0.0936025
0.0831633
0.0712324
0.0584591
0.045547
0.0332218
0.0222949
0.0132077
0.00615469
0.00134802
3.75409e-05
1.443e-06
1.96442e-07
3.37634e-08
5.41117e-09
7.75137e-10
9.77243e-11
1.05632e-11
9.46423e-13
6.80632e-14
3.8214e-15
1.6006e-16
4.17888e-18
4.26282e-20
0.120041
0.119974
0.119749
0.119291
0.119374
0.119323
0.118947
0.118358
0.117532
0.116931
0.116556
0.115633
0.114209
0.11189
0.107849
0.101863
0.0937851
0.0837784
0.0722608
0.0598189
0.0471186
0.0348408
0.0238107
0.0145192
0.00721437
0.00198715
8.58199e-05
2.31663e-06
2.71067e-07
4.56529e-08
7.30426e-09
1.04438e-09
1.31716e-10
1.43399e-11
1.3059e-12
9.62732e-14
5.5745e-15
2.4143e-16
6.51339e-18
6.87087e-20
0.120024
0.119882
0.119538
0.11889
0.119076
0.119081
0.118685
0.118044
0.117154
0.116523
0.11617
0.115206
0.113713
0.111347
0.107392
0.101595
0.0938608
0.0842742
0.0731721
0.0610764
0.0486103
0.0364268
0.0253112
0.0158383
0.00829443
0.00272168
0.000185522
3.87967e-06
3.78478e-07
6.17314e-08
9.86084e-09
1.40841e-09
1.77554e-10
1.94234e-11
1.79223e-12
1.35015e-13
8.0402e-15
3.59209e-16
9.99494e-18
1.08857e-19
0.119946
0.119706
0.119199
0.118262
0.118622
0.118716
0.118312
0.117617
0.116653
0.116022
0.115672
0.114696
0.113141
0.11067
0.106819
0.101245
0.0938349
0.0846541
0.0739663
0.0622286
0.0500194
0.0379644
0.0267942
0.0171588
0.00938411
0.00352184
0.000362737
6.76678e-06
5.362e-07
8.3557e-08
1.33083e-08
1.90045e-09
2.39444e-10
2.62729e-11
2.44929e-12
1.87972e-13
1.14804e-14
5.2783e-16
1.51186e-17
1.69733e-19
0.119786
0.119409
0.118656
0.117221
0.117922
0.118175
0.117781
0.117046
0.116002
0.115366
0.115073
0.11404
0.112471
0.109915
0.106136
0.100793
0.0937102
0.0849219
0.0746445
0.0632734
0.0513402
0.0394441
0.0282529
0.0184775
0.0104833
0.0043685
0.000638617
1.25972e-05
7.72472e-07
1.13249e-07
1.79526e-08
2.56506e-09
3.2307e-10
3.55116e-11
3.3366e-12
2.60107e-13
1.62476e-14
7.66908e-16
2.25683e-17
2.60759e-19
0.11951
0.118925
0.117746
0.115478
0.116771
0.117356
0.117026
0.116258
0.115161
0.114531
0.114292
0.113273
0.111598
0.109082
0.105373
0.100239
0.0934808
0.0850802
0.0752088
0.06421
0.0525682
0.0408536
0.0296803
0.019791
0.0115934
0.00524642
0.00103128
2.5478e-05
1.14187e-06
1.53683e-07
2.41999e-08
3.46187e-09
4.36091e-10
4.79852e-11
4.53485e-12
3.58123e-13
2.28169e-14
1.10302e-15
3.3283e-17
3.95133e-19
0.119055
0.118105
0.116104
0.113284
0.11497
0.11603
0.115908
0.115174
0.114019
0.113471
0.113307
0.112268
0.110621
0.108119
0.104535
0.0995998
0.0931491
0.0851284
0.0756603
0.0650387
0.0537019
0.0421871
0.0310746
0.0210946
0.0127162
0.00614795
0.00153436
5.46766e-05
1.75052e-06
2.09252e-07
3.25853e-08
4.67013e-09
5.8881e-10
6.48391e-11
6.15355e-12
4.91086e-13
3.18289e-14
1.57207e-15
4.85432e-17
5.9118e-19
0.118278
0.116554
0.11394
0.110831
0.112759
0.114142
0.114281
0.113678
0.112586
0.112162
0.1121
0.111102
0.109489
0.107067
0.103602
0.0988816
0.0927247
0.0850703
0.0759997
0.0657589
0.0547401
0.043445
0.0324299
0.0223839
0.0138465
0.0070694
0.00212752
0.000115523
2.79017e-06
2.87012e-07
4.38308e-08
6.2954e-09
7.9501e-10
8.76211e-11
8.34117e-12
6.71279e-13
4.4148e-14
2.22253e-15
7.00882e-17
8.74153e-19
0.116778
0.114419
0.111484
0.108245
0.110311
0.111907
0.112274
0.111854
0.110894
0.110629
0.110694
0.109773
0.108232
0.105904
0.102589
0.0980787
0.0922134
0.0849127
0.0762305
0.0663705
0.0556806
0.0446249
0.0337356
0.0236535
0.0149779
0.00800254
0.00278488
0.000227581
4.5902e-06
3.97947e-07
5.89411e-08
8.4773e-09
1.07322e-09
1.18414e-10
1.1299e-11
9.15326e-13
6.09427e-14
3.11977e-15
1.00272e-16
1.27862e-18
0.114659
0.111963
0.108878
0.105608
0.107742
0.109469
0.110019
0.109782
0.108989
0.108894
0.109106
0.108295
0.106855
0.104645
0.101489
0.097198
0.0916166
0.0846609
0.076358
0.0668756
0.0565214
0.0457223
0.0349847
0.024897
0.0161056
0.00894234
0.00348954
0.000408606
7.85985e-06
5.58491e-07
7.92967e-08
1.14022e-08
1.44803e-09
1.60037e-10
1.52988e-11
1.24578e-12
8.37925e-14
4.35199e-15
1.42271e-16
1.85165e-18
0.112204
0.109345
0.106214
0.102972
0.105127
0.106928
0.107617
0.107544
0.106922
0.106992
0.107353
0.106679
0.105366
0.103294
0.100308
0.0962391
0.0909392
0.0843186
0.0763867
0.0672781
0.0572632
0.0467333
0.0361684
0.0261085
0.017225
0.00988812
0.00422729
0.000676048
1.43201e-05
7.96502e-07
1.06728e-07
1.5319e-08
1.95226e-09
2.16257e-10
2.07107e-11
1.69312e-12
1.14835e-13
6.03811e-15
2.00365e-16
2.65705e-18
0.10958
0.106661
0.103547
0.100371
0.102516
0.104349
0.105141
0.105208
0.104744
0.104962
0.105463
0.104939
0.103772
0.101854
0.0990497
0.0952059
0.0901834
0.0838906
0.0763205
0.0675813
0.057908
0.0476573
0.0372806
0.0272851
0.0183325
0.0108401
0.00498779
0.00103758
2.80959e-05
1.16462e-06
1.43774e-07
2.05542e-08
2.62964e-09
2.92127e-10
2.80313e-11
2.29896e-12
1.56958e-13
8.33862e-15
2.80316e-16
3.78096e-18
0.106887
0.103972
0.100914
0.0978247
0.0999404
0.101778
0.102644
0.102825
0.102504
0.102845
0.103467
0.103092
0.102082
0.100332
0.097718
0.094102
0.0893534
0.0833803
0.076164
0.0677885
0.0584578
0.0484949
0.038322
0.0284226
0.0194238
0.0117974
0.00576541
0.00148525
5.72562e-05
1.76091e-06
1.94307e-07
2.75381e-08
3.53807e-09
3.94407e-10
3.79307e-11
3.11934e-12
2.14099e-13
1.14696e-14
3.89866e-16
5.33943e-18
0.104188
0.101316
0.0983368
0.0953465
0.0974193
0.0992432
0.10016
0.100435
0.100236
0.100679
0.1014
0.101163
0.10031
0.0987342
0.0963169
0.0929304
0.0884527
0.0827923
0.0759211
0.0679035
0.0589148
0.0492467
0.0392921
0.0295123
0.0204943
0.012755
0.00655661
0.00200178
0.000114013
2.74778e-06
2.64357e-07
3.6855e-08
4.75402e-09
5.32116e-10
5.13098e-11
4.23012e-12
2.91566e-13
1.57249e-14
5.39396e-16
7.48833e-18
0.101521
0.0987162
0.0958283
0.0929432
0.0949652
0.0967623
0.0977128
0.0980628
0.09797
0.0984947
0.0992921
0.0991785
0.0984737
0.0970705
0.0948519
0.0916953
0.0874848
0.0821304
0.0755962
0.0679298
0.0592815
0.0499133
0.0401896
0.0305495
0.0215385
0.0137074
0.00735385
0.0025684
0.000212933
4.39655e-06
3.62837e-07
4.93087e-08
6.37924e-09
7.17258e-10
6.9378e-11
5.73372e-12
3.96549e-13
2.14994e-14
7.4296e-16
1.04361e-17
0.0989093
0.0961858
0.0933963
0.0906184
0.0925847
0.0943466
0.0953184
0.0957283
0.0957254
0.0963145
0.0971707
0.0971643
0.0965948
0.0953554
0.093331
0.0904017
0.0864541
0.0813986
0.0751935
0.0678714
0.0595606
0.0504956
0.0410136
0.0315306
0.0225513
0.0146496
0.00815284
0.00317236
0.000367171
7.26621e-06
5.02856e-07
6.59806e-08
8.54915e-09
9.65811e-10
9.3755e-11
7.76828e-12
5.38781e-13
2.93272e-14
1.01934e-15
1.44641e-17
0.096368
0.093733
0.0910445
0.0883733
0.0902814
0.0920028
0.092986
0.0934436
0.0935169
0.0941563
0.0950558
0.0951412
0.094693
0.0936056
0.0917659
0.0890565
0.0853653
0.0806014
0.0747171
0.0677323
0.0597551
0.050995
0.0417627
0.0324527
0.0235286
0.0155778
0.00895212
0.00380194
0.000590599
1.26308e-05
7.06098e-07
8.82908e-08
1.14435e-08
1.29905e-09
1.26608e-10
1.05197e-11
7.31409e-13
3.99299e-14
1.39383e-15
1.99471e-17
0.0939048
0.0913615
0.088774
0.0862074
0.0880564
0.089734
0.0907211
0.0912164
0.0913541
0.0920322
0.0929625
0.0931261
0.0927854
0.091837
0.09017
0.0876696
0.0842252
0.0797438
0.0741716
0.0675165
0.0598685
0.0514137
0.0424373
0.0333106
0.024467
0.0164886
0.00975138
0.00444812
0.000889336
2.34208e-05
1.01187e-06
1.18187e-07
1.52975e-08
1.74523e-09
1.70832e-10
1.42379e-11
9.92184e-13
5.42813e-14
1.90042e-15
2.73871e-17
0.0915236
0.0890727
0.0865845
0.0841193
0.0859093
0.0875413
0.0885268
0.0890515
0.0892436
0.0899509
0.090902
0.0911317
0.090886
0.0900636
0.0885564
0.0862523
0.0830421
0.0788321
0.073562
0.0672285
0.0599043
0.0517541
0.0430386
0.0341056
0.0253664
0.0173788
0.0105497
0.00510592
0.00125826
4.52203e-05
1.49144e-06
1.58549e-07
2.04205e-08
2.34174e-09
2.30293e-10
1.92583e-11
1.34504e-12
7.36959e-14
2.58478e-15
3.74554e-17
0.0892255
0.0868659
0.0844743
0.0821069
0.0838386
0.0854243
0.0864039
0.0869514
0.0871894
0.0879183
0.0888819
0.0891673
0.0890052
0.088297
0.086937
0.0848157
0.0818262
0.0778741
0.0728945
0.066873
0.0598666
0.052019
0.043568
0.0348384
0.0262215
0.0182453
0.0113432
0.00577209
0.00168476
8.65045e-05
2.25971e-06
2.13723e-07
2.72288e-08
3.13791e-09
3.10136e-10
2.60306e-11
1.8222e-12
9.99452e-14
3.50829e-15
5.10502e-17
0.0870102
0.0847397
0.0824414
0.0801677
0.0818425
0.0833818
0.0843522
0.0849171
0.0851937
0.0859378
0.0869076
0.0872399
0.0871511
0.0865459
0.0853212
0.0833699
0.0805871
0.0768787
0.0721761
0.0664558
0.0597596
0.0522117
0.0440274
0.0355092
0.0270293
0.0190846
0.0121275
0.00644143
0.00215382
0.000157712
3.49495e-06
2.9e-07
3.62895e-08
4.1992e-09
4.172e-10
3.51565e-11
2.467e-12
1.35416e-13
4.75339e-15
6.93718e-17
0.084876
0.0826919
0.0804832
0.0782992
0.0799185
0.0814119
0.0823706
0.0829484
0.0832574
0.0840117
0.0849826
0.085354
0.0853296
0.0848172
0.0837166
0.0819231
0.0793337
0.0758548
0.071415
0.0659834
0.0595884
0.0523357
0.0444189
0.0361187
0.0277879
0.0198935
0.0128987
0.00710854
0.00265472
0.000268935
5.52131e-06
3.96284e-07
4.83615e-08
5.61271e-09
5.60579e-10
4.74403e-11
3.33764e-12
1.83319e-13
6.43075e-15
9.40247e-17
0.0828206
0.0807197
0.078597
0.0764988
0.0780641
0.0795123
0.0804576
0.0810444
0.0813806
0.0821409
0.0831087
0.0835128
0.0835448
0.083116
0.0821292
0.0804821
0.0780735
0.0748102
0.0706191
0.0654631
0.0593589
0.0523953
0.0447452
0.0366678
0.0284966
0.0206694
0.0136539
0.00777167
0.00317784
0.000430211
9.01801e-06
5.46209e-07
6.44353e-08
7.49379e-09
7.52364e-10
6.39555e-11
4.51217e-12
2.4797e-13
8.68885e-15
1.27153e-16
0.0808415
0.0788205
0.0767801
0.0747633
0.0762769
0.0776806
0.078611
0.0792038
0.0795628
0.0803255
0.0812871
0.0817182
0.0817995
0.081446
0.0805634
0.0790521
0.0768124
0.0737519
0.0697958
0.0649021
0.0590774
0.0523953
0.0450095
0.0371581
0.029155
0.0214106
0.0143908
0.00843008
0.00371463
0.000649687
1.54773e-05
7.63051e-07
8.58208e-08
9.99368e-09
1.00861e-09
8.61341e-11
6.09515e-12
3.35161e-13
1.17266e-14
1.7162e-16
0.0789357
0.0769915
0.0750292
0.0730902
0.0745536
0.0759145
0.0768287
0.0774249
0.0778027
0.0785652
0.079518
0.0799713
0.0800957
0.0798098
0.0790226
0.0776371
0.0755554
0.0726855
0.0689515
0.064307
0.0587502
0.0523411
0.0452156
0.0375915
0.0297634
0.0221153
0.0151075
0.00908393
0.00425955
0.000927059
2.79069e-05
1.08788e-06
1.1437e-07
1.33098e-08
1.35057e-09
1.15885e-10
8.22645e-12
4.52658e-13
1.58105e-14
2.31247e-16
0.0771007
0.0752294
0.0733417
0.0714769
0.0728919
0.0742109
0.0751087
0.0757059
0.0760991
0.076859
0.0778011
0.0782724
0.0784344
0.0782092
0.0775093
0.0762403
0.0743062
0.0716156
0.0680916
0.0636839
0.0583834
0.0522382
0.0453678
0.0379708
0.0303227
0.0227827
0.0158019
0.00973132
0.00480956
0.00125562
5.12285e-05
1.58905e-06
1.52782e-07
1.77041e-08
1.80623e-09
1.55747e-10
1.10931e-11
6.10858e-13
2.1297e-14
3.1113e-16
0.0753328
0.0735314
0.071715
0.0699207
0.0712892
0.0725676
0.0734482
0.074045
0.0744505
0.0752059
0.0761356
0.0766214
0.0768162
0.0766455
0.0760253
0.0748641
0.0730679
0.070546
0.0672205
0.0630379
0.0579825
0.0520917
0.0454703
0.038299
0.0308345
0.0234123
0.0164722
0.0103693
0.00536217
0.00162396
9.21466e-05
2.36824e-06
2.04953e-07
2.35287e-08
2.41257e-09
2.09089e-10
1.49445e-11
8.23672e-13
2.86625e-14
4.18072e-16
0.0736296
0.0718949
0.0701464
0.0684193
0.0697429
0.070982
0.071845
0.0724397
0.0728555
0.0736046
0.0745206
0.0750178
0.0752411
0.0751194
0.074572
0.0735105
0.071843
0.0694797
0.066342
0.0623733
0.0575522
0.0519064
0.0455274
0.0385793
0.0313008
0.0240044
0.0171171
0.0109952
0.00591263
0.0020223
0.000158079
3.58063e-06
2.76247e-07
3.12563e-08
3.21859e-09
2.80383e-10
2.01135e-11
1.10968e-12
3.85431e-14
5.61139e-16
0.0719881
0.0703171
0.0686333
0.0669702
0.0682508
0.0694518
0.0702969
0.0708882
0.0713118
0.0720538
0.0729549
0.0734609
0.0737088
0.073631
0.0731501
0.0721807
0.0706332
0.0684191
0.065459
0.0616939
0.0570967
0.0516868
0.0455432
0.0388148
0.0317232
0.0245595
0.0177355
0.0116069
0.00645783
0.00244285
0.000256053
5.49981e-06
3.74125e-07
4.15064e-08
4.28921e-09
3.75557e-10
2.70428e-11
1.49369e-12
5.17872e-14
7.52405e-16
0.0704057
0.0687954
0.0671733
0.0655712
0.0668103
0.0679747
0.0688018
0.0693885
0.069818
0.0705515
0.0714375
0.0719498
0.072219
0.0721805
0.0717602
0.0708758
0.0694403
0.0673662
0.0645742
0.0610026
0.0566197
0.0514368
0.0455217
0.0390089
0.0321038
0.0250792
0.0183271
0.0122028
0.00699675
0.00287806
0.000393802
8.66911e-06
5.09818e-07
5.50779e-08
5.70989e-09
5.02474e-10
3.63214e-11
2.00876e-12
6.95253e-14
1.00794e-15
0.0688797
0.0673274
0.065764
0.0642198
0.0654194
0.0665482
0.0673575
0.0679387
0.0683723
0.0690965
0.0699666
0.0704835
0.0707708
0.0707675
0.0704025
0.0695967
0.0682654
0.0663228
0.0636896
0.0603021
0.0561241
0.0511597
0.0454661
0.0391647
0.0324454
0.0255647
0.018892
0.0127823
0.0075292
0.00332173
0.000576327
1.42237e-05
7.01949e-07
7.30177e-08
7.59186e-09
6.71532e-10
4.8732e-11
2.69888e-12
9.32619e-14
1.3491e-15
0.0674077
0.0659106
0.0644032
0.0629141
0.0640756
0.0651704
0.0659618
0.0665368
0.0669731
0.0676872
0.068541
0.0690606
0.0693637
0.0693917
0.0690771
0.0683437
0.0671095
0.0652903
0.0628071
0.0595946
0.0556126
0.0508584
0.0453797
0.0392852
0.0327505
0.0260169
0.0194304
0.0133447
0.00805583
0.00376987
0.000803229
2.42924e-05
9.82241e-07
9.67884e-08
1.00793e-08
8.96424e-10
6.53133e-11
3.6226e-12
1.24998e-13
1.80429e-15
0.0659871
0.0645427
0.0630885
0.0616518
0.062777
0.063839
0.0646127
0.0651809
0.0656187
0.0663222
0.0671594
0.0676801
0.0679964
0.0680526
0.0677839
0.0671173
0.0659733
0.0642699
0.0619282
0.058882
0.0550874
0.0505355
0.045265
0.0393729
0.0330212
0.0264368
0.0199425
0.0138896
0.00857558
0.00422042
0.00106978
4.22373e-05
1.4015e-06
1.28461e-07
1.33635e-08
1.19507e-09
8.74408e-11
4.85767e-12
1.67389e-13
2.41117e-15
0.0646156
0.0632214
0.0618178
0.0604309
0.0615214
0.0625519
0.0633083
0.0638692
0.0643073
0.0649997
0.0658202
0.0663407
0.0666681
0.0667494
0.0665227
0.0659175
0.0648576
0.0632625
0.0610545
0.0581662
0.0545506
0.0501932
0.0451244
0.0394302
0.0332596
0.0268257
0.0204287
0.0144165
0.00908702
0.00467178
0.0013678
7.25913e-05
2.03318e-06
1.7094e-07
1.7698e-08
1.59118e-09
1.16927e-10
6.50723e-12
2.23963e-13
3.21974e-15
0.0632909
0.0619445
0.0605889
0.0592493
0.0603068
0.0613072
0.0620467
0.0625999
0.0630374
0.0637184
0.064522
0.0650413
0.0653779
0.0654814
0.0652928
0.0647446
0.0637627
0.0622691
0.060187
0.0574485
0.0540039
0.0498336
0.04496
0.039459
0.0334673
0.0271848
0.0208893
0.0149249
0.00958873
0.00512111
0.0016902
0.000120457
2.98242e-06
2.28124e-07
2.34196e-08
2.11586e-09
1.5618e-10
8.70747e-12
2.99389e-13
4.29621e-15
0.0620109
0.0607098
0.0593999
0.0581049
0.0591311
0.0601028
0.0608258
0.0613712
0.0618074
0.0624768
0.0632636
0.0637805
0.0641246
0.0642479
0.064094
0.0635982
0.062689
0.0612903
0.059327
0.0567305
0.0534491
0.0494584
0.0447737
0.0394611
0.0336457
0.0275151
0.021325
0.0154147
0.0100795
0.00556565
0.002031
0.000190902
4.41565e-06
3.05214e-07
3.09667e-08
2.81016e-09
2.08362e-10
1.16399e-11
3.99832e-13
5.72825e-15
0.0607732
0.0595153
0.0582485
0.0569956
0.0579924
0.0589369
0.059644
0.0601814
0.0606157
0.0612733
0.0620435
0.0625572
0.0629073
0.0630481
0.0629257
0.0624781
0.0616365
0.0603269
0.0584752
0.0560134
0.0528876
0.0490694
0.0445672
0.0394382
0.0337962
0.0278168
0.0217364
0.0158858
0.0105587
0.00600459
0.00238471
0.000289208
6.63284e-06
4.09547e-07
4.08985e-08
3.72771e-09
2.77652e-10
1.55431e-11
5.33507e-13
7.63134e-15
0.0595759
0.0583587
0.0571325
0.0559193
0.0568884
0.0578073
0.0584993
0.0590288
0.0594607
0.0601066
0.0608602
0.0613701
0.061725
0.0618812
0.0617874
0.0613843
0.0606054
0.0593791
0.0576328
0.0552983
0.0523208
0.048668
0.0443422
0.0393919
0.0339203
0.0280908
0.022125
0.0163382
0.0110257
0.00643787
0.00274611
0.000420394
1.02163e-05
5.52431e-07
5.39306e-08
4.93801e-09
3.69531e-10
2.07321e-11
7.11198e-13
1.01595e-14
0.0584166
0.0572378
0.0560499
0.0548738
0.0558172
0.0567121
0.0573898
0.0579117
0.0583409
0.0589751
0.0597125
0.060218
0.0605764
0.0607463
0.0606786
0.0603163
0.0595957
0.0584473
0.0568001
0.0545864
0.0517501
0.0482557
0.0441002
0.0393238
0.0340194
0.028339
0.0224913
0.0167723
0.0114805
0.00686612
0.00311173
0.000585954
1.62727e-05
7.52334e-07
7.10141e-08
6.53053e-09
4.9118e-10
2.76223e-11
9.47147e-13
1.35146e-14
0.0572933
0.0561506
0.0549984
0.0538568
0.0547765
0.0556493
0.0563138
0.0568284
0.0572547
0.0578775
0.058599
0.0590997
0.0594607
0.0596425
0.0595984
0.0592739
0.0586074
0.0575319
0.0559778
0.0538784
0.0511766
0.047834
0.0438426
0.0392351
0.0340949
0.0285626
0.0228351
0.0171882
0.0119228
0.00728923
0.00347955
0.000784259
2.66279e-05
1.03919e-06
9.34611e-08
8.62094e-09
6.51953e-10
3.67595e-11
1.26012e-12
1.79634e-14
0.0562037
0.0550946
0.0539756
0.0528658
0.0537641
0.0546168
0.0552692
0.0557771
0.0562006
0.0568122
0.0575183
0.0580139
0.0583766
0.058569
0.0585464
0.0582565
0.0576404
0.056633
0.0551667
0.0531753
0.0506013
0.0474041
0.0435708
0.0391273
0.0341479
0.0287625
0.0231567
0.017586
0.0123524
0.00770658
0.00384846
0.00101072
4.39139e-05
1.45754e-06
1.23095e-07
1.13604e-08
8.64008e-10
4.88591e-11
1.6748e-12
2.3857e-14
0.0551455
0.0540676
0.0529792
0.0518985
0.0527776
0.0536123
0.0542542
0.0547561
0.0551769
0.0557778
0.056469
0.0569593
0.0573232
0.0575248
0.0575217
0.0572639
0.0566945
0.0557509
0.054367
0.0524778
0.0500253
0.0469671
0.0432861
0.0390016
0.0341794
0.0289394
0.0234563
0.0179657
0.012769
0.00811732
0.00421722
0.00126012
7.13896e-05
2.06894e-06
1.62371e-07
1.49485e-08
1.14311e-09
6.48561e-11
2.22359e-12
3.16576e-14
0.0541163
0.0530671
0.0520065
0.0509523
0.0518147
0.0526337
0.0532666
0.0537634
0.054182
0.0547728
0.0554498
0.0559348
0.0562992
0.056509
0.0565237
0.0562954
0.0557695
0.0548855
0.0535792
0.0517866
0.0494496
0.0465242
0.0429896
0.0388592
0.0341907
0.0290939
0.0237337
0.0183274
0.0131724
0.00852061
0.00458366
0.0015276
0.000112662
2.95844e-06
2.1447e-07
1.96462e-08
1.50988e-09
8.597e-11
2.94895e-12
4.19724e-14
0.0531138
0.0520906
0.0510552
0.0500246
0.0508728
0.0516785
0.0523043
0.0527972
0.0532141
0.0537956
0.0544591
0.054939
0.0553036
0.0555207
0.0555516
0.0553505
0.0548652
0.054037
0.0528036
0.0511022
0.0488751
0.0460765
0.0426826
0.0387014
0.0341827
0.0292272
0.0239891
0.018672
0.0135624
0.00891572
0.00494615
0.0018089
0.000171301
4.25624e-06
2.83525e-07
2.57868e-08
1.9912e-09
1.13791e-10
3.90638e-12
5.55983e-14
0.0521353
0.0511355
0.0501225
0.0491131
0.0499495
0.0507444
0.0513651
0.0518554
0.0522715
0.0528445
0.0534955
0.0539705
0.0543352
0.0545589
0.0546046
0.0544288
0.0539811
0.0532051
0.0520404
0.0504253
0.0483024
0.045625
0.0423662
0.0385292
0.0341567
0.0293402
0.0242238
0.019
0.013939
0.00930213
0.00530417
0.00209988
0.000251329
6.18374e-06
3.75222e-07
3.37898e-08
2.6218e-09
1.50393e-10
5.16837e-12
7.35788e-14
0.0511783
0.0501992
0.049206
0.0482148
0.0490421
0.0498289
0.0504467
0.0509361
0.0513523
0.0519179
0.0525574
0.053028
0.0533928
0.0536225
0.053682
0.0535296
0.053117
0.05239
0.0512898
0.0497563
0.0477323
0.0451705
0.0420415
0.0383438
0.0341136
0.0294338
0.0244388
0.0193107
0.0143023
0.0096796
0.00565775
0.00239675
0.000356242
9.14971e-06
4.98002e-07
4.41846e-08
3.44613e-09
1.98468e-10
6.82944e-12
9.72795e-14
0.0502402
0.0492791
0.0483028
0.0473274
0.0481481
0.0489296
0.0495467
0.0500369
0.0504546
0.0510139
0.0516432
0.0521101
0.0524751
0.0527105
0.0527828
0.0526522
0.0522725
0.0515914
0.0505519
0.0490955
0.0471655
0.044714
0.0417095
0.0381462
0.0340544
0.0295089
0.0246346
0.019604
0.014652
0.0100479
0.00600739
0.00269696
0.000487358
1.38864e-05
6.65253e-07
5.76583e-08
4.52072e-09
2.61502e-10
9.01263e-12
1.28484e-13
0.0493183
0.0483725
0.0474106
0.0464486
0.047265
0.0480438
0.048663
0.0491558
0.0495762
0.0501306
0.0507511
0.0512152
0.0515809
0.0518218
0.0519061
0.051796
0.0514471
0.050809
0.0498269
0.0484433
0.0466026
0.0442563
0.041371
0.0379375
0.0339802
0.0295662
0.0248117
0.0198801
0.014988
0.010407
0.00635302
0.00299898
0.000643964
2.15715e-05
8.98074e-07
7.5144e-08
5.91771e-09
3.43977e-10
1.18777e-11
1.69517e-13
0.0484099
0.0474768
0.046527
0.0455763
0.0463906
0.0471691
0.0477929
0.0482905
0.0487151
0.0492662
0.0498793
0.0503417
0.0507086
0.0509552
0.0510511
0.0509602
0.0506403
0.0500428
0.0491146
0.0478
0.046044
0.043798
0.0410271
0.0377186
0.0338918
0.0296067
0.0249706
0.0201384
0.0153104
0.0107564
0.00669422
0.00330195
0.000823185
3.39022e-05
1.22769e-06
9.79175e-08
7.73045e-09
4.51654e-10
1.56315e-11
2.23409e-13
0.0475125
0.0465897
0.0456498
0.0447087
0.0455227
0.0463034
0.0469341
0.0474385
0.0478692
0.0484185
0.049026
0.0494878
0.0498569
0.0501094
0.0502166
0.0501442
0.0498515
0.0492923
0.0484151
0.0471657
0.0454901
0.0433398
0.0406785
0.0374905
0.0337903
0.029631
0.0251119
0.0203787
0.0156195
0.0110961
0.00703043
0.00360505
0.00102157
5.30186e-05
1.69717e-06
1.27685e-07
1.00807e-08
5.91943e-10
2.05411e-11
2.94095e-13
0.0466237
0.0457091
0.0447774
0.0438447
0.0446596
0.0454446
0.0460845
0.0465979
0.0470362
0.0475856
0.0481891
0.0486519
0.0490241
0.0492831
0.0494017
0.0493469
0.0490803
0.0485572
0.0477283
0.0465407
0.0449415
0.0428824
0.040326
0.0372541
0.0336765
0.0296402
0.0252364
0.0206023
0.0159158
0.0114259
0.00736112
0.00390703
0.00123568
8.13803e-05
2.36367e-06
1.66637e-07
1.31269e-08
7.74393e-10
2.6951e-11
3.8668e-13
0.0457415
0.0448333
0.0439085
0.0429843
0.0438002
0.0445909
0.0452421
0.0457663
0.046214
0.0467653
0.0473668
0.047832
0.0482086
0.0484749
0.048605
0.0485675
0.0483258
0.0478371
0.0470539
0.0459249
0.0443984
0.0424263
0.0399704
0.0370101
0.0335513
0.0296351
0.025345
0.0208097
0.0161987
0.0117457
0.00768572
0.00420621
0.00146218
0.000121578
3.30681e-06
2.17528e-07
1.7072e-08
1.01132e-09
3.53046e-11
5.07772e-13
0.044864
0.043961
0.0430431
0.0421305
0.0429444
0.043741
0.0444051
0.0449419
0.0454007
0.0459555
0.0465568
0.0470264
0.0474088
0.0476833
0.0478253
0.047805
0.0475874
0.0471316
0.0463918
0.0453185
0.0438611
0.0419719
0.0396122
0.0367594
0.0334156
0.0296163
0.0254381
0.0210015
0.0164679
0.0120553
0.00800376
0.00450195
0.00169808
0.000176206
4.64862e-06
2.83919e-07
2.21705e-08
1.31858e-09
4.61734e-11
6.65909e-13
0.04399
0.0430922
0.0421844
0.0412956
0.0420952
0.042895
0.0435723
0.0441231
0.0445944
0.0451543
0.0457573
0.046233
0.0466228
0.0469067
0.0470614
0.0470583
0.0468642
0.04644
0.0457416
0.0447213
0.0433297
0.0415197
0.0392522
0.0365028
0.0332701
0.0295848
0.0255165
0.0211782
0.0167235
0.0123545
0.00831493
0.00479409
0.00194013
0.00024845
6.59133e-06
3.70708e-07
2.8741e-08
1.71639e-09
6.02923e-11
8.72111e-13
0.0431195
0.0422301
0.0413447
0.0405198
0.0412649
0.0420558
0.0427436
0.0433086
0.0437934
0.0443599
0.0449663
0.0454499
0.0458487
0.0461436
0.0463117
0.0463263
0.0461553
0.0457617
0.045103
0.0441333
0.0428045
0.0410701
0.0388909
0.0362408
0.0331157
0.0295412
0.0255808
0.02134
0.0169652
0.0126431
0.00861902
0.00508277
0.00218593
0.000340184
9.49651e-06
4.85096e-07
3.71809e-08
2.23051e-09
7.86045e-11
1.14058e-12
0.0422558
0.041387
0.0405644
0.0399324
0.0404934
0.0412354
0.0419219
0.0424983
0.0429967
0.0435707
0.0441821
0.0446753
0.0450849
0.0453921
0.045575
0.0456076
0.0454599
0.045096
0.0444757
0.0435544
0.0422854
0.0406234
0.0385287
0.0359743
0.032953
0.0294863
0.0256316
0.0214873
0.0171923
0.0129211
0.00891583
0.00536823
0.00243382
0.000451991
1.3953e-05
6.38337e-07
4.79945e-08
2.89328e-09
1.02317e-10
1.48962e-12
0.041411
0.0406036
0.0399736
0.0399094
0.0404733
0.0411188
0.041695
0.0422041
0.0427856
0.0434032
0.0439075
0.0443295
0.0446506
0.0448494
0.0449012
0.0447767
0.0444422
0.043859
0.0429842
0.0417726
0.0401798
0.0381661
0.0357036
0.0327827
0.0294207
0.0256696
0.0216207
0.0174055
0.0131895
0.00920525
0.00565026
0.00268286
0.000583054
2.08521e-05
8.47499e-07
6.18738e-08
3.74433e-09
1.32966e-10
1.9427e-12
0.0406261
0.0400105
0.0398964
0.040373
0.04091
0.0414184
0.0420046
0.0426284
0.043145
0.043581
0.0439175
0.0441336
0.0442054
0.0441048
0.0437994
0.0432523
0.0424224
0.041266
0.0397394
0.0378036
0.0354295
0.0326055
0.0293453
0.0256954
0.0217407
0.0176055
0.0134476
0.00948726
0.00592856
0.00293241
0.000731318
3.14173e-05
1.1373e-06
7.97486e-08
4.83602e-09
1.72481e-10
2.52994e-12
0.0400319
0.0398086
0.0401813
0.0406506
0.0412304
0.0418577
0.0423868
0.0428378
0.0431912
0.0434261
0.0435189
0.0434428
0.0431667
0.0426551
0.0418688
0.0407654
0.0393025
0.0374413
0.0351523
0.032422
0.0292605
0.0257097
0.0218479
0.0177927
0.0136951
0.00976169
0.00620276
0.00318184
0.000894477
4.71564e-05
1.54139e-06
1.02848e-07
6.23543e-09
2.23348e-10
3.2896e-12
0.0396298
0.039938
0.040474
0.0410937
0.0416327
0.0420991
0.0424705
0.0427253
0.0428404
0.0427896
0.042543
0.0420667
0.0413227
0.0402706
0.038869
0.0370796
0.0348726
0.0322327
0.0291671
0.025713
0.0219429
0.0179676
0.0139318
0.0100283
0.00647249
0.00343027
0.00107009
6.98032e-05
2.10394e-06
1.32736e-07
8.02907e-09
2.88706e-10
4.27104e-12
0.0393989
0.0397719
0.0403474
0.0408855
0.0413646
0.0417542
0.0420301
0.0421686
0.0421439
0.0419273
0.041486
0.0407838
0.0397814
0.0384389
0.0367187
0.0345907
0.0320382
0.0290656
0.0257058
0.022026
0.0181305
0.0141577
0.0102869
0.00673732
0.0036764
0.00125575
0.000101205
2.88443e-06
1.71344e-07
1.03269e-08
3.72578e-10
5.53663e-12
0.0392408
0.0396548
0.0401556
0.040637
0.0410423
0.0413395
0.0415022
0.0415047
0.0413186
0.0409124
0.0402513
0.0392975
0.0380123
0.0363588
0.0343069
0.0318388
0.0289565
0.0256888
0.0220977
0.0182814
0.0143726
0.0105374
0.00699689
0.00391974
0.00144912
0.000143237
3.96869e-06
2.21084e-07
1.32665e-08
4.80094e-10
7.16609e-12
0.039131
0.0394785
0.0399265
0.0403374
0.0406532
0.0408404
0.0408707
0.0407158
0.040345
0.0397247
0.0388184
0.0375888
0.0359998
0.0340215
0.0316351
0.0288404
0.0256625
0.0221585
0.0184207
0.0145759
0.0107797
0.00725094
0.00416007
0.00164771
0.00019823
5.48956e-06
2.85122e-07
1.70174e-08
6.17764e-10
9.26108e-12
0.0389665
0.0392675
0.0396491
0.0399739
0.0401831
0.0402412
0.040118
0.0397828
0.0392031
0.0383436
0.0371683
0.0356419
0.0337347
0.0314274
0.0287176
0.0256273
0.0222088
0.0185489
0.0147681
0.0110145
0.00749933
0.00439745
0.00184957
0.000267738
7.67151e-06
3.67922e-07
2.17895e-08
7.93786e-10
1.1951e-11
0.0387693
0.039011
0.0393109
0.0395325
0.0396161
0.0395244
0.0392251
0.0386859
0.0378727
0.0367504
0.0352848
0.0334467
0.0312159
0.0285886
0.0255838
0.0222492
0.0186663
0.0149497
0.0112413
0.00774204
0.00463208
0.0020533
0.000352528
1.08707e-05
4.76216e-07
2.78493e-08
1.01844e-09
1.54002e-11
0.0385287
0.0386964
0.0388978
0.0389976
0.0389349
0.0386712
0.0381724
0.037405
0.0363348
0.0349286
0.0331574
0.031001
0.0284539
0.0255323
0.0222799
0.0187732
0.0151211
0.0114599
0.00797896
0.00486384
0.00225801
0.000452479
1.5621e-05
6.20066e-07
3.55486e-08
1.30458e-09
1.98166e-11
0.0382321
0.0383098
0.0383943
0.0383518
0.0381211
0.0376621
0.0369401
0.0359212
0.034573
0.0328671
0.0307828
0.0283136
0.0254732
0.0223016
0.0188702
0.0152826
0.01167
0.00820992
0.00509255
0.00246318
0.00056644
2.26669e-05
8.14178e-07
4.53522e-08
1.66848e-09
2.5463e-11
0.0378657
0.0378356
0.0377831
0.0375768
0.0371551
0.0364775
0.0355091
0.0342178
0.0325755
0.0305615
0.0281682
0.0254069
0.0223143
0.0189573
0.0154344
0.0118716
0.00843474
0.00531796
0.00266832
0.000693032
3.29513e-05
1.07934e-06
5.78762e-08
2.13089e-09
3.26709e-11
0.0374138
0.0372567
0.037046
0.0366533
0.0360175
0.0350984
0.0338628
0.0322827
0.0303372
0.0280177
0.0253337
0.0223187
0.0190351
0.0155765
0.0120644
0.00865326
0.00553979
0.00287289
0.000830573
4.76018e-05
1.44359e-06
7.39325e-08
2.71848e-09
4.18601e-11
0.0368595
0.0365549
0.0361638
0.0355617
0.0346892
0.0335079
0.0319885
0.0301098
0.0278624
0.0252539
0.0223148
0.0191036
0.0157092
0.0122485
0.00886534
0.00575773
0.00307612
0.000977304
6.78811e-05
1.94407e-06
9.45613e-08
3.46542e-09
5.3563e-11
0.0361844
0.0357109
0.0351169
0.0342832
0.0331532
0.0316929
0.0298795
0.0277024
0.0251677
0.022303
0.0191632
0.0158325
0.0124233
0.00907095
0.00597149
0.00327725
0.00113146
9.51121e-05
2.63082e-06
1.21056e-07
4.4155e-09
6.84567e-11
0.0353694
0.0347054
0.0338865
0.0328005
0.0313963
0.0296463
0.0275378
0.0250752
0.0222836
0.0192141
0.0159467
0.012589
0.00927059
0.00618084
0.00347594
0.00129121
0.000130768
3.57429e-06
1.55026e-07
5.62396e-09
8.74036e-11
0.0343952
0.0335192
0.0324552
0.0311001
0.0294105
0.0273688
0.0249767
0.0222567
0.0192566
0.0160521
0.0127462
0.00946374
0.00638565
0.00367204
0.00145471
0.000176395
4.88113e-06
1.98544e-07
7.15972e-09
1.11498e-10
0.0332426
0.0321352
0.0308092
0.0291734
0.0271957
0.0248723
0.0222225
0.0192907
0.0161487
0.012895
0.00965008
0.00658574
0.00386557
0.00162053
0.000233057
6.71929e-06
2.54446e-07
9.10873e-09
1.42126e-10
0.0318941
0.0305388
0.0289393
0.0270196
0.0247623
0.0221812
0.0193167
0.0162366
0.0130354
0.00982934
0.00678095
0.0040566
0.00178764
0.000301319
9.34265e-06
3.26825e-07
1.15796e-08
1.81031e-10
0.0303352
0.0287208
0.0268438
0.0246475
0.0221329
0.0193347
0.0163161
0.0131675
0.0100013
0.00697105
0.00424499
0.00195533
0.000381127
1.31189e-05
4.21711e-07
1.47131e-08
2.30417e-10
0.028556
0.0266785
0.0245306
0.0220784
0.0193447
0.0163871
0.0132912
0.0101658
0.00715583
0.00443052
0.00212315
0.000471805
1.85496e-05
5.47951e-07
1.86945e-08
2.93127e-10
0.0265534
0.0244188
0.0220191
0.0193471
0.0164496
0.0134065
0.0103226
0.00733504
0.00461293
0.00229067
0.000572477
2.6267e-05
7.18188e-07
2.37687e-08
3.7278e-10
0.0243333
0.0219596
0.0193425
0.0165034
0.0135131
0.0104715
0.00750841
0.00479195
0.00245748
0.000681992
3.70344e-05
9.49806e-07
3.02617e-08
4.7389e-10
0.0219129
0.0193326
0.0165482
0.0136106
0.0106119
0.00767556
0.0049672
0.00262304
0.000799057
5.17151e-05
1.26688e-06
3.85925e-08
6.02353e-10
0.0193222
0.0165832
0.0136976
0.010743
0.00783591
0.00513824
0.00278657
0.000922396
7.12351e-05
1.70225e-06
4.93296e-08
7.65656e-10
0.0166057
0.0137709
0.0108628
0.0079883
0.00530437
0.00294759
0.00105064
9.65557e-05
2.30132e-06
6.31781e-08
9.74299e-10
0.0138213
0.0109659
0.00813005
0.00546429
0.00310552
0.00118221
0.000128886
3.12828e-06
8.10463e-08
1.24085e-09
0.011038
0.00825432
0.00561505
0.0032593
0.00131571
0.000169132
4.28055e-06
1.04115e-07
1.58166e-09
0.0083425
0.00574895
0.00340631
0.00144958
0.000217916
5.90148e-06
1.33996e-07
2.01768e-09
0.00584505
0.00353903
0.00158136
0.000275481
8.19749e-06
1.7298e-07
2.57603e-09
0.0036361
0.00170458
0.000341412
1.14547e-05
2.244e-07
3.29241e-09
0.00179891
0.000413714
1.60433e-05
2.93172e-07
4.21463e-09
0.000481307
2.23869e-05
3.86418e-07
5.40806e-09
3.07314e-05
5.13968e-07
6.96133e-09
6.80882e-07
8.99435e-09
1.15619e-08
)
;

boundaryField
{
    wallTube
    {
        type            zeroGradient;
    }
    outlet
    {
        type            zeroGradient;
    }
    inletPilot
    {
        type            fixedValue;
        value           uniform 0.0942;
    }
    inletAir
    {
        type            fixedValue;
        value           uniform 0;
    }
    wallOutside
    {
        type            zeroGradient;
    }
    inletCH4
    {
        type            fixedValue;
        value           uniform 0;
    }
    frontAndBack_pos
    {
        type            wedge;
    }
    frontAndBack_neg
    {
        type            wedge;
    }
}


// ************************************************************************* //
