/*--------------------------------*- C++ -*----------------------------------*\
| =========                 |                                                 |
| \\      /  F ield         | OpenFOAM: The Open Source CFD Toolbox           |
|  \\    /   O peration     | Version:  1.6.x                                 |
|   \\  /    A nd           | Web:      www.OpenFOAM.org                      |
|    \\/     M anipulation  |                                                 |
\*---------------------------------------------------------------------------*/
FoamFile
{
    version     2.0;
    format      ascii;
    class       volScalarField;
    location    "7000";
    object      RR(CH4);
}
// * * * * * * * * * * * * * * * * * * * * * * * * * * * * * * * * * * * * * //

dimensions      [1 -3 -1 0 0 0 0];

internalField   nonuniform List<scalar> 
4608
(
-0
-0
-0
-0
-0
-0
-0
-0
-0
-21.4494
-0
-0
-0
-0
-0
-0
-0
-60.8695
-22.3717
-0
-0
-0
-0
-0
-0
-0
-0
-55.9457
-20.5198
-0.185015
-4.62038
-0
-0
-0
-0
-0
-0
-0
-0
-47.9454
-14.5011
-6.08711
-0.0212379
-0.000846184
-0.238546
-0
-0
-0
-0
-0
-0
-0
-0
-42.2467
-11.5747
-3.77696
-3.00874
-0.00338332
-0.000184995
-4.69743e-06
-0.0180273
-0
-0
-0
-0
-0
-0
-0
-45.6096
-41.8224
-9.54501
-2.80815
-5.47458
-0.254023
-0.000346965
-4.32411e-05
-1.56178e-06
-2.65407e-08
-0.00333116
-0
-0
-0
-0
-0
-0
-0
-30.7391
-32.646
-10.6488
-2.22168
-3.70479
-0.870427
-0.0594416
-5.20574e-06
-4.54339e-07
-1.19084e-08
-1.52699e-10
-0.00122474
-0
-0
-0
-0
-0
-0
-0
-23.3739
-22.206
-11.1323
-2.4766
-2.881
-2.40982
-0.203407
-0.0138142
-6.43653e-08
-4.27938e-09
-8.77677e-11
-3.91187e-13
-7.42068e-05
-0
-0
-0
-0
-0
-0
-0
-19.1337
-16.3841
-9.16532
-3.09992
-1.89962
-3.77916
-0.592411
-0.0466513
-0.0019538
-7.01789e-10
-3.7659e-11
-1.68582e-13
-3.35211e-17
-3.10248e-07
-0
-0
-0
-0
-0
-0
-0
-16.1853
-13.5275
-7.15921
-2.78573
-1.37365
-6.02086
-0.99376
-0.139248
-0.00738542
-7.97865e-05
-6.98675e-12
-4.49814e-14
-2.00627e-17
-2.99358e-21
-5.16074e-10
-0
-0
-0
-0
-0
-0
-0
-15.8023
-11.92
-5.82081
-2.22793
-1.03428
-4.73095
-1.71634
-0.254909
-0.0233078
-0.000665772
-3.06569e-07
-4.58614e-15
-9.44631e-18
-2.37777e-21
-2.76806e-25
-5.36714e-12
-0
-0
-0
-0
-0
-0
-0
-15.256
-11.8026
-4.85345
-1.78754
-0.811522
-2.65979
-6.0967
-0.472971
-0.0475719
-0.00299935
-8.46249e-06
-6.67891e-10
-1.50243e-18
-1.80052e-21
-2.81475e-25
-2.63739e-29
-2.1136e-13
-0
-0
-0
-0
-0
-0
-28.0761
-13.5261
-12.1503
-4.63935
-1.41666
-0.66617
-1.83317
-11.1037
-1.69273
-0.0943416
-0.00773236
-0.000118127
-1.55913e-08
-8.8248e-12
-3.97836e-22
-3.2223e-25
-3.32698e-29
-2.57272e-33
-2.27402e-14
-0
-0
-0
-0
-0
-0
-22.4489
-11.7381
-11.6038
-5.06006
-1.27781
-0.562509
-1.31677
-7.52567
-3.14367
-0.356034
-0.017204
-0.000759845
-3.48622e-07
-8.857e-11
-3.23449e-13
-9.1984e-26
-5.50497e-29
-3.90892e-33
-2.55069e-37
-3.22215e-15
-0
-0
-0
-0
-0
-0
-18.5055
-10.2769
-10.6465
-5.00217
-1.3746
-0.524908
-1.04782
-4.53939
-5.18573
-0.671779
-0.0653256
-0.0024977
-9.96052e-06
-7.04048e-10
-2.22253e-12
-3.4306e-14
-1.93341e-29
-9.05587e-33
-4.51931e-37
-2.51964e-41
-4.57618e-16
-0
-0
-0
-0
-0
-0
-15.8028
-9.41821
-9.56711
-4.47091
-1.38256
-0.545442
-0.91894
-3.22538
-7.13122
-1.16652
-0.134089
-0.0107289
-0.000126803
-1.21661e-08
-1.17981e-11
-1.56228e-13
-5.15835e-15
-3.75282e-33
-1.41338e-36
-5.38664e-41
-0
-5.93623e-17
-0
-0
-0
-0
-0
-0
-14.4258
-9.08584
-8.75729
-3.83422
-1.31061
-0.549118
-0.80605
-2.60018
-6.36762
-1.76209
-0.247379
-0.0247487
-0.00132112
-3.82101e-07
-5.51933e-11
-5.04914e-13
-2.12304e-14
-7.90751e-16
-6.73218e-37
-2.04311e-40
-0
-0
-6.79686e-18
-0
-0
-0
-0
-0
-0
-13.6843
-8.79093
-8.37683
-3.3486
-1.19344
-0.537725
-0.693877
-2.02457
-4.90037
-2.67913
-0.409706
-0.049356
-0.00417993
-3.38873e-05
-4.46125e-10
-1.57444e-12
-5.86156e-14
-3.48874e-15
-1.08676e-16
-1.122e-40
-0
-0
-0
-6.75669e-19
-0
-0
-0
-0
-0
-16.24
-12.9757
-8.47107
-7.49687
-3.08637
-1.09817
-0.515979
-0.63215
-1.5372
-3.61398
-3.81321
-0.668006
-0.0887655
-0.00922265
-0.000422143
-4.27216e-08
-6.33203e-12
-1.31748e-13
-9.70404e-15
-5.51554e-16
-1.27433e-17
-0
-0
-0
-0
-5.75894e-20
-0
-0
-0
-0
-16.269
-12.2867
-8.08121
-6.52086
-2.85202
-1.05567
-0.498309
-0.596377
-1.311
-2.58106
-5.19869
-1.02408
-0.155443
-0.0182113
-0.00150834
-4.37715e-06
-6.16698e-11
-2.96472e-13
-2.06263e-14
-1.68154e-15
-7.56529e-17
-1.24961e-18
-0
-0
-0
-0
-4.15515e-21
-0
-0
-0
-14.6034
-11.2952
-6.94595
-5.60789
-2.62505
-1.01574
-0.492024
-0.56681
-1.17644
-2.13472
-6.32658
-1.50795
-0.257293
-0.0343034
-0.00336526
-7.66032e-05
-2.65572e-09
-1.09782e-12
-3.97314e-14
-3.78577e-15
-2.62764e-16
-8.61287e-18
-1.0127e-19
-0
-0
-0
-0
-2.50256e-22
-0
-7.72469
-13.1393
-10.5358
-5.85418
-4.81729
-2.39338
-0.973771
-0.484531
-0.534895
-1.06023
-1.86125
-5.0062
-1.98645
-0.411003
-0.0608066
-0.00701786
-0.000471396
-1.7935e-07
-8.43413e-12
-7.98192e-14
-7.30151e-15
-6.58876e-16
-3.44195e-17
-7.97987e-19
-6.71041e-21
-0
-0
-0
-0
-1.10531e-23
-11.037
-12.0253
-9.85177
-4.90324
-4.12099
-2.16299
-0.927306
-0.477332
-0.504609
-0.939989
-1.62732
-4.14025
-2.74493
-0.578668
-0.104465
-0.013465
-0.00122797
-7.3181e-06
-1.01884e-10
-2.15095e-13
-1.28911e-14
-1.36046e-15
-9.80358e-17
-3.65157e-18
-5.94635e-20
-3.59474e-22
-0
-0
-0
-0
-8.91884e-26
-12.4257
-11.2953
-9.12418
-4.07421
-3.50015
-1.93913
-0.874567
-0.46999
-0.485311
-0.837828
-1.39682
-3.42555
-3.49286
-0.828882
-0.158161
-0.0247168
-0.00264734
-8.96864e-05
-4.36337e-09
-9.53655e-13
-2.27739e-14
-2.46488e-15
-2.24114e-16
-1.1846e-17
-3.08334e-19
-3.52751e-21
-1.53781e-23
-0
-0
-0
-5.11741e-28
-11.3415
-10.921
-8.10792
-3.36507
-2.94903
-1.7238
-0.817445
-0.460364
-0.473951
-0.775556
-1.20837
-2.78198
-4.17193
-1.10784
-0.236195
-0.0401462
-0.00537173
-0.000388412
-2.62231e-07
-7.10019e-12
-4.57874e-14
-4.08172e-15
-4.38983e-16
-3.03903e-17
-1.13309e-18
-2.04815e-20
-1.64822e-22
-9.58619e-26
-0
-0
-2.04067e-30
-9.98713
-10.7636
-6.27721
-2.75834
-2.4707
-1.51738
-0.758089
-0.447961
-0.465109
-0.734966
-1.09604
-2.29738
-4.82912
-1.38953
-0.331771
-0.0628821
-0.00949227
-0.000974335
-7.17729e-06
-1.00155e-10
-1.27126e-13
-6.65412e-15
-7.64225e-16
-6.5763e-17
-3.26816e-18
-8.45441e-20
-1.05905e-21
-3.79548e-24
-4.07976e-28
-0
-2.06079e-33
-9.238
-9.83484
-4.90641
-2.23939
-2.05614
-1.32504
-0.69686
-0.432901
-0.455419
-0.701953
-1.02017
-2.02412
-4.94035
-1.68278
-0.437504
-0.092924
-0.0157514
-0.00196051
-7.75344e-05
-3.75161e-09
-6.13294e-13
-1.15811e-14
-1.23739e-15
-1.24774e-16
-7.87263e-18
-2.73107e-19
-4.86485e-21
-4.21755e-23
-1.78e-26
-1.16779e-30
-1.2413e-38
-8.88527
-8.91148
-3.81848
-1.79836
-1.69586
-1.14889
-0.63559
-0.415132
-0.443453
-0.670039
-0.957204
-1.82934
-4.22125
-2.02278
-0.555264
-0.129257
-0.0245562
-0.00358701
-0.000289093
-1.93242e-07
-4.81103e-12
-2.38762e-14
-1.95109e-15
-2.14989e-16
-1.64807e-17
-7.32592e-19
-1.74923e-20
-2.13582e-22
-3.76183e-25
-5.54098e-29
-4.41664e-34
-1.70528e-44
-8.99062
-7.16228
-2.93987
-1.4217
-1.38453
-0.987767
-0.576441
-0.395929
-0.429307
-0.637081
-0.897995
-1.66449
-3.6822
-2.46201
-0.692461
-0.172604
-0.0359429
-0.00600351
-0.000660282
-5.0242e-06
-6.26203e-11
-6.79993e-14
-3.16714e-15
-3.47912e-16
-3.09427e-17
-1.69742e-18
-5.20845e-20
-8.48746e-22
-4.91583e-24
-1.3008e-27
-1.12504e-31
-8.99931e-40
-9.6e-51
-8.77779
-5.01057
-2.21834
-1.09995
-1.1151
-0.840869
-0.520133
-0.376937
-0.416375
-0.603884
-0.839927
-1.51504
-3.22977
-2.90166
-0.867362
-0.224123
-0.0502476
-0.00933392
-0.00125314
-4.85516e-05
-2.038e-09
-3.19374e-13
-5.6681e-15
-5.47545e-16
-5.35869e-17
-3.49996e-18
-1.33435e-19
-2.79161e-21
-3.08629e-23
-1.91473e-26
-2.89788e-30
-2.64305e-36
-5.42867e-46
-2.13879e-57
-7.89578
-3.49642
-1.62659
-0.829887
-0.881976
-0.707648
-0.466274
-0.358716
-0.406324
-0.578277
-0.784316
-1.37713
-2.83813
-3.29567
-1.05788
-0.289512
-0.0679777
-0.0137519
-0.00216033
-0.000171046
-8.27258e-08
-2.70104e-12
-1.20484e-14
-8.71995e-16
-8.7924e-17
-6.5856e-18
-3.02639e-19
-7.88354e-21
-1.11487e-22
-1.98462e-25
-4.74692e-29
-1.22709e-33
-1.78239e-42
-1.28363e-52
-1.8272e-64
-5.2942
-2.36314
-1.15664
-0.611854
-0.682996
-0.587484
-0.415439
-0.341107
-0.398756
-0.560992
-0.743562
-1.25259
-2.49665
-3.62963
-1.24449
-0.365373
-0.0908782
-0.0194551
-0.00343807
-0.000384195
-1.93773e-06
-2.71686e-11
-3.39587e-14
-1.46432e-15
-1.40546e-16
-1.15677e-17
-6.21974e-19
-1.96441e-20
-3.4559e-22
-1.55539e-24
-5.5265e-28
-7.28734e-32
-1.60213e-39
-4.64456e-49
-1.15468e-59
-5.81666e-72
-3.10088
-1.55368
-0.803444
-0.444396
-0.518573
-0.480321
-0.367944
-0.324114
-0.392493
-0.549094
-0.716771
-1.16638
-2.20367
-3.90392
-1.41706
-0.445454
-0.118864
-0.0269486
-0.00515571
-0.000704849
-1.90507e-05
-5.43282e-10
-1.3967e-13
-2.70489e-15
-2.25006e-16
-1.93889e-17
-1.18192e-18
-4.4143e-20
-9.43482e-22
-9.68284e-24
-4.89253e-27
-9.552e-31
-6.15398e-37
-4.74974e-46
-4.54871e-56
-3.84492e-67
-6.72829e-80
-1.86524
-1.01037
-0.551927
-0.321681
-0.388699
-0.387054
-0.323928
-0.307277
-0.386564
-0.53974
-0.698198
-1.10902
-2.01167
-4.12435
-1.57224
-0.525061
-0.150416
-0.0364653
-0.0074697
-0.00117742
-8.02157e-05
-1.58326e-08
-9.79709e-13
-5.71936e-15
-3.70072e-16
-3.1687e-17
-2.11559e-18
-9.11237e-20
-2.31569e-21
-3.31085e-23
-3.45079e-26
-9.45899e-30
-1.18805e-34
-2.12864e-43
-5.21364e-53
-1.63212e-63
-4.62637e-75
-2.76085e-88
-1.14979
-0.658791
-0.37962
-0.235139
-0.290737
-0.308881
-0.283808
-0.290979
-0.380266
-0.531154
-0.683429
-1.06653
-1.88031
-3.81229
-1.71028
-0.601773
-0.183881
-0.0477936
-0.010512
-0.00185321
-0.000188001
-3.77871e-07
-7.68158e-12
-1.46928e-14
-6.40183e-16
-5.15117e-17
-3.63137e-18
-1.75648e-19
-5.19806e-21
-8.85426e-23
-2.00786e-25
-7.49285e-29
-5.82338e-33
-5.11693e-41
-2.68158e-50
-2.06959e-60
-2.09759e-71
-1.96142e-83
-2.48475e-97
-0.724578
-0.434449
-0.264492
-0.175907
-0.219811
-0.246213
-0.248304
-0.275343
-0.373594
-0.522354
-0.670038
-1.03102
-1.77706
-3.48966
-1.87784
-0.674765
-0.218085
-0.0605163
-0.0143119
-0.00276607
-0.000354726
-4.52474e-06
-8.52115e-11
-4.90166e-14
-1.19212e-15
-8.48215e-17
-6.07766e-18
-3.21064e-19
-1.08303e-20
-2.15939e-22
-9.90603e-25
-4.9068e-28
-9.78633e-32
-7.42819e-39
-7.53713e-48
-1.20393e-57
-2.90956e-68
-9.4019e-80
-1.88354e-92
-1.16571e-108
-0.466493
-0.291912
-0.188841
-0.136408
-0.170202
-0.198228
-0.218122
-0.260711
-0.366583
-0.513193
-0.656824
-0.998872
-1.68833
-3.22598
-2.04844
-0.757704
-0.252403
-0.0743163
-0.0188101
-0.00395632
-0.000596633
-2.83759e-05
-1.62553e-09
-2.29829e-13
-2.44468e-15
-1.437e-16
-1.00746e-17
-5.64462e-19
-2.12337e-20
-4.86836e-22
-4.23842e-24
-2.72616e-27
-7.15614e-31
-7.05633e-37
-1.29763e-45
-3.89634e-55
-1.88966e-65
-1.40792e-76
-9.37036e-89
-2.56659e-103
-0.307562
-0.201503
-0.139837
-0.110808
-0.136584
-0.163066
-0.193657
-0.247565
-0.359446
-0.503763
-0.643533
-0.968512
-1.60873
-2.99886
-2.19941
-0.846213
-0.290508
-0.088965
-0.0239337
-0.00543884
-0.000939835
-7.45672e-05
-3.57685e-08
-1.70434e-12
-5.63187e-15
-2.53864e-16
-1.67752e-17
-9.675e-19
-3.96582e-20
-1.02732e-21
-1.57116e-23
-1.31254e-26
-4.44627e-30
-4.6547e-35
-1.47726e-43
-7.83362e-53
-6.94451e-63
-1.00531e-73
-1.46778e-85
-1.93586e-99
-0.208786
-0.144343
-0.108645
-0.0948793
-0.114593
-0.138405
-0.17485
-0.236374
-0.352531
-0.494288
-0.630262
-0.939505
-1.5359
-2.79912
-2.32284
-0.932024
-0.332344
-0.105259
-0.0296247
-0.00721056
-0.00139574
-0.000155534
-5.46808e-07
-1.16488e-11
-1.53298e-14
-4.71695e-16
-2.84065e-17
-1.63743e-18
-7.13923e-20
-2.05129e-21
-3.5721e-23
-5.57422e-26
-2.39467e-29
-1.315e-33
-1.17647e-41
-1.05273e-50
-1.6077e-60
-4.12512e-71
-1.11151e-82
-3.49201e-96
-0.147163
-0.108515
-0.0893417
-0.0856679
-0.100918
-0.121963
-0.16126
-0.227487
-0.346257
-0.485108
-0.617243
-0.911896
-1.46883
-2.62166
-2.41784
-1.01007
-0.375532
-0.123536
-0.0360663
-0.00926666
-0.00196501
-0.00027132
-4.6015e-06
-1.14164e-10
-5.14879e-14
-9.31704e-16
-4.93122e-17
-2.76853e-18
-1.25264e-19
-3.91564e-21
-7.64898e-23
-2.12199e-25
-1.13672e-28
-1.7775e-32
-6.84919e-40
-9.97642e-49
-2.51511e-58
-1.07994e-68
-4.90686e-80
-2.88305e-93
-0.108859
-0.0864836
-0.0780142
-0.0811589
-0.0931621
-0.111771
-0.152226
-0.221082
-0.341049
-0.476635
-0.604807
-0.885901
-1.40718
-2.4632
-2.48646
-1.07819
-0.417808
-0.143316
-0.0434272
-0.0116521
-0.00265559
-0.000430157
-2.15683e-05
-1.67143e-09
-2.28975e-13
-1.97079e-15
-8.82683e-17
-4.72105e-18
-2.16495e-19
-7.21529e-21
-1.55679e-22
-7.33967e-25
-4.82803e-28
-1.34186e-31
-3.02123e-38
-6.95105e-47
-2.79796e-56
-1.93162e-66
-1.3999e-77
-1.35215e-90
-0.0853906
-0.0734782
-0.0721003
-0.0800024
-0.0896483
-0.106277
-0.147036
-0.217185
-0.337286
-0.469318
-0.593353
-0.86181
-1.3509
-2.32165
-2.53123
-1.13597
-0.457682
-0.163829
-0.0516691
-0.0144327
-0.0034832
-0.0006409
-5.20696e-05
-2.74467e-08
-1.45282e-12
-4.53945e-15
-1.63184e-16
-8.17826e-18
-3.72115e-19
-1.29543e-20
-3.03753e-22
-2.33575e-24
-1.85794e-27
-6.33081e-31
-1.04012e-36
-3.68342e-45
-2.30268e-54
-2.47748e-64
-2.7578e-75
-4.04795e-88
-0.0715117
-0.0664688
-0.069934
-0.0813063
-0.0892286
-0.104315
-0.14503
-0.215715
-0.335274
-0.463592
-0.583333
-0.839982
-1.30001
-2.19562
-2.55399
-1.18367
-0.494435
-0.184317
-0.0606044
-0.0176366
-0.00447039
-0.000909014
-0.000102544
-3.33107e-07
-8.85534e-12
-1.18202e-14
-3.12321e-16
-1.44505e-17
-6.41339e-19
-2.28607e-20
-5.72795e-22
-6.91911e-24
-6.55278e-27
-2.70183e-30
-2.87133e-35
-1.52659e-43
-1.44756e-52
-2.36487e-62
-3.931e-73
-8.35515e-86
-0.063937
-0.063528
-0.0704396
-0.0844894
-0.0911326
-0.105052
-0.145657
-0.216534
-0.335224
-0.459838
-0.575199
-0.820829
-1.25468
-2.08407
-2.55575
-1.2215
-0.527763
-0.204346
-0.0700637
-0.0212416
-0.00563721
-0.0012367
-0.000172446
-2.48065e-06
-6.57784e-11
-3.59702e-14
-6.22228e-16
-2.6073e-17
-1.11537e-18
-3.99761e-20
-1.05204e-21
-1.82114e-23
-2.14056e-26
-1.05422e-29
-4.65808e-34
-5.07717e-42
-7.13719e-51
-1.73179e-60
-4.19996e-71
-1.25129e-83
-0.0605996
-0.0634312
-0.0729283
-0.0891816
-0.0948519
-0.107905
-0.148487
-0.219488
-0.33727
-0.458352
-0.569366
-0.804779
-1.21509
-1.98624
-2.53699
-1.24939
-0.557439
-0.223647
-0.0798278
-0.0252056
-0.00699287
-0.00163371
-0.000264976
-1.15199e-05
-6.93207e-10
-1.34287e-13
-1.29497e-15
-4.8069e-17
-1.96519e-18
-6.97635e-20
-1.8959e-21
-3.51373e-23
-6.54021e-26
-3.79736e-29
-4.95198e-33
-1.38315e-40
-2.82819e-49
-9.97661e-59
-3.46125e-69
-1.41078e-81
-0.0601965
-0.0654033
-0.0769659
-0.0951697
-0.10006
-0.112479
-0.153199
-0.224429
-0.341476
-0.459339
-0.566168
-0.792222
-1.1815
-1.90156
-2.49791
-1.26704
-0.583153
-0.241986
-0.0897219
-0.0294653
-0.00853621
-0.00210985
-0.00038514
-2.76038e-05
-8.79068e-09
-6.60943e-13
-2.84021e-15
-9.04083e-17
-3.51542e-18
-1.222e-19
-3.37542e-21
-6.60145e-23
-1.88644e-25
-1.27403e-28
-3.13217e-32
-3.14489e-39
-9.18317e-48
-4.62874e-57
-2.25316e-67
-1.23267e-79
-0.0619077
-0.0689596
-0.0822968
-0.102408
-0.106574
-0.118516
-0.159558
-0.231224
-0.347848
-0.462913
-0.565844
-0.783472
-1.15409
-1.82954
-2.43893
-1.27403
-0.604525
-0.259105
-0.0995885
-0.0339588
-0.0102566
-0.00267033
-0.000540549
-5.46386e-05
-9.56745e-08
-3.8723e-12
-6.73996e-15
-1.73231e-16
-6.38485e-18
-2.15764e-19
-5.97383e-21
-1.21521e-22
-5.18234e-25
-4.01452e-28
-1.40068e-31
-6.06922e-38
-2.48706e-46
-1.76148e-55
-1.18499e-65
-8.54298e-78
-0.0652221
-0.0738119
-0.088828
-0.110982
-0.114389
-0.125881
-0.167408
-0.239759
-0.356354
-0.469103
-0.568526
-0.77873
-1.13299
-1.76971
-2.36081
-1.27001
-0.621093
-0.274743
-0.109248
-0.0386437
-0.0121392
-0.00331673
-0.000729375
-9.41318e-05
-7.28931e-07
-2.07631e-11
-1.77874e-14
-3.39132e-16
-1.17529e-17
-3.8499e-19
-1.05655e-20
-2.20468e-22
-1.36754e-24
-1.19747e-27
-4.82724e-31
-1.0094e-36
-5.70796e-45
-5.59136e-54
-5.12372e-64
-4.80295e-76
-0.0698349
-0.0798345
-0.0965991
-0.121036
-0.123629
-0.134638
-0.176699
-0.24995
-0.36693
-0.477874
-0.574245
-0.778077
-1.11819
-1.72154
-2.26489
-1.25482
-0.632396
-0.288584
-0.118592
-0.0434916
-0.0141707
-0.00404876
-0.000953958
-0.000145403
-3.77354e-06
-1.46924e-10
-5.36381e-14
-6.80133e-16
-2.18873e-17
-6.94685e-19
-1.87524e-20
-3.96328e-22
-3.49499e-24
-3.4067e-27
-1.56818e-30
-1.46706e-35
-1.12621e-43
-1.50299e-52
-1.85054e-62
-2.22734e-74
-0.0756046
-0.0870348
-0.105724
-0.132766
-0.134459
-0.144977
-0.187674
-0.261835
-0.379518
-0.489141
-0.582949
-0.781469
-1.10957
-1.68442
-2.15308
-1.22857
-0.638044
-0.300283
-0.127447
-0.0484108
-0.016339
-0.00486508
-0.00121732
-0.000211825
-1.11257e-05
-1.3493e-09
-1.96173e-13
-1.40111e-15
-4.11547e-17
-1.26691e-18
-3.3496e-20
-7.09342e-22
-8.71874e-24
-9.31065e-27
-4.8345e-30
-1.63698e-34
-1.93545e-42
-3.46823e-51
-5.66249e-61
-8.65007e-73
-0.0825229
-0.095505
-0.116379
-0.146508
-0.147091
-0.15709
-0.200682
-0.276011
-0.394249
-0.502816
-0.594525
-0.788763
-1.10685
-1.65761
-2.02773
-1.19173
-0.637773
-0.309514
-0.135608
-0.0533065
-0.0186197
-0.00576359
-0.00152169
-0.000296015
-2.35905e-05
-1.33968e-08
-9.07558e-13
-3.01071e-15
-7.7914e-17
-2.33152e-18
-6.03074e-20
-1.26905e-21
-2.00561e-23
-2.46168e-26
-1.4235e-29
-1.24967e-33
-2.93223e-41
-6.95571e-50
-1.48687e-59
-2.85251e-71
-0.0906706
-0.105403
-0.128851
-0.162678
-0.161903
-0.171218
-0.215951
-0.293046
-0.412407
-0.519086
-0.608854
-0.799741
-1.10965
-1.64027
-1.89152
-1.14505
-0.631481
-0.315992
-0.142876
-0.0580536
-0.020987
-0.00673939
-0.00186778
-0.000400139
-4.31139e-05
-1.10915e-07
-4.69048e-12
-6.90554e-15
-1.48707e-16
-4.31924e-18
-1.09476e-19
-2.2764e-21
-3.64026e-23
-6.33863e-26
-4.02806e-29
-7.1375e-33
-3.96011e-40
-1.22624e-48
-3.38969e-58
-8.0862e-70
-0.100196
-0.116985
-0.143518
-0.181961
-0.179343
-0.187811
-0.233767
-0.313123
-0.434799
-0.540107
-0.626165
-0.814186
-1.11753
-1.63149
-1.74727
-1.08959
-0.619243
-0.319493
-0.149056
-0.0625712
-0.0234246
-0.00778557
-0.00225546
-0.00052267
-7.01302e-05
-6.72866e-07
-2.22863e-11
-1.72618e-14
-2.87122e-16
-8.03692e-18
-2.00211e-19
-4.10257e-21
-6.58219e-23
-1.5997e-25
-1.10193e-28
-3.18362e-32
-4.81767e-39
-1.92022e-47
-6.78131e-57
-1.99249e-68
-0.111343
-0.130601
-0.160975
-0.205279
-0.200174
-0.207362
-0.254805
-0.336579
-0.461308
-0.566711
-0.649444
-0.83238
-1.13006
-1.63032
-1.59775
-1.02657
-0.601301
-0.319875
-0.153965
-0.0667538
-0.0258708
-0.00889524
-0.00268393
-0.00066427
-0.000104393
-3.01143e-06
-1.33713e-10
-4.82515e-14
-5.62216e-16
-1.50022e-17
-3.68334e-19
-7.43593e-21
-1.18929e-22
-3.98043e-25
-2.93109e-28
-1.08758e-31
-5.33146e-38
-2.69707e-46
-1.2023e-55
-4.31102e-67
-0.124444
-0.146786
-0.182045
-0.233905
-0.225405
-0.230776
-0.279629
-0.364558
-0.492339
-0.598248
-0.679469
-0.859288
-1.14754
-1.63593
-1.44556
-0.957331
-0.578041
-0.317081
-0.157449
-0.0704837
-0.0282684
-0.0100516
-0.00315182
-0.000826013
-0.000147577
-7.62819e-06
-1.0137e-09
-1.58416e-13
-1.1206e-15
-2.80585e-17
-6.80584e-19
-1.35559e-20
-2.1522e-22
-9.81739e-25
-7.62256e-28
-3.07836e-31
-5.41715e-37
-3.42885e-45
-1.90643e-54
-8.26683e-66
-0.140007
-0.166291
-0.207871
-0.270023
-0.25641
-0.259197
-0.309561
-0.397591
-0.530003
-0.635253
-0.715063
-0.895185
-1.17877
-1.64842
-1.29307
-0.88325
-0.549967
-0.311135
-0.159391
-0.07366
-0.0305403
-0.011235
-0.00365538
-0.0010086
-0.000200952
-1.55263e-05
-8.34618e-09
-6.35872e-13
-2.30296e-15
-5.25117e-17
-1.26081e-18
-2.48424e-20
-3.90678e-22
-2.41125e-24
-1.94815e-27
-8.46219e-31
-5.09868e-36
-3.97966e-44
-2.72672e-53
-1.41711e-64
-0.158749
-0.190171
-0.24036
-0.316952
-0.295624
-0.294173
-0.346071
-0.437862
-0.57436
-0.681057
-0.756907
-0.937578
-1.22232
-1.49725
-1.14296
-0.805717
-0.517662
-0.302141
-0.159708
-0.0761898
-0.0326437
-0.0124361
-0.00418911
-0.00121167
-0.000265695
-2.76648e-05
-6.0225e-08
-3.08783e-12
-4.9709e-15
-9.84965e-17
-2.33755e-18
-4.57164e-20
-7.11929e-22
-5.9197e-24
-4.91671e-27
-2.27016e-30
-4.48365e-35
-4.25125e-43
-3.54598e-52
-2.18895e-63
-0.181679
-0.220147
-0.28248
-0.381264
-0.346655
-0.338555
-0.391111
-0.487255
-0.629372
-0.734655
-0.809495
-0.987633
-1.27318
-1.28961
-1.00496
-0.726409
-0.481788
-0.290264
-0.158359
-0.0779905
-0.0345249
-0.0136196
-0.00474803
-0.001434
-0.000340408
-4.44706e-05
-3.39044e-07
-1.28481e-11
-1.14552e-14
-1.85814e-16
-4.33189e-18
-8.43672e-20
-1.30254e-21
-1.45674e-23
-1.23063e-26
-5.97069e-30
-2.8305e-34
-4.21246e-42
-4.22456e-51
-3.06952e-62
-0.21043
-0.258936
-0.339995
-0.466487
-0.416783
-0.396432
-0.448738
-0.548301
-0.697175
-0.802364
-0.870672
-1.05259
-1.27262
-1.09956
-0.879172
-0.650109
-0.443223
-0.275743
-0.155338
-0.0789948
-0.0361278
-0.0147541
-0.00532217
-0.0016741
-0.00042489
-6.5307e-05
-1.45953e-06
-6.2041e-11
-2.87227e-14
-3.53277e-16
-8.02e-18
-1.55918e-19
-2.3917e-21
-2.85576e-23
-3.06596e-26
-1.54608e-29
-1.57225e-33
-3.9005e-41
-4.64386e-50
-3.93495e-61
-0.247597
-0.311756
-0.425653
-0.301526
-0.447921
-0.476291
-0.524153
-0.627356
-0.780994
-0.885945
-0.949058
-1.11564
-1.0532
-0.927121
-0.762229
-0.578257
-0.404178
-0.258952
-0.150685
-0.0791523
-0.0374008
-0.0158038
-0.00589985
-0.00192941
-0.000519197
-9.11495e-05
-3.91925e-06
-3.70579e-10
-8.12208e-14
-6.78464e-16
-1.4825e-17
-2.88217e-19
-4.40406e-21
-5.22955e-23
-7.62618e-26
-3.95711e-29
-6.72993e-33
-3.39889e-40
-4.74222e-49
-4.64197e-60
-0.298134
-0.390158
-0.31572
-0.197545
-0.291897
-0.423459
-0.54965
-0.639029
-0.685112
-0.773591
-0.873781
-0.894633
-0.861027
-0.778073
-0.653928
-0.510013
-0.365903
-0.240823
-0.144512
-0.0784345
-0.0382995
-0.0167378
-0.00647154
-0.00219638
-0.000623209
-0.000122356
-8.07901e-06
-2.57587e-09
-2.69943e-13
-1.32669e-15
-2.73459e-17
-5.32251e-19
-8.12495e-21
-9.60126e-23
-1.89819e-25
-1.00458e-28
-2.50078e-32
-2.8062e-39
-4.52799e-48
-5.0707e-59
-0.373041
-0.327008
-0.205221
-0.130868
-0.19237
-0.279647
-0.371479
-0.44955
-0.50242
-0.583656
-0.675256
-0.709367
-0.699587
-0.646236
-0.557296
-0.44537
-0.328501
-0.222117
-0.137162
-0.0768473
-0.0387875
-0.0175317
-0.00702393
-0.00247108
-0.00073617
-0.000160005
-1.46128e-05
-1.72993e-08
-1.06995e-12
-2.67653e-15
-5.03511e-17
-9.81035e-19
-1.50012e-20
-1.76695e-22
-4.73592e-25
-2.53721e-28
-7.83673e-32
-2.20934e-38
-4.06762e-47
-5.15951e-58
-0.332983
-0.211285
-0.135176
-0.0875802
-0.128022
-0.186211
-0.251205
-0.312763
-0.362471
-0.433278
-0.51469
-0.555697
-0.5626
-0.532674
-0.470445
-0.385875
-0.292121
-0.203125
-0.129004
-0.0744874
-0.038841
-0.0181595
-0.00753907
-0.00274854
-0.00085682
-0.000202991
-2.38818e-05
-9.79748e-08
-4.75762e-12
-5.6526e-15
-9.28182e-17
-1.80324e-18
-2.76943e-20
-3.25758e-22
-1.18524e-24
-6.39045e-28
-2.03186e-31
-1.66891e-37
-3.4583e-46
-4.91787e-57
-0.21448
-0.138587
-0.0900554
-0.0592059
-0.0859916
-0.124945
-0.170356
-0.216474
-0.258133
-0.316426
-0.386145
-0.429486
-0.447127
-0.434773
-0.39381
-0.331269
-0.257555
-0.184032
-0.120258
-0.0714971
-0.0384697
-0.018598
-0.00800058
-0.00302227
-0.000983454
-0.000250685
-3.56209e-05
-4.39135e-07
-1.82334e-11
-1.26523e-14
-1.71695e-16
-3.30435e-18
-5.10682e-20
-6.01353e-22
-2.9755e-24
-1.60816e-27
-5.22382e-31
-1.2166e-36
-2.79859e-45
-4.41488e-56
-0.140386
-0.0920276
-0.0606533
-0.0404629
-0.0583085
-0.0844817
-0.115992
-0.149578
-0.182279
-0.227983
-0.285038
-0.32691
-0.350713
-0.350836
-0.326494
-0.28189
-0.225016
-0.165249
-0.111068
-0.0679906
-0.0377123
-0.018835
-0.00839154
-0.00328524
-0.00111391
-0.000302667
-4.98429e-05
-1.47805e-06
-8.26016e-11
-3.06504e-14
-3.19107e-16
-6.03646e-18
-9.39842e-20
-1.11055e-21
-7.49348e-24
-4.04838e-27
-1.33504e-30
-8.60483e-36
-2.16733e-44
-3.75213e-55
-0.0930717
-0.0618171
-0.041322
-0.0280038
-0.0399501
-0.0575909
-0.079372
-0.103421
-0.128105
-0.162704
-0.207491
-0.244914
-0.271074
-0.279512
-0.267709
-0.23758
-0.194807
-0.147025
-0.101643
-0.0640514
-0.0366112
-0.0188723
-0.00869925
-0.0035313
-0.00124563
-0.000358486
-6.68458e-05
-3.22533e-06
-4.52656e-10
-8.31318e-14
-5.97696e-16
-1.099e-17
-1.72518e-19
-2.05009e-21
-1.83397e-23
-1.02066e-26
-3.39824e-30
-5.9342e-35
-1.61459e-43
-3.03393e-54
-0.0624367
-0.0420204
-0.0285213
-0.0196776
-0.0277064
-0.0396241
-0.0546454
-0.0716849
-0.0898642
-0.115436
-0.149485
-0.180897
-0.206315
-0.219563
-0.216815
-0.198097
-0.167043
-0.129605
-0.0921592
-0.0597791
-0.0352026
-0.0187186
-0.00891885
-0.00375404
-0.00137589
-0.000417503
-8.67928e-05
-6.15187e-06
-2.73594e-09
-2.61527e-13
-1.13705e-15
-1.99367e-17
-3.15661e-19
-3.78016e-21
-3.39098e-23
-2.57757e-26
-8.63232e-30
-3.17556e-34
-1.16266e-42
-2.34512e-53
-0.0423947
-0.0289469
-0.0199945
-0.0140852
-0.0195007
-0.0275647
-0.037906
-0.0498954
-0.0630717
-0.0816649
-0.106961
-0.132129
-0.154804
-0.169926
-0.17323
-0.163217
-0.141743
-0.113156
-0.0827799
-0.0552708
-0.0335276
-0.0183836
-0.00904783
-0.0039461
-0.00150172
-0.000478778
-0.000109841
-1.04965e-05
-1.56609e-08
-9.54469e-13
-2.22182e-15
-3.607e-17
-5.754e-19
-6.95726e-21
-6.27001e-23
-6.51967e-26
-2.19066e-29
-1.54036e-33
-8.12705e-42
-1.74068e-52
-0.0291765
-0.020258
-0.0142837
-0.0103083
-0.0139757
-0.0194377
-0.0265447
-0.0349398
-0.0443877
-0.0577562
-0.0762463
-0.095749
-0.114796
-0.129664
-0.136442
-0.132742
-0.118897
-0.0977849
-0.0736431
-0.0506213
-0.0316307
-0.0178801
-0.0090853
-0.00410249
-0.00161986
-0.000541115
-0.000135131
-1.64002e-05
-7.65899e-08
-3.93824e-12
-4.50607e-15
-6.52571e-17
-1.04473e-18
-1.27725e-20
-1.15866e-22
-1.65104e-25
-5.55826e-29
-6.25219e-33
-5.5421e-41
-1.24557e-51
-0.020401
-0.0144499
-0.0104365
-0.00773847
-0.010236
-0.0139392
-0.0188143
-0.0246706
-0.0313949
-0.0409328
-0.0542921
-0.0690484
-0.0843807
-0.0977464
-0.105984
-0.106487
-0.098499
-0.0835653
-0.0648554
-0.0459184
-0.0295579
-0.0172235
-0.0090322
-0.00421961
-0.00172734
-0.000603145
-0.000162119
-2.35829e-05
-3.06184e-07
-1.40898e-11
-9.57784e-15
-1.18245e-16
-1.88953e-18
-2.33779e-20
-2.13856e-22
-4.18341e-25
-1.41058e-28
-2.18083e-32
-3.6999e-40
-8.63532e-51
-0.0145406
-0.0105439
-0.00782467
-0.00597047
-0.00768689
-0.0102025
-0.0135404
-0.0176131
-0.0223735
-0.029142
-0.0387143
-0.0496871
-0.0616587
-0.072985
-0.0813152
-0.0842767
-0.0805365
-0.0705652
-0.0565023
-0.0412386
-0.0273559
-0.0164322
-0.00889114
-0.0042949
-0.0018215
-0.000663475
-0.000190332
-3.20319e-05
-9.11199e-07
-5.59249e-11
-2.1705e-14
-2.14755e-16
-3.40471e-18
-4.26459e-20
-3.94015e-22
-1.05976e-24
-3.58089e-28
-6.85441e-32
-2.42651e-39
-5.82009e-50
-0.0106027
-0.00789641
-0.00603134
-0.00473341
-0.00593062
-0.00764758
-0.00993023
-0.0127559
-0.016113
-0.0208989
-0.0277162
-0.0357709
-0.0449118
-0.0541243
-0.0617594
-0.065878
-0.0649919
-0.0588442
-0.0486632
-0.0366484
-0.0250691
-0.0155264
-0.00866708
-0.00432602
-0.00190014
-0.000720744
-0.00021932
-4.18066e-05
-1.90819e-06
-2.6257e-10
-5.39097e-14
-3.91808e-16
-6.11068e-18
-7.75145e-20
-7.24299e-22
-2.68176e-24
-9.09152e-28
-1.74162e-31
-1.56812e-38
-3.82727e-49
-0.00793553
-0.00608117
-0.0047786
-0.00384668
-0.00470069
-0.00588435
-0.00744696
-0.00940493
-0.0117667
-0.0151431
-0.0199769
-0.0258314
-0.0326946
-0.039969
-0.0465483
-0.0509562
-0.0518075
-0.0484536
-0.0414114
-0.0322109
-0.0227387
-0.0145275
-0.00836681
-0.00431359
-0.00196207
-0.000773659
-0.000248585
-5.29049e-05
-3.53517e-06
-1.36866e-09
-1.51569e-13
-7.22216e-16
-1.0923e-17
-1.40342e-19
-1.32786e-21
-6.77324e-24
-2.30761e-27
-4.42036e-31
-1.00122e-37
-2.46377e-48
-0.00610813
-0.00481477
-0.00388172
-0.00319107
-0.00381892
-0.00464975
-0.00572549
-0.00708383
-0.00874421
-0.0111244
-0.0145412
-0.0187634
-0.0238498
-0.0294677
-0.0349027
-0.0390864
-0.0408548
-0.0394191
-0.0348143
-0.027987
-0.0204058
-0.0134566
-0.00799833
-0.00425878
-0.00200534
-0.000821104
-0.000277546
-6.53327e-05
-5.90758e-06
-6.98732e-09
-4.85516e-13
-1.35642e-15
-1.94598e-17
-2.5303e-19
-2.42691e-21
-1.6871e-23
-5.85243e-27
-1.12095e-30
-6.32971e-37
-1.55735e-47
-0.00483411
-0.00390909
-0.00321907
-0.00268926
-0.00316731
-0.00376677
-0.00451718
-0.00546485
-0.00663471
-0.00831458
-0.0107255
-0.0137515
-0.0174817
-0.0217463
-0.0261006
-0.0298008
-0.0319321
-0.0317218
-0.0289256
-0.0240347
-0.0181112
-0.0123362
-0.0075706
-0.00416348
-0.00202876
-0.000861942
-0.000305581
-7.85351e-05
-9.07363e-06
-3.17044e-08
-1.73307e-12
-2.61628e-15
-3.46148e-17
-4.54269e-19
-4.42048e-21
-3.10706e-23
-1.48215e-26
-2.84015e-30
-3.96932e-36
-9.69225e-47
-0.00392354
-0.0032405
-0.00271199
-0.00229226
-0.00266908
-0.00311723
-0.00365304
-0.00432256
-0.00515243
-0.00634314
-0.00804455
-0.0102023
-0.0129144
-0.0161071
-0.019515
-0.0226373
-0.0247886
-0.0252913
-0.0237731
-0.0204059
-0.0158955
-0.0111895
-0.00709365
-0.00403032
-0.00203183
-0.00089517
-0.000332039
-9.21414e-05
-1.29316e-05
-1.21651e-07
-6.46969e-12
-5.21654e-15
-6.15675e-17
-8.12263e-19
-8.0222e-21
-5.70778e-23
-3.74578e-26
-7.1885e-30
-2.47242e-35
-5.95335e-46
-0.00325167
-0.00272915
-0.00231079
-0.00196973
-0.00227539
-0.00262354
-0.00301903
-0.00350232
-0.00409892
-0.00495049
-0.00615486
-0.00768827
-0.00964576
-0.0120085
-0.0146267
-0.0171735
-0.0191541
-0.0200143
-0.0193524
-0.0171397
-0.0137974
-0.0100407
-0.00657872
-0.00386275
-0.00201459
-0.000919975
-0.000356303
-0.000105838
-1.73119e-05
-3.83733e-07
-2.1545e-11
-1.08667e-14
-1.09536e-16
-1.44676e-18
-1.45035e-20
-1.04557e-22
-9.44069e-26
-1.81696e-29
-1.53119e-34
-3.61654e-45
-0.00273803
-0.00232469
-0.00198478
-0.00170288
-0.00195588
-0.00223578
-0.00253934
-0.00289891
-0.00333695
-0.00395524
-0.00481432
-0.00590311
-0.00730786
-0.00903906
-0.0110197
-0.0130437
-0.0147648
-0.0157515
-0.0156284
-0.0142574
-0.0118505
-0.00891406
-0.00603814
-0.00366515
-0.00197761
-0.000935778
-0.000377805
-0.00011935
-2.22518e-05
-8.07204e-07
-8.18785e-11
-2.40849e-14
-1.95065e-16
-2.56662e-18
-2.61201e-20
-1.90936e-22
-2.37137e-25
-4.58425e-29
-8.55935e-34
-2.17661e-44
-0.00233185
-0.00199607
-0.00171502
-0.00147993
-0.00169168
-0.00192258
-0.00216456
-0.00244173
-0.00277253
-0.00323138
-0.00385274
-0.00462839
-0.00563299
-0.00689079
-0.00836931
-0.00994435
-0.0113804
-0.0123542
-0.0125425
-0.0117608
-0.0100797
-0.00783268
-0.00548508
-0.00344277
-0.00192201
-0.000942216
-0.000396057
-0.000132413
-2.76775e-05
-1.51037e-06
-3.53896e-10
-5.83441e-14
-3.48802e-16
-4.53398e-18
-4.68538e-20
-3.47526e-22
-5.93307e-25
-1.15404e-28
-3.90187e-33
-1.29959e-43
-0.00200188
-0.00172416
-0.00148966
-0.00129291
-0.00147097
-0.00166436
-0.00186322
-0.0020844
-0.00234226
-0.00269225
-0.00315119
-0.00370902
-0.00442763
-0.00533566
-0.00642662
-0.0076305
-0.00879228
-0.00967705
-0.010022
-0.00963505
-0.0084998
-0.00681623
-0.00493287
-0.00320165
-0.00184949
-0.000939202
-0.000410636
-0.000144768
-3.36536e-05
-2.55384e-06
-1.6038e-09
-1.57675e-13
-6.29648e-16
-7.97684e-18
-8.36939e-20
-6.30331e-22
-1.47783e-24
-2.89719e-28
-1.5067e-32
-7.70613e-43
-0.00172889
-0.00149704
-0.00130068
-0.00113585
-0.00128578
-0.00144886
-0.00161549
-0.00179713
-0.00200429
-0.00227922
-0.00262749
-0.00303558
-0.00355267
-0.00420614
-0.00500333
-0.00590918
-0.00682564
-0.00758712
-0.00798851
-0.00785247
-0.00711497
-0.00587973
-0.00439406
-0.00294839
-0.00176228
-0.00092694
-0.000421222
-0.000156138
-3.98984e-05
-3.96732e-06
-6.92121e-09
-4.72543e-13
-1.15459e-15
-1.39917e-17
-1.4886e-19
-1.13907e-21
-3.66299e-24
-7.24971e-28
-5.06167e-32
-4.5422e-42
-0.00150087
-0.00130661
-0.00114205
-0.00100387
-0.00113017
-0.00126795
-0.00140894
-0.00156097
-0.00173158
-0.00195348
-0.00222574
-0.00253172
-0.0029088
-0.00337995
-0.00395844
-0.00463072
-0.00533818
-0.00596783
-0.00636509
-0.00637753
-0.00592057
-0.00503286
-0.00387956
-0.00268969
-0.00166308
-0.000905933
-0.000427606
-0.000166259
-4.61885e-05
-5.74444e-06
-2.65733e-08
-1.53954e-12
-2.16074e-15
-2.44977e-17
-2.63649e-19
-2.05053e-21
-9.03103e-24
-1.80734e-27
-1.34195e-31
-2.66297e-41
-0.0013097
-0.00114681
-0.00100882
-0.000892748
-0.000999318
-0.00111573
-0.00123543
-0.00136399
-0.00150686
-0.00168988
-0.00190872
-0.002145
-0.00242588
-0.00276857
-0.00318724
-0.00368054
-0.00421633
-0.00472046
-0.00508023
-0.00517116
-0.00490512
-0.00428001
-0.00339805
-0.00243201
-0.00155487
-0.000876977
-0.000429709
-0.000174891
-5.23413e-05
-7.77299e-06
-8.82883e-08
-5.40892e-12
-4.14576e-15
-4.28331e-17
-4.65077e-19
-3.67681e-21
-2.03788e-23
-4.48678e-27
-3.32176e-31
-1.55348e-40
-0.0011493
-0.00101264
-0.00089671
-0.00079882
-0.000889077
-0.000987513
-0.00108917
-0.00119837
-0.00131914
-0.00147226
-0.0016522
-0.00184012
-0.00205512
-0.0023086
-0.00261266
-0.00297182
-0.00337083
-0.00376347
-0.00407038
-0.00419408
-0.00405263
-0.00362098
-0.00295562
-0.00218112
-0.00144079
-0.000841164
-0.000427595
-0.000181849
-5.82025e-05
-9.99866e-06
-2.30347e-07
-1.6454e-11
-8.22381e-15
-7.4779e-17
-8.17134e-19
-6.56681e-21
-3.69221e-23
-1.10873e-26
-8.1961e-31
-9.01923e-40
-0.00101464
-0.000899782
-0.000802002
-0.000718936
-0.000795843
-0.000879321
-0.000965689
-0.00105858
-0.00116113
-0.00129029
-0.00144048
-0.0015938
-0.00176324
-0.00195526
-0.00217857
-0.00243938
-0.00273243
-0.00303081
-0.00328087
-0.00340913
-0.00334474
-0.00305195
-0.00255584
-0.00194183
-0.00132404
-0.00079972
-0.000421469
-0.000187004
-6.36476e-05
-1.24101e-05
-4.52983e-07
-5.49894e-11
-1.71181e-14
-1.30395e-16
-1.42962e-18
-1.16814e-20
-6.6654e-23
-2.72612e-26
-2.01506e-30
-5.2116e-39
-0.000901395
-0.000804478
-0.000721495
-0.000650459
-0.000716518
-0.000787712
-0.000861265
-0.000940374
-0.00102763
-0.00113703
-0.00126347
-0.00139084
-0.00152799
-0.00167751
-0.00184465
-0.00203487
-0.00224799
-0.00246982
-0.00266578
-0.00278264
-0.00276238
-0.00256655
-0.00219996
-0.0017178
-0.00120753
-0.000753944
-0.000411659
-0.000190292
-6.85689e-05
-1.49582e-05
-8.0441e-07
-2.04261e-10
-3.82214e-14
-2.2767e-16
-2.48963e-18
-2.06934e-20
-1.19882e-22
-6.66734e-26
-4.93458e-30
-2.99691e-38
-0.000805778
-0.000723491
-0.000652508
-0.000591229
-0.000648502
-0.000709717
-0.000772681
-0.000840233
-0.000914627
-0.00100749
-0.00111439
-0.00122135
-0.00133459
-0.00145424
-0.00158244
-0.00172288
-0.00187725
-0.00203904
-0.0021873
-0.00228505
-0.002287
-0.00215682
-0.00188739
-0.00151154
-0.00109378
-0.000705212
-0.00039859
-0.000191711
-7.28805e-05
-1.76703e-05
-1.30656e-06
-7.95813e-10
-9.31382e-14
-3.99606e-16
-4.31673e-18
-3.64946e-20
-2.14792e-22
-1.62152e-25
-1.2032e-29
-1.71475e-37
-0.000724539
-0.000654114
-0.000592854
-0.000539517
-0.000589664
-0.000642828
-0.000697161
-0.000755141
-0.000818776
-0.000897773
-0.000988351
-0.00107865
-0.00117336
-0.00127122
-0.00137221
-0.0014779
-0.00159005
-0.00170627
-0.00181475
-0.00189104
-0.00190134
-0.00181407
-0.00161607
-0.00132444
-0.000984876
-0.000654874
-0.000382774
-0.000191318
-7.65073e-05
-2.03878e-05
-1.9679e-06
-3.01777e-09
-2.47369e-13
-7.08179e-16
-7.45617e-18
-6.40782e-20
-3.83281e-22
-3.92044e-25
-2.92017e-29
-9.76e-37
-0.000654958
-0.000594136
-0.000540781
-0.000493957
-0.000538293
-0.000584972
-0.000632344
-0.00068249
-0.000737213
-0.000804648
-0.000881543
-0.000957967
-0.00103771
-0.00111898
-0.00120041
-0.00128188
-0.00136421
-0.00144686
-0.00152367
-0.00157936
-0.00158989
-0.00152949
-0.00138297
-0.00115697
-0.00088238
-0.000604181
-0.000364775
-0.000189223
-7.93929e-05
-2.30183e-05
-2.77884e-06
-1.04991e-08
-7.05199e-13
-1.27102e-15
-1.28392e-17
-1.12005e-19
-6.81214e-22
-9.41936e-25
-7.05226e-29
-5.52455e-36
-0.000594812
-0.00054179
-0.000494909
-0.000453481
-0.000493034
-0.000534476
-0.000576263
-0.000620057
-0.000667466
-0.000725334
-0.000790821
-0.000855609
-0.000922974
-0.000991049
-0.00105787
-0.00112215
-0.00118367
-0.00124217
-0.00129478
-0.00133249
-0.00133906
-0.00129464
-0.00118448
-0.00100881
-0.000787374
-0.000554227
-0.000345181
-0.000185586
-8.15022e-05
-2.54881e-05
-3.69895e-06
-3.25602e-08
-2.13145e-12
-2.31581e-15
-2.20478e-17
-1.94904e-19
-1.20571e-21
-2.24917e-24
-1.69396e-28
-3.10891e-35
-0.000542325
-0.000495685
-0.000454159
-0.000417253
-0.000452827
-0.000490007
-0.000527315
-0.000565984
-0.000607437
-0.000657444
-0.000713495
-0.000768568
-0.000825577
-0.000882848
-0.000938291
-0.000990007
-0.00103688
-0.00107841
-0.00111316
-0.00113623
-0.00113722
-0.00110167
-0.00101672
-0.000879099
-0.000700505
-0.000505889
-0.000324569
-0.000180603
-8.28274e-05
-2.77359e-05
-4.67431e-06
-8.60901e-08
-6.82374e-12
-4.30287e-15
-3.7745e-17
-3.37743e-19
-2.1251e-21
-5.33559e-24
-4.04741e-28
-1.73816e-34
-0.000496099
-0.000454731
-0.000417689
-0.000384617
-0.00041684
-0.000450515
-0.000484215
-0.000518754
-0.00055537
-0.000598951
-0.000647258
-0.000694289
-0.00074265
-0.000790935
-0.000837205
-0.000879371
-0.000915763
-0.000945419
-0.000967437
-0.000979215
-0.000974564
-0.000943529
-0.000875768
-0.00076654
-0.000622039
-0.000459902
-0.000303502
-0.000174498
-8.33885e-05
-2.97207e-05
-5.70359e-06
-1.67407e-07
-1.90773e-11
-8.22447e-15
-6.43997e-17
-5.82614e-19
-3.72947e-21
-1.25727e-23
-9.6154e-28
-9.65906e-34
-0.000455042
-0.000418082
-0.000384837
-0.000355054
-0.00038442
-0.000415177
-0.000445945
-0.000477142
-0.000509831
-0.000548164
-0.00059015
-0.000630591
-0.000671788
-0.000712582
-0.000751298
-0.000785931
-0.000814582
-0.000835899
-0.000849019
-0.00085256
-0.000843026
-0.000814045
-0.000757866
-0.000669601
-0.000551917
-0.000416816
-0.000282443
-0.000167508
-8.32305e-05
-3.14154e-05
-6.76505e-06
-2.96267e-07
-5.83925e-11
-1.64094e-14
-1.09598e-16
-9.9995e-19
-6.51596e-21
-2.72988e-23
-2.27082e-27
-4.9914e-33
-0.000418303
-0.000385073
-0.000355082
-0.000328149
-0.000355052
-0.000383344
-0.000411703
-0.000440176
-0.000469664
-0.000503704
-0.000540542
-0.000575626
-0.000610948
-0.000645537
-0.000677988
-0.000706517
-0.00072924
-0.000744596
-0.000751582
-0.000749348
-0.000736064
-0.000707903
-0.000659521
-0.000586625
-0.000489829
-0.000376976
-0.000261778
-0.000159868
-8.24184e-05
-3.28069e-05
-7.86228e-06
-4.82407e-07
-1.92068e-10
-3.47817e-14
-1.86493e-16
-1.70713e-18
-1.13311e-20
-4.81527e-23
-5.33013e-27
-2.05777e-32
-0.000385214
-0.000355177
-0.000328005
-0.000303563
-0.000328321
-0.000354506
-0.000380856
-0.000407086
-0.000433946
-0.000464456
-0.000497096
-0.000527851
-0.000558401
-0.000587901
-0.000615173
-0.000638692
-0.000656734
-0.000667701
-0.000670468
-0.000664346
-0.000648427
-0.000620646
-0.000577582
-0.000515931
-0.000435283
-0.000340554
-0.000241831
-0.000151798
-8.10308e-05
-3.38918e-05
-8.95453e-06
-7.3063e-07
-6.46063e-10
-7.91124e-14
-3.18322e-16
-2.90091e-18
-1.96072e-20
-8.4576e-23
-1.24323e-26
-6.37887e-32
-0.000355247
-0.000327975
-0.000303266
-0.00028102
-0.000303891
-0.00032825
-0.000352903
-0.000377265
-0.000401948
-0.000429534
-0.000458734
-0.000485996
-0.0005127
-0.000538073
-0.000561105
-0.00058051
-0.000594782
-0.000602417
-0.000602247
-0.000593601
-0.000576023
-0.000548559
-0.00050928
-0.000455892
-0.000387675
-0.000307579
-0.000222856
-0.000143504
-7.9154e-05
-3.4674e-05
-9.99769e-06
-1.0394e-06
-2.10113e-09
-1.92443e-13
-5.46528e-16
-4.90715e-18
-3.37527e-20
-1.47892e-22
-2.88096e-26
-1.5929e-31
-0.000327982
-0.000303125
-0.000280586
-0.000260287
-0.000281486
-0.000304246
-0.000327443
-0.000350229
-0.000373089
-0.000398231
-0.000424593
-0.000449032
-0.000472651
-0.00049471
-0.000514316
-0.00053037
-0.000541589
-0.000546634
-0.000544378
-0.000534146
-0.000515673
-0.000488652
-0.000452211
-0.000404995
-0.000346334
-0.000277978
-0.000205021
-0.000135171
-7.68785e-05
-3.51642e-05
-1.0965e-05
-1.40137e-06
-6.35392e-09
-4.94538e-13
-9.45266e-16
-8.26679e-18
-5.78052e-20
-2.57408e-22
-6.63143e-26
-3.65953e-31
-0.000303076
-0.000280346
-0.000259733
-0.000241171
-0.000260876
-0.000282221
-0.000304153
-0.00032559
-0.000346908
-0.000369986
-0.000393986
-0.000416135
-0.000437281
-0.000456702
-0.000473573
-0.000486936
-0.0004957
-0.000498711
-0.000494945
-0.000483749
-0.00046493
-0.000438527
-0.000404363
-0.000361847
-0.000310578
-0.000251599
-0.000188446
-0.000126964
-7.42949e-05
-3.53791e-05
-1.1836e-05
-1.79291e-06
-1.751e-08
-1.3308e-12
-1.64902e-15
-1.38704e-17
-9.84995e-20
-4.45885e-22
-1.51587e-25
-8.36125e-31
-0.000280248
-0.000259404
-0.00024051
-0.000223508
-0.000241868
-0.000261947
-0.000282766
-0.000303037
-0.000323034
-0.000344353
-0.000366366
-0.000386645
-0.000405807
-0.000423138
-0.000437853
-0.000449091
-0.000455912
-0.000457334
-0.000452467
-0.000440715
-0.000421919
-0.000396287
-0.000364062
-0.000325231
-0.000279721
-0.000228235
-0.000173204
-0.000119009
-7.14917e-05
-3.53423e-05
-1.25966e-05
-2.19798e-06
-4.00845e-08
-3.75139e-12
-2.9106e-15
-2.31693e-17
-1.66993e-19
-7.68626e-22
-3.44045e-25
-1.89947e-30
-0.000259262
-0.000240104
-0.000222753
-0.000207151
-0.000224299
-0.000243236
-0.000263062
-0.000282312
-0.000301166
-0.000320969
-0.000341296
-0.000360033
-0.000377597
-0.000393277
-0.000406312
-0.000415905
-0.000421223
-0.00042143
-0.000415773
-0.000403737
-0.000385197
-0.000360438
-0.000329941
-0.00029409
-0.000253126
-0.000207633
-0.00015931
-0.000111394
-6.85493e-05
-3.50825e-05
-1.32414e-05
-2.61468e-06
-7.3991e-08
-1.05521e-11
-5.23298e-15
-3.85188e-17
-2.81607e-19
-1.31847e-21
-7.75152e-25
-4.28963e-30
-0.000239923
-0.000222278
-0.000206314
-0.00019198
-0.000208025
-0.000225927
-0.000244858
-0.000263201
-0.000281056
-0.000299543
-0.000318422
-0.000335878
-0.000352147
-0.000366523
-0.000378262
-0.000386605
-0.000390797
-0.00039011
-0.000383913
-0.000371785
-0.000353644
-0.00032981
-0.000300891
-0.000267522
-0.000230206
-0.00018953
-0.000146732
-0.000104188
-6.55381e-05
-3.46316e-05
-1.37699e-05
-3.03502e-06
-1.25842e-07
-2.81397e-11
-9.68647e-15
-6.37599e-17
-4.72179e-19
-2.25025e-21
-1.73344e-24
-9.6282e-30
-0.000222063
-0.00020578
-0.000191073
-0.000177888
-0.000192925
-0.000209879
-0.000227998
-0.000245528
-0.0002625
-0.000279832
-0.000297458
-0.000313837
-0.000329049
-0.000342394
-0.000353142
-0.000360559
-0.000363938
-0.000362633
-0.00035611
-0.000344036
-0.000326379
-0.000303484
-0.00027602
-0.000244771
-0.000210438
-0.000173662
-0.00013541
-9.7436e-05
-6.25196e-05
-3.40231e-05
-1.41867e-05
-3.46393e-06
-1.98993e-07
-7.99725e-11
-1.87198e-14
-1.05263e-16
-7.86971e-19
-3.82042e-21
-3.84686e-24
-2.14747e-29
-0.000205536
-0.000190487
-0.000176922
-0.000164786
-0.000178893
-0.000194974
-0.000212345
-0.000229142
-0.000245325
-0.000261637
-0.000278168
-0.000293633
-0.000307974
-0.000320503
-0.000330499
-0.000337248
-0.000340074
-0.000338384
-0.000331717
-0.000319814
-0.000302696
-0.000280731
-0.000254613
-0.000225212
-0.000193359
-0.000159771
-0.000125267
-9.11597e-05
-5.95452e-05
-3.32898e-05
-1.44992e-05
-3.88481e-06
-2.95197e-07
-2.34963e-10
-3.81833e-14
-1.73744e-16
-1.30385e-18
-6.45096e-21
-8.47032e-24
-4.75866e-29
-0.000190217
-0.000176292
-0.000163769
-0.000152592
-0.000165841
-0.00018111
-0.000197786
-0.000213912
-0.000229387
-0.000244788
-0.000260356
-0.000275037
-0.000288654
-0.000300533
-0.000309966
-0.00031625
-0.000318731
-0.000316849
-0.000310194
-0.000298564
-0.000282024
-0.000260967
-0.000236097
-0.000208327
-0.000178572
-0.000147619
-0.000116215
-8.5368e-05
-5.66607e-05
-3.24631e-05
-1.47158e-05
-4.28421e-06
-4.14078e-07
-6.84154e-10
-8.24129e-14
-2.8731e-16
-2.14897e-18
-1.08325e-20
-1.8501e-23
-1.04747e-28
-0.000176
-0.000163103
-0.000151534
-0.00014124
-0.000153687
-0.000168197
-0.000184221
-0.000199727
-0.000214558
-0.000229145
-0.000243855
-0.000257858
-0.000270869
-0.000282228
-0.000291242
-0.00029722
-0.000299521
-0.000297605
-0.000291094
-0.000279822
-0.000263893
-0.000243717
-0.000220007
-0.000193692
-0.000165738
-0.000136988
-0.00010816
-8.00643e-05
-5.38996e-05
-3.15724e-05
-1.4846e-05
-4.65469e-06
-5.53186e-07
-1.90623e-09
-1.87077e-13
-4.76749e-16
-3.52584e-18
-1.80896e-20
-4.00786e-23
-2.2899e-28
-0.000162792
-0.000150838
-0.00014015
-0.000130678
-0.000142368
-0.00015616
-0.000171566
-0.000186493
-0.000200732
-0.000214583
-0.000228529
-0.000241938
-0.000254434
-0.000265375
-0.000274083
-0.000279877
-0.000282126
-0.000280302
-0.000274041
-0.000263202
-0.000247911
-0.000228593
-0.000205965
-0.000180959
-0.000154569
-0.000127681
-0.000101009
-7.52364e-05
-5.12808e-05
-3.06435e-05
-1.48998e-05
-4.99174e-06
-7.07844e-07
-4.97275e-09
-4.42918e-13
-7.94165e-16
-5.76026e-18
-3.00464e-20
-7.40906e-23
-4.97083e-28
-0.000150511
-0.000139429
-0.000129564
-0.000120885
-0.00013183
-0.000144933
-0.000159746
-0.000174126
-0.000187817
-0.000200998
-0.000214255
-0.000227141
-0.000239196
-0.000249799
-0.000258287
-0.00026399
-0.000266285
-0.00026465
-0.000258727
-0.000248382
-0.000233754
-0.000215273
-0.000193658
-0.00016984
-0.000144824
-0.000119526
-9.46708e-05
-7.08629e-05
-4.88183e-05
-2.96983e-05
-1.48874e-05
-5.29172e-06
-8.66086e-07
-1.17083e-08
-1.08931e-12
-1.32928e-15
-9.36853e-18
-4.96458e-20
-1.2391e-22
-1.07129e-27
-0.00013909
-0.000128825
-0.000119755
-0.00011191
-0.000122053
-0.000134466
-0.0001487
-0.000162557
-0.000175733
-0.0001883
-0.000200931
-0.000213351
-0.000225026
-0.000235352
-0.000243686
-0.000249369
-0.000251785
-0.000250412
-0.000244892
-0.000235091
-0.000221146
-0.000203488
-0.00018283
-0.000160097
-0.0001363
-0.000112374
-8.90583e-05
-6.69166e-05
-4.65212e-05
-2.87553e-05
-1.48193e-05
-5.55379e-06
-1.02925e-06
-2.1717e-08
-2.78842e-12
-2.24292e-15
-1.51558e-17
-8.16065e-20
-2.06189e-22
-2.29186e-27
-0.000128476
-0.000119002
-0.000110771
-0.000103991
-0.000113087
-0.000124741
-0.00013838
-0.000151725
-0.000164413
-0.00017641
-0.000188469
-0.000200468
-0.000211811
-0.000221912
-0.00023014
-0.000235856
-0.000238446
-0.00023739
-0.000232323
-0.000223104
-0.00020986
-0.000193012
-0.000173263
-0.00015153
-0.000128824
-0.000106093
-8.40926e-05
-6.3367e-05
-4.43927e-05
-2.78296e-05
-1.4706e-05
-5.77918e-06
-1.19534e-06
-3.73341e-08
-7.50255e-12
-3.83857e-15
-2.43902e-17
-1.3345e-19
-3.41385e-22
-4.86667e-27
-0.000118647
-0.00011001
-0.000102851
-9.73715e-05
-0.000105168
-0.000115806
-0.000128769
-0.000141586
-0.000153799
-0.000165263
-0.000176793
-0.000188408
-0.000199455
-0.000209368
-0.000217533
-0.000223318
-0.000226121
-0.000225421
-0.000220844
-0.000212234
-0.000199703
-0.000183654
-0.000164775
-0.000143972
-0.000122252
-0.000100571
-7.9702e-05
-6.01841e-05
-4.24291e-05
-2.69344e-05
-1.45575e-05
-5.97016e-06
-1.36358e-06
-5.99797e-08
-1.85857e-11
-6.72726e-15
-3.91632e-17
-2.17042e-19
-5.62408e-22
-1.02566e-26
-0.00010965
-0.000102088
-9.62486e-05
-9.85301e-05
-0.000107896
-0.000119916
-0.000132123
-0.000143847
-0.000154803
-0.000165838
-0.000177098
-0.000187878
-0.000197632
-0.000205761
-0.000211645
-0.000214688
-0.000214369
-0.000210305
-0.000202323
-0.000190512
-0.000175254
-0.000157215
-0.000137283
-0.000116461
-9.57112e-05
-7.58222e-05
-5.73384e-05
-4.06309e-05
-2.60824e-05
-1.43837e-05
-6.13032e-06
-1.53518e-06
-9.07169e-08
-4.74802e-11
-1.21983e-14
-6.26656e-17
-3.50824e-19
-9.21845e-22
-2.14529e-26
-0.000101726
-9.54958e-05
-0.000101219
-0.00011205
-0.000123386
-0.000134543
-0.000144986
-0.00015555
-0.000166473
-0.000177009
-0.000186625
-0.000194737
-0.000200741
-0.000204043
-0.00020412
-0.000200584
-0.000193241
-0.000182154
-0.000167677
-0.00015045
-0.000131343
-0.000111346
-9.14297e-05
-7.2396e-05
-5.48011e-05
-3.89948e-05
-2.52787e-05
-1.41934e-05
-6.26335e-06
-1.7032e-06
-1.30104e-07
-1.24505e-10
-2.30877e-14
-1.00165e-16
-5.63919e-19
-1.50293e-21
-4.45296e-26
-9.51384e-05
-0.000105334
-0.000115598
-0.000125935
-0.000135799
-0.000145885
-0.000156483
-0.000166788
-0.00017628
-0.00018439
-0.000190524
-0.000194095
-0.00019458
-0.000191577
-0.000184876
-0.000174512
-0.000160807
-0.00014437
-0.000126048
-0.000106819
-8.76544e-05
-6.93725e-05
-5.25452e-05
-3.75148e-05
-2.45271e-05
-1.39944e-05
-6.37289e-06
-1.86495e-06
-1.7802e-07
-3.25027e-10
-4.57757e-14
-1.60333e-16
-9.01946e-19
-2.43757e-21
-9.17034e-26
-0.00010888
-0.000118242
-0.00012729
-0.000136833
-0.000147087
-0.000157163
-0.000166539
-0.000174654
-0.000180924
-0.00018477
-0.000185665
-0.000183198
-0.000177137
-0.000167491
-0.000154548
-0.000138882
-0.000121312
-0.000102802
-8.43223e-05
-6.67064e-05
-5.05452e-05
-3.61835e-05
-2.38308e-05
-1.37929e-05
-6.46257e-06
-2.01889e-06
-2.33751e-07
-8.22887e-10
-9.48517e-14
-2.57326e-16
-1.43632e-18
-3.93296e-21
-1.87411e-25
-0.000111551
-0.000119671
-0.000128438
-0.000138272
-0.000148098
-0.000157354
-0.000165476
-0.000171884
-0.000176003
-0.000177306
-0.000175371
-0.000169946
-0.00016101
-0.000148817
-0.000133905
-0.00011706
-9.92287e-05
-8.13792e-05
-6.43581e-05
-4.87772e-05
-3.49925e-05
-2.31917e-05
-1.35946e-05
-6.53568e-06
-2.16418e-06
-2.95993e-07
-1.98462e-09
-2.04377e-13
-4.14178e-16
-2.27825e-18
-6.31438e-21
-3.80011e-25
-0.00011301
-0.000120909
-0.000130082
-0.000139579
-0.000148689
-0.00015681
-0.000163351
-0.000167738
-0.000169443
-0.000168032
-0.000163236
-0.000155001
-0.000143545
-0.00012937
-0.000113228
-9.60421e-05
-7.87775e-05
-6.22921e-05
-4.72197e-05
-3.39329e-05
-2.26106e-05
-1.34042e-05
-6.59535e-06
-2.30005e-06
-3.60356e-07
-4.28563e-09
-4.56241e-13
-6.68658e-16
-3.59942e-18
-1.00905e-20
-7.64562e-25
-0.000114288
-0.000122715
-0.000131647
-0.000140532
-0.00014862
-0.000155282
-0.000159929
-0.000162025
-0.000161129
-0.000156948
-0.000149403
-0.000138673
-0.000125219
-0.000109759
-9.31928e-05
-7.64759e-05
-6.04772e-05
-4.58531e-05
-3.29962e-05
-2.20855e-05
-1.32258e-05
-6.64459e-06
-2.42644e-06
-4.27697e-07
-7.78127e-09
-1.0549e-12
-1.08421e-15
-5.66233e-18
-1.60529e-20
-1.52652e-24
-0.000116172
-0.000124489
-0.000132919
-0.000140896
-0.000147644
-0.000152534
-0.000155009
-0.000154614
-0.000151036
-0.000144167
-0.000134149
-0.000121402
-0.000106608
-9.06378e-05
-7.44382e-05
-5.8886e-05
-4.46594e-05
-3.21747e-05
-2.16174e-05
-1.30642e-05
-6.68639e-06
-2.544e-06
-4.97586e-07
-1.32125e-08
-2.5425e-12
-1.77098e-15
-8.86664e-18
-2.5427e-20
-3.02508e-24
-0.000118054
-0.000126022
-0.000133668
-0.000140425
-0.000145522
-0.000148357
-0.000148447
-0.000145457
-0.000139249
-0.000129929
-0.000117876
-0.000103732
-8.83397e-05
-7.26327e-05
-5.74938e-05
-4.36224e-05
-3.14605e-05
-2.12065e-05
-1.29211e-05
-6.72372e-06
-2.65353e-06
-5.69661e-07
-2.11293e-08
-6.38407e-12
-2.92987e-15
-1.38302e-17
-4.00992e-20
-5.951e-24
-0.000119735
-0.00012709
-0.000133652
-0.000138882
-0.00014204
-0.000142594
-0.000140174
-0.000134612
-0.000125975
-0.000114603
-0.000101096
-8.62665e-05
-7.10316e-05
-5.62787e-05
-4.27275e-05
-3.08463e-05
-2.08516e-05
-1.27979e-05
-6.75922e-06
-2.7564e-06
-6.45504e-07
-3.20209e-08
-1.51491e-11
-4.95462e-15
-2.15148e-17
-6.29579e-20
-1.16231e-23
-0.000120996
-0.000127456
-0.000132632
-0.000136045
-0.000137027
-0.000135158
-0.000130224
-0.000122256
-0.000111551
-9.86688e-05
-8.43889e-05
-6.96105e-05
-5.52215e-05
-4.19612e-05
-3.03251e-05
-2.05515e-05
-1.26959e-05
-6.79522e-06
-2.85396e-06
-7.2252e-07
-4.62701e-08
-3.6002e-11
-8.63811e-15
-3.34312e-17
-9.84268e-20
-2.25413e-23
-0.000121607
-0.000126882
-0.000130383
-0.000131734
-0.000130381
-0.000126057
-0.000118742
-0.000108691
-9.64235e-05
-8.26821e-05
-6.83471e-05
-5.43049e-05
-4.13113e-05
-2.98901e-05
-2.03041e-05
-1.26161e-05
-6.83383e-06
-2.9475e-06
-7.99841e-07
-6.40808e-08
-8.6607e-11
-1.56151e-14
-5.19789e-17
-1.53288e-19
-4.34134e-23
-0.000121333
-0.00012514
-0.000126718
-0.00012583
-0.000122086
-0.000115409
-0.000106
-9.43363e-05
-8.11244e-05
-6.72224e-05
-5.35129e-05
-4.07668e-05
-2.95349e-05
-2.01075e-05
-1.25596e-05
-6.87698e-06
-3.03826e-06
-8.77086e-07
-8.54744e-08
-2.06426e-10
-2.93422e-14
-8.10397e-17
-2.37965e-19
-8.30539e-23
-0.000119949
-0.000122035
-0.000121501
-0.000118297
-0.000112235
-0.000103456
-9.23859e-05
-7.96962e-05
-6.62192e-05
-5.28316e-05
-4.03173e-05
-2.92537e-05
-1.99593e-05
-1.25266e-05
-6.9264e-06
-3.12744e-06
-9.54047e-07
-1.10316e-07
-4.7891e-10
-5.72951e-14
-1.26779e-16
-3.68482e-19
-1.48527e-22
-0.000117259
-0.000117422
-0.000114679
-0.000109201
-0.000101036
-9.05534e-05
-7.83798e-05
-6.53221e-05
-5.22484e-05
-3.99536e-05
-2.90406e-05
-1.98575e-05
-1.25166e-05
-6.9838e-06
-3.21612e-06
-1.0306e-06
-1.37872e-07
-1.06801e-09
-1.16036e-13
-1.99057e-16
-5.69526e-19
-2.29974e-22
-0.000113111
-0.000111228
-0.000106292
-9.87246e-05
-8.88198e-05
-7.71587e-05
-6.45167e-05
-5.17517e-05
-3.96672e-05
-2.88905e-05
-1.98e-05
-1.25307e-05
-7.05132e-06
-3.30539e-06
-1.10667e-06
-1.67288e-07
-2.00247e-09
-2.43328e-13
-3.1365e-16
-8.78973e-19
-3.54967e-22
-0.000107425
-0.000103477
-9.64962e-05
-8.71667e-05
-7.60162e-05
-6.37895e-05
-5.13305e-05
-3.945e-05
-2.87985e-05
-1.97849e-05
-1.25694e-05
-7.12951e-06
-3.39631e-06
-1.1824e-06
-1.9891e-07
-3.50946e-09
-5.28851e-13
-4.96226e-16
-1.3547e-18
-5.46377e-22
-0.000100208
-9.42975e-05
-8.55643e-05
-7.49334e-05
-6.31256e-05
-5.09739e-05
-3.92941e-05
-2.87596e-05
-1.98099e-05
-1.26329e-05
-7.21901e-06
-3.48986e-06
-1.2581e-06
-2.32713e-07
-5.81259e-09
-1.19478e-12
-7.90037e-16
-2.08498e-18
-8.3891e-22
-9.15734e-05
-8.39393e-05
-7.38769e-05
-6.25067e-05
-5.06694e-05
-3.91914e-05
-2.87688e-05
-1.98728e-05
-1.27209e-05
-7.32041e-06
-3.58695e-06
-1.33419e-06
-2.68932e-07
-9.1497e-09
-2.79965e-12
-1.27147e-15
-3.2048e-18
-1.28513e-21
-8.17503e-05
-7.27599e-05
-6.18976e-05
-5.03996e-05
-3.91319e-05
-2.88206e-05
-1.99711e-05
-1.28331e-05
-7.43429e-06
-3.68843e-06
-1.41125e-06
-3.08078e-07
-1.3759e-08
-6.55903e-12
-2.08092e-15
-4.91556e-18
-1.96461e-21
-7.10753e-05
-6.12052e-05
-5.01303e-05
-3.91001e-05
-2.89073e-05
-2.01013e-05
-1.29685e-05
-7.56101e-06
-3.79512e-06
-1.48984e-06
-3.49407e-07
-1.98625e-08
-1.4675e-11
-3.48516e-15
-7.53876e-18
-2.99894e-21
-5.99748e-05
-4.97688e-05
-3.90644e-05
-2.90164e-05
-2.02584e-05
-1.31256e-05
-7.70068e-06
-3.9077e-06
-1.57052e-06
-3.92756e-07
-2.76452e-08
-3.33011e-11
-6.00946e-15
-1.1612e-17
-4.57335e-21
-4.8927e-05
-3.89397e-05
-2.91204e-05
-2.04327e-05
-1.33013e-05
-7.8529e-06
-4.02673e-06
-1.65379e-06
-4.38117e-07
-3.72435e-08
-7.54268e-11
-1.07198e-14
-1.7964e-17
-6.96781e-21
-3.84119e-05
-2.91468e-05
-2.06023e-05
-1.34889e-05
-8.01613e-06
-4.1524e-06
-1.74011e-06
-4.85521e-07
-4.87469e-08
-1.68034e-10
-1.98008e-14
-2.79649e-17
-1.0613e-20
-2.88562e-05
-2.07099e-05
-1.36724e-05
-8.18622e-06
-4.28422e-06
-1.82977e-06
-5.35055e-07
-6.22076e-08
-3.64068e-10
-3.78914e-14
-4.35901e-17
-1.61676e-20
-2.05848e-05
-1.38103e-05
-8.35244e-06
-4.42001e-06
-1.92266e-06
-5.86693e-07
-7.70805e-08
-6.93985e-10
-7.51483e-14
-6.85743e-17
-2.46871e-20
-1.37895e-05
-8.48753e-06
-4.55345e-06
-2.01776e-06
-6.40333e-07
-9.36872e-08
-1.23318e-09
-1.54532e-13
-1.08648e-16
-3.77782e-20
-8.52251e-06
-4.66819e-06
-2.11176e-06
-6.95552e-07
-1.12115e-07
-2.0828e-09
-3.3041e-13
-1.73353e-16
-5.79568e-20
-4.72506e-06
-2.19585e-06
-7.50867e-07
-1.32318e-07
-3.35856e-09
-7.34424e-13
-2.78963e-16
-8.91628e-20
-2.24975e-06
-8.02177e-07
-1.54309e-07
-5.19092e-09
-1.61842e-12
-4.54145e-16
-1.37614e-19
-8.40252e-07
-1.76529e-07
-7.71101e-09
-3.51098e-12
-7.51374e-16
-2.13244e-19
-1.9549e-07
-1.09774e-08
-7.7772e-12
-1.27032e-15
-3.32188e-19
-1.42015e-08
-1.73087e-11
-2.20687e-15
-5.21173e-19
-3.81831e-11
-3.88053e-15
-8.24995e-19
-6.76251e-15
-1.31967e-18
-2.0983e-18
)
;

boundaryField
{
    wallTube
    {
        type            zeroGradient;
    }
    outlet
    {
        type            zeroGradient;
    }
    inletPilot
    {
        type            zeroGradient;
    }
    inletAir
    {
        type            zeroGradient;
    }
    wallOutside
    {
        type            zeroGradient;
    }
    inletCH4
    {
        type            zeroGradient;
    }
    frontAndBack_pos
    {
        type            wedge;
    }
    frontAndBack_neg
    {
        type            wedge;
    }
}


// ************************************************************************* //
