/*--------------------------------*- C++ -*----------------------------------*\
| =========                 |                                                 |
| \\      /  F ield         | OpenFOAM: The Open Source CFD Toolbox           |
|  \\    /   O peration     | Version:  1.6.x                                 |
|   \\  /    A nd           | Web:      www.OpenFOAM.org                      |
|    \\/     M anipulation  |                                                 |
\*---------------------------------------------------------------------------*/
FoamFile
{
    version     2.0;
    format      ascii;
    class       volScalarField;
    location    "7000";
    object      RR(CO2);
}
// * * * * * * * * * * * * * * * * * * * * * * * * * * * * * * * * * * * * * //

dimensions      [1 -3 -1 0 0 0 0];

internalField   nonuniform List<scalar> 
4608
(
0
0
0
0
0
0
0
0
0
58.8411
0
0
0
0
0
0
0
166.98
61.3712
0
0
0
0
0
0
0
0
153.473
56.2911
0.507544
12.6749
0
0
0
0
0
0
0
0
131.526
39.7801
16.6985
0.0582609
0.0023213
0.654392
0
0
0
0
0
0
0
0
115.893
31.7522
10.3612
8.25373
0.00928129
0.000507488
1.28862e-05
0.0494535
0
0
0
0
0
0
0
125.119
114.729
26.1844
7.70347
15.0181
0.696848
0.000951811
0.000118621
4.28435e-06
7.28078e-08
0.00913822
0
0
0
0
0
0
0
84.325
89.5562
29.2123
6.09463
10.1632
2.3878
0.163063
1.42807e-05
1.24637e-06
3.26678e-08
4.1889e-10
0.00335977
0
0
0
0
0
0
0
64.1206
60.9167
30.5386
6.79395
7.9033
6.61073
0.557996
0.0378959
1.7657e-07
1.17394e-08
2.40766e-10
3.19994e-12
0.000203568
0
0
0
0
0
0
0
52.4885
44.9456
25.1428
8.50385
5.21114
10.3672
1.62513
0.127976
0.00535976
1.92519e-09
1.03309e-10
2.4012e-12
2.66832e-14
8.51087e-07
0
0
0
0
0
0
0
44.4004
37.1093
19.6395
7.64196
3.76828
16.5167
2.72614
0.381992
0.0202601
0.000218874
1.91648e-11
1.5218e-12
2.73737e-14
-0
1.41572e-09
0
0
0
0
0
0
0
43.3496
32.6996
15.968
6.11177
2.8373
12.9782
4.70837
0.699281
0.0639392
0.00182638
8.40995e-07
4.00743e-13
2.94156e-14
-3.86811e-15
-0
1.47234e-11
0
0
0
0
0
0
0
41.851
32.3774
13.3142
4.90368
2.22621
7.29647
16.7248
1.29748
0.130502
0.00822797
2.32147e-05
1.83219e-09
8.16247e-15
-0
3.802e-15
-0
5.79815e-13
0
0
0
0
0
0
77.0198
37.1055
33.3312
12.7269
3.88625
1.82747
5.02885
30.4602
4.64358
0.258803
0.0212118
0.000324052
4.27708e-08
2.42087e-11
-0
-0
3.70286e-15
-2.54592e-15
6.2382e-14
0
0
0
0
0
0
61.5831
32.2007
31.832
13.881
3.50535
1.5431
3.61222
20.6448
8.62387
0.976692
0.0471949
0.00208445
9.56358e-07
2.4297e-10
8.87303e-13
-0
-0
-0
-0
8.83918e-15
0
0
0
0
0
0
50.7651
28.1923
29.206
13.7222
3.77086
1.43996
2.87444
12.4527
14.2258
1.84286
0.179205
0.00685183
2.73242e-05
1.93138e-09
6.09695e-12
9.41101e-14
3.96115e-15
5.7169e-15
-0
-0
1.25536e-15
0
0
0
0
0
0
43.3511
25.8365
26.245
12.2648
3.79271
1.49629
2.52089
8.84803
19.5627
3.20006
0.367841
0.029432
0.000347853
3.33746e-08
3.23653e-11
4.28574e-13
1.41507e-14
-0
-0
-0
-0
1.62846e-16
0
0
0
0
0
0
39.5737
24.9247
24.0235
10.5182
3.59534
1.50637
2.2112
7.13294
17.468
4.83385
0.678622
0.0678919
0.00362416
1.0482e-06
1.51409e-10
1.38511e-12
5.82403e-14
2.16923e-15
-3.64658e-15
-5.26928e-15
2.93241e-15
-0
1.86455e-17
0
0
0
0
0
0
37.5395
24.1157
22.9798
9.18606
3.2739
1.47511
1.90348
5.55389
13.4429
7.34954
1.12393
0.135396
0.0114666
9.29615e-05
1.22383e-09
4.31907e-12
1.60797e-13
9.5705e-15
2.98125e-16
3.38774e-15
-0
-0
-0
1.85353e-18
0
0
0
0
0
44.5504
35.5955
23.2383
20.5658
8.4667
3.01256
1.41546
1.73415
4.21693
9.91407
10.4606
1.83251
0.243506
0.0253001
0.00115805
1.17196e-07
1.73704e-11
3.61417e-13
2.66206e-14
1.51305e-15
3.49582e-17
-0
-0
-0
-0
1.57982e-19
0
0
0
0
44.63
33.7054
22.1688
17.8884
7.82381
2.89597
1.36699
1.63601
3.5964
7.0805
14.2613
2.80931
0.42642
0.0499582
0.00413775
1.20076e-05
1.69176e-10
8.13297e-13
5.65831e-14
4.61288e-15
2.07535e-16
3.428e-18
-0
-3.85407e-15
-0
-0
1.13986e-20
0
0
0
40.0608
30.9855
19.0545
15.3839
7.20117
2.78644
1.34975
1.5549
3.22727
5.85608
17.3554
4.13668
0.70582
0.0941029
0.00923175
0.000210142
7.28531e-09
3.0116e-12
1.08993e-13
1.03853e-14
7.20827e-16
2.36273e-17
2.77809e-19
-2.35291e-15
-3.21542e-15
-0
-0
6.86516e-22
0
21.1908
36.0444
28.9023
16.0595
13.215
6.56565
2.6713
1.32919
1.46735
2.90848
5.10589
13.7333
5.44934
1.12748
0.166808
0.0192518
0.00129316
4.92002e-07
2.31369e-11
2.18964e-13
2.00299e-14
1.80746e-15
9.44213e-17
2.18908e-18
1.84083e-20
-0
-2.60783e-15
-0
-0
3.40051e-23
30.2774
32.9885
27.0259
13.4508
11.3049
5.93363
2.54383
1.30944
1.38427
2.57863
4.46415
11.3577
7.53003
1.58743
0.286574
0.0369378
0.00336863
2.00754e-05
2.79494e-10
5.90061e-13
3.53635e-14
3.73208e-15
2.68937e-16
1.00172e-17
1.63123e-19
9.86129e-22
-0
-0
1.71025e-15
-0
1.36398e-24
34.0868
30.9857
25.0299
11.1766
9.60178
5.31952
2.39916
1.2893
1.33133
2.29837
3.83182
9.39716
9.58179
2.27383
0.433875
0.0678045
0.00726233
0.000246032
1.19698e-08
2.61612e-12
6.24745e-14
6.76178e-15
6.14802e-16
3.24964e-17
8.45838e-19
9.67685e-21
4.2186e-23
-0
-0
-0
4.36131e-26
31.1125
29.9592
22.2421
9.23123
8.08993
4.72881
2.24246
1.26289
1.30017
2.12755
3.31487
7.63166
11.4447
3.03907
0.647941
0.110131
0.014736
0.00106551
7.19366e-07
1.94776e-11
1.25606e-13
1.11972e-14
1.20424e-15
8.33682e-17
3.10836e-18
5.6186e-20
4.52147e-22
1.42258e-24
-0
-0
1.0947e-27
27.3972
29.5273
17.22
7.56682
6.77774
4.16255
2.07963
1.22887
1.27591
2.0162
3.00673
6.30229
13.2475
3.81184
0.910131
0.172501
0.0260397
0.00267285
1.96891e-05
2.7475e-10
3.48738e-13
1.82539e-14
2.09646e-15
1.80404e-16
8.9654e-18
2.31926e-19
2.90525e-21
1.64529e-23
3.73214e-26
-0
7.91755e-30
25.3422
26.9794
13.4595
6.1432
5.64052
3.63491
1.91166
1.18756
1.24933
1.92564
2.79858
5.55268
13.5526
4.61628
1.20018
0.254914
0.04321
0.00537817
0.000212696
1.02916e-08
1.68242e-12
3.17698e-14
3.39446e-15
3.42286e-16
2.15966e-17
7.49202e-19
1.33455e-20
1.15698e-22
4.60911e-25
7.51728e-28
3.91398e-34
24.3745
24.4464
10.475
4.93335
4.65216
3.1517
1.74358
1.13881
1.2165
1.83809
2.62585
5.01834
11.58
5.54898
1.52323
0.354586
0.0673637
0.00984007
0.000793056
5.30113e-07
1.31979e-11
6.54984e-14
5.35233e-15
5.89769e-16
4.52107e-17
2.00968e-18
4.79859e-20
5.8591e-22
3.51092e-24
9.82431e-27
2.29852e-30
5.0904e-39
24.6635
19.6479
8.06482
3.90008
3.79811
2.70969
1.58132
1.08613
1.1777
1.74767
2.46343
4.56612
10.1012
6.75392
1.89959
0.473496
0.0986003
0.0164691
0.00181132
1.37826e-05
1.71783e-10
1.86539e-13
8.68826e-15
9.54411e-16
8.48837e-17
4.65645e-18
1.42881e-19
2.32833e-21
1.94229e-23
8.03123e-26
1.57489e-28
4.37714e-35
3.14904e-44
24.0797
13.7452
6.08546
3.01744
3.05899
2.30672
1.42686
1.03403
1.14222
1.65661
2.30413
4.15613
8.86007
7.95998
2.37939
0.614825
0.137842
0.0256053
0.00343767
0.000133189
5.59076e-09
8.76125e-13
1.5549e-14
1.50205e-15
1.47002e-16
9.60127e-18
3.66045e-19
7.65809e-21
8.46647e-23
4.81157e-25
1.37021e-27
3.38731e-32
2.86952e-40
9.00017e-50
21.6601
9.59156
4.46214
2.27659
2.41948
1.94126
1.27911
0.984049
1.11465
1.58636
2.15158
3.7778
7.78569
9.04086
2.90203
0.794206
0.18648
0.037725
0.00592633
0.000469223
2.26938e-07
7.40963e-12
3.30518e-14
2.3921e-15
2.41198e-16
1.8066e-17
8.30214e-19
2.16265e-20
3.05838e-22
2.28333e-24
8.81817e-27
5.17083e-30
2.43819e-37
8.62098e-46
1.1575e-55
14.5233
6.4827
3.17296
1.67847
1.87363
1.61162
1.13965
0.935743
1.09389
1.53894
2.03978
3.43618
6.84895
9.957
3.41396
1.00231
0.249302
0.0533702
0.00943149
0.00105394
5.31568e-06
7.45302e-11
9.31572e-14
4.017e-15
3.85552e-16
3.17331e-17
1.70623e-18
5.38887e-20
9.48042e-22
9.00236e-24
4.52208e-26
1.16886e-28
7.03668e-35
7.94636e-43
1.15771e-51
6.54033e-62
8.5065
4.26213
2.20405
1.21909
1.42258
1.31764
1.00936
0.889125
1.07671
1.5063
1.96628
3.19968
6.04522
10.7094
3.88736
1.22199
0.326074
0.0739268
0.0141434
0.00193358
5.2261e-05
1.49036e-09
3.83149e-13
7.42019e-15
6.17248e-16
5.31886e-17
3.24231e-18
1.21095e-19
2.58821e-21
3.04789e-23
1.93341e-25
6.5159e-28
1.00008e-32
2.55481e-40
1.14583e-48
6.79251e-58
1.58986e-68
5.11683
2.77169
1.51408
0.882453
1.0663
1.06179
0.888617
0.842938
1.06044
1.48064
1.91533
3.04233
5.51853
11.3141
4.31304
1.44038
0.41263
0.100034
0.0204913
0.00322997
0.000220052
4.34328e-08
2.68759e-12
1.56897e-14
1.0152e-15
8.69254e-17
5.80361e-18
2.49975e-19
6.35252e-21
9.08249e-23
7.11061e-25
3.00166e-27
7.95451e-31
4.13047e-38
4.05265e-46
7.15638e-55
1.70653e-64
1.62978e-75
3.15416
1.80723
1.04139
0.645045
0.797564
0.84734
0.778556
0.798229
1.04316
1.45709
1.87482
2.92577
5.15817
10.4581
4.69173
1.65082
0.504432
0.13111
0.0288371
0.00508384
0.000515734
1.0366e-06
2.10725e-11
4.0306e-14
1.75618e-15
1.41309e-16
9.96176e-18
4.81846e-19
1.42596e-20
2.42895e-22
2.30261e-24
1.19239e-26
1.75276e-29
3.97518e-36
7.35126e-44
2.75423e-52
1.89981e-61
1.79796e-71
4.78654e-83
1.9877
1.1918
0.725568
0.482557
0.602996
0.675426
0.681161
0.755336
1.02486
1.43295
1.83808
2.82834
4.87492
9.57302
5.15138
1.85105
0.598261
0.166011
0.039261
0.00758802
0.000973104
1.24125e-05
2.33757e-10
1.34465e-13
3.2703e-15
2.32687e-16
1.66725e-17
8.80759e-19
2.97103e-20
5.92374e-22
6.68709e-24
4.17562e-26
1.42493e-28
2.51447e-34
8.06113e-42
5.5372e-50
7.88133e-59
2.0979e-68
5.5977e-79
1.80462e-92
1.27971
0.800789
0.51804
0.3742
0.466908
0.543789
0.598364
0.715197
1.00563
1.40782
1.80183
2.74016
4.6315
8.84969
5.6194
2.07857
0.692406
0.203868
0.0516009
0.0108532
0.00163672
7.78424e-05
4.45924e-09
6.3048e-13
6.70638e-15
3.94206e-16
2.76371e-17
1.54846e-18
5.82493e-20
1.33551e-21
1.76805e-23
1.31159e-25
5.36869e-28
1.11791e-32
5.87801e-40
6.83019e-48
1.73724e-56
9.28373e-66
6.79327e-76
6.83562e-88
0.843721
0.552773
0.383607
0.303974
0.374685
0.447331
0.53125
0.679133
0.986051
1.38195
1.76537
2.65687
4.41315
8.22662
6.03353
2.32138
0.796938
0.244053
0.0656561
0.0149201
0.0025782
0.000204557
9.81221e-08
4.67543e-12
1.54496e-14
6.96412e-16
4.60186e-17
2.6541e-18
1.08792e-19
2.8182e-21
4.31008e-23
3.748e-25
1.81584e-27
3.67108e-31
3.03833e-38
5.668e-46
2.38283e-54
2.21643e-63
3.14332e-73
1.14019e-84
0.572754
0.395969
0.29804
0.260278
0.314359
0.379681
0.479658
0.648435
0.967081
1.35596
1.72897
2.5773
4.21335
7.67869
6.37214
2.55678
0.911705
0.288752
0.0812681
0.0197804
0.00382887
0.000426668
1.50003e-06
3.19555e-11
4.20535e-14
1.29398e-15
7.79261e-17
4.49188e-18
1.95847e-19
5.62721e-21
9.79916e-23
9.85975e-25
5.58756e-27
5.45003e-30
1.16693e-36
3.36388e-44
2.22434e-52
3.33557e-61
7.93162e-71
6.02428e-82
0.403704
0.297684
0.245087
0.235009
0.276843
0.334574
0.442376
0.624055
0.949869
1.33077
1.69325
2.50156
4.02936
7.19187
6.63275
2.77088
1.03018
0.338891
0.0989389
0.0254208
0.00539053
0.000744298
1.26231e-05
3.1318e-10
1.41244e-13
2.5559e-15
1.35276e-16
7.59478e-18
3.4363e-19
1.07416e-20
2.09831e-22
2.41348e-24
1.5817e-26
4.06101e-29
3.45494e-35
1.49312e-42
1.49831e-50
3.45268e-59
1.27584e-68
1.62604e-79
0.298627
0.237246
0.214013
0.222639
0.255567
0.306617
0.417595
0.606484
0.935582
1.30753
1.65914
2.43025
3.86025
6.75719
6.82098
2.95775
1.14615
0.393152
0.119132
0.0319646
0.00728495
0.00118003
5.91674e-05
4.58516e-09
6.28135e-13
5.40638e-15
2.42142e-16
1.2951e-17
5.93901e-19
1.97934e-20
4.27068e-22
5.54676e-24
4.16056e-26
1.76364e-28
8.12475e-34
5.13245e-41
7.6001e-49
2.60269e-57
1.42587e-66
2.72829e-77
0.234248
0.201569
0.197789
0.219467
0.245928
0.291544
0.403357
0.595793
0.925262
1.28746
1.62772
2.36416
3.70585
6.36887
6.9438
3.11625
1.25554
0.449424
0.141741
0.0395925
0.0095553
0.00175815
0.00014284
7.52932e-08
3.98546e-12
1.24529e-14
4.47655e-16
2.2435e-17
1.02081e-18
3.55368e-20
8.33271e-22
1.20684e-23
1.02547e-25
4.97178e-28
1.5556e-32
1.40547e-39
3.00066e-47
1.48769e-55
1.17017e-64
3.15126e-75
0.196175
0.182341
0.191847
0.223044
0.244777
0.286163
0.397854
0.591759
0.91974
1.27175
1.60023
2.30428
3.56627
6.02314
7.00624
3.24711
1.35636
0.505628
0.166253
0.0483815
0.0122634
0.00249365
0.000281304
9.13796e-07
2.42924e-11
3.24259e-14
8.56775e-16
3.96414e-17
1.75935e-18
6.27128e-20
1.57132e-21
2.50496e-23
2.38641e-25
1.31172e-27
2.48031e-31
3.13853e-38
9.47126e-46
6.65139e-54
7.33287e-63
2.6699e-73
0.175395
0.174273
0.193234
0.231776
0.25
0.288183
0.399574
0.594007
0.919604
1.26145
1.57792
2.25174
3.44189
5.71713
7.01108
3.3509
1.44779
0.560572
0.192202
0.0582712
0.0154643
0.00339257
0.000473064
6.80506e-06
1.80447e-10
9.86755e-14
1.70693e-15
7.15249e-17
3.05975e-18
1.09665e-19
2.886e-21
4.99584e-23
5.28012e-25
3.26195e-27
2.40479e-30
5.83917e-37
2.44326e-44
2.38576e-52
3.6139e-61
1.73154e-71
0.16624
0.174008
0.200061
0.244648
0.260203
0.29601
0.407339
0.602112
0.925217
1.25738
1.56191
2.20771
3.33331
5.44876
6.95959
3.42739
1.5292
0.613519
0.218988
0.0691454
0.0191832
0.00448169
0.000726896
3.16019e-05
1.90164e-09
3.68382e-13
3.55244e-15
1.31865e-16
5.391e-18
1.91379e-19
5.20092e-21
9.63904e-23
1.11794e-24
7.69493e-27
1.57577e-29
9.20739e-36
5.25719e-43
7.01068e-51
1.43472e-59
8.86645e-70
0.165134
0.179418
0.211137
0.261074
0.27449
0.308558
0.420263
0.615666
0.936754
1.26008
1.55314
2.17327
3.24114
5.21646
6.85241
3.4758
1.59974
0.66383
0.24613
0.0808308
0.023417
0.00578784
0.00105654
7.57241e-05
2.41151e-08
1.81313e-12
7.79142e-15
2.48013e-16
9.6437e-18
3.35225e-19
9.25963e-21
1.81095e-22
2.2788e-24
1.73214e-26
6.31667e-29
1.24987e-34
9.58911e-42
1.72112e-49
4.68035e-58
3.67256e-68
0.169828
0.189173
0.225761
0.28093
0.292359
0.325119
0.437708
0.634307
0.954235
1.26989
1.55225
2.14926
3.16595
5.01889
6.6906
3.49499
1.65836
0.710791
0.273196
0.0931576
0.0281364
0.0073254
0.00148286
0.000149887
2.62459e-07
1.06227e-11
1.84894e-14
4.75216e-16
1.75153e-17
5.91896e-19
1.63877e-20
3.33364e-22
4.49787e-24
3.74107e-26
1.83567e-28
1.4812e-33
1.50477e-40
3.58429e-48
1.2785e-56
1.25462e-66
0.178921
0.202485
0.243678
0.304453
0.313797
0.345324
0.459243
0.65772
0.977568
1.28687
1.55961
2.13625
3.10807
4.85476
6.4763
3.48397
1.70381
0.753691
0.299696
0.106009
0.033301
0.00909864
0.00200086
0.000258227
1.99964e-06
5.69583e-11
4.87954e-14
9.30325e-16
3.22413e-17
1.05613e-18
2.89839e-20
6.04798e-22
8.64393e-24
7.79254e-26
4.20468e-28
1.55197e-32
2.05855e-39
6.42118e-47
2.96735e-55
3.6018e-65
0.191575
0.219006
0.264996
0.332032
0.339147
0.369346
0.484729
0.685675
1.00658
1.31093
1.5753
2.13446
3.06748
4.72262
6.21318
3.44229
1.73482
0.791658
0.325327
0.119309
0.0388737
0.0111068
0.00261695
0.000398877
1.03518e-05
4.03051e-10
1.47143e-13
1.86578e-15
6.00423e-17
1.9057e-18
5.14425e-20
1.08723e-21
1.62595e-23
1.57312e-25
9.2624e-28
1.45443e-31
2.48455e-38
1.00215e-45
5.92987e-54
8.81125e-64
0.207403
0.238758
0.290029
0.364211
0.368855
0.397708
0.514838
0.718281
1.04111
1.34184
1.59918
2.14377
3.04383
4.62079
5.90643
3.37029
1.75032
0.823751
0.34962
0.132803
0.0448221
0.0133462
0.00333943
0.00058109
3.05205e-05
3.70147e-09
5.38151e-13
3.84359e-15
1.12898e-16
3.47545e-18
9.1888e-20
1.9459e-21
3.00859e-23
3.09231e-25
1.97099e-27
1.06867e-30
2.67457e-37
1.37808e-44
1.03244e-52
1.86009e-62
0.226381
0.261994
0.319257
0.401908
0.403508
0.430938
0.550521
0.757168
1.08152
1.37935
1.63093
2.16378
3.03636
4.54724
5.56256
3.26921
1.74957
0.849075
0.372006
0.146233
0.0510785
0.015811
0.00417437
0.000812043
6.47147e-05
3.67508e-08
2.48966e-12
8.25913e-15
2.13738e-16
6.39596e-18
1.65438e-19
3.48131e-21
5.50189e-23
5.94555e-25
4.06858e-27
5.47486e-30
2.59369e-36
1.68699e-43
1.58298e-51
3.42798e-61
0.248732
0.289146
0.35347
0.446267
0.444142
0.469694
0.592407
0.803899
1.13134
1.42399
1.67024
2.19389
3.04405
4.49968
5.18892
3.14117
1.73231
0.866845
0.391944
0.159256
0.0575727
0.0184878
0.00512378
0.00109768
0.000118272
3.04267e-07
1.28672e-11
1.89436e-14
4.07942e-16
1.18488e-17
3.0032e-19
6.24473e-21
9.98616e-23
1.12293e-24
8.17979e-27
2.13435e-29
2.28692e-35
1.85581e-42
2.15821e-50
5.57188e-60
0.274864
0.320919
0.393707
0.499165
0.491983
0.515213
0.641281
0.858976
1.19276
1.48165
1.71773
2.23352
3.06566
4.47559
4.79321
2.98903
1.69874
0.87645
0.408899
0.171649
0.0642596
0.0213578
0.00618729
0.00143382
0.000192385
1.84584e-06
6.11371e-11
4.73535e-14
7.87648e-16
2.20473e-17
5.4923e-19
1.12544e-20
1.80566e-22
2.0918e-24
1.60789e-26
6.59656e-29
1.84926e-34
1.85058e-41
2.63993e-49
8.06198e-59
0.305441
0.358272
0.441596
0.563133
0.549128
0.568847
0.698995
0.923321
1.26548
1.55463
1.78159
2.28343
3.10004
4.47239
4.38304
2.81614
1.64952
0.877498
0.422364
0.183123
0.0709701
0.0244019
0.00736268
0.00182226
0.000286375
8.26112e-06
3.66807e-10
1.32366e-13
1.5423e-15
4.11549e-17
1.01043e-18
2.03986e-20
3.26251e-22
3.85776e-24
3.10166e-26
1.58221e-28
1.38252e-33
1.6863e-40
2.92101e-48
1.04718e-57
0.341381
0.402672
0.499395
0.641662
0.618342
0.633077
0.767093
1.00007
1.35061
1.64115
1.86396
2.35724
3.14798
4.48777
3.96553
2.6262
1.58571
0.869832
0.431922
0.193355
0.0775473
0.0275741
0.00864623
0.00226596
0.000404841
2.0926e-05
2.78083e-09
4.34575e-13
3.07408e-15
7.69715e-17
1.86701e-18
3.71873e-20
5.90402e-22
7.06745e-24
5.89218e-26
3.18037e-28
9.62924e-33
1.41475e-39
2.94587e-47
1.23057e-56
0.384075
0.456179
0.570242
0.740742
0.703399
0.711044
0.849205
1.09069
1.45393
1.74266
1.9616
2.45572
3.23368
4.52203
3.54722
2.42298
1.5087
0.853522
0.437249
0.202068
0.0837799
0.0308204
0.0100276
0.00276684
0.000551261
4.25925e-05
2.28957e-08
1.74436e-12
6.31761e-15
1.44053e-16
3.45872e-18
6.81489e-20
1.07173e-21
1.28996e-23
1.10596e-25
6.26877e-28
6.29382e-32
1.10059e-38
2.72712e-46
1.31763e-55
0.435488
0.521688
0.659369
0.869479
0.810971
0.80699
0.94936
1.20117
1.57561
1.86831
2.07639
2.57201
3.35314
4.10733
3.13542
2.21029
1.42008
0.828849
0.43812
0.209008
0.0895499
0.0341155
0.0114918
0.00332391
0.000728867
7.58916e-05
1.65212e-07
8.4707e-12
1.36364e-14
2.70201e-16
6.41248e-18
1.25412e-19
1.953e-21
2.35137e-23
2.05737e-25
1.21548e-27
3.88761e-31
7.99239e-38
2.33282e-45
1.29409e-54
0.498391
0.60392
0.774915
1.0459
0.950961
0.928743
1.07292
1.33666
1.72653
2.01535
2.22065
2.70933
3.49267
3.53773
2.75685
1.99272
1.32167
0.796268
0.43442
0.213948
0.0947106
0.0373621
0.013025
0.00393382
0.000933826
0.000121994
9.30083e-07
3.52457e-11
3.14245e-14
5.09734e-16
1.18835e-17
2.31441e-19
3.5732e-21
4.28824e-23
3.80348e-25
2.32517e-27
1.74106e-30
5.45266e-37
1.85547e-44
1.173e-53
0.577263
0.710328
0.932692
1.27969
1.14334
1.08751
1.231
1.50413
1.91253
2.20109
2.38847
2.88753
3.49112
3.01637
2.41179
1.78341
1.21587
0.756434
0.426133
0.216703
0.0991078
0.0404742
0.0146001
0.00459247
0.00116558
0.000179154
4.00385e-06
1.70194e-10
7.87938e-14
9.69127e-16
2.20009e-17
4.27723e-19
6.56104e-21
7.83406e-23
7.00404e-25
4.4003e-27
6.91911e-30
3.51605e-36
1.38033e-43
9.86977e-53
0.679221
0.855225
1.16767
0.827161
1.22876
1.30659
1.43788
1.721
2.14246
2.43037
2.6035
3.06048
2.88921
2.54333
2.09099
1.5863
1.10876
0.71037
0.413367
0.217135
0.1026
0.0433537
0.0161848
0.00529286
0.00142429
0.000250046
1.07515e-05
1.01659e-09
2.22809e-13
1.8612e-15
4.06688e-17
7.90652e-19
1.20814e-20
1.4346e-22
1.28725e-24
8.25877e-27
2.13397e-29
2.15536e-35
9.65838e-43
7.75108e-52
0.817857
1.0703
0.866101
0.541917
0.800748
1.16166
1.50783
1.75302
1.87944
2.12215
2.397
2.4542
2.36201
2.13445
1.79389
1.3991
1.00376
0.660639
0.396432
0.215166
0.105065
0.0459161
0.0177531
0.00602522
0.00170962
0.000335653
2.21628e-05
7.06627e-09
7.40523e-13
3.63945e-15
7.50168e-17
1.4601e-18
2.22888e-20
2.63387e-22
2.36469e-24
1.54073e-26
5.74627e-29
1.26296e-34
6.39044e-42
5.71082e-51
1.02335
0.897067
0.562974
0.359003
0.527721
0.767143
1.01906
1.23323
1.37826
1.60112
1.8524
1.94597
1.91914
1.77279
1.5288
1.22176
0.901161
0.609324
0.37627
0.210812
0.106404
0.0480939
0.0192684
0.0067788
0.0020195
0.000438933
4.00867e-05
4.74564e-08
2.93514e-12
7.3424e-15
1.38126e-16
2.69123e-18
4.11519e-20
4.84719e-22
4.34728e-24
2.8625e-26
1.31075e-28
7.11103e-34
4.01854e-41
3.96678e-50
0.913456
0.579608
0.370822
0.240255
0.351197
0.510824
0.689119
0.857987
0.994349
1.18859
1.41192
1.52442
1.54335
1.46126
1.29055
1.05855
0.801361
0.557224
0.35389
0.204338
0.106551
0.0498162
0.0206816
0.00753994
0.00235047
0.000556856
6.55137e-05
2.6877e-07
1.30514e-11
1.55065e-14
2.54624e-16
4.94673e-18
7.59725e-20
8.93635e-22
8.00205e-24
5.30458e-26
2.4819e-28
3.86642e-33
2.41337e-40
2.60976e-49
0.588374
0.380179
0.247045
0.162417
0.235897
0.342756
0.46733
0.593842
0.708125
0.868037
1.05929
1.17819
1.22658
1.19269
1.08032
0.908756
0.70654
0.504847
0.329897
0.196135
0.105532
0.0510191
0.0219476
0.00829084
0.00269786
0.000687691
9.77172e-05
1.20466e-06
5.00187e-11
3.47085e-14
4.71002e-16
9.06466e-18
1.40093e-19
1.64966e-21
1.47492e-23
9.81703e-26
4.67065e-28
2.03961e-32
1.39061e-39
1.63346e-48
0.385114
0.252455
0.166387
0.111
0.159955
0.231755
0.318195
0.410329
0.500039
0.625416
0.781932
0.896798
0.962095
0.962431
0.895657
0.773294
0.617276
0.45332
0.304687
0.186515
0.103454
0.0516691
0.0230201
0.00901223
0.00305573
0.000830291
0.000136732
4.05465e-06
2.26597e-10
8.40818e-14
8.75391e-16
1.65595e-17
2.57822e-19
3.04653e-21
2.72258e-23
1.8159e-25
8.74962e-28
1.04842e-31
7.72207e-39
9.76796e-48
0.255319
0.16958
0.113357
0.0768215
0.109593
0.157986
0.217737
0.28371
0.351425
0.446339
0.5692
0.671862
0.743623
0.766773
0.734394
0.651742
0.534405
0.403328
0.278833
0.175709
0.100434
0.0517715
0.0238642
0.00968725
0.00341708
0.000983416
0.000183375
8.84788e-06
1.24175e-09
2.28051e-13
1.63963e-15
3.01483e-17
4.73261e-19
5.62393e-21
5.03104e-23
3.35999e-25
1.63367e-27
5.2723e-31
4.14974e-38
5.60329e-47
0.17128
0.115273
0.0782411
0.0539805
0.0760056
0.108699
0.149906
0.19665
0.24652
0.31667
0.410074
0.496245
0.565974
0.602318
0.594777
0.543429
0.458242
0.35554
0.252816
0.163989
0.0965695
0.0513499
0.0244667
0.0102983
0.00377441
0.00114532
0.000238095
1.68761e-05
7.50536e-09
7.17435e-13
3.11921e-15
5.46914e-17
8.65938e-19
1.03699e-20
9.3023e-23
6.22018e-25
3.04421e-27
2.06256e-30
2.16659e-37
3.09534e-46
0.116299
0.0794085
0.05485
0.0386394
0.0534955
0.0756169
0.103986
0.136876
0.173022
0.224027
0.293422
0.362462
0.424666
0.46615
0.475214
0.447746
0.388837
0.310416
0.227086
0.151622
0.0919747
0.0504309
0.0248205
0.0108251
0.00411958
0.00131341
0.000301323
2.87945e-05
4.29617e-08
2.61835e-12
6.09501e-15
9.89491e-17
1.57847e-18
1.90855e-20
1.72002e-22
1.15213e-24
5.66542e-27
7.32626e-30
1.10275e-36
1.65271e-45
0.0800384
0.0555727
0.0391839
0.0282783
0.0383389
0.0533224
0.0728188
0.0958486
0.121767
0.15844
0.209163
0.262664
0.314913
0.3557
0.374295
0.364145
0.326166
0.268249
0.202022
0.138867
0.0867709
0.0490495
0.0249233
0.0112542
0.0044437
0.00148442
0.0003707
4.49899e-05
2.10106e-07
1.08036e-11
1.23613e-14
1.79017e-16
2.86595e-18
3.50382e-20
3.1785e-22
2.13483e-24
1.05361e-26
2.17995e-29
5.49403e-36
8.55627e-45
0.0559651
0.0396398
0.0286299
0.0212286
0.0280801
0.0382387
0.0516125
0.0676776
0.086124
0.112289
0.148937
0.189417
0.231478
0.268143
0.290742
0.292121
0.270208
0.229241
0.177915
0.125966
0.0810848
0.0472485
0.0247776
0.0115755
0.00473853
0.00165458
0.000444732
6.46937e-05
8.3994e-07
3.86518e-11
2.62744e-14
3.24376e-16
5.18347e-18
6.41314e-20
5.86661e-22
3.956e-24
1.95868e-26
5.5777e-29
2.68686e-35
4.31257e-44
0.0398886
0.0289246
0.021465
0.0163785
0.0210871
0.0279881
0.0371447
0.0483173
0.061376
0.079944
0.106203
0.136304
0.169145
0.200216
0.223068
0.231192
0.220932
0.193578
0.155
0.113128
0.0750442
0.0450777
0.0243906
0.011782
0.00499684
0.00182008
0.00052213
8.78715e-05
2.49965e-06
1.53416e-10
5.95422e-14
5.89126e-16
9.33999e-18
1.16989e-19
1.08088e-21
7.32836e-24
3.64033e-26
1.28625e-28
1.29348e-34
2.12202e-43
0.0290858
0.0216618
0.0165455
0.0129849
0.0162692
0.0209793
0.0272411
0.0349926
0.044202
0.057331
0.0760325
0.0981285
0.123204
0.148477
0.169422
0.18072
0.178289
0.161425
0.133495
0.100536
0.0687709
0.0425929
0.023776
0.0118674
0.00521256
0.00197718
0.000601649
0.000114686
5.23464e-06
7.20295e-10
1.47888e-13
1.07483e-15
1.67631e-17
2.12642e-19
1.98693e-21
1.35649e-23
6.76386e-26
2.3979e-28
6.14507e-34
1.02233e-42
0.0217691
0.0166822
0.0131089
0.0105524
0.0128952
0.0161423
0.0204289
0.0258001
0.032279
0.0415413
0.0548017
0.070862
0.0896896
0.109645
0.127694
0.139786
0.142121
0.13292
0.113602
0.0883626
0.0623781
0.0398525
0.0229523
0.0118333
0.00538246
0.00212234
0.000681931
0.000145132
9.69787e-06
3.75459e-09
4.15793e-13
1.98122e-15
2.99644e-17
3.84995e-19
3.64266e-21
2.50773e-23
1.25618e-25
4.46486e-28
2.88731e-33
4.83548e-42
0.0167562
0.0132081
0.0106485
0.00875391
0.0104763
0.0127554
0.0157065
0.0194327
0.0239876
0.0305169
0.0398901
0.0514728
0.0654259
0.0808372
0.0957469
0.107224
0.112075
0.108136
0.0955045
0.0767753
0.0559783
0.0369149
0.0219414
0.0116829
0.00550114
0.00225249
0.00076138
0.000179224
1.6206e-05
1.9168e-08
1.33189e-12
3.72102e-15
5.33832e-17
6.94124e-19
6.65763e-21
4.62815e-23
2.33132e-25
8.30517e-28
1.34418e-32
2.25094e-41
0.0132612
0.0107236
0.00883072
0.00737732
0.00868872
0.0103332
0.0123918
0.0149915
0.0182007
0.022809
0.0294229
0.0377238
0.0479568
0.0596557
0.0716005
0.081751
0.0875979
0.087021
0.0793501
0.0659332
0.0496836
0.0338414
0.0207681
0.0114215
0.00556539
0.00236453
0.000838285
0.000215442
2.48913e-05
8.69731e-08
4.75424e-12
7.17713e-15
9.49571e-17
1.24617e-18
1.21265e-20
8.52344e-23
4.32221e-25
1.54342e-27
6.2099e-32
1.03356e-40
0.0107633
0.0088895
0.00743967
0.00628826
0.00732195
0.00855136
0.0100212
0.0118579
0.0141344
0.0174008
0.0220682
0.0279875
0.0354273
0.0441859
0.0535347
0.0620999
0.0680014
0.0693804
0.0652155
0.0559786
0.0436053
0.0306956
0.0194597
0.0110562
0.00557382
0.00245568
0.000910868
0.000252767
3.54748e-05
3.33719e-07
1.7748e-11
1.43103e-14
1.68895e-16
2.22824e-18
2.20069e-20
1.56579e-22
8.00229e-25
2.86546e-27
2.85034e-31
4.69042e-40
0.00892016
0.00748674
0.00633908
0.00540347
0.00624197
0.00719703
0.00828197
0.00960776
0.0112444
0.0135804
0.0168843
0.0210909
0.0264608
0.0329424
0.0401247
0.0471113
0.0525444
0.0549043
0.0530885
0.0470187
0.0378497
0.0275441
0.0180471
0.0105965
0.00552654
0.00252373
0.00097743
0.00029034
4.7491e-05
1.05268e-06
5.91034e-11
2.98102e-14
3.00484e-16
3.96883e-18
3.97867e-20
2.86826e-22
1.47902e-24
5.31411e-27
1.30104e-30
2.10738e-39
0.0075111
0.0063772
0.00544475
0.00467143
0.00536547
0.0061333
0.00696605
0.00795243
0.0091541
0.0108502
0.0132069
0.0161937
0.0200473
0.0247964
0.0302297
0.0357823
0.0405036
0.0432104
0.0428727
0.0391116
0.0325089
0.0244535
0.0165641
0.0100544
0.00542509
0.00256708
0.00103642
0.000327407
6.10424e-05
2.21437e-06
2.24613e-10
6.6071e-14
5.35112e-16
7.0409e-18
7.1654e-20
5.23786e-22
2.72795e-24
9.8423e-27
5.36136e-30
9.38791e-39
0.00639685
0.00547571
0.00470473
0.00405982
0.0046407
0.00527412
0.00593792
0.00669828
0.00760574
0.0088645
0.010569
0.0126968
0.0154527
0.0189032
0.0229591
0.0272799
0.0312194
0.0338906
0.0344073
0.0322629
0.0276512
0.021487
0.0150469
0.00944439
0.00527257
0.00258474
0.00108648
0.000363244
7.59264e-05
4.14332e-06
9.70825e-10
1.60053e-13
9.56851e-16
1.24379e-17
1.28532e-19
9.53352e-22
5.01958e-24
1.82016e-26
1.80216e-29
4.15139e-38
0.00549167
0.00472982
0.00408652
0.00354678
0.00403524
0.00456575
0.00511128
0.00571804
0.00642541
0.00738552
0.00864452
0.0101748
0.0121461
0.0146371
0.0176299
0.0209324
0.0241194
0.0265466
0.0274928
0.0264314
0.0233171
0.0186986
0.0135321
0.00878294
0.00507361
0.00257647
0.00112648
0.000397135
9.23203e-05
7.00582e-06
4.39963e-09
4.32541e-13
1.72728e-15
2.18825e-17
2.29594e-19
1.72916e-21
9.2118e-24
3.36015e-26
5.13333e-29
1.82405e-37
0.00474278
0.00410676
0.00356809
0.00311593
0.00352721
0.00397458
0.00443169
0.00492997
0.00549827
0.00625248
0.00720788
0.00832737
0.00974588
0.0115385
0.0137254
0.0162104
0.0187244
0.0208134
0.0219145
0.0215413
0.0195182
0.0161296
0.012054
0.00808817
0.00483437
0.00254283
0.00115552
0.000428327
0.000109451
1.08834e-05
1.89866e-08
1.2963e-12
3.16733e-15
3.83829e-17
4.0836e-19
3.12476e-21
1.68563e-23
6.19052e-26
1.27277e-28
7.97e-37
0.00411726
0.00358436
0.00313292
0.00275387
0.00310034
0.00347831
0.00386508
0.00428212
0.00475017
0.00535888
0.00610577
0.00694516
0.00797958
0.00927205
0.010859
0.0127032
0.014644
0.0163713
0.0174611
0.0174952
0.0162416
0.0138064
0.0106426
0.0073785
0.00456226
0.0024852
0.00117303
0.00045609
0.000126707
1.57585e-05
7.28974e-08
4.22334e-12
5.92745e-15
6.72034e-17
7.23256e-19
5.62511e-21
3.07486e-23
1.1379e-25
2.49222e-28
3.46518e-36
0.00359284
0.00314598
0.00276744
0.00244903
0.00274138
0.00306073
0.00338908
0.00374178
0.0041337
0.00463576
0.00523611
0.00588428
0.00665479
0.00759489
0.00874339
0.0100967
0.0115665
0.0129494
0.0139364
0.0141858
0.013456
0.0117411
0.00932171
0.00667161
0.00426539
0.00240577
0.0011788
0.000479771
0.000143585
2.13233e-05
2.42197e-07
1.4838e-11
1.13729e-14
1.17502e-16
1.27582e-18
1.00864e-20
5.59043e-23
2.08632e-25
4.5604e-28
1.49978e-35
0.00315281
0.00277792
0.0024599
0.00219136
0.00243896
0.002709
0.00298786
0.00328744
0.00361873
0.00403879
0.00453239
0.0050479
0.00563771
0.00633307
0.00716718
0.00815245
0.00924704
0.0103241
0.0111661
0.0115054
0.0111174
0.00993326
0.00810801
0.00598335
0.00395245
0.00230753
0.001173
0.000498858
0.000159664
2.74289e-05
6.319e-07
4.51373e-11
2.256e-14
2.05138e-16
2.24161e-18
1.80144e-20
1.01287e-22
3.8147e-25
8.32734e-28
6.46367e-35
0.00278341
0.00246833
0.00220009
0.00197222
0.0021832
0.0024122
0.00264913
0.00290396
0.00318526
0.00353959
0.00395159
0.00437221
0.00483701
0.00536376
0.00597635
0.00669184
0.00749574
0.00831428
0.00900026
0.00935211
0.00917547
0.00837228
0.0070113
0.00532693
0.00363218
0.00219383
0.0011562
0.000512999
0.000174602
3.40441e-05
1.24265e-06
1.5085e-10
4.69594e-14
3.57705e-16
3.92182e-18
3.20451e-20
1.82849e-22
6.95431e-25
1.51709e-27
2.77426e-34
0.00247275
0.00220689
0.00197924
0.00178437
0.00196559
0.00216089
0.00236267
0.00257968
0.00281905
0.00311915
0.00346602
0.00381544
0.00419165
0.00460182
0.00506033
0.00558216
0.00616681
0.00677533
0.00731292
0.00763349
0.00757791
0.0070407
0.00603506
0.00471237
0.00331256
0.00206826
0.00112928
0.000522019
0.000188102
4.1034e-05
2.2067e-06
5.60339e-10
1.04851e-13
6.24555e-16
6.82968e-18
5.67671e-20
3.28867e-22
1.26382e-24
2.75701e-27
1.18591e-33
0.00221045
0.00198472
0.00179
0.00162189
0.001779
0.00194693
0.00211966
0.00230497
0.00250905
0.00276379
0.00305706
0.00335048
0.00366112
0.00398935
0.00434102
0.0047263
0.00514976
0.00559359
0.0060003
0.00626847
0.00627381
0.0059167
0.00517759
0.00414654
0.00300052
0.00193458
0.00109343
0.000525911
0.00019993
4.84741e-05
3.58423e-06
2.18311e-09
2.55502e-13
1.09622e-15
1.18419e-17
1.00114e-19
5.89229e-22
2.28921e-24
4.99698e-27
5.04869e-33
0.00198759
0.0017944
0.00162635
0.00148003
0.0016176
0.00176344
0.00191249
0.00207154
0.00224611
0.00246282
0.0027113
0.00295902
0.00321882
0.00348728
0.00376431
0.00405426
0.00436191
0.00468074
0.00497832
0.00518759
0.00521585
0.00497645
0.00443329
0.00363328
0.00270176
0.00179649
0.00105005
0.000524833
0.000209879
5.59289e-05
5.39845e-06
8.27851e-09
6.78595e-13
1.94271e-15
2.04542e-17
1.75783e-19
1.05144e-21
4.13229e-24
9.0312e-27
2.14038e-32
0.00179671
0.00162987
0.0014835
0.00135505
0.00147667
0.00160473
0.00173468
0.00187224
0.00202236
0.00220735
0.0024183
0.00262794
0.00284671
0.00306964
0.00329301
0.00351652
0.00374238
0.00396909
0.00417981
0.00433258
0.00436146
0.00419579
0.00379384
0.00317386
0.00242059
0.00165742
0.00100067
0.000519087
0.000217795
6.31451e-05
7.62307e-06
2.88017e-08
1.93454e-12
3.48673e-15
3.52212e-17
3.07258e-19
1.86874e-21
7.43189e-24
1.62735e-26
9.0351e-32
0.00163172
0.00148627
0.00135766
0.00124401
0.00135252
0.0014662
0.00158084
0.00170097
0.00183103
0.00198978
0.00216942
0.00234715
0.00253195
0.0027187
0.002902
0.00307835
0.00324709
0.00340759
0.00355192
0.00365537
0.00367339
0.00355152
0.00324934
0.00276743
0.00215996
0.00152038
0.000946919
0.00050911
0.000223581
6.99204e-05
1.01472e-05
8.93208e-08
5.8471e-12
6.35285e-15
6.04828e-17
5.3467e-19
3.30756e-21
1.33183e-23
2.92284e-26
3.79698e-31
0.00148773
0.00135979
0.00124587
0.00114463
0.00124222
0.00134421
0.00144656
0.00155264
0.00166635
0.00180354
0.0019573
0.00210838
0.00226477
0.00242187
0.00257397
0.00271584
0.00284443
0.00295835
0.00305368
0.00311696
0.00311967
0.00302215
0.00278912
0.00241159
0.00192166
0.00138778
0.000890375
0.00049544
0.000227216
7.60866e-05
1.28228e-05
2.36167e-07
1.87192e-11
1.18038e-14
1.03544e-16
9.26513e-19
5.82967e-21
2.37763e-23
5.23311e-26
1.58782e-30
0.00136093
0.00124744
0.00114583
0.0010551
0.0011435
0.00123588
0.00132832
0.00142307
0.00152352
0.00164307
0.00177559
0.00190461
0.00203728
0.00216973
0.00229666
0.00241234
0.00251217
0.00259352
0.00265392
0.00268623
0.00267348
0.00258834
0.00240245
0.00210281
0.00170641
0.00126163
0.000832581
0.000478691
0.000228756
8.15314e-05
1.56464e-05
4.5924e-07
5.23338e-11
2.25618e-14
1.76665e-16
1.59826e-18
1.02309e-20
4.2281e-23
9.33768e-26
6.6103e-30
0.0012483
0.00114691
0.00105571
0.000974003
0.00105456
0.00113893
0.00122334
0.00130892
0.0013986
0.00150375
0.00161893
0.00172987
0.00184289
0.00195479
0.002061
0.00215601
0.0022346
0.00229308
0.00232907
0.00233879
0.00231263
0.00223313
0.00207902
0.00183688
0.00151405
0.00114343
0.000774813
0.000459516
0.000228322
8.61802e-05
1.85582e-05
8.12735e-07
1.60185e-10
4.50152e-14
3.00656e-16
2.74312e-18
1.78749e-20
7.48875e-23
1.66032e-25
2.56366e-29
0.00114751
0.00105635
0.00097408
0.000900195
0.000973997
0.00105161
0.0011294
0.00120751
0.00128841
0.00138179
0.00148284
0.00157909
0.00167599
0.00177087
0.00185989
0.00193815
0.00200049
0.00204261
0.00206178
0.00205565
0.00201921
0.00194196
0.00180923
0.00160926
0.00134372
0.00103414
0.000718123
0.000438557
0.000226095
8.99975e-05
2.15682e-05
1.32337e-06
5.2689e-10
9.54149e-14
5.11596e-16
4.68309e-18
3.1084e-20
1.32095e-22
2.94153e-25
7.94719e-29
0.00105674
0.000974341
0.0008998
0.00083275
0.000900666
0.000972499
0.00104478
0.00111674
0.00119042
0.00127412
0.00136366
0.00144803
0.00153183
0.00161276
0.00168757
0.00175209
0.00180159
0.00183167
0.00183926
0.00182247
0.0017788
0.00170259
0.00158445
0.00141533
0.00119409
0.000934224
0.000663405
0.000416421
0.000222288
9.29737e-05
2.45645e-05
2.0043e-06
1.77231e-09
2.17025e-13
8.73238e-16
7.95792e-18
5.37874e-20
2.32013e-22
5.19204e-25
1.85617e-28
0.000974533
0.000899718
0.000831935
0.000770908
0.000833649
0.000900474
0.000968101
0.00103493
0.00110264
0.00117832
0.00125842
0.00133321
0.00140646
0.00147607
0.00153925
0.00159249
0.00163164
0.00165258
0.00165211
0.0016284
0.00158018
0.00150484
0.00139708
0.00125063
0.00106349
0.000843766
0.000611349
0.000393669
0.000217139
9.51195e-05
2.74262e-05
2.85132e-06
5.76393e-09
5.27919e-13
1.49927e-15
1.34615e-17
9.25923e-20
4.05705e-22
9.12928e-25
3.49979e-28
0.000899738
0.000831547
0.000769719
0.000714034
0.000772187
0.000834624
0.000898259
0.000960766
0.00102348
0.00109245
0.00116477
0.00123181
0.0012966
0.00135712
0.0014109
0.00145494
0.00148572
0.00149956
0.00149337
0.0014653
0.00141462
0.00134049
0.00124053
0.001111
0.000950082
0.000762563
0.000562423
0.000370808
0.000210897
9.64642e-05
3.00797e-05
3.8443e-06
1.74304e-08
1.35664e-12
2.5931e-15
2.26779e-17
1.58574e-19
7.06136e-22
1.59887e-24
6.08446e-28
0.000831415
0.000769059
0.000712513
0.000661594
0.000715649
0.000774203
0.000834368
0.000893177
0.000951656
0.00101497
0.0010808
0.00114156
0.00119957
0.00125285
0.00129913
0.00133579
0.00135983
0.00136809
0.00135776
0.00132705
0.00127542
0.00120299
0.00110927
0.000992638
0.000851994
0.0006902
0.000516954
0.000348294
0.00020381
9.70538e-05
3.2469e-05
4.9184e-06
4.80345e-08
3.65071e-12
4.52368e-15
3.80499e-17
2.70209e-19
1.22317e-21
2.78875e-24
1.05442e-27
0.00076879
0.000711611
0.000659779
0.000613138
0.000663506
0.000718588
0.000775698
0.000831307
0.000886164
0.000944647
0.00100503
0.00106066
0.00111323
0.00116077
0.00120114
0.00123197
0.00125068
0.00125458
0.00124123
0.00120899
0.00115743
0.00108711
0.000998715
0.000892191
0.000767345
0.000626106
0.000475142
0.000326472
0.00019612
9.69528e-05
3.45557e-05
6.02961e-06
1.09962e-07
1.0291e-11
7.98451e-15
6.35593e-17
4.58103e-19
2.10853e-21
4.84362e-24
1.82123e-27
0.000711222
0.000658665
0.000611066
0.000568267
0.00061531
0.000667258
0.000721647
0.000774452
0.000826174
0.0008805
0.00093626
0.000987662
0.00103585
0.00107886
0.00111462
0.00114093
0.00115552
0.00115609
0.00114057
0.00110755
0.00105669
0.000988771
0.000905112
0.000806762
0.000694387
0.00056959
0.000437028
0.000305582
0.000188048
9.624e-05
3.63246e-05
7.17273e-06
2.02976e-07
2.8947e-11
1.43554e-14
1.05667e-16
7.7252e-19
3.61689e-21
8.37617e-24
3.13485e-27
0.000658169
0.000609765
0.000565972
0.000526649
0.000570665
0.000619776
0.000671707
0.000722028
0.000771008
0.000821722
0.000873512
0.000921398
0.000966028
0.00100546
0.00103767
0.00106056
0.00107205
0.00107017
0.00105317
0.0010199
0.000970136
0.000904752
0.000825419
0.000733879
0.000631514
0.00051993
0.000402523
0.000285815
0.000179788
9.50033e-05
3.77743e-05
8.32583e-06
3.45218e-07
7.71943e-11
2.65724e-14
1.74909e-16
1.29531e-18
6.173e-21
1.44209e-23
5.37676e-27
0.000609175
0.000564507
0.000524161
0.000487993
0.000529241
0.000575752
0.000625455
0.000673546
0.000720104
0.00076765
0.000816004
0.000860935
0.000902664
0.000939273
0.000968758
0.000989105
0.000998375
0.000994794
0.000976901
0.000943777
0.00089534
0.000832534
0.000757191
0.00067147
0.000577283
0.000476398
0.000371465
0.000267292
0.000171507
9.33339e-05
3.89178e-05
9.50244e-06
5.45887e-07
2.19385e-10
5.13531e-14
2.88763e-16
2.15886e-18
1.04804e-20
2.47155e-23
9.18807e-27
0.000563836
0.000522555
0.000485341
0.000452049
0.00049075
0.000534864
0.000582516
0.000628596
0.000672988
0.000717735
0.000763086
0.00080551
0.000844851
0.000879219
0.000906643
0.000925157
0.000932909
0.000928272
0.000909983
0.000877331
0.000830372
0.000770117
0.000698469
0.000617814
0.000530432
0.000438293
0.000343639
0.000250074
0.000163348
9.13223e-05
3.97751e-05
1.0657e-05
8.09801e-07
6.44562e-10
1.04746e-13
4.76623e-16
3.57678e-18
1.76966e-20
4.21616e-23
1.56416e-26
0.000521813
0.000483615
0.00044926
0.000418597
0.000454943
0.000496831
0.000542576
0.000586815
0.000629266
0.000671515
0.000714222
0.000754496
0.000791852
0.000824438
0.000850314
0.000867553
0.000874359
0.000869197
0.000850942
0.000819036
0.000773664
0.000715898
0.000647675
0.000571494
0.000489868
0.000404957
0.000318806
0.000234186
0.000155435
8.90546e-05
4.03691e-05
1.17527e-05
1.13592e-06
1.87681e-09
2.26079e-13
7.88164e-16
5.89517e-18
2.97162e-20
7.15774e-23
2.65239e-26
0.000482812
0.000447432
0.000415697
0.000387456
0.000421604
0.000461408
0.000505365
0.000547902
0.000588586
0.000628603
0.000668957
0.00070737
0.000743062
0.000774222
0.00079895
0.000815349
0.000821661
0.000816407
0.000798544
0.000767622
0.000723925
0.000668577
0.000603536
0.000531347
0.000454661
0.000375792
0.000296711
0.000219637
0.00014786
8.6611e-05
4.07264e-05
1.2769e-05
1.51753e-06
5.22927e-09
5.13199e-13
1.30784e-15
9.67228e-18
4.96243e-20
1.20918e-22
4.47966e-26
0.000446579
0.000413786
0.000384468
0.000358482
0.00039055
0.000428386
0.000470649
0.000511596
0.000550657
0.000588656
0.000626914
0.000663696
0.000697976
0.000727991
0.000751878
0.000767773
0.000773943
0.000768939
0.000751765
0.000722031
0.000680084
0.000627089
0.000565014
0.000496417
0.000424023
0.000350261
0.000277094
0.000206392
0.000140676
8.40629e-05
4.08739e-05
1.36936e-05
1.9418e-06
1.36415e-08
1.21504e-12
2.17859e-15
1.58018e-17
8.24247e-20
2.03249e-22
7.53443e-26
0.00041289
0.00038249
0.000355428
0.000331618
0.000361642
0.000397587
0.000438224
0.000477672
0.000515228
0.000551388
0.000587756
0.000623106
0.000656175
0.000685262
0.000708545
0.000724191
0.000730488
0.000726002
0.000709752
0.000681375
0.000641245
0.000590549
0.000531254
0.000465914
0.00039729
0.000327891
0.000259706
0.000194395
0.000133921
8.14701e-05
4.08399e-05
1.45165e-05
2.37589e-06
3.21189e-08
2.98824e-12
3.64656e-15
2.57002e-17
1.36191e-19
3.39917e-22
1.26184e-25
0.00038156
0.000353399
0.000328518
0.000306997
0.000334823
0.000368874
0.000407923
0.000445934
0.000482081
0.000516553
0.000551204
0.000585275
0.000617303
0.000645631
0.000668492
0.000684082
0.000690709
0.000686942
0.0006718
0.000644914
0.00060666
0.00055822
0.000501548
0.000439185
0.000373904
0.00030827
0.000244309
0.000183569
0.000127619
7.88829e-05
4.06531e-05
1.52355e-05
2.82349e-06
5.95753e-08
7.64934e-12
6.1529e-15
4.15763e-17
2.23867e-19
5.65627e-22
2.10412e-25
0.000352442
0.000326453
0.000303872
0.000285272
0.000310226
0.000342195
0.000379612
0.000416221
0.000451026
0.000483938
0.000517018
0.000549934
0.00058105
0.00060876
0.000631333
0.000647012
0.000654117
0.000651219
0.000637322
0.000612032
0.000575699
0.00052948
0.000475303
0.000415684
0.000353396
0.000291039
0.000230687
0.000173832
0.00012178
7.63437e-05
4.03422e-05
1.58538e-05
3.27912e-06
1.02417e-07
2.05814e-11
1.05302e-14
6.69085e-17
3.66086e-19
9.36506e-22
3.49315e-25
0.000325477
0.000301785
0.000282145
0.000267115
0.000288502
0.000317685
0.000353246
0.000388406
0.000421908
0.000453359
0.000484989
0.000516851
0.000547156
0.00057435
0.000596748
0.000612618
0.000620308
0.000618386
0.00060583
0.000582212
0.000547835
0.000503809
0.000452021
0.000394953
0.000335367
0.000275892
0.000218643
0.0001651
0.000116394
7.38879e-05
3.9935e-05
1.63777e-05
3.74064e-06
1.6454e-07
5.09854e-11
1.84546e-14
1.07434e-16
5.95401e-19
1.54283e-21
5.77333e-25
0.000300796
0.000280052
0.000264034
0.000270293
0.000295987
0.000328959
0.000362446
0.000394608
0.000424663
0.000454937
0.000485824
0.000515397
0.000542154
0.000564453
0.000580597
0.000588944
0.000588068
0.00057692
0.000555024
0.000522624
0.000480766
0.00043128
0.000376603
0.000319481
0.00026256
0.000208
0.000157294
0.000111461
7.15507e-05
3.9458e-05
1.6817e-05
4.21138e-06
2.48859e-07
1.3025e-10
3.34631e-14
1.71908e-16
9.624e-19
2.52885e-21
9.49915e-25
0.000279059
0.000261969
0.000277669
0.000307381
0.000338478
0.000369085
0.000397732
0.000426712
0.000456679
0.000485581
0.000511958
0.000534214
0.000550683
0.000559742
0.000559954
0.000550253
0.000530108
0.000499693
0.000459979
0.000412722
0.000360306
0.000305451
0.000250815
0.000198601
0.000150333
0.000106973
6.93458e-05
3.89361e-05
1.71819e-05
4.6723e-06
3.56907e-07
3.41548e-10
6.33353e-14
2.74779e-16
1.54697e-18
4.12291e-21
1.55587e-24
0.000260989
0.000288957
0.000317114
0.000345473
0.00037253
0.0004002
0.000429273
0.000457541
0.000483579
0.000505828
0.000522654
0.000532452
0.000533783
0.000525545
0.000507162
0.00047873
0.000441134
0.000396044
0.000345782
0.000293032
0.000240458
0.000190306
0.000144145
0.000102913
6.7284e-05
3.83901e-05
1.74825e-05
5.11602e-06
4.88354e-07
8.91631e-10
1.25574e-13
4.39834e-16
2.47427e-18
6.68686e-21
2.53638e-24
0.000298685
0.000324368
0.000349188
0.000375367
0.000403496
0.000431139
0.000456857
0.000479121
0.000496321
0.000506871
0.000509326
0.000502559
0.000485932
0.000459471
0.000423963
0.000380988
0.00033279
0.000282012
0.000231317
0.000182993
0.000138658
9.92606e-05
6.53738e-05
3.78375e-05
1.77285e-05
5.53832e-06
6.41238e-07
2.25739e-09
2.60202e-13
7.05911e-16
3.94019e-18
1.07891e-20
4.11596e-24
0.000306011
0.000328289
0.000352338
0.000379314
0.000406269
0.000431663
0.000453943
0.000471522
0.00048282
0.000486394
0.000481087
0.000466206
0.000441692
0.000408243
0.000367334
0.000321126
0.000272209
0.000223244
0.00017655
0.000133808
9.59934e-05
6.36207e-05
3.72935e-05
1.7929e-05
5.9369e-06
8.11985e-07
5.44432e-09
5.60658e-13
1.13619e-15
6.24982e-18
1.73219e-20
6.64795e-24
0.000310015
0.000331684
0.000356847
0.000382899
0.000407892
0.000430169
0.000448112
0.000460149
0.000464824
0.000460955
0.000447797
0.000425208
0.000393781
0.000354894
0.000310612
0.000263468
0.000216106
0.000170883
0.000129536
9.30865e-05
6.20265e-05
3.6771e-05
1.80927e-05
6.30961e-06
9.88547e-07
1.17566e-08
1.25159e-12
1.8343e-15
9.87413e-18
2.76807e-20
1.06875e-23
0.000313519
0.000336639
0.000361141
0.000385515
0.000407702
0.000425978
0.000438725
0.000444476
0.000442017
0.000430549
0.000409851
0.000380416
0.000343507
0.000301097
0.000255651
0.000209793
0.000165904
0.000125787
9.0517e-05
6.05861e-05
3.62816e-05
1.82278e-05
6.65634e-06
1.17328e-06
2.1346e-08
2.89385e-12
2.97426e-15
1.55332e-17
4.40371e-20
1.7103e-23
0.00031869
0.000341504
0.000364631
0.000386512
0.000405025
0.000418439
0.000425229
0.000424145
0.00041433
0.000395486
0.000368004
0.000333037
0.000292452
0.000248642
0.000204203
0.000161539
0.000122512
8.82632e-05
5.93021e-05
3.58384e-05
1.83425e-05
6.97883e-06
1.365e-06
3.62453e-08
6.97472e-12
4.85824e-15
2.43234e-17
6.97526e-20
2.72475e-23
0.000323853
0.00034571
0.000366685
0.000385222
0.000399204
0.000406982
0.000407227
0.000399025
0.000381994
0.000356427
0.000323363
0.000284564
0.000242338
0.00019925
0.00015772
0.000119667
8.6304e-05
5.81747e-05
3.5446e-05
1.84449e-05
7.27931e-06
1.56273e-06
5.79629e-08
1.75131e-11
8.03737e-15
3.79397e-17
1.10002e-19
4.32194e-23
0.000328462
0.00034864
0.000366641
0.000380988
0.000389651
0.000391172
0.000384534
0.000369275
0.000345582
0.000314384
0.000277332
0.000236651
0.000194858
0.000154387
0.000117212
8.46192e-05
5.72013e-05
3.51079e-05
1.85422e-05
7.56151e-06
1.77078e-06
8.78415e-08
4.15577e-11
1.35918e-14
5.90205e-17
1.72709e-19
6.82596e-23
0.000331922
0.000349645
0.000363843
0.000373205
0.000375901
0.000370773
0.000357237
0.000335379
0.000306011
0.000270673
0.0002315
0.000190959
0.000151487
0.00011511
8.31894e-05
5.63779e-05
3.4828e-05
1.8641e-05
7.82914e-06
1.98205e-06
1.26931e-07
9.87625e-11
2.36965e-14
9.17104e-17
2.7001e-19
1.0735e-22
0.000333598
0.000348069
0.000357675
0.000361379
0.000357669
0.000345806
0.00032574
0.000298168
0.000264514
0.000226818
0.000187493
0.000148972
0.000113327
8.19961e-05
5.56993e-05
3.46093e-05
1.87469e-05
8.08574e-06
2.19417e-06
1.7579e-07
2.37585e-10
4.28362e-14
1.42591e-16
4.20509e-19
1.68119e-22
0.000332847
0.000343291
0.000347619
0.000345184
0.000334914
0.000316597
0.000290786
0.000258788
0.000222545
0.000184408
0.000146799
0.000111834
8.10217e-05
5.51599e-05
3.44541e-05
1.88653e-05
8.33472e-06
2.40607e-06
2.34478e-07
5.6628e-10
8.04931e-14
2.22312e-16
6.52799e-19
2.62224e-22
0.000329051
0.000334773
0.000333309
0.000324519
0.000307888
0.000283805
0.000253438
0.000218627
0.000181656
0.00014493
0.0001106
8.02502e-05
5.47534e-05
3.43637e-05
1.90009e-05
8.57935e-06
2.61719e-06
3.02626e-07
1.31377e-09
1.57175e-13
3.47786e-16
1.01084e-18
4.07446e-22
0.00032167
0.000322118
0.000314592
0.000299567
0.000277168
0.000248411
0.000215016
0.000179195
0.000143331
0.000109603
7.96657e-05
5.44741e-05
3.43363e-05
1.91583e-05
8.82263e-06
2.82721e-06
3.78218e-07
2.92982e-09
3.18315e-13
5.46063e-16
1.56235e-18
6.30876e-22
0.000310292
0.000305128
0.000291585
0.000270826
0.000243655
0.000211666
0.000176986
0.000141968
0.000108817
7.9254e-05
5.43164e-05
3.43749e-05
1.93436e-05
9.06751e-06
3.03588e-06
4.58913e-07
5.49327e-09
6.67509e-13
8.60422e-16
2.41125e-18
9.73765e-22
0.000294693
0.000283863
0.000264713
0.00023912
0.000208532
0.000174991
0.000140813
0.000108221
7.90015e-05
5.42748e-05
3.44811e-05
1.95581e-05
9.31695e-06
3.24361e-06
5.4566e-07
9.62734e-09
1.45077e-12
1.36127e-15
3.71627e-18
1.49885e-21
0.000274895
0.000258682
0.000234724
0.000205561
0.00017317
0.000139834
0.000107794
7.88948e-05
5.43435e-05
3.46552e-05
1.98036e-05
9.57356e-06
3.45129e-06
6.38391e-07
1.59454e-08
3.27757e-12
2.16727e-15
5.71962e-18
2.30134e-21
0.000251209
0.000230267
0.000202663
0.000171472
0.000138999
0.000107512
7.89201e-05
5.45162e-05
3.48967e-05
2.00817e-05
9.8399e-06
3.66003e-06
7.37749e-07
2.50999e-08
7.68014e-12
3.48797e-15
8.79157e-18
3.52544e-21
0.000224262
0.000199599
0.000169801
0.000138259
0.000107349
7.90621e-05
5.47858e-05
3.52044e-05
2.03941e-05
1.01183e-05
3.87142e-06
8.45136e-07
3.77443e-08
1.79931e-11
5.70848e-15
1.34846e-17
5.38943e-21
0.000194977
0.000167901
0.00013752
0.000107262
7.93001e-05
5.51431e-05
3.55758e-05
2.07417e-05
1.0411e-05
4.08701e-06
9.58512e-07
5.44878e-08
4.02572e-11
9.56068e-15
2.06807e-17
8.22685e-21
0.000164526
0.000136528
0.000107164
7.95994e-05
5.5574e-05
3.60067e-05
2.11249e-05
1.07198e-05
4.30833e-06
1.07743e-06
7.58378e-08
9.13534e-11
1.64855e-14
3.18547e-17
1.25459e-20
0.000134219
0.000106821
7.98847e-05
5.60521e-05
3.64888e-05
2.15425e-05
1.10463e-05
4.53676e-06
1.20186e-06
1.02168e-07
2.06915e-10
2.9407e-14
4.92798e-17
1.91145e-20
0.000105373
7.99571e-05
5.65172e-05
3.70035e-05
2.19903e-05
1.13911e-05
4.77357e-06
1.33191e-06
1.33725e-07
4.6096e-10
5.43185e-14
7.67149e-17
2.91141e-20
7.91598e-05
5.68125e-05
3.75069e-05
2.24569e-05
1.17527e-05
5.01953e-06
1.46779e-06
1.70651e-07
9.98731e-10
1.03946e-13
1.19579e-16
4.43519e-20
5.64693e-05
3.78852e-05
2.29129e-05
1.21252e-05
5.27434e-06
1.60945e-06
2.11451e-07
1.90378e-09
2.06151e-13
1.88117e-16
6.77228e-20
3.78282e-05
2.32834e-05
1.24913e-05
5.53524e-06
1.75659e-06
2.57008e-07
3.38292e-09
4.2392e-13
2.98048e-16
1.03635e-19
2.33794e-05
1.2806e-05
5.7931e-06
1.90807e-06
3.0756e-07
5.71364e-09
9.06398e-13
4.75551e-16
1.5899e-19
1.2962e-05
6.02376e-06
2.05982e-06
3.62982e-07
9.21339e-09
2.01471e-12
7.65265e-16
2.44596e-19
6.17164e-06
2.20057e-06
4.2331e-07
1.424e-08
4.43973e-12
1.24584e-15
3.77509e-19
2.30502e-06
4.84264e-07
2.11532e-08
9.63151e-12
2.06121e-15
5.84983e-19
5.36279e-07
3.01137e-08
2.13348e-11
3.48481e-15
9.11275e-19
3.89582e-08
4.74821e-11
6.05401e-15
1.42971e-18
1.04746e-10
1.06453e-14
2.26317e-18
1.85513e-14
3.62018e-18
5.75615e-18
)
;

boundaryField
{
    wallTube
    {
        type            zeroGradient;
    }
    outlet
    {
        type            zeroGradient;
    }
    inletPilot
    {
        type            zeroGradient;
    }
    inletAir
    {
        type            zeroGradient;
    }
    wallOutside
    {
        type            zeroGradient;
    }
    inletCH4
    {
        type            zeroGradient;
    }
    frontAndBack_pos
    {
        type            wedge;
    }
    frontAndBack_neg
    {
        type            wedge;
    }
}


// ************************************************************************* //
