/*--------------------------------*- C++ -*----------------------------------*\
| =========                 |                                                 |
| \\      /  F ield         | OpenFOAM: The Open Source CFD Toolbox           |
|  \\    /   O peration     | Version:  1.6.x                                 |
|   \\  /    A nd           | Web:      www.OpenFOAM.org                      |
|    \\/     M anipulation  |                                                 |
\*---------------------------------------------------------------------------*/
FoamFile
{
    version     2.0;
    format      ascii;
    class       volScalarField;
    location    "7000";
    object      RR(O2);
}
// * * * * * * * * * * * * * * * * * * * * * * * * * * * * * * * * * * * * * //

dimensions      [1 -3 -1 0 0 0 0];

internalField   nonuniform List<scalar> 
4608
(
-0
-0
-0
-0
-0
-0
-0
-0
-0
-85.5644
-0
-0
-0
-0
-0
-0
-0
-242.816
-89.2436
-0
-0
-0
-0
-0
-0
-0
-0
-223.174
-81.8563
-0.73805
-18.4313
-0
-0
-0
-0
-0
-0
-0
-0
-191.261
-57.8467
-24.2823
-0.0847207
-0.00337554
-0.951592
-0
-0
-0
-0
-0
-0
-0
-0
-168.528
-46.1729
-15.0668
-12.0022
-0.0134965
-0.000737969
-1.87386e-05
-0.0719133
-0
-0
-0
-0
-0
-0
-0
-181.943
-166.835
-38.0763
-11.2021
-21.8388
-1.01333
-0.00138409
-0.000172494
-6.23014e-06
-1.05874e-07
-0.0132884
-0
-0
-0
-0
-0
-0
-0
-122.622
-130.229
-42.4794
-8.86257
-14.7789
-3.47225
-0.23712
-2.07664e-05
-1.81242e-06
-4.75042e-08
-6.09135e-10
-0.00488564
-0
-0
-0
-0
-0
-0
-0
-93.2416
-88.5827
-44.4081
-9.87949
-11.4927
-9.61307
-0.811416
-0.0551067
-2.56762e-07
-1.7071e-08
-3.50118e-10
-4.65816e-12
-0.00029602
-0
-0
-0
-0
-0
-0
-0
-76.3267
-65.3581
-36.5617
-12.366
-7.57783
-15.0755
-2.36321
-0.186098
-0.00779395
-2.79953e-09
-1.50227e-10
-3.49354e-12
-4.29896e-14
-1.23762e-06
-0
-0
-0
-0
-0
-0
-0
-64.5652
-53.9629
-28.559
-11.1126
-5.47968
-24.018
-3.96424
-0.555478
-0.0294614
-0.000318279
-2.78716e-11
-2.20631e-12
-3.715e-14
-0
-2.05869e-09
-0
-0
-0
-0
-0
-0
-0
-63.0373
-47.5504
-23.22
-8.8875
-4.12589
-18.8724
-6.84672
-1.01687
-0.0929779
-0.00265585
-1.22294e-06
-5.86802e-13
-3.23571e-14
-0
-0
-2.14102e-11
-0
-0
-0
-0
-0
-0
-0
-60.858
-47.0819
-19.361
-7.13074
-3.23727
-10.6102
-24.3205
-1.88674
-0.18977
-0.0119648
-3.37579e-05
-2.6643e-09
-1.02031e-14
-0
-0
-0
-8.43144e-13
-0
-0
-0
-0
-0
-0
-111.999
-53.9573
-48.4689
-18.507
-5.65123
-2.65744
-7.31276
-44.294
-6.75251
-0.376341
-0.0308454
-0.000471223
-6.21956e-08
-3.52033e-11
-0
-0
-0
-0
-9.07134e-14
-0
-0
-0
-0
-0
-0
-89.5518
-46.825
-46.2889
-20.1852
-5.09734
-2.24392
-5.25275
-30.0209
-12.5405
-1.42027
-0.0686289
-0.00303112
-1.3907e-06
-3.53317e-10
-1.29028e-12
-0
-0
-0
-0
-1.28536e-14
-0
-0
-0
-0
-0
-0
-73.8207
-40.9961
-42.4702
-19.9543
-5.48344
-2.09393
-4.1799
-18.1082
-20.6865
-2.67981
-0.260592
-0.00996366
-3.97338e-05
-2.80854e-09
-8.86595e-12
-1.36851e-13
-0
-0
-0
-0
-1.8255e-15
-0
-0
-0
-0
-0
-0
-63.0395
-37.5705
-38.1644
-17.835
-5.51521
-2.17584
-3.66577
-12.8665
-28.4474
-4.6534
-0.5349
-0.0427988
-0.000505835
-4.8532e-08
-4.70643e-11
-6.23216e-13
-2.05773e-14
-0
-0
-0
-0
-2.36804e-16
-0
-0
-0
-0
-0
-0
-57.5465
-36.2446
-34.934
-15.2952
-5.2282
-2.1905
-3.21544
-10.3724
-25.4013
-7.02919
-0.986826
-0.0987258
-0.00527012
-1.52425e-06
-2.20173e-10
-2.01417e-12
-8.46907e-14
-3.15441e-15
-0
-0
-0
-0
-2.71136e-17
-0
-0
-0
-0
-0
-0
-54.5884
-35.0681
-33.4163
-13.358
-4.76078
-2.14505
-2.76797
-8.07625
-19.5482
-10.6874
-1.63437
-0.196887
-0.0166743
-0.000135181
-1.77965e-09
-6.28063e-12
-2.33825e-13
-1.3917e-14
-4.33522e-16
-0
-0
-0
-0
-2.69533e-18
-0
-0
-0
-0
-0
-64.7835
-51.7616
-33.7922
-29.906
-12.3119
-4.38075
-2.05831
-2.52173
-6.13209
-14.4166
-15.2114
-2.66476
-0.354097
-0.0367903
-0.00168398
-1.70422e-07
-2.52593e-11
-5.25559e-13
-3.87107e-14
-2.20022e-15
-5.08348e-17
-0
-0
-0
-0
-2.29731e-19
-0
-0
-0
-0
-64.8991
-49.0131
-32.237
-26.0126
-11.3771
-4.2112
-1.98782
-2.37903
-5.22974
-10.2962
-20.7383
-4.08519
-0.620083
-0.0726472
-0.00601696
-1.7461e-05
-2.46009e-10
-1.18266e-12
-8.22809e-14
-6.70786e-15
-3.01789e-16
-4.98486e-18
-0
-0
-0
-0
-1.65751e-20
-0
-0
-0
-58.2549
-45.0579
-27.7083
-22.3706
-10.4717
-4.05192
-1.96275
-2.26108
-4.69297
-8.51568
-25.2375
-6.01539
-1.02638
-0.136841
-0.0134244
-0.00030558
-1.0594e-08
-4.37935e-12
-1.58494e-13
-1.51019e-14
-1.0482e-15
-3.43579e-17
-4.03977e-19
-0
-0
-0
-0
-9.98218e-22
-0
-30.8148
-52.4143
-42.0286
-23.3531
-19.2168
-9.54751
-3.8845
-1.93286
-2.13377
-4.2294
-7.42478
-19.9704
-7.92421
-1.63954
-0.242565
-0.0279951
-0.00188046
-7.15449e-07
-3.36448e-11
-3.18409e-13
-2.91267e-14
-2.62834e-15
-1.37304e-16
-3.18327e-18
-2.67686e-20
-0
-0
-0
-0
-4.9449e-23
-44.0281
-47.9705
-39.3
-19.5596
-16.4392
-8.62846
-3.69914
-1.90414
-2.01295
-3.74974
-6.49159
-16.516
-10.9499
-2.30838
-0.416724
-0.0537135
-0.00489852
-2.91929e-05
-4.0643e-10
-8.58043e-13
-5.14242e-14
-5.42704e-15
-3.91077e-16
-1.45666e-17
-2.37207e-19
-1.43395e-21
-0
-0
-0
-0
-1.98537e-24
-49.5677
-45.0582
-36.3975
-16.2525
-13.9625
-7.73544
-3.48876
-1.87485
-1.93597
-3.3422
-5.57208
-13.665
-13.9335
-3.30652
-0.630923
-0.0985987
-0.0105606
-0.000357771
-1.74061e-08
-3.80425e-12
-9.08479e-14
-9.83271e-15
-8.94021e-16
-4.7255e-17
-1.22998e-18
-1.40719e-20
-6.13438e-23
-0
-0
-0
-6.32337e-26
-45.2426
-43.5655
-32.3435
-13.4237
-11.7641
-6.87645
-3.26089
-1.83645
-1.89065
-3.09379
-4.82035
-11.0977
-16.6424
-4.4193
-0.94221
-0.160148
-0.0214285
-0.00154942
-1.04607e-06
-2.83236e-11
-1.82652e-13
-1.62825e-14
-1.75116e-15
-1.21231e-16
-4.52005e-18
-8.17035e-20
-6.5756e-22
-2.06753e-24
-0
-0
-1.62005e-27
-39.8399
-42.9375
-25.0406
-11.0034
-9.85593
-6.05302
-3.02411
-1.78698
-1.85538
-2.93187
-4.37226
-9.16453
-19.264
-5.54302
-1.32348
-0.250845
-0.0378659
-0.00388675
-2.86311e-05
-3.9953e-10
-5.07121e-13
-2.65442e-14
-3.04859e-15
-2.62337e-16
-1.30371e-17
-3.37256e-19
-4.22492e-21
-2.39225e-23
-5.41582e-26
-0
-1.39866e-29
-36.8516
-39.2324
-19.5723
-8.9332
-8.20222
-5.28574
-2.77986
-1.7269
-1.81672
-2.80018
-4.06959
-8.07448
-19.7077
-6.71282
-1.74526
-0.370686
-0.0628343
-0.00782072
-0.000309295
-1.49657e-08
-2.44651e-12
-4.61984e-14
-4.9361e-15
-4.97738e-16
-3.14049e-17
-1.08946e-18
-1.94061e-20
-1.68254e-22
-6.69479e-25
-1.11247e-27
-0
-35.4445
-35.549
-15.2324
-7.17389
-6.76499
-4.58307
-2.53545
-1.65602
-1.76899
-2.67287
-3.81841
-7.29747
-16.8391
-8.06911
-2.21502
-0.515624
-0.0979577
-0.014309
-0.00115323
-7.70869e-07
-1.91918e-11
-9.52452e-14
-7.78315e-15
-8.57619e-16
-6.57437e-17
-2.9224e-18
-6.97791e-20
-8.52045e-22
-5.10748e-24
-1.44163e-26
-2.75003e-30
-0
-35.8647
-28.5713
-11.7275
-5.67135
-5.52306
-3.94033
-2.2995
-1.57941
-1.71256
-2.5414
-3.58222
-6.63987
-14.6888
-9.82128
-2.76232
-0.688539
-0.143381
-0.0239488
-0.00263395
-2.00422e-05
-2.498e-10
-2.71258e-13
-1.26341e-14
-1.38787e-15
-1.23434e-16
-6.77122e-18
-2.07772e-19
-3.38589e-21
-2.82458e-23
-1.16276e-25
-2.53416e-28
-0
-0
-35.0157
-19.9878
-8.84923
-4.38785
-4.44827
-3.35433
-2.07488
-1.50365
-1.66097
-2.40897
-3.35058
-6.04367
-12.884
-11.5751
-3.46002
-0.894055
-0.200444
-0.0372342
-0.00499893
-0.000193678
-8.12986e-09
-1.27403e-12
-2.26108e-14
-2.18423e-15
-2.13765e-16
-1.39618e-17
-5.32288e-19
-1.11362e-20
-1.23104e-22
-7.00485e-25
-1.9363e-27
-0
-0
-0
-31.4973
-13.9477
-6.48867
-3.31053
-3.51832
-2.8229
-1.86003
-1.43096
-1.62088
-2.30682
-3.12874
-5.49353
-11.3216
-13.1469
-4.22002
-1.1549
-0.271172
-0.0548582
-0.00861783
-0.000682325
-3.30004e-07
-1.07748e-11
-4.80626e-14
-3.4785e-15
-3.5074e-16
-2.62708e-17
-1.20727e-18
-3.14482e-20
-4.4478e-22
-3.32166e-24
-1.28043e-26
-1.00186e-29
-0
-0
-0
-21.1192
-9.42689
-4.61399
-2.44076
-2.72456
-2.34355
-1.65724
-1.36072
-1.59069
-2.23787
-2.96617
-4.99676
-9.95948
-14.4791
-4.96445
-1.45752
-0.362525
-0.0776088
-0.0137149
-0.0015326
-7.72985e-06
-1.08379e-10
-1.35466e-13
-5.84136e-15
-5.60654e-16
-4.61449e-17
-2.48114e-18
-7.83633e-20
-1.37867e-21
-1.30926e-23
-6.55014e-26
-1.72405e-28
-0
-0
-0
-0
-12.3698
-6.19782
-3.20504
-1.77275
-2.06866
-1.91606
-1.46778
-1.29293
-1.56571
-2.19041
-2.85929
-4.65285
-8.79072
-15.5733
-5.65284
-1.77697
-0.474164
-0.107501
-0.0205668
-0.00281173
-7.59959e-05
-2.16722e-09
-5.5716e-13
-1.07901e-14
-8.97577e-16
-7.73447e-17
-4.71484e-18
-1.76092e-19
-3.76369e-21
-4.43327e-23
-2.81039e-25
-9.19666e-28
-0
-0
-0
-0
-0
-7.4407
-4.03049
-2.20171
-1.28323
-1.55057
-1.54401
-1.29219
-1.22577
-1.54205
-2.15309
-2.7852
-4.42404
-8.02483
-16.4526
-6.27186
-2.09454
-0.600031
-0.145465
-0.0297976
-0.00469689
-0.000319991
-6.31582e-08
-3.90818e-12
-2.28153e-14
-1.47626e-15
-1.26404e-16
-8.43938e-18
-3.63505e-19
-9.23746e-21
-1.3205e-22
-1.03411e-24
-4.37967e-27
-1.2244e-30
-0
-0
-0
-0
-0
-4.58666
-2.628
-1.51435
-0.937998
-1.15979
-1.23217
-1.13215
-1.16075
-1.51693
-2.11884
-2.72629
-4.25454
-7.50081
-15.2077
-6.82253
-2.40055
-0.733525
-0.190655
-0.0419337
-0.00739271
-0.000749959
-1.50738e-06
-3.06428e-11
-5.86114e-14
-2.55377e-15
-2.05487e-16
-1.4486e-17
-7.00681e-19
-2.07355e-20
-3.53203e-22
-3.35103e-24
-1.74496e-26
-2.42567e-29
-0
-0
-0
-0
-0
-0
-2.89044
-1.73307
-1.05509
-0.701715
-0.876853
-0.982177
-0.990517
-1.09838
-1.49031
-2.08374
-2.67287
-4.11287
-7.08892
-13.9207
-7.49093
-2.69173
-0.869968
-0.241407
-0.0570918
-0.0110342
-0.00141505
-1.80498e-05
-3.3992e-10
-1.95533e-13
-4.75554e-15
-3.38364e-16
-2.42446e-17
-1.28076e-18
-4.32041e-20
-8.61351e-22
-9.72406e-24
-6.04517e-26
-1.90792e-28
-0
-0
-0
-0
-0
-0
-0
-1.8609
-1.16448
-0.753313
-0.544147
-0.678959
-0.790756
-0.870117
-1.04001
-1.46235
-2.0472
-2.62015
-3.98463
-6.73495
-12.8689
-8.1715
-3.02258
-1.00687
-0.296457
-0.075036
-0.0157823
-0.00238005
-0.000113195
-6.48445e-09
-9.16818e-13
-9.75215e-15
-5.73239e-16
-4.01888e-17
-2.25171e-18
-8.47041e-20
-1.94213e-21
-2.57051e-23
-1.90041e-25
-7.40767e-28
-0
-0
-0
-0
-0
-0
-0
-1.22691
-0.803821
-0.557826
-0.442027
-0.544852
-0.65049
-0.772522
-0.987569
-1.43388
-2.00958
-2.56714
-3.86352
-6.41743
-11.9628
-8.77372
-3.37565
-1.15888
-0.354893
-0.0954745
-0.0216962
-0.00374912
-0.000297458
-1.42685e-07
-6.79883e-12
-2.24663e-14
-1.0127e-15
-6.69184e-17
-3.85949e-18
-1.58202e-19
-4.098e-21
-6.26688e-23
-5.46225e-25
-2.55732e-27
-6.65625e-31
-0
-0
-0
-0
-0
-0
-0.832876
-0.575803
-0.433397
-0.378486
-0.457128
-0.552117
-0.6975
-0.942928
-1.40629
-1.97178
-2.5142
-3.74781
-6.12689
-11.1661
-9.26612
-3.71796
-1.32577
-0.419891
-0.118177
-0.0287639
-0.00556778
-0.000620444
-2.18129e-06
-4.64684e-11
-6.11525e-14
-1.88165e-15
-1.13317e-16
-6.53191e-18
-2.84792e-19
-8.18274e-21
-1.4252e-22
-1.43537e-24
-8.09272e-27
-1.03857e-29
-0
-0
-0
-0
-0
-0
-0.587051
-0.43288
-0.356395
-0.34174
-0.402574
-0.486524
-0.643286
-0.907476
-1.38126
-1.93516
-2.46226
-3.63767
-5.85934
-10.4581
-9.64508
-4.02931
-1.49805
-0.492802
-0.143873
-0.0369659
-0.00783869
-0.00108233
-1.8356e-05
-4.55414e-10
-2.05392e-13
-3.71669e-15
-1.96713e-16
-1.1044e-17
-4.99691e-19
-1.56203e-20
-3.05135e-22
-3.50876e-24
-2.27687e-26
-6.39901e-29
-0
-0
-0
-0
-0
-0
-0.434251
-0.344994
-0.311209
-0.323753
-0.371636
-0.445871
-0.607251
-0.881925
-1.36049
-1.90136
-2.41265
-3.53397
-5.61343
-9.82603
-9.9188
-4.30104
-1.66669
-0.571706
-0.173237
-0.0464817
-0.0105935
-0.00171595
-8.60389e-05
-6.66756e-09
-9.13409e-13
-7.86174e-15
-3.52114e-16
-1.88329e-17
-8.63629e-19
-2.87824e-20
-6.21044e-22
-8.06606e-24
-6.01713e-26
-2.6645e-28
-0
-0
-0
-0
-0
-0
-0.340634
-0.293114
-0.287617
-0.31914
-0.357619
-0.423951
-0.586546
-0.866379
-1.34548
-1.87217
-2.36696
-3.43787
-5.3889
-9.26136
-10.0974
-4.53153
-1.82575
-0.653534
-0.206115
-0.0575739
-0.0138949
-0.00255663
-0.000207712
-1.09488e-07
-5.7955e-12
-1.81085e-14
-6.50962e-16
-3.26241e-17
-1.48442e-18
-5.16764e-20
-1.21175e-21
-1.75464e-23
-1.49639e-25
-7.18105e-28
-0
-0
-0
-0
-0
-0
-0.285269
-0.265153
-0.278976
-0.324341
-0.355945
-0.416127
-0.578543
-0.860513
-1.33745
-1.84933
-2.32699
-3.3508
-5.18592
-8.75861
-10.1882
-4.72182
-1.97236
-0.735264
-0.241759
-0.0703545
-0.017833
-0.00362617
-0.000409062
-1.32881e-06
-3.53251e-11
-4.71525e-14
-1.24589e-15
-5.7645e-17
-2.55838e-18
-9.11941e-20
-2.28487e-21
-3.64231e-23
-3.47654e-25
-1.90328e-27
-4.92564e-31
-0
-0
-0
-0
-0
-0.255053
-0.253422
-0.280993
-0.337039
-0.36354
-0.419065
-0.581045
-0.863781
-1.33725
-1.83435
-2.29454
-3.27439
-5.00507
-8.31362
-10.1952
-4.87274
-2.10532
-0.815162
-0.279493
-0.0847356
-0.0224876
-0.00493334
-0.00068791
-9.89565e-06
-2.62399e-10
-1.4349e-13
-2.48215e-15
-1.04009e-16
-4.44936e-18
-1.5947e-19
-4.19672e-21
-7.26405e-23
-7.66537e-25
-4.64072e-27
-2.85418e-30
-0
-0
-0
-0
-0
-0.24174
-0.253035
-0.29092
-0.355757
-0.378377
-0.430446
-0.592336
-0.875567
-1.34541
-1.82843
-2.27127
-3.21037
-4.84716
-7.92337
-10.1204
-4.98398
-2.2237
-0.892155
-0.318444
-0.100548
-0.0278955
-0.0065171
-0.00105702
-4.59542e-05
-2.76529e-09
-5.35686e-13
-5.16581e-15
-1.91753e-16
-7.83939e-18
-2.78296e-19
-7.56303e-21
-1.40163e-22
-1.62548e-24
-1.11128e-26
-2.30552e-29
-0
-0
-0
-0
-0
-0.240132
-0.260902
-0.307027
-0.379644
-0.399152
-0.448692
-0.61113
-0.895278
-1.36219
-1.83236
-2.25852
-3.16028
-4.71314
-7.58556
-9.9645
-5.05438
-2.32627
-0.965315
-0.357912
-0.117541
-0.034052
-0.00841645
-0.00153637
-0.000110115
-3.50672e-08
-2.63659e-12
-1.133e-14
-3.60651e-16
-1.40235e-17
-4.87472e-19
-1.3465e-20
-2.63329e-22
-3.31616e-24
-2.54461e-26
-8.78588e-29
-0
-0
-0
-0
-0
-0.246958
-0.275089
-0.328293
-0.408518
-0.425137
-0.472775
-0.636498
-0.922384
-1.38761
-1.84662
-2.25723
-3.12537
-4.6038
-7.29827
-9.7292
-5.08227
-2.41153
-1.0336
-0.397271
-0.135466
-0.0409148
-0.0106523
-0.00215632
-0.00021796
-3.81658e-07
-1.54471e-11
-2.68866e-14
-6.9104e-16
-2.547e-17
-8.6071e-19
-2.38307e-20
-4.84757e-22
-6.54259e-24
-5.45003e-26
-2.76536e-28
-0
-0
-0
-0
-0
-0.260179
-0.294445
-0.354346
-0.442723
-0.456311
-0.502157
-0.667813
-0.95643
-1.42154
-1.87131
-2.26792
-3.10645
-4.51963
-7.0596
-9.41758
-5.06625
-2.47762
-1.09599
-0.435806
-0.154155
-0.048425
-0.0132309
-0.00290957
-0.000375504
-2.9078e-06
-8.28265e-11
-7.09563e-14
-1.35284e-15
-4.6884e-17
-1.53578e-18
-4.21471e-20
-8.79519e-22
-1.25734e-23
-1.13083e-25
-5.89383e-28
-0
-0
-0
-0
-0
-0.278581
-0.31847
-0.385346
-0.482828
-0.493174
-0.537089
-0.704873
-0.997082
-1.46373
-1.9063
-2.29074
-3.10385
-4.46061
-6.86745
-9.03496
-5.00564
-2.52271
-1.1512
-0.473078
-0.173494
-0.0565287
-0.016151
-0.00380546
-0.000580031
-1.50531e-05
-5.86101e-10
-2.13969e-13
-2.71314e-15
-8.73111e-17
-2.77118e-18
-7.48053e-20
-1.58105e-21
-2.36504e-23
-2.28795e-25
-1.38349e-27
-3.3149e-31
-0
-0
-0
-0
-0.301597
-0.347193
-0.421748
-0.529621
-0.536375
-0.578331
-0.748657
-1.0445
-1.51395
-1.95125
-2.32546
-3.11738
-4.42621
-6.71937
-8.5889
-4.90094
-2.54524
-1.19787
-0.508403
-0.193117
-0.0651785
-0.0194074
-0.00485607
-0.000844999
-4.43817e-05
-5.38253e-09
-7.82558e-13
-5.5892e-15
-1.64171e-16
-5.05387e-18
-1.33621e-19
-2.82959e-21
-4.37489e-23
-4.48615e-25
-2.95578e-27
-1.6039e-30
-0
-0
-0
-0
-0.329194
-0.380982
-0.464251
-0.584438
-0.586766
-0.626654
-0.800546
-1.10104
-1.57271
-2.0058
-2.37164
-3.14648
-4.41536
-6.61242
-8.08886
-4.75396
-2.54416
-1.23469
-0.540956
-0.212646
-0.0742763
-0.0229917
-0.0060702
-0.00118084
-9.41055e-05
-5.34416e-08
-3.62037e-12
-1.20101e-14
-3.10809e-16
-9.30075e-18
-2.40573e-19
-5.06219e-21
-8.00106e-23
-8.64942e-25
-5.88145e-27
-5.51423e-30
-0
-0
-0
-0
-0.361697
-0.420465
-0.514002
-0.648945
-0.645854
-0.68301
-0.861455
-1.169
-1.64515
-2.0707
-2.4288
-3.19027
-4.42653
-6.54326
-7.54553
-4.56777
-2.51906
-1.26053
-0.56995
-0.231583
-0.0837199
-0.0268843
-0.0074508
-0.00159621
-0.000171987
-4.42453e-07
-1.87109e-11
-2.75471e-14
-5.93213e-16
-1.723e-17
-4.36712e-19
-9.08113e-21
-1.45215e-22
-1.6327e-24
-1.18381e-26
-2.93461e-29
-0
-0
-0
-0
-0.399697
-0.466668
-0.572513
-0.725866
-0.715422
-0.749202
-0.932525
-1.24909
-1.73447
-2.15456
-2.49785
-3.24789
-4.45796
-6.50822
-6.9701
-4.34652
-2.47024
-1.2745
-0.594604
-0.249605
-0.0934438
-0.0310576
-0.00899731
-0.002085
-0.000279758
-2.68415e-06
-8.89031e-11
-6.88596e-14
-1.14537e-15
-3.20603e-17
-7.98668e-19
-1.63653e-20
-2.62606e-22
-3.04357e-24
-2.31932e-26
-9.42688e-29
-0
-0
-0
-0
-0.44416
-0.520985
-0.642152
-0.818886
-0.79852
-0.827194
-1.01645
-1.34266
-1.84022
-2.26068
-2.59072
-3.32047
-4.50795
-6.50358
-6.37365
-4.09512
-2.39867
-1.27602
-0.614185
-0.26629
-0.103202
-0.0354843
-0.0107065
-0.00264986
-0.000416435
-1.2013e-05
-5.33396e-10
-1.92482e-13
-2.24275e-15
-5.98458e-17
-1.46933e-18
-2.96627e-20
-4.74425e-22
-5.61288e-24
-4.52733e-26
-2.1167e-28
-0
-0
-0
-0
-0.496423
-0.585549
-0.7262
-0.933079
-0.899168
-0.920595
-1.11548
-1.45427
-1.964
-2.38649
-2.71049
-3.42781
-4.57767
-6.52594
-5.76651
-3.81892
-2.30588
-1.26488
-0.628084
-0.281169
-0.112766
-0.0400972
-0.012573
-0.00329507
-0.000588704
-3.04298e-05
-4.04377e-09
-6.31942e-13
-4.4702e-15
-1.11929e-16
-2.71494e-18
-5.4077e-20
-8.5857e-22
-1.02814e-23
-8.58615e-26
-4.53233e-28
-0
-0
-0
-0
-0.558507
-0.663358
-0.829224
-1.07716
-1.02285
-1.03397
-1.23488
-1.58604
-2.11425
-2.53411
-2.85248
-3.57101
-4.70228
-6.57576
-5.15823
-3.5234
-2.19389
-1.24116
-0.63583
-0.293839
-0.121829
-0.0448178
-0.0145818
-0.00402343
-0.000801622
-6.19363e-05
-3.3294e-08
-2.53658e-12
-9.18682e-15
-2.09476e-16
-5.02954e-18
-9.90997e-20
-1.55848e-21
-1.87527e-23
-1.6022e-25
-9.60855e-28
-1.78609e-31
-0
-0
-0
-0.63327
-0.758618
-0.958829
-1.26436
-1.17928
-1.17349
-1.38052
-1.74669
-2.2912
-2.71683
-3.0194
-3.74012
-4.87601
-5.97272
-4.5594
-3.21411
-2.06502
-1.20528
-0.637097
-0.303931
-0.13022
-0.0496094
-0.0167109
-0.00483349
-0.00105989
-0.000110359
-2.40245e-07
-1.23178e-11
-1.98296e-14
-3.92915e-16
-9.32478e-18
-1.82368e-19
-2.84001e-21
-3.41835e-23
-2.98855e-25
-1.79537e-27
-7.74937e-31
-0
-0
-0
-0.724741
-0.878196
-1.12685
-1.52091
-1.38285
-1.35054
-1.56019
-1.94372
-2.51065
-2.93064
-3.22918
-3.93979
-5.0789
-5.14442
-4.0089
-2.89774
-1.92192
-1.1579
-0.631716
-0.311114
-0.137724
-0.0543305
-0.0189405
-0.0057204
-0.00135793
-0.000177399
-1.35249e-06
-5.12529e-11
-4.56963e-14
-7.41234e-16
-1.72805e-17
-3.36552e-19
-5.19619e-21
-6.23367e-23
-5.54015e-25
-3.33071e-27
-2.46206e-30
-0
-0
-0
-0.839433
-1.03293
-1.35628
-1.86087
-1.6626
-1.58142
-1.79008
-2.18724
-2.78112
-3.20074
-3.47322
-4.19893
-5.07665
-4.38629
-3.50713
-2.59337
-1.76807
-1.09998
-0.619665
-0.31512
-0.144119
-0.058856
-0.0212308
-0.00667819
-0.00169494
-0.000260518
-5.82224e-06
-2.47489e-10
-1.14579e-13
-1.40927e-15
-3.19928e-17
-6.21975e-19
-9.54082e-21
-1.13899e-22
-1.01893e-24
-6.33416e-27
-7.00024e-30
-0
-0
-0
-0.987696
-1.24363
-1.69799
-1.20283
-1.78681
-1.89999
-2.09091
-2.5026
-3.11549
-3.53415
-3.78591
-4.45043
-4.20137
-3.6984
-3.04063
-2.30674
-1.61232
-1.03299
-0.601101
-0.315749
-0.149196
-0.0630432
-0.0235353
-0.00769667
-0.00207115
-0.000363607
-1.56344e-05
-1.47829e-09
-3.24e-13
-2.70648e-15
-5.9139e-17
-1.14973e-18
-1.75681e-20
-2.08604e-22
-1.87319e-24
-1.1888e-26
-3.1112e-29
-0
-0
-0
-1.18929
-1.55639
-1.25945
-0.788034
-1.16442
-1.68923
-2.19262
-2.54917
-2.733
-3.08595
-3.48563
-3.56881
-3.43475
-3.10383
-2.6086
-2.03451
-1.45963
-0.960676
-0.576476
-0.312885
-0.152782
-0.0667693
-0.0258158
-0.00876163
-0.00248606
-0.000488093
-3.22282e-05
-1.02755e-08
-1.07684e-12
-5.29234e-15
-1.09087e-16
-2.12322e-18
-3.24112e-20
-3.83019e-22
-3.44038e-24
-2.22732e-26
-9.1065e-29
-0
-0
-0
-1.48811
-1.30448
-0.818654
-0.522048
-0.76739
-1.11555
-1.48188
-1.79331
-2.00422
-2.32828
-2.69369
-2.82976
-2.79074
-2.57792
-2.22313
-1.77664
-1.31043
-0.886055
-0.547157
-0.306554
-0.154728
-0.0699363
-0.0280194
-0.00985746
-0.00293668
-0.000638279
-5.82925e-05
-6.90092e-08
-4.26817e-12
-1.0677e-14
-2.00857e-16
-3.91348e-18
-5.98419e-20
-7.04894e-22
-6.32096e-24
-4.15773e-26
-2.01602e-28
-0
-0
-0
-1.32831
-0.842843
-0.539235
-0.349369
-0.510697
-0.742819
-1.00209
-1.24765
-1.44594
-1.7284
-2.05316
-2.21675
-2.24428
-2.1249
-1.87666
-1.5393
-1.16531
-0.810293
-0.514613
-0.29714
-0.154942
-0.0724408
-0.0300743
-0.0109643
-0.00341796
-0.000809757
-9.52675e-05
-3.90834e-07
-1.89788e-11
-2.25489e-14
-3.70264e-16
-7.19334e-18
-1.10477e-19
-1.29936e-21
-1.16378e-23
-7.69338e-26
-3.48481e-28
-0
-0
-0
-0.85559
-0.552841
-0.359243
-0.23618
-0.343032
-0.498422
-0.679572
-0.863542
-1.02973
-1.26227
-1.54038
-1.71327
-1.78365
-1.73437
-1.57096
-1.32148
-1.02742
-0.734129
-0.479723
-0.285211
-0.153461
-0.07419
-0.0319154
-0.0120562
-0.00392313
-0.00100001
-0.000142096
-1.75177e-06
-7.27353e-11
-5.04717e-14
-6.84912e-16
-1.31815e-17
-2.03717e-19
-2.39894e-21
-2.14468e-23
-1.43284e-25
-6.72045e-28
-0
-0
-0
-0.560018
-0.36711
-0.241954
-0.161412
-0.2326
-0.337009
-0.462706
-0.596684
-0.727136
-0.909455
-1.13705
-1.30409
-1.39904
-1.39953
-1.30243
-1.12449
-0.897618
-0.659199
-0.443064
-0.271223
-0.150439
-0.0751352
-0.0334749
-0.0131052
-0.00444353
-0.00120738
-0.00019883
-5.89612e-06
-3.29508e-10
-1.22268e-13
-1.27296e-15
-2.40802e-17
-3.74914e-19
-4.43021e-21
-3.95923e-23
-2.64031e-25
-1.31831e-27
-2.9367e-31
-0
-0
-0.371275
-0.246596
-0.164839
-0.111711
-0.159366
-0.229738
-0.316625
-0.41256
-0.511028
-0.649048
-0.827708
-0.976995
-1.08135
-1.11501
-1.06793
-0.947738
-0.77711
-0.586504
-0.405468
-0.255509
-0.146047
-0.0752841
-0.0347024
-0.0140868
-0.00496899
-0.00143005
-0.000266656
-1.28662e-05
-1.8057e-09
-3.31623e-13
-2.38429e-15
-4.38404e-17
-6.88201e-19
-8.17805e-21
-7.31542e-23
-4.88235e-25
-2.34721e-27
-1.07689e-30
-0
-0
-0.249068
-0.167625
-0.113775
-0.0784963
-0.110524
-0.158066
-0.217988
-0.28596
-0.35848
-0.460488
-0.596314
-0.72162
-0.823017
-0.875867
-0.864902
-0.790233
-0.666358
-0.517012
-0.367635
-0.238466
-0.140428
-0.0746709
-0.0355785
-0.0149753
-0.00548859
-0.00166547
-0.000346228
-2.45406e-05
-1.0914e-08
-1.04327e-12
-4.53583e-15
-7.95301e-17
-1.25921e-18
-1.50795e-20
-1.35257e-22
-9.0413e-25
-4.44251e-27
-3.07983e-30
-0
-0
-0.169118
-0.115473
-0.0797607
-0.0561879
-0.077791
-0.109959
-0.151212
-0.199039
-0.251601
-0.325772
-0.426683
-0.527078
-0.617533
-0.677857
-0.691037
-0.651095
-0.565431
-0.451395
-0.33022
-0.220482
-0.133746
-0.0733346
-0.036093
-0.0157415
-0.00599054
-0.00190991
-0.000438172
-4.18718e-05
-6.24732e-08
-3.8075e-12
-8.86312e-15
-1.43888e-16
-2.29534e-18
-2.77535e-20
-2.50147e-22
-1.67568e-24
-8.08412e-27
-8.01082e-30
-0
-0
-0.116389
-0.0808116
-0.0569797
-0.0411211
-0.0557509
-0.0775393
-0.10589
-0.139379
-0.177068
-0.230397
-0.304157
-0.381955
-0.457934
-0.517245
-0.544285
-0.529525
-0.474297
-0.390077
-0.293772
-0.201935
-0.126179
-0.0713259
-0.0362424
-0.0163654
-0.00646185
-0.00215858
-0.000539057
-6.54226e-05
-3.05527e-07
-1.57102e-11
-1.79753e-14
-2.60319e-16
-4.16754e-18
-5.09509e-20
-4.62203e-22
-3.10321e-24
-1.51519e-26
-3.49482e-29
-0
-0
-0.0813823
-0.0576426
-0.0416324
-0.0308698
-0.0408329
-0.0556053
-0.0750528
-0.0984141
-0.125238
-0.163286
-0.216578
-0.275443
-0.336606
-0.389923
-0.422785
-0.424791
-0.392925
-0.333353
-0.258716
-0.183174
-0.11791
-0.0687068
-0.0360306
-0.0168326
-0.00689058
-0.00240602
-0.000646712
-9.4075e-05
-1.22141e-06
-5.6206e-11
-3.82073e-14
-4.71695e-16
-7.53759e-18
-9.32582e-20
-8.53175e-22
-5.75363e-24
-2.8762e-26
-6.55921e-29
-0
-0
-0.0580044
-0.042061
-0.0312136
-0.023817
-0.030664
-0.0406991
-0.0540143
-0.070261
-0.0892506
-0.116251
-0.154436
-0.198208
-0.245965
-0.291147
-0.324377
-0.336191
-0.32127
-0.281494
-0.225395
-0.164506
-0.109126
-0.0655502
-0.0354679
-0.0171329
-0.0072662
-0.00264669
-0.00075926
-0.000127779
-3.63489e-06
-2.23092e-10
-8.65839e-14
-8.56684e-16
-1.35818e-17
-1.7012e-19
-1.57182e-21
-1.06601e-23
-5.2749e-26
-1.6647e-28
-0
-0
-0.0422954
-0.0314998
-0.0240598
-0.0188822
-0.023658
-0.0305072
-0.039613
-0.0508848
-0.0642768
-0.0833684
-0.110563
-0.142695
-0.179159
-0.215909
-0.246366
-0.262796
-0.259261
-0.234737
-0.194124
-0.146195
-0.100004
-0.061937
-0.0345741
-0.0172571
-0.0075799
-0.00287514
-0.000874894
-0.000166772
-7.61201e-06
-1.04743e-09
-2.15053e-13
-1.56297e-15
-2.43763e-17
-3.09216e-19
-2.8895e-21
-1.97333e-23
-9.83343e-26
-3.795e-28
-0
-0
-0.0316558
-0.0242586
-0.0190625
-0.0153449
-0.0187517
-0.0234734
-0.0297069
-0.0375175
-0.0469388
-0.0604078
-0.0796905
-0.103045
-0.130423
-0.159441
-0.185687
-0.203271
-0.206667
-0.193288
-0.165195
-0.128493
-0.0907077
-0.057952
-0.0333763
-0.0172075
-0.00782696
-0.00308622
-0.000991636
-0.000211044
-1.41023e-05
-5.45977e-09
-6.04629e-13
-2.88101e-15
-4.35731e-17
-5.59844e-19
-5.29689e-21
-3.64573e-23
-1.82362e-25
-6.22073e-28
-0
-0
-0.0243661
-0.0192067
-0.0154847
-0.0127296
-0.0152342
-0.0185485
-0.0228397
-0.0282583
-0.0348818
-0.0443765
-0.0580066
-0.0748497
-0.0951397
-0.11755
-0.139231
-0.155921
-0.162975
-0.157248
-0.138879
-0.111644
-0.0814015
-0.0536803
-0.0319064
-0.0169888
-0.00799954
-0.00327549
-0.00110717
-0.000260621
-2.35661e-05
-2.78733e-08
-1.93678e-12
-5.41095e-15
-7.76278e-17
-1.00937e-18
-9.68133e-21
-6.7283e-23
-3.39467e-25
-1.27317e-27
-0
-0
-0.0192839
-0.0155939
-0.0128413
-0.0107278
-0.0126348
-0.0150261
-0.0180196
-0.0218
-0.0264667
-0.0331679
-0.0427856
-0.0548564
-0.0697368
-0.086749
-0.104119
-0.118879
-0.127381
-0.126542
-0.115388
-0.0958775
-0.0722479
-0.0492108
-0.0302001
-0.0166087
-0.00809298
-0.0034384
-0.001219
-0.000313287
-3.61959e-05
-1.26473e-07
-6.91343e-12
-1.04367e-14
-1.38083e-16
-1.81214e-18
-1.7634e-20
-1.23955e-22
-6.288e-25
-2.31389e-27
-0
-0
-0.0156515
-0.0129268
-0.0108185
-0.00914414
-0.0106473
-0.012435
-0.0145725
-0.0172433
-0.0205537
-0.0253036
-0.0320908
-0.0406983
-0.051517
-0.0642534
-0.077848
-0.0903032
-0.098885
-0.10089
-0.0948338
-0.0814018
-0.0634091
-0.0446364
-0.0282975
-0.0160774
-0.00810522
-0.00357095
-0.00132455
-0.000367564
-5.1586e-05
-4.85281e-07
-2.58084e-11
-2.08095e-14
-2.45601e-16
-3.24022e-18
-3.20016e-20
-2.2771e-22
-1.16335e-24
-4.2015e-27
-7.55448e-31
-0
-0.0129713
-0.0108869
-0.00921803
-0.00785752
-0.00907683
-0.0104656
-0.0120433
-0.0139712
-0.0163511
-0.0197481
-0.0245525
-0.0306695
-0.0384782
-0.0479035
-0.0583477
-0.0685073
-0.076408
-0.0798397
-0.0771992
-0.0683727
-0.0550396
-0.0400535
-0.0262434
-0.015409
-0.00803648
-0.0036699
-0.00142134
-0.000422201
-6.90596e-05
-1.53076e-06
-8.59458e-11
-4.33488e-14
-4.36953e-16
-5.77131e-18
-5.78562e-20
-4.17073e-22
-2.15208e-24
-7.86089e-27
-2.54147e-30
-0
-0.0109223
-0.00927347
-0.00791754
-0.006793
-0.00780225
-0.0089188
-0.0101298
-0.0115641
-0.0133115
-0.015778
-0.0192049
-0.0235483
-0.029152
-0.036058
-0.0439589
-0.0520332
-0.0588987
-0.0628349
-0.0623438
-0.0568746
-0.0472731
-0.0355593
-0.0240869
-0.0146208
-0.00788896
-0.00373294
-0.00150711
-0.000476102
-8.87654e-05
-3.22004e-06
-3.26624e-10
-9.60779e-14
-7.78138e-16
-1.02386e-17
-1.04196e-19
-7.61618e-22
-3.96799e-24
-1.40882e-26
-7.72044e-30
-0
-0.00930204
-0.00796257
-0.00684144
-0.00590363
-0.00674832
-0.00766941
-0.00863469
-0.00974037
-0.01106
-0.0128904
-0.0153691
-0.0184632
-0.0224707
-0.0274882
-0.0333862
-0.0396693
-0.045398
-0.0492824
-0.0500338
-0.0469154
-0.0402093
-0.0312456
-0.0218807
-0.0137337
-0.00766716
-0.00375862
-0.00157992
-0.000528214
-0.000110409
-6.02505e-06
-1.41174e-09
-2.32742e-13
-1.39142e-15
-1.80866e-17
-1.86905e-19
-1.38639e-21
-7.30279e-24
-2.63993e-26
-1.91358e-29
-0
-0.00798577
-0.00687791
-0.00594245
-0.00515758
-0.00586788
-0.00663933
-0.00743262
-0.00831494
-0.00934358
-0.0107397
-0.0125705
-0.0147958
-0.0176624
-0.0212847
-0.0256366
-0.0304391
-0.0350735
-0.038603
-0.0399789
-0.0384355
-0.0339068
-0.0271908
-0.0196778
-0.0127718
-0.00737784
-0.0037466
-0.00163808
-0.000577498
-0.000134248
-1.01876e-05
-6.39777e-09
-6.28984e-13
-2.51175e-15
-3.18207e-17
-3.33865e-19
-2.51451e-21
-1.33987e-23
-4.92761e-26
-8.04144e-29
-0
-0.00689676
-0.00597188
-0.00518857
-0.00453107
-0.00512913
-0.00577968
-0.00644439
-0.00716897
-0.00799536
-0.00909211
-0.0104814
-0.0121093
-0.0141721
-0.0167788
-0.0199589
-0.0235725
-0.0272283
-0.030266
-0.0318672
-0.0313245
-0.0283825
-0.023455
-0.0175285
-0.0117615
-0.00702995
-0.00369768
-0.00168031
-0.000622856
-0.00015916
-1.58262e-05
-2.76096e-08
-1.88504e-12
-4.60581e-15
-5.58149e-17
-5.93823e-19
-4.54392e-21
-2.45203e-23
-8.99287e-26
-2.20729e-28
-0
-0.00598715
-0.00521224
-0.00455577
-0.00400457
-0.00450839
-0.00505801
-0.00562045
-0.00622689
-0.00690751
-0.00779267
-0.00887877
-0.0100994
-0.0116036
-0.013483
-0.0157907
-0.0184725
-0.0212947
-0.0238064
-0.0253912
-0.0254408
-0.0236179
-0.0200767
-0.0154761
-0.0107295
-0.00663426
-0.00361388
-0.00170577
-0.000663228
-0.000184252
-2.29153e-05
-1.06005e-07
-6.14142e-12
-8.61946e-15
-9.77246e-17
-1.05173e-18
-8.17985e-21
-4.47191e-23
-1.64702e-25
-3.19219e-28
-0
-0.00522456
-0.00457476
-0.0040243
-0.00356129
-0.00398641
-0.0044508
-0.00492827
-0.00544114
-0.00601107
-0.00674114
-0.00761415
-0.00855669
-0.00967714
-0.0110442
-0.0127143
-0.0146822
-0.0168195
-0.0188305
-0.0202657
-0.0206284
-0.0195672
-0.0170735
-0.0135553
-0.00970159
-0.00620256
-0.00349838
-0.00171416
-0.000697664
-0.000208796
-3.10074e-05
-3.52194e-07
-2.15769e-11
-1.6538e-14
-1.70867e-16
-1.85526e-18
-1.46674e-20
-8.12945e-23
-3.03317e-25
-7.19684e-28
-0
-0.00458469
-0.00403954
-0.00357709
-0.0031866
-0.00354664
-0.00393932
-0.00434482
-0.00478046
-0.00526222
-0.00587305
-0.00659083
-0.00734046
-0.00819814
-0.00920929
-0.0104222
-0.011855
-0.0134467
-0.015013
-0.0162373
-0.0167307
-0.0161665
-0.0144445
-0.0117904
-0.00870076
-0.0057475
-0.00335551
-0.00170573
-0.00072542
-0.000232177
-3.9886e-05
-9.18884e-07
-6.56369e-11
-3.28058e-14
-2.98303e-16
-3.25966e-18
-2.61958e-20
-1.47276e-22
-5.55196e-25
-1.16705e-27
-0
-0.00404753
-0.00358935
-0.00319929
-0.00286793
-0.00317472
-0.00350773
-0.00385226
-0.00422282
-0.00463189
-0.00514713
-0.00574625
-0.00635789
-0.00703379
-0.00779977
-0.00869058
-0.009731
-0.0109
-0.0120903
-0.0130878
-0.0135995
-0.0133426
-0.0121746
-0.0101956
-0.0077462
-0.00528177
-0.00319019
-0.0016813
-0.000745983
-0.000253899
-4.95056e-05
-1.80701e-06
-2.1936e-10
-6.82865e-14
-5.20161e-16
-5.70296e-18
-4.65986e-20
-2.65899e-22
-1.01146e-24
-2.10067e-27
-0
-0.00359578
-0.00320917
-0.00287814
-0.00259477
-0.00285828
-0.00314229
-0.0034357
-0.00375127
-0.00409935
-0.00453575
-0.00504015
-0.00554826
-0.00609534
-0.00669179
-0.00735854
-0.00811736
-0.00896753
-0.00985242
-0.0106342
-0.0111003
-0.0110195
-0.0102383
-0.00877594
-0.00685254
-0.00481699
-0.00300758
-0.00164216
-0.000759099
-0.00027353
-5.96701e-05
-3.20889e-06
-8.14823e-10
-1.5247e-13
-9.08203e-16
-9.93145e-18
-8.2549e-20
-4.7822e-22
-1.83949e-24
-3.89541e-27
-0
-0.00321435
-0.0028861
-0.00260294
-0.00235849
-0.00258696
-0.00283115
-0.00308232
-0.0033518
-0.00364857
-0.00401899
-0.00444546
-0.00487213
-0.00532386
-0.00580115
-0.00631254
-0.0068728
-0.00748857
-0.00813398
-0.0087254
-0.00911536
-0.00912313
-0.00860384
-0.00752905
-0.00602973
-0.00436324
-0.00281318
-0.00159003
-0.00076476
-0.00029073
-7.04892e-05
-5.21204e-06
-3.1746e-09
-3.71541e-13
-1.59408e-15
-1.722e-17
-1.45582e-19
-8.56872e-22
-3.32859e-24
-7.15652e-27
-0
-0.00289028
-0.00260934
-0.00236497
-0.0021522
-0.00235225
-0.00256432
-0.00278107
-0.00301236
-0.0032662
-0.00358133
-0.00394266
-0.00430289
-0.00468068
-0.00507107
-0.00547391
-0.00589554
-0.00634292
-0.00680655
-0.00723928
-0.00754359
-0.00758468
-0.00723655
-0.00644671
-0.00528338
-0.0039288
-0.00261238
-0.00152693
-0.000763191
-0.000305197
-8.13295e-05
-7.85021e-06
-1.20383e-08
-9.86786e-13
-2.82502e-15
-2.97436e-17
-2.55617e-19
-1.529e-21
-6.00801e-24
-1.28424e-26
-0
-0.00261271
-0.00237009
-0.00215725
-0.00197046
-0.00214732
-0.00233353
-0.0025225
-0.00272254
-0.00294084
-0.00320984
-0.00351659
-0.00382145
-0.00413957
-0.00446375
-0.00478857
-0.00511358
-0.00544202
-0.0057717
-0.00607811
-0.00630027
-0.00634227
-0.00610135
-0.00551686
-0.0046153
-0.00351993
-0.00241016
-0.00145514
-0.000754836
-0.000316709
-9.18232e-05
-1.10852e-05
-4.18822e-08
-2.81313e-12
-5.07026e-15
-5.12173e-17
-4.46802e-19
-2.71752e-21
-1.08115e-23
-2.33094e-26
-0
-0.00237278
-0.00216127
-0.00197426
-0.00180899
-0.00196678
-0.0021321
-0.00229879
-0.00247349
-0.00266261
-0.00289345
-0.00315469
-0.00341314
-0.00368186
-0.00395342
-0.00421997
-0.00447642
-0.00472179
-0.00495518
-0.00516506
-0.00531549
-0.00534169
-0.00516448
-0.00472506
-0.00402429
-0.00314094
-0.00221088
-0.00137697
-0.000740328
-0.000325123
-0.000101675
-1.47556e-05
-1.29887e-07
-8.50263e-12
-9.23806e-15
-8.79516e-17
-7.77496e-19
-4.80999e-21
-1.93633e-23
-4.28985e-26
-1.06611e-30
-0.0021634
-0.00197735
-0.0018117
-0.00166447
-0.00180639
-0.0019547
-0.00210353
-0.00225779
-0.00242314
-0.00262263
-0.00284623
-0.00306592
-0.00329333
-0.00352179
-0.00374296
-0.00394927
-0.00413626
-0.00430192
-0.00444055
-0.00453256
-0.00453651
-0.00439469
-0.00405583
-0.00350684
-0.0027944
-0.00201806
-0.00129475
-0.00072045
-0.000330409
-0.000110642
-1.86464e-05
-3.43425e-07
-2.72208e-11
-1.71647e-14
-1.5057e-16
-1.3473e-18
-8.47719e-21
-3.45638e-23
-7.62206e-26
-3.33462e-30
-0.001979
-0.00181398
-0.00166621
-0.00153429
-0.00166283
-0.00179716
-0.0019316
-0.00206938
-0.00221544
-0.00238929
-0.00258199
-0.00276961
-0.00296253
-0.00315514
-0.00333972
-0.00350792
-0.0036531
-0.0037714
-0.00385923
-0.00390621
-0.00388766
-0.00376386
-0.00349355
-0.00305783
-0.00248139
-0.00183461
-0.00121071
-0.000696094
-0.000332648
-0.00011856
-2.27524e-05
-6.67809e-07
-7.61017e-11
-3.28085e-14
-2.56899e-16
-2.32412e-18
-1.48775e-20
-6.14543e-23
-1.35505e-25
-1.04002e-29
-0.00181522
-0.00166778
-0.00153517
-0.00141636
-0.0015335
-0.00165619
-0.00177893
-0.00190338
-0.00203378
-0.0021867
-0.00235419
-0.00251551
-0.00267985
-0.00284258
-0.00299703
-0.00313518
-0.00324947
-0.00333451
-0.00338685
-0.00340097
-0.00336294
-0.00324733
-0.00302323
-0.00267112
-0.00220167
-0.00166273
-0.0011267
-0.000668211
-0.000332017
-0.00012532
-2.69867e-05
-1.18185e-06
-2.32935e-10
-6.54594e-14
-4.37202e-16
-3.98893e-18
-2.59932e-20
-1.0889e-22
-2.42803e-25
-3.02713e-29
-0.00166866
-0.00153611
-0.00141647
-0.00130903
-0.00141635
-0.00152921
-0.00164233
-0.00175592
-0.00187355
-0.00200934
-0.00215629
-0.00229625
-0.00243715
-0.00257513
-0.00270458
-0.00281839
-0.00290903
-0.00297029
-0.00299816
-0.00298925
-0.00293626
-0.00282392
-0.00263092
-0.00234012
-0.00195399
-0.00150381
-0.00104427
-0.000637733
-0.000328778
-0.000130871
-3.13637e-05
-1.92439e-06
-7.66182e-10
-1.38749e-13
-7.43943e-16
-6.80996e-18
-4.52011e-20
-1.9209e-22
-4.29181e-25
-1.41122e-28
-0.00153667
-0.00141685
-0.00130845
-0.00121095
-0.00130971
-0.00141417
-0.00151928
-0.00162392
-0.00173107
-0.00185278
-0.00198298
-0.00210567
-0.00222753
-0.00234521
-0.002454
-0.00254783
-0.0026198
-0.00266355
-0.00267458
-0.00265016
-0.00258666
-0.00247584
-0.00230405
-0.00205811
-0.0017364
-0.00135851
-0.000964697
-0.000605542
-0.000323242
-0.000135199
-3.57208e-05
-2.91458e-06
-2.57723e-09
-3.1559e-13
-1.26983e-15
-1.15721e-17
-7.82157e-20
-3.37386e-22
-7.52723e-25
-2.48345e-28
-0.00141713
-0.00130833
-0.00120977
-0.00112102
-0.00121226
-0.00130943
-0.00140777
-0.00150496
-0.00160342
-0.00171347
-0.00182995
-0.0019387
-0.00204523
-0.00214644
-0.00223832
-0.00231573
-0.00237266
-0.00240312
-0.00240244
-0.00236795
-0.00229783
-0.00218827
-0.00203159
-0.00181861
-0.00154648
-0.00122697
-0.000889
-0.000572458
-0.000315756
-0.000138319
-3.98821e-05
-4.14628e-06
-8.38168e-09
-7.67679e-13
-2.18017e-15
-1.95753e-17
-1.34644e-19
-5.89865e-22
-1.33014e-24
-5.30335e-28
-0.00130836
-0.0012092
-0.00111929
-0.00103832
-0.00112288
-0.00121368
-0.00130621
-0.00139711
-0.0014883
-0.00158859
-0.00169376
-0.00179125
-0.00188546
-0.00197346
-0.00205167
-0.00211571
-0.00216047
-0.0021806
-0.0021716
-0.00213078
-0.00205708
-0.00194929
-0.00180393
-0.00161558
-0.00138157
-0.00110889
-0.000817854
-0.000539215
-0.000306678
-0.000140274
-4.37408e-05
-5.59023e-06
-2.53466e-08
-1.97278e-12
-3.77079e-15
-3.29773e-17
-2.30594e-19
-1.02692e-21
-2.32196e-24
-9.30276e-28
-0.00120901
-0.00111834
-0.00103611
-0.000962063
-0.00104067
-0.00112581
-0.0012133
-0.00129882
-0.00138386
-0.00147592
-0.00157166
-0.00166002
-0.00174437
-0.00182184
-0.00188914
-0.00194245
-0.00197741
-0.00198942
-0.0019744
-0.00192974
-0.00185467
-0.00174934
-0.00161305
-0.00144346
-0.00123894
-0.00100366
-0.000751734
-0.000506475
-0.000296372
-0.000141132
-4.72152e-05
-7.15214e-06
-6.98498e-08
-5.30872e-12
-6.57816e-15
-5.53307e-17
-3.92928e-19
-1.77848e-21
-4.05741e-24
-1.52848e-27
-0.00111794
-0.0010348
-0.000959425
-0.000891601
-0.000964844
-0.00104494
-0.00112799
-0.00120885
-0.00128862
-0.00137367
-0.00146148
-0.00154238
-0.00161882
-0.00168795
-0.00174665
-0.00179148
-0.00181869
-0.00182436
-0.00180495
-0.00175807
-0.00168309
-0.00158084
-0.00145229
-0.00129739
-0.00111584
-0.000910458
-0.000690933
-0.000474742
-0.00028519
-0.000140985
-5.02495e-05
-8.76802e-06
-1.59902e-07
-1.49648e-11
-1.16108e-14
-9.24255e-17
-6.66155e-19
-3.06593e-21
-7.03889e-24
-2.81012e-27
-0.00103423
-0.000957804
-0.000888589
-0.000826352
-0.000894759
-0.000970301
-0.00104939
-0.00112618
-0.00120139
-0.00128039
-0.00136147
-0.00143622
-0.00150629
-0.00156883
-0.00162083
-0.0016591
-0.00168031
-0.00168114
-0.00165857
-0.00161056
-0.0015366
-0.00143783
-0.00131618
-0.00117316
-0.00100975
-0.000828275
-0.000635509
-0.000444365
-0.000273452
-0.000139948
-5.28218e-05
-1.04303e-05
-2.9516e-07
-4.20936e-11
-2.0875e-14
-1.53657e-16
-1.12337e-18
-5.25927e-21
-1.21729e-23
-4.74012e-27
-0.000957083
-0.000886696
-0.000823014
-0.000765831
-0.000829839
-0.000901254
-0.00097677
-0.00104994
-0.00112117
-0.00119492
-0.00127023
-0.00133986
-0.00140476
-0.00146211
-0.00150894
-0.00154222
-0.00155894
-0.0015562
-0.00153148
-0.0014831
-0.00141073
-0.00131566
-0.00120029
-0.00106718
-0.000918323
-0.000756061
-0.000585334
-0.00041562
-0.00026144
-0.00013815
-5.49299e-05
-1.21071e-05
-5.02002e-07
-1.12253e-10
-3.86406e-14
-2.54346e-16
-1.88359e-18
-8.97664e-21
-2.09341e-23
-7.59314e-27
-0.000885839
-0.000820884
-0.000762214
-0.00070962
-0.000769601
-0.000837236
-0.000909513
-0.000979443
-0.00104715
-0.00111629
-0.0011866
-0.00125194
-0.00131262
-0.00136585
-0.00140873
-0.00143832
-0.0014518
-0.00144659
-0.00142057
-0.0013724
-0.00130197
-0.00121064
-0.00110108
-0.000976425
-0.000839463
-0.00069276
-0.000540169
-0.000388685
-0.000249399
-0.000135722
-5.65927e-05
-1.38181e-05
-7.93807e-07
-3.19021e-10
-7.46756e-14
-4.19907e-16
-3.13932e-18
-1.52401e-20
-3.59584e-23
-1.35565e-26
-0.000819908
-0.000759878
-0.000705764
-0.000657351
-0.000713629
-0.000777778
-0.000847071
-0.000914079
-0.000978633
-0.0010437
-0.00110965
-0.00117134
-0.00122855
-0.00127853
-0.0013184
-0.00134533
-0.0013566
-0.00134986
-0.00132326
-0.00127578
-0.00120749
-0.00111987
-0.00101569
-0.0008984
-0.000771333
-0.000637349
-0.000499707
-0.000363648
-0.000237534
-0.000132797
-5.78393e-05
-1.5497e-05
-1.17758e-06
-9.37297e-10
-1.52318e-13
-6.93086e-16
-5.20121e-18
-2.57338e-20
-6.13215e-23
-2.24575e-26
-0.000758799
-0.000703253
-0.000653297
-0.000608707
-0.00066156
-0.000722471
-0.000788992
-0.000853323
-0.000915054
-0.000976491
-0.00103859
-0.00109716
-0.00115148
-0.00119886
-0.00123649
-0.00126156
-0.00127146
-0.00126395
-0.00123741
-0.00119101
-0.00112503
-0.00104103
-0.000941823
-0.000831044
-0.000712346
-0.000588873
-0.000463596
-0.000340544
-0.000226027
-0.0001295
-5.87031e-05
-1.70903e-05
-1.65181e-06
-2.72918e-09
-3.28756e-13
-1.14612e-15
-8.57252e-18
-4.3212e-20
-1.0409e-22
-3.86018e-26
-0.000702086
-0.000650638
-0.00060449
-0.000563423
-0.000613079
-0.000670961
-0.000734882
-0.000796737
-0.000855899
-0.00091409
-0.000972771
-0.00102863
-0.00108053
-0.00112584
-0.0011618
-0.00118565
-0.00119483
-0.00118719
-0.00116121
-0.00111625
-0.0010527
-0.000972219
-0.000877638
-0.000772664
-0.000661149
-0.000546462
-0.000431465
-0.000319387
-0.000215013
-0.000125946
-5.92227e-05
-1.85682e-05
-2.20673e-06
-7.60419e-09
-7.46274e-13
-1.90181e-15
-1.40651e-17
-7.21624e-20
-1.75875e-22
-6.447e-26
-0.000649397
-0.000601711
-0.000559078
-0.00052129
-0.000567923
-0.000622941
-0.000684399
-0.000743943
-0.000800744
-0.000856
-0.000911633
-0.00096512
-0.00101497
-0.00105862
-0.00109335
-0.00111646
-0.00112544
-0.00111816
-0.00109319
-0.00104995
-0.000988951
-0.000911888
-0.00082162
-0.000721869
-0.000616597
-0.000509335
-0.000402939
-0.000300128
-0.000204566
-0.000122241
-5.94372e-05
-1.99127e-05
-2.82368e-06
-1.9837e-08
-1.76686e-12
-3.16803e-15
-2.29784e-17
-1.19858e-19
-2.95618e-22
-1.10269e-25
-0.000600408
-0.000556202
-0.000516849
-0.000482225
-0.000525886
-0.000578155
-0.000637249
-0.000694612
-0.000749225
-0.000801806
-0.000854692
-0.000906095
-0.000954183
-0.000996481
-0.00103034
-0.00105309
-0.00106225
-0.00105572
-0.00103209
-0.000990828
-0.000932473
-0.000858753
-0.000772528
-0.000677514
-0.000577723
-0.000476806
-0.000377654
-0.000282681
-0.000194743
-0.000118471
-5.93877e-05
-2.11094e-05
-3.45493e-06
-4.6706e-08
-4.34538e-12
-5.30269e-15
-3.73723e-17
-1.98041e-19
-4.94304e-22
-1.84515e-25
-0.000554849
-0.000513899
-0.000477718
-0.000446422
-0.000486886
-0.000536402
-0.000593185
-0.00064846
-0.000701023
-0.000751151
-0.00080154
-0.000851083
-0.000897658
-0.000938851
-0.000972094
-0.000994765
-0.0010044
-0.000998924
-0.000976905
-0.000937809
-0.000882181
-0.000811741
-0.000729331
-0.000638646
-0.000543717
-0.000448274
-0.000355265
-0.000266939
-0.000185579
-0.000114708
-5.91162e-05
-2.21548e-05
-4.10581e-06
-8.6632e-08
-1.11234e-11
-8.94731e-15
-6.04586e-17
-3.2554e-19
-8.22597e-22
-3.06432e-25
-0.000512508
-0.000474715
-0.000441878
-0.000414832
-0.000451118
-0.000497607
-0.000552017
-0.000605252
-0.000655864
-0.000703724
-0.000751828
-0.000799692
-0.00084494
-0.000885234
-0.00091806
-0.000940859
-0.000951191
-0.000946978
-0.000926768
-0.000889992
-0.000837159
-0.000769949
-0.000691167
-0.000604472
-0.000513894
-0.000423218
-0.000335456
-0.000252779
-0.000177088
-0.000111016
-5.8664e-05
-2.30539e-05
-4.76837e-06
-1.48931e-07
-2.99286e-11
-1.53125e-14
-9.72957e-17
-5.32347e-19
-1.36171e-21
-5.07245e-25
-0.000473296
-0.000438843
-0.000410284
-0.000388427
-0.000419528
-0.000461965
-0.000513676
-0.000564804
-0.000613523
-0.000659257
-0.000705252
-0.000751584
-0.000795652
-0.000835197
-0.000867768
-0.000890844
-0.000902028
-0.000899232
-0.000880974
-0.00084663
-0.00079664
-0.00073262
-0.000657311
-0.000574325
-0.000487677
-0.000401191
-0.000317942
-0.000240082
-0.000169255
-0.000107445
-5.80718e-05
-2.38158e-05
-5.4395e-06
-2.39267e-07
-7.41409e-11
-2.68359e-14
-1.56227e-16
-8.65808e-19
-2.24359e-21
-8.36758e-25
-0.000437406
-0.00040724
-0.000383948
-0.000393049
-0.000430413
-0.000478359
-0.000527055
-0.000573823
-0.000617528
-0.000661551
-0.000706466
-0.00074947
-0.000788378
-0.000820806
-0.000844281
-0.000856419
-0.000855145
-0.000838935
-0.000807094
-0.000759979
-0.000699112
-0.00062715
-0.000547641
-0.000464577
-0.000381804
-0.000302465
-0.00022873
-0.000162082
-0.000104046
-5.73783e-05
-2.44546e-05
-6.12403e-06
-3.61881e-07
-1.89405e-10
-4.86607e-14
-2.49981e-16
-1.39949e-18
-3.67738e-21
-1.38278e-24
-0.000405797
-0.000380945
-0.000403775
-0.000446982
-0.000492201
-0.000536709
-0.000578366
-0.000620507
-0.000664084
-0.000706113
-0.000744469
-0.000776833
-0.000800781
-0.000813954
-0.000814263
-0.000800156
-0.000770862
-0.000726634
-0.000668884
-0.000600164
-0.000523943
-0.000444175
-0.000364725
-0.000288797
-0.000218609
-0.000155555
-0.00010084
-5.66194e-05
-2.49853e-05
-6.79427e-06
-5.19e-07
-4.96665e-10
-9.20997e-14
-3.99572e-16
-2.24954e-18
-5.9956e-21
-2.26208e-24
-0.000379519
-0.00042019
-0.000461134
-0.000502373
-0.000541719
-0.000581955
-0.000624232
-0.000665337
-0.000703202
-0.000735555
-0.000760023
-0.000774271
-0.000776206
-0.000764227
-0.000737495
-0.000696151
-0.000641479
-0.000575912
-0.000502822
-0.000426115
-0.000349665
-0.000276736
-0.00020961
-0.000149651
-9.78418e-05
-5.58253e-05
-2.54223e-05
-7.43951e-06
-7.10145e-07
-1.29657e-09
-1.82605e-13
-6.3959e-16
-3.59798e-18
-9.72443e-21
-3.69327e-24
-0.000434335
-0.000471683
-0.000507775
-0.000545843
-0.000586748
-0.000626945
-0.000664344
-0.000696719
-0.000721731
-0.000737071
-0.000740642
-0.000730802
-0.000706623
-0.000668144
-0.000616511
-0.000554018
-0.00048393
-0.00041009
-0.000336373
-0.000266101
-0.000201631
-0.000144341
-9.5064e-05
-5.50218e-05
-2.578e-05
-8.0536e-06
-9.32462e-07
-3.2826e-09
-3.78376e-13
-1.02651e-15
-5.72966e-18
-1.56883e-20
-5.98514e-24
-0.00044499
-0.000477385
-0.000512356
-0.000551583
-0.00059078
-0.000627707
-0.000660105
-0.000685668
-0.000702098
-0.000707295
-0.000699577
-0.000677939
-0.000642292
-0.000593651
-0.000534162
-0.000466968
-0.000395836
-0.000324632
-0.000256733
-0.000194579
-0.00013959
-9.25147e-05
-5.42307e-05
-2.60717e-05
-8.63321e-06
-1.18076e-06
-7.91692e-09
-8.15287e-13
-1.65221e-15
-9.08822e-18
-2.51883e-20
-9.6788e-24
-0.000450811
-0.000482322
-0.000518913
-0.000556797
-0.00059314
-0.000625535
-0.000651627
-0.00066913
-0.000675929
-0.000670303
-0.000651168
-0.00061832
-0.000572621
-0.000516072
-0.000451679
-0.000383124
-0.000314253
-0.000248491
-0.000188366
-0.000135363
-9.01965e-05
-5.34709e-05
-2.63097e-05
-9.17518e-06
-1.43751e-06
-1.70959e-08
-1.82001e-12
-2.66736e-15
-1.43586e-17
-4.0252e-20
-1.55586e-23
-0.000455908
-0.000489528
-0.000525157
-0.0005606
-0.000592865
-0.000619441
-0.000637976
-0.00064634
-0.000642764
-0.000626087
-0.000595989
-0.000553185
-0.000499514
-0.000437844
-0.000371758
-0.000305072
-0.000241252
-0.000182914
-0.000131626
-8.81018e-05
-5.27592e-05
-2.65061e-05
-9.67939e-06
-1.70614e-06
-3.10405e-08
-4.20812e-12
-4.32505e-15
-2.25878e-17
-6.40369e-20
-2.48901e-23
-0.000463426
-0.000496601
-0.000530232
-0.000562051
-0.000588971
-0.000608478
-0.000618351
-0.000616775
-0.000602502
-0.0005751
-0.000535137
-0.000484289
-0.000425272
-0.000361566
-0.000296944
-0.000234904
-0.000178152
-0.000128349
-8.62348e-05
-5.21148e-05
-2.66729e-05
-1.01483e-05
-1.98493e-06
-5.27064e-08
-1.01424e-11
-7.06465e-15
-3.53702e-17
-1.01429e-19
-3.96083e-23
-0.000470934
-0.000502717
-0.000533218
-0.000560175
-0.000580507
-0.000591817
-0.000592173
-0.000580246
-0.000555481
-0.000518302
-0.000470222
-0.000413801
-0.000352399
-0.000289741
-0.00022935
-0.000174016
-0.0001255
-8.45954e-05
-5.15441e-05
-2.68218e-05
-1.05853e-05
-2.27245e-06
-8.42874e-08
-2.54669e-11
-1.16876e-14
-5.51703e-17
-1.5996e-19
-6.2852e-23
-0.000477637
-0.000506979
-0.000533155
-0.000554017
-0.000566616
-0.000568826
-0.000559174
-0.000536984
-0.000502531
-0.000457165
-0.000403285
-0.000344128
-0.000283354
-0.000224503
-0.000170446
-0.00012305
-8.31799e-05
-5.10526e-05
-2.69634e-05
-1.09957e-05
-2.575e-06
-1.27736e-07
-6.04315e-11
-1.97646e-14
-8.58253e-17
-2.51147e-19
-9.92555e-23
-0.000482667
-0.00050844
-0.000529086
-0.0005427
-0.00054662
-0.000539163
-0.000519479
-0.000487695
-0.00044499
-0.000393603
-0.000336638
-0.000277685
-0.000220286
-0.000167389
-0.000120971
-8.19825e-05
-5.06455e-05
-2.7107e-05
-1.13848e-05
-2.88222e-06
-1.84577e-07
-1.43617e-10
-3.44585e-14
-1.33362e-16
-3.9264e-19
-1.56082e-22
-0.000485105
-0.000506148
-0.000520116
-0.000525503
-0.000520107
-0.000502857
-0.000473678
-0.000433584
-0.000384646
-0.00032983
-0.000272645
-0.000216629
-0.000164796
-0.000119235
-8.09957e-05
-5.03274e-05
-2.7261e-05
-1.1758e-05
-3.19067e-06
-2.55626e-07
-3.45486e-10
-6.22908e-14
-2.0735e-16
-6.11491e-19
-2.44416e-22
-0.000484013
-0.0004992
-0.000505493
-0.000501953
-0.000487018
-0.000460383
-0.000422849
-0.00037632
-0.000323616
-0.000268159
-0.00021347
-0.000162624
-0.000117819
-8.02114e-05
-5.01018e-05
-2.74332e-05
-1.212e-05
-3.49881e-06
-3.40968e-07
-8.23462e-10
-1.1705e-13
-3.23278e-16
-9.49273e-19
-3.81241e-22
-0.000478493
-0.000486813
-0.000484684
-0.000471903
-0.000447718
-0.000412697
-0.000368539
-0.000317919
-0.000264157
-0.000210752
-0.000160831
-0.000116697
-7.96202e-05
-4.99703e-05
-2.76303e-05
-1.24757e-05
-3.80581e-06
-4.40066e-07
-1.91043e-09
-2.28558e-13
-5.05736e-16
-1.46993e-18
-5.9247e-22
-0.00046776
-0.000468411
-0.000457467
-0.000435619
-0.000403046
-0.000361229
-0.000312667
-0.000260578
-0.000208426
-0.00015938
-0.000115847
-7.92141e-05
-4.99305e-05
-2.78593e-05
-1.28295e-05
-4.11121e-06
-5.4999e-07
-4.26042e-09
-4.62881e-13
-7.94064e-16
-2.27192e-18
-9.17437e-22
-0.000451214
-0.000443705
-0.000424012
-0.000393825
-0.000354314
-0.000307796
-0.000257366
-0.000206444
-0.000158238
-0.000115248
-7.89848e-05
-4.99867e-05
-2.81286e-05
-1.31856e-05
-4.41466e-06
-6.67333e-07
-7.98809e-09
-9.70666e-13
-1.25119e-15
-3.50634e-18
-1.41594e-21
-0.000428531
-0.000412782
-0.000384936
-0.000347719
-0.000303239
-0.000254465
-0.000204764
-0.000157371
-0.000114881
-7.89243e-05
-5.01411e-05
-2.84405e-05
-1.35483e-05
-4.71673e-06
-7.93478e-07
-1.39997e-08
-2.10966e-12
-1.97951e-15
-5.40405e-18
-2.17947e-21
-0.000399741
-0.000376165
-0.000341327
-0.000298919
-0.000251816
-0.000203341
-0.000156749
-0.000114726
-7.90242e-05
-5.03942e-05
-2.87975e-05
-1.39215e-05
-5.01873e-06
-9.28323e-07
-2.31872e-08
-4.76612e-12
-3.15156e-15
-8.31724e-18
-3.34681e-21
-0.000365298
-0.000334845
-0.000294705
-0.000249347
-0.000202127
-0.00015634
-0.000114763
-7.92754e-05
-5.07455e-05
-2.92021e-05
-1.43088e-05
-5.32226e-06
-1.07281e-06
-3.64993e-08
-1.11682e-11
-5.07207e-15
-1.27844e-17
-5.12654e-21
-0.000326113
-0.000290249
-0.000246918
-0.000201051
-0.000156102
-0.000114969
-7.96673e-05
-5.11928e-05
-2.96563e-05
-1.47136e-05
-5.62966e-06
-1.22896e-06
-5.48863e-08
-2.61648e-11
-8.30104e-15
-1.96088e-17
-7.83707e-21
-0.000283529
-0.000244155
-0.000199976
-0.000155976
-0.000115315
-8.01868e-05
-5.17329e-05
-3.01618e-05
-1.51392e-05
-5.94317e-06
-1.39383e-06
-7.92341e-08
-5.85405e-11
-1.39028e-14
-3.0073e-17
-1.19625e-20
-0.000239247
-0.000198534
-0.000155833
-0.00011575
-8.08135e-05
-5.23596e-05
-3.0719e-05
-1.55883e-05
-6.265e-06
-1.56675e-06
-1.1028e-07
-1.32842e-10
-2.39725e-14
-4.63219e-17
-1.82438e-20
-0.000195176
-0.000155336
-0.000116165
-8.15087e-05
-5.30605e-05
-3.13262e-05
-1.60631e-05
-6.59717e-06
-1.7477e-06
-1.48569e-07
-3.00887e-10
-4.27625e-14
-7.16608e-17
-2.77953e-20
-0.00015323
-0.000116271
-8.21851e-05
-5.38091e-05
-3.19774e-05
-1.65645e-05
-6.94154e-06
-1.93681e-06
-1.94458e-07
-6.7031e-10
-7.89878e-14
-1.11556e-16
-4.23394e-20
-0.000115111
-8.26144e-05
-5.4541e-05
-3.26559e-05
-1.70903e-05
-7.2992e-06
-2.1344e-06
-2.48154e-07
-1.45231e-09
-1.51154e-13
-1.73886e-16
-6.44988e-20
-8.21154e-05
-5.50912e-05
-3.3319e-05
-1.7632e-05
-7.66974e-06
-2.34039e-06
-3.07484e-07
-2.7684e-09
-2.99776e-13
-2.73552e-16
-9.84819e-20
-5.50082e-05
-3.38579e-05
-1.81643e-05
-8.04912e-06
-2.55437e-06
-3.7373e-07
-4.9193e-09
-6.16447e-13
-4.33409e-16
-1.50704e-19
-3.39974e-05
-1.8622e-05
-8.4241e-06
-2.77465e-06
-4.47242e-07
-8.30855e-09
-1.31805e-12
-6.91527e-16
-2.31191e-19
-1.88489e-05
-8.75952e-06
-2.99531e-06
-5.27834e-07
-1.33977e-08
-2.92971e-12
-1.11282e-15
-3.55688e-19
-8.97456e-06
-3.19999e-06
-6.1556e-07
-2.07073e-08
-6.45608e-12
-1.81164e-15
-5.48955e-19
-3.35187e-06
-7.04197e-07
-3.07602e-08
-1.40058e-11
-2.99733e-15
-8.50671e-19
-7.79836e-07
-4.37901e-08
-3.10243e-11
-5.06748e-15
-1.32514e-18
-5.66514e-08
-6.90466e-11
-8.80351e-15
-2.07902e-18
-1.52317e-10
-1.54799e-14
-3.29101e-18
-2.69765e-14
-5.26432e-18
-8.37036e-18
)
;

boundaryField
{
    wallTube
    {
        type            zeroGradient;
    }
    outlet
    {
        type            zeroGradient;
    }
    inletPilot
    {
        type            zeroGradient;
    }
    inletAir
    {
        type            zeroGradient;
    }
    wallOutside
    {
        type            zeroGradient;
    }
    inletCH4
    {
        type            zeroGradient;
    }
    frontAndBack_pos
    {
        type            wedge;
    }
    frontAndBack_neg
    {
        type            wedge;
    }
}


// ************************************************************************* //
