/*--------------------------------*- C++ -*----------------------------------*\
| =========                 |                                                 |
| \\      /  F ield         | OpenFOAM: The Open Source CFD Toolbox           |
|  \\    /   O peration     | Version:  1.6.x                                 |
|   \\  /    A nd           | Web:      www.OpenFOAM.org                      |
|    \\/     M anipulation  |                                                 |
\*---------------------------------------------------------------------------*/
FoamFile
{
    version     2.0;
    format      ascii;
    class       volScalarField;
    location    "7000";
    object      T;
}
// * * * * * * * * * * * * * * * * * * * * * * * * * * * * * * * * * * * * * //

dimensions      [0 0 0 1 0 0 0];

internalField   nonuniform List<scalar> 
4608
(
293.731
293.662
293.643
374.475
293.687
293.667
293.633
297.608
437.753
794.22
293.7
293.683
293.667
293.646
293.705
304.798
490.36
980.302
1570.05
293.716
293.698
293.682
293.664
293.51
294.29
314.027
531.166
1094.15
1644.27
1816.39
1889.8
293.732
293.714
293.698
293.683
293.558
295.361
324.644
581.824
1126.42
1702.12
1975.09
1815.09
1819.88
1740.01
293.748
293.731
293.714
293.698
293.689
296.948
337.785
581.102
1176.87
1714.82
2012.46
1844.27
1814.23
1826.41
1831.85
1424.02
293.765
293.747
293.731
293.714
293.931
299.198
348.484
789.82
1113.58
1736.66
2019.95
2056.24
1359.58
1803.9
1823.78
1834.38
1838.36
889.153
293.782
293.765
293.747
293.731
294.339
301.905
369.813
952.381
1147.33
1698.81
2005.14
2076.44
1515.41
1004.73
1816.75
1832.09
1841.14
1844.67
538.173
293.799
293.782
293.765
293.748
294.948
305.677
395.701
1061.17
1245.32
1629.01
1989.32
2071.17
1721.97
1166.76
763.146
1825.73
1839.24
1847.02
1849.95
338.058
293.817
293.8
293.782
293.765
295.832
310.504
424.028
1126.36
1340.27
1620.87
1960.12
2067.95
1871.39
1369.83
922.846
485.139
1833.81
1845.36
1852.03
1854.5
294.938
293.835
293.818
293.8
293.783
297.053
316.453
451.505
1187.63
1404.19
1650.34
1934.45
2056.56
2035.7
1537.86
1111.79
626.503
332.906
1840.66
1850.6
1856.33
1858.39
291.285
293.853
293.836
293.818
293.8
298.707
323.229
482.349
1197.01
1458.3
1683.19
1919.64
2043.93
2100.73
1714.8
1285.27
790.616
398.284
295.404
1846.55
1855.1
1860.02
1861.73
291.072
293.871
293.854
293.836
293.818
300.828
331.135
494.968
1183.31
1479.06
1716.4
1911.02
2029.95
2105.67
1907.6
1461.61
955.758
509.418
307.389
291.468
1851.59
1858.95
1863.19
1864.6
291.045
293.89
293.873
293.855
293.837
303.484
338.326
603.843
1205.71
1460.26
1736.32
1907.9
2017.06
2096
2038.2
1689.72
1123.5
650.166
337.759
292.565
291.153
1855.91
1862.26
1865.9
1867.06
291.038
293.908
293.892
293.873
293.855
306.549
350.409
714.72
1253.94
1458.43
1731.57
1905.87
2006.88
2086.13
2071.61
1873.95
1348.84
805.009
407.188
295.641
291.338
291.115
1859.61
1865.1
1868.23
1869.19
291.035
293.927
293.911
293.892
293.874
310.355
366.237
808.115
1319.52
1479.82
1726.71
1900.96
1997.59
2076.37
2091.14
1982.03
1551.91
1010.37
522.895
307.834
291.621
291.2
291.104
1862.78
1867.54
1870.24
1871.02
291.033
293.943
293.93
293.911
293.893
315.106
384.697
891.624
1379.41
1518.04
1727.12
1895.99
1987.64
2064.78
2092.13
2059.95
1700.2
1209.37
701.867
341.013
292.46
291.286
291.171
291.098
1865.5
1869.65
1871.96
1872.62
291.031
293.958
293.947
293.93
293.912
320.907
406.298
942.663
1414.79
1556.92
1734.35
1890.86
1979.95
2051.54
2082.04
2081.27
1819.25
1370.9
884.85
447.422
295.445
291.411
291.235
291.159
291.093
1867.84
1871.47
1873.45
1874.02
291.03
293.976
293.962
293.947
293.93
327.994
422.12
970.287
1446.24
1582.08
1743.68
1886.39
1973.68
2042.04
2071.72
2078.05
1898.82
1508.73
1043.52
597.708
318.061
291.598
291.299
291.217
291.151
291.088
1869.87
1873.04
1874.74
1875.25
291.028
294.001
293.979
293.962
293.948
335.322
492.08
1013.5
1479.55
1598.88
1750.13
1882.43
1967.89
2034.76
2067.34
2075.93
1952.77
1617.41
1186.34
744.16
383.941
293.065
291.358
291.272
291.206
291.144
291.084
1871.64
1874.41
1875.86
1876.36
291.027
293.999
293.98
293.962
346.867
564.521
1070.74
1515.05
1614.28
1755.51
1878.45
1961.85
2027.63
2061.35
2079.96
2004.76
1703.28
1308.04
880.714
490.758
303.171
291.48
291.324
291.259
291.198
291.138
291.08
1873.2
1875.62
1876.85
1877.38
291.026
294.001
293.981
360.743
634.57
1133.33
1546.68
1631.7
1759.82
1875.72
1955.36
2020.15
2053.71
2076.02
2052.01
1786.86
1410.69
1003.97
610.26
334.311
292.009
291.374
291.308
291.249
291.19
291.132
291.077
1874.6
1876.68
1877.73
1878.32
291.025
294.001
392.704
702.907
1201.28
1575.59
1648.99
1764.17
1873.63
1949.73
2012.47
2045.84
2068.62
2059.61
1862.34
1510.88
1113.02
726.517
400.15
294.764
291.449
291.355
291.298
291.24
291.183
291.127
291.074
1875.89
1877.63
1878.55
1879.22
291.024
446.18
773.121
1274.56
1603.37
1665.56
1769.16
1871.85
1945.02
2005.77
2038.5
2061.23
2059.07
1914.76
1602.31
1220.36
832.946
491.614
307.093
291.607
291.402
291.344
291.288
291.232
291.176
291.122
291.071
1877.07
1878.5
1879.32
1880.08
291.023
516.751
851.434
1349.72
1630.21
1682
1774.57
1870.62
1940.93
1999.8
2032.37
2055.02
2058.43
1952.54
1677.69
1319.87
939.508
586.631
338.354
292.258
291.449
291.388
291.334
291.279
291.224
291.169
291.117
291.068
1878.15
1879.31
1880.1
291.022
593.712
941.377
1422.53
1655.04
1698.62
1780.24
1869.95
1937.37
1994.2
2026.26
2049.94
2059.5
1983.08
1739.25
1406.75
1040.39
685.245
394.739
295.434
291.526
291.431
291.378
291.324
291.27
291.216
291.163
291.113
291.066
1879.15
1880.1
291.021
672.311
1048.32
1484.48
1678.02
1714.74
1786.39
1869.71
1934.32
1989.03
2019.97
2043.95
2060.14
2011.47
1791.4
1481.93
1131.58
780.948
472.101
306.575
291.685
291.475
291.421
291.368
291.315
291.261
291.209
291.158
291.109
291.063
1880.07
291.02
756.134
1165.4
1539.46
1700.23
1730.13
1792.96
1869.94
1931.71
1984.38
2014.06
2037.28
2056.13
2030.99
1839.36
1547.83
1213.43
870.538
555.49
333.285
292.265
291.519
291.463
291.411
291.358
291.305
291.253
291.202
291.152
291.106
291.061
291.02
850.839
1286.56
1589.21
1722.01
1745.33
1799.74
1870.71
1929.56
1980.28
2008.78
2030.96
2050.19
2034.67
1880.58
1608.69
1287.17
953.273
637.4
381.87
294.883
291.59
291.503
291.453
291.401
291.349
291.296
291.245
291.195
291.148
291.102
291.06
291.019
966.49
1399.04
1633.51
1743.59
1760.66
1806.81
1871.98
1927.91
1976.77
2004.16
2025.34
2044.51
2034.43
1911.41
1663.45
1355.86
1029.63
715.337
445.277
304.1
291.721
291.545
291.493
291.443
291.391
291.339
291.288
291.238
291.189
291.143
291.099
291.058
291.019
1110.01
1493.64
1674.11
1765.25
1776.24
1814.37
1873.7
1926.72
1973.78
2000.3
2020.5
2039.7
2034.01
1935.58
1710.56
1418.86
1101.75
789.55
512.304
324.868
292.163
291.586
291.533
291.484
291.432
291.381
291.33
291.279
291.231
291.184
291.139
291.097
291.057
291.018
1285.05
1576.03
1712.56
1786.95
1792.27
1822.54
1875.9
1925.9
1971.11
1996.85
2016.53
2035.73
2034.02
1955.76
1751.25
1475.53
1168.91
860.875
579.088
360.671
293.969
291.648
291.572
291.523
291.473
291.422
291.371
291.321
291.272
291.224
291.179
291.135
291.094
291.055
291.018
1455.19
1648.24
1748.39
1807.87
1808.76
1831.43
1878.65
1925.44
1968.65
1993.49
2012.81
2032.67
2034.32
1972.99
1786.8
1526.57
1230.69
928.276
644.537
409.839
299.899
291.749
291.612
291.563
291.513
291.462
291.412
291.361
291.312
291.264
291.218
291.174
291.132
291.092
291.054
291.018
1588.43
1708.21
1780.02
1826.97
1825.18
1841.12
1882.01
1925.36
1966.41
1990.18
2008.97
2029.22
2035.08
1987.67
1817.99
1572.57
1287.64
991.375
707.986
464.217
313.484
292.004
291.653
291.601
291.553
291.502
291.452
291.401
291.352
291.304
291.257
291.213
291.17
291.129
291.09
291.053
291.017
1679.84
1754.71
1806.47
1843.67
1840.72
1851.44
1886.07
1925.7
1964.44
1987.04
2005.05
2025.01
2033.38
2000.43
1845.33
1613.96
1340.13
1050.61
769.035
519.545
337.162
292.912
291.703
291.64
291.591
291.542
291.491
291.441
291.392
291.343
291.296
291.251
291.207
291.166
291.126
291.088
291.052
291.017
1739.86
1789.49
1827.94
1857.94
1854.78
1861.96
1890.85
1926.55
1962.81
1984.16
2001.25
2020.48
2029.68
2004.59
1869.38
1651.12
1388.33
1106.18
827.346
574.113
373.512
295.89
291.775
291.678
291.63
291.581
291.531
291.481
291.431
291.382
291.335
291.289
291.245
291.203
291.162
291.123
291.086
291.051
291.017
1780.33
1815.59
1845.32
1870.09
1867.15
1872.16
1896.22
1927.98
1961.56
1981.61
1997.74
2016.06
2025.32
2004.41
1887.68
1684.42
1432.49
1158.12
882.841
627.36
416.291
303.476
291.904
291.718
291.668
291.619
291.569
291.519
291.47
291.421
291.373
291.327
291.282
291.239
291.198
291.159
291.121
291.085
291.05
291.015
1809.14
1835.7
1859.59
1880.55
1877.93
1881.68
1901.94
1929.99
1960.78
1979.42
1994.56
2011.95
2021.03
2003
1901.19
1713.1
1472.75
1206.54
935.516
679.336
461.037
317.934
292.27
291.757
291.705
291.657
291.608
291.558
291.508
291.46
291.412
291.365
291.32
291.276
291.234
291.194
291.156
291.119
291.083
291.047
1830.77
1851.72
1871.56
1889.65
1887.36
1890.35
1907.72
1932.49
1960.48
1977.64
1991.74
2008.17
2017.02
2001.3
1911.65
1737.37
1508.91
1251.43
985.395
729.871
506.178
340.27
293.456
291.812
291.743
291.695
291.646
291.596
291.547
291.498
291.45
291.403
291.357
291.313
291.27
291.23
291.191
291.153
291.117
291.08
1847.73
1864.92
1881.78
1897.67
1895.66
1898.17
1913.36
1935.34
1960.67
1976.31
1989.3
2004.74
2013.3
1999.54
1920.08
1758.09
1541.13
1292.66
1032.4
778.608
550.881
371.348
296.694
291.889
291.78
291.732
291.684
291.634
291.585
291.536
291.487
291.44
291.394
291.349
291.306
291.265
291.226
291.188
291.15
291.113
1861.62
1876
1890.69
1904.82
1903.04
1905.23
1918.71
1938.37
1961.26
1975.42
1987.27
2001.65
2009.84
1997.76
1926.96
1775.98
1569.87
1330.42
1076.37
825.267
594.884
406.609
303.7
292.024
291.819
291.769
291.721
291.672
291.622
291.573
291.525
291.477
291.431
291.386
291.342
291.301
291.26
291.222
291.184
291.146
1873.08
1885.58
1898.55
1911.25
1909.66
1911.61
1923.72
1941.44
1962.16
1974.92
1985.65
1998.91
2006.63
1995.94
1932.55
1791.54
1595.6
1364.99
1117.41
869.643
638.071
443.331
316.042
292.376
291.859
291.806
291.759
291.709
291.66
291.611
291.562
291.514
291.468
291.422
291.378
291.336
291.295
291.256
291.218
291.18
1883.03
1893.99
1905.58
1917.06
1915.65
1917.39
1928.37
1944.44
1963.25
1974.74
1984.4
1996.51
2003.66
1994.07
1937.02
1805.09
1618.71
1396.7
1155.71
911.72
680.217
480.428
334.128
293.39
291.912
291.843
291.795
291.747
291.697
291.648
291.599
291.551
291.504
291.458
291.414
291.371
291.33
291.29
291.252
291.213
1891.72
1901.46
1911.91
1922.34
1921.07
1922.67
1932.67
1947.32
1964.43
1974.78
1983.47
1994.43
2000.91
1992.13
1940.49
1816.86
1639.49
1425.81
1191.48
951.574
721.013
517.343
359.054
295.912
291.982
291.88
291.832
291.784
291.734
291.685
291.636
291.588
291.541
291.495
291.45
291.407
291.365
291.325
291.285
291.247
1899.41
1908.16
1917.63
1927.13
1926
1927.47
1936.62
1950.02
1965.6
1974.94
1982.76
1992.61
1998.35
1990.13
1943.03
1827.05
1658.18
1452.56
1224.88
989.338
760.298
553.788
387.525
301.138
292.09
291.918
291.869
291.82
291.771
291.722
291.673
291.624
291.577
291.531
291.486
291.442
291.4
291.359
291.319
291.28
1906.3
1914.2
1922.82
1931.48
1930.49
1931.86
1940.25
1952.52
1966.71
1975.11
1982.17
1990.98
1995.94
1988.04
1944.72
1835.77
1674.99
1477.15
1256.08
1025.14
798.104
589.624
417.515
310.188
292.332
291.955
291.905
291.857
291.808
291.759
291.709
291.661
291.613
291.567
291.521
291.477
291.435
291.393
291.353
291.314
1912.5
1919.68
1927.53
1935.43
1934.56
1935.84
1943.55
1954.79
1967.68
1975.24
1981.62
1989.44
1993.6
1985.81
1945.58
1843.11
1690.03
1499.76
1285.22
1059.08
834.46
624.953
447.915
323.421
292.963
292.004
291.941
291.894
291.845
291.795
291.746
291.697
291.649
291.602
291.557
291.512
291.469
291.428
291.387
291.347
1918.11
1924.64
1931.8
1939
1938.24
1939.45
1946.54
1956.81
1968.49
1975.24
1981.01
1987.9
1991.24
1983.37
1945.61
1849.12
1703.42
1520.51
1312.46
1091.24
869.364
659.612
478.491
341.777
294.475
292.062
291.978
291.93
291.881
291.832
291.782
291.733
291.685
291.638
291.592
291.547
291.504
291.462
291.421
291.381
1923.2
1929.15
1935.68
1942.22
1941.57
1942.72
1949.22
1958.58
1969.09
1975.09
1980.29
1986.28
1988.78
1980.66
1944.79
1853.82
1715.2
1539.49
1337.88
1121.7
902.831
693.441
508.945
363.92
297.655
292.14
292.015
291.966
291.917
291.868
291.818
291.769
291.721
291.674
291.627
291.582
291.539
291.496
291.455
291.415
1927.82
1933.24
1939.19
1945.08
1944.54
1945.65
1951.59
1960.08
1969.47
1974.72
1979.4
1984.5
1986.13
1977.61
1943.1
1857.2
1725.4
1556.78
1361.58
1150.51
934.894
726.363
539.195
388.114
303.274
292.275
292.052
292.002
291.954
291.904
291.855
291.805
291.757
291.709
291.663
291.617
291.573
291.531
291.489
291.448
1932.02
1936.96
1942.34
1947.6
1947.17
1948.24
1953.67
1961.32
1969.59
1974.13
1978.29
1982.51
1983.23
1974.14
1940.52
1859.26
1734.02
1572.38
1383.6
1177.73
965.589
758.364
569.206
413.223
312.062
292.574
292.092
292.038
291.99
291.94
291.891
291.841
291.793
291.745
291.698
291.652
291.608
291.565
291.523
291.482
1935.84
1940.31
1945.15
1949.75
1949.44
1950.47
1955.4
1962.26
1969.48
1973.27
1976.94
1980.27
1980.03
1970.21
1937.02
1860
1741.06
1586.3
1403.97
1203.42
994.953
789.417
598.988
438.678
323.993
293.28
292.141
292.074
292.026
291.976
291.927
291.877
291.828
291.78
291.733
291.687
291.642
291.599
291.556
291.515
1939.29
1943.32
1947.61
1951.54
1951.34
1952.34
1956.74
1962.81
1969.01
1972.17
1975.32
1977.75
1976.49
1965.78
1932.62
1859.4
1746.49
1598.53
1422.68
1227.59
1023.01
819.485
628.399
464.371
340.096
294.792
292.199
292.11
292.061
292.012
291.962
291.913
291.864
291.815
291.768
291.722
291.677
291.633
291.59
291.549
1942.39
1945.99
1949.73
1952.93
1952.85
1953.82
1957.69
1962.89
1968.02
1970.62
1973.45
1974.92
1972.59
1960.84
1927.34
1857.51
1750.33
1609.04
1439.71
1250.22
1049.76
848.535
657.311
490.097
358.902
297.703
292.275
292.146
292.097
292.048
291.998
291.948
291.899
291.851
291.803
291.757
291.711
291.667
291.624
291.582
1945.16
1948.33
1951.48
1953.85
1953.93
1954.87
1958.16
1962.5
1966.43
1968.39
1971.04
1971.83
1968.31
1955.4
1921.22
1854.36
1752.59
1617.84
1455.05
1271.29
1075.17
876.541
685.644
515.792
379.299
302.588
292.402
292.183
292.133
292.084
292.034
291.984
291.935
291.886
291.838
291.791
291.746
291.701
291.658
291.616
1947.61
1950.33
1952.83
1954.2
1954.48
1955.43
1958.11
1961.48
1964.25
1965.45
1967.81
1967.95
1963.73
1949.45
1914.31
1850.01
1753.31
1624.91
1468.66
1290.77
1099.22
903.472
713.353
541.416
400.517
309.956
292.662
292.223
292.168
292.119
292.069
292.019
291.97
291.921
291.873
291.826
291.78
291.735
291.692
291.649
1949.73
1951.96
1953.68
1953.74
1954.39
1955.37
1957.4
1959.77
1961.18
1961.83
1963.79
1962.97
1957.88
1943.1
1906.66
1844.53
1752.55
1630.29
1480.55
1308.64
1121.88
929.294
740.38
566.959
422.119
319.825
293.233
292.27
292.204
292.155
292.105
292.055
292.005
291.956
291.908
291.86
291.814
291.769
291.725
291.683
1951.5
1953.16
1953.86
1952.06
1953.37
1954.53
1955.82
1957.11
1957.18
1957.02
1959
1957.08
1950.55
1934.56
1898.4
1838.01
1750.37
1634.01
1490.69
1324.85
1143.11
953.96
766.651
592.299
444.01
332.88
294.4
292.323
292.239
292.19
292.14
292.09
292.04
291.991
291.942
291.895
291.848
291.803
291.759
291.716
1952.86
1953.78
1953.04
1948.22
1950.94
1952.54
1953.13
1953.15
1951.74
1951.12
1952.78
1950.27
1942.18
1924.01
1888.7
1830.56
1746.86
1636.12
1499.12
1339.4
1162.87
977.429
792.092
617.308
465.998
348.381
296.583
292.389
292.275
292.226
292.176
292.126
292.075
292.026
291.977
291.929
291.883
291.837
291.793
291.749
1953.69
1953.54
1950.44
1939.36
1946.01
1948.84
1948.75
1947.57
1944.4
1943.27
1945.33
1941.5
1932.66
1912.39
1877.41
1821.89
1742.13
1636.7
1505.85
1352.28
1181.11
999.658
816.638
641.886
488.017
365.424
300.205
292.487
292.311
292.261
292.211
292.161
292.11
292.061
292.012
291.964
291.917
291.871
291.826
291.783
1953.72
1951.78
1943.74
1920
1935.32
1942.07
1941.83
1939.35
1934.69
1933
1935.5
1931.32
1920.29
1899.89
1865
1811.82
1736.09
1635.81
1510.94
1363.48
1197.81
1020.61
840.225
665.966
510.012
383.352
305.718
292.663
292.348
292.296
292.246
292.196
292.145
292.096
292.046
291.998
291.951
291.905
291.86
291.816
1952.37
1946.56
1926.27
1892.91
1914.84
1928.5
1930.32
1927.29
1920.87
1919.75
1922.84
1917.86
1906.54
1885.64
1851.74
1800.57
1728.7
1633.49
1514.44
1373.03
1212.95
1040.23
862.79
689.475
531.973
401.738
313.284
293.024
292.392
292.331
292.281
292.231
292.18
292.13
292.081
292.032
291.985
291.939
291.893
291.849
1947.86
1930.7
1899.83
1861.33
1887.37
1906.36
1911.58
1909.54
1903.05
1903.11
1907.17
1902.11
1890.71
1870.19
1837.26
1788.36
1720.03
1629.72
1516.37
1380.95
1226.52
1058.48
884.276
712.333
553.803
420.385
323.01
293.751
292.44
292.366
292.316
292.266
292.215
292.165
292.115
292.067
292.019
291.972
291.927
291.883
1932.89
1904.86
1868.26
1827.57
1855.8
1878.33
1886.97
1887.04
1881.66
1883.39
1888.78
1884.2
1873.15
1853.33
1821.73
1775.1
1710.25
1624.6
1516.78
1387.26
1238.53
1075.34
904.633
734.455
575.383
439.185
335.232
295.106
292.495
292.401
292.351
292.301
292.25
292.2
292.15
292.101
292.053
292.006
291.96
291.916
1907.39
1873.35
1834.27
1793.1
1822.24
1846.83
1858.27
1860.81
1857.24
1860.92
1867.92
1864.29
1854.01
1835.16
1805.11
1760.85
1699.4
1618.21
1515.74
1392
1248.97
1090.77
923.816
755.765
596.603
458.025
349.075
297.417
292.564
292.437
292.386
292.336
292.285
292.234
292.184
292.135
292.087
292.04
291.994
291.949
1875.91
1839.19
1799.46
1758.75
1788.04
1813.6
1827.06
1831.89
1830.42
1836.1
1844.84
1842.55
1833.4
1815.79
1787.45
1745.63
1687.52
1610.64
1513.32
1395.24
1257.86
1104.77
941.785
776.195
617.378
476.847
363.958
301.032
292.67
292.472
292.421
292.371
292.32
292.269
292.218
292.169
292.121
292.073
292.027
291.982
1841.68
1804.15
1764.77
1725.03
1753.98
1779.82
1794.59
1801.28
1801.84
1809.4
1819.85
1819.14
1811.43
1795.31
1768.82
1729.48
1674.66
1601.95
1509.6
1397.02
1265.24
1117.31
958.504
795.683
637.638
495.601
379.442
306.226
292.858
292.51
292.456
292.405
292.354
292.303
292.253
292.203
292.154
292.107
292.06
292.015
1806.53
1769.21
1730.7
1692.19
1720.53
1746.22
1761.75
1769.83
1772.17
1781.33
1793.32
1794.29
1788.21
1773.79
1749.28
1712.45
1660.88
1592.21
1504.66
1397.42
1271.16
1128.43
973.947
814.172
657.311
514.246
395.228
313.065
293.224
292.553
292.49
292.44
292.389
292.338
292.287
292.237
292.188
292.14
292.094
292.048
1771.46
1734.88
1697.53
1660.37
1687.95
1713.22
1729.13
1738.19
1741.96
1752.4
1765.67
1768.26
1763.91
1751.32
1728.89
1694.61
1646.22
1581.47
1498.56
1396.51
1275.67
1138.13
988.108
831.616
676.321
532.687
411.174
321.68
293.916
292.601
292.525
292.475
292.423
292.372
292.321
292.271
292.222
292.174
292.127
292.081
1737.01
1701.47
1665.4
1629.63
1656.38
1681.07
1697.09
1706.82
1711.69
1723.08
1737.32
1741.4
1738.71
1728
1707.72
1676
1630.74
1569.81
1491.37
1394.35
1278.82
1146.46
1000.99
847.981
694.594
550.818
427.174
332.22
295.138
292.653
292.56
292.509
292.458
292.406
292.355
292.305
292.256
292.207
292.16
292.114
1703.48
1669.12
1634.37
1599.99
1625.88
1649.9
1665.86
1676.01
1681.72
1693.75
1708.68
1714.01
1712.89
1704
1685.86
1656.68
1614.5
1557.27
1483.17
1391.02
1280.66
1153.44
1012.59
863.245
712.073
568.548
443.134
344.037
297.132
292.718
292.595
292.543
292.492
292.44
292.389
292.339
292.289
292.241
292.193
292.147
1671.02
1637.89
1604.46
1571.43
1596.45
1619.77
1635.56
1645.94
1652.27
1664.72
1680.06
1686.43
1686.69
1679.52
1663.44
1636.75
1597.57
1543.92
1474.01
1386.57
1281.27
1159.13
1022.93
877.392
728.708
585.807
458.999
356.676
300.168
292.811
292.63
292.578
292.526
292.475
292.423
292.373
292.323
292.274
292.226
292.18
1639.68
1607.79
1575.65
1543.92
1568.08
1590.68
1606.23
1616.73
1623.51
1636.19
1651.74
1658.91
1660.36
1654.75
1640.62
1616.32
1580.02
1529.83
1463.96
1381.09
1280.71
1163.55
1032.03
890.418
744.462
602.539
474.733
369.785
304.451
292.968
292.666
292.612
292.561
292.509
292.457
292.406
292.356
292.307
292.259
292.213
1609.48
1578.8
1547.91
1517.41
1540.75
1562.64
1577.89
1588.42
1595.52
1608.3
1623.9
1631.67
1634.11
1629.9
1617.56
1595.5
1561.96
1515.08
1453.09
1374.63
1279.03
1166.78
1039.92
902.323
759.303
618.691
490.291
383.129
310.051
293.252
292.707
292.646
292.595
292.543
292.491
292.44
292.39
292.341
292.292
292.246
1580.4
1550.89
1521.19
1491.87
1514.42
1535.6
1550.53
1561.04
1568.36
1581.13
1596.67
1604.88
1608.14
1605.13
1594.44
1574.46
1543.5
1499.76
1441.49
1367.27
1276.3
1168.85
1046.64
913.116
773.208
634.21
505.599
396.534
316.893
293.769
292.752
292.68
292.629
292.577
292.525
292.474
292.423
292.374
292.325
292.279
1552.41
1524.02
1495.46
1467.25
1489.03
1509.53
1524.13
1534.57
1542.04
1554.74
1570.13
1578.65
1582.56
1580.61
1571.38
1553.32
1524.78
1483.99
1429.25
1359.09
1272.6
1169.84
1052.22
922.815
786.167
649.052
520.578
409.938
325.406
294.655
292.8
292.714
292.663
292.611
292.559
292.507
292.457
292.407
292.358
292.311
1525.47
1498.14
1470.66
1443.51
1464.56
1484.4
1498.66
1508.99
1516.56
1529.15
1544.32
1553.06
1557.49
1556.43
1548.5
1532.21
1505.9
1467.89
1416.48
1350.18
1268
1169.8
1056.71
931.444
798.172
663.177
535.158
423.247
335.025
296.088
292.855
292.748
292.697
292.645
292.592
292.541
292.49
292.44
292.391
292.344
1499.52
1473.2
1446.74
1420.6
1440.95
1460.16
1474.09
1484.29
1491.91
1504.34
1519.26
1528.14
1532.99
1532.69
1525.92
1511.22
1486.99
1451.56
1403.28
1340.64
1262.59
1168.8
1060.16
939.034
809.23
676.558
549.287
436.41
345.391
298.252
292.927
292.783
292.73
292.678
292.626
292.574
292.523
292.473
292.424
292.377
1474.51
1449.17
1423.67
1398.48
1418.17
1436.77
1450.36
1460.42
1468.07
1480.32
1494.96
1503.92
1509.1
1509.45
1503.7
1490.44
1468.12
1435.1
1389.75
1330.58
1256.45
1166.93
1062.63
945.619
819.351
689.18
562.927
449.394
356.2
301.334
293.034
292.816
292.764
292.712
292.66
292.608
292.557
292.506
292.457
292.409
1450.42
1425.98
1401.41
1377.11
1396.17
1414.19
1427.45
1437.36
1445.01
1457.06
1471.41
1480.4
1485.85
1486.75
1481.9
1469.95
1449.38
1418.6
1376
1320.09
1249.69
1164.25
1064.18
951.244
828.552
701.033
576.05
462.187
367.231
305.423
293.211
292.854
292.797
292.745
292.693
292.641
292.59
292.539
292.49
292.442
1427.17
1403.61
1379.9
1356.46
1374.91
1392.38
1405.32
1415.06
1422.69
1434.54
1448.6
1457.57
1463.23
1464.6
1460.56
1449.79
1430.83
1402.12
1362.09
1309.25
1242.4
1160.87
1064.89
955.959
836.86
712.112
588.627
474.737
378.329
310.515
293.517
292.896
292.831
292.779
292.726
292.674
292.623
292.572
292.523
292.474
1404.75
1382
1359.12
1336.48
1354.36
1371.3
1383.92
1393.51
1401.1
1412.73
1426.49
1435.44
1441.25
1443.03
1439.7
1429.99
1412.51
1385.73
1348.11
1298.16
1234.66
1156.86
1064.83
959.821
844.308
722.424
600.636
486.995
389.398
316.632
294.039
292.939
292.864
292.812
292.76
292.708
292.656
292.605
292.555
292.507
1383.09
1361.12
1339.02
1317.16
1334.48
1350.92
1363.23
1372.66
1380.2
1391.62
1405.07
1413.96
1419.91
1422.04
1419.33
1410.59
1394.46
1369.47
1334.09
1286.87
1226.54
1152.3
1064.08
962.89
850.936
731.981
612.059
498.909
400.374
323.924
294.879
292.985
292.898
292.846
292.793
292.741
292.689
292.638
292.588
292.539
1362.16
1340.94
1319.58
1298.45
1315.25
1331.2
1343.22
1352.48
1359.96
1371.16
1384.31
1393.14
1399.18
1401.61
1399.46
1391.6
1376.71
1353.38
1320.1
1275.44
1218.12
1147.27
1062.7
965.227
856.788
740.804
622.889
510.446
411.202
332.001
296.165
293.039
292.931
292.879
292.826
292.774
292.722
292.671
292.62
292.571
1341.93
1321.42
1300.77
1280.34
1296.63
1312.11
1323.84
1332.94
1340.36
1351.34
1364.2
1372.94
1379.05
1381.74
1380.1
1373.03
1359.29
1337.49
1306.18
1263.92
1209.44
1141.82
1060.76
966.893
861.911
748.919
633.125
521.581
421.854
340.596
298.037
293.107
292.965
292.912
292.859
292.807
292.755
292.704
292.653
292.604
1322.37
1302.53
1282.56
1262.79
1278.6
1293.63
1305.08
1314.01
1321.36
1332.13
1344.7
1353.35
1359.5
1362.42
1361.23
1354.88
1342.19
1321.82
1292.34
1252.35
1200.57
1136.02
1058.33
967.943
866.35
756.353
642.775
532.304
432.318
349.489
300.616
293.203
292.998
292.945
292.892
292.84
292.788
292.736
292.685
292.636
1303.44
1284.24
1264.91
1245.78
1261.12
1275.73
1286.91
1295.68
1302.94
1313.5
1325.78
1334.34
1340.52
1343.63
1342.85
1337.16
1325.44
1306.38
1278.62
1240.77
1191.53
1129.92
1055.44
968.431
870.152
763.139
651.848
542.609
442.598
358.523
303.96
293.354
293.035
292.978
292.925
292.873
292.82
292.769
292.718
292.668
1285.11
1266.52
1247.81
1229.29
1244.19
1258.38
1269.29
1277.9
1285.09
1295.43
1307.44
1315.89
1322.08
1325.37
1324.94
1319.86
1309.03
1291.2
1265.05
1229.2
1182.38
1123.55
1052.16
968.407
873.361
769.307
660.359
552.487
452.661
367.596
308.071
293.599
293.074
293.01
292.958
292.905
292.853
292.801
292.75
292.7
1267.36
1249.36
1231.23
1213.29
1227.76
1241.56
1252.21
1260.66
1267.76
1277.9
1289.63
1297.97
1304.17
1307.61
1307.51
1302.98
1292.97
1276.28
1251.63
1217.67
1173.13
1116.96
1048.53
967.914
876.019
774.89
668.322
561.937
462.477
376.614
312.868
293.997
293.115
293.043
292.991
292.938
292.886
292.834
292.782
292.733
1250.17
1232.72
1215.16
1197.77
1211.83
1225.24
1235.65
1243.94
1250.95
1260.89
1272.35
1280.58
1286.77
1290.33
1290.53
1286.5
1277.25
1261.63
1238.38
1206.2
1163.82
1110.17
1044.58
966.992
878.163
779.92
675.756
570.957
472.023
385.544
318.636
294.615
293.158
293.076
293.023
292.971
292.918
292.866
292.815
292.765
1233.49
1216.58
1199.55
1182.7
1196.36
1209.41
1219.58
1227.71
1234.63
1244.37
1255.57
1263.68
1269.85
1273.52
1273.99
1270.43
1261.89
1247.25
1225.32
1194.81
1154.47
1103.23
1040.34
965.679
879.83
784.427
682.68
579.548
481.279
394.344
325.055
295.542
293.206
293.109
293.056
293.003
292.951
292.899
292.847
292.797
1217.33
1200.92
1184.41
1168.06
1181.35
1194.05
1203.98
1211.96
1218.78
1228.32
1239.27
1247.26
1253.41
1257.17
1257.88
1254.75
1246.86
1233.14
1212.44
1183.5
1145.1
1096.15
1035.86
964.008
881.054
788.439
689.112
587.715
490.235
402.998
331.93
296.872
293.262
293.141
293.088
293.036
292.983
292.931
292.879
292.828
1201.64
1185.73
1169.71
1153.84
1166.77
1179.13
1188.83
1196.66
1203.39
1212.74
1223.44
1231.31
1237.42
1241.26
1242.18
1239.45
1232.16
1219.31
1199.76
1172.3
1135.73
1088.95
1031.15
962.007
881.863
791.985
695.072
595.467
498.886
411.497
339.092
298.703
293.335
293.174
293.121
293.068
293.015
292.963
292.911
292.86
1186.42
1170.97
1155.42
1140.02
1152.6
1164.63
1174.11
1181.79
1188.43
1197.59
1208.05
1215.8
1221.88
1225.77
1226.9
1224.52
1217.8
1205.75
1187.28
1161.22
1126.38
1081.66
1026.24
959.705
882.287
795.089
700.579
602.81
507.233
419.85
346.407
301.095
293.438
293.208
293.153
293.101
293.048
292.995
292.943
292.892
1171.64
1156.64
1141.54
1126.59
1138.83
1150.55
1159.82
1167.35
1173.89
1182.86
1193.09
1200.72
1206.75
1210.7
1212
1209.95
1203.75
1192.46
1175
1150.26
1117.06
1074.31
1021.15
957.128
882.35
797.775
705.649
609.754
515.274
428.05
353.789
304.073
293.593
293.245
293.185
293.133
293.08
293.028
292.975
292.924
1157.28
1142.72
1128.05
1113.53
1125.44
1136.86
1145.92
1153.31
1159.76
1168.55
1178.54
1186.05
1192.03
1196.03
1197.48
1195.74
1190.03
1179.43
1162.93
1139.43
1107.78
1066.9
1015.91
954.298
882.078
800.065
710.301
616.308
523.007
436.076
361.174
307.609
293.833
293.283
293.217
293.165
293.112
293.06
293.007
292.956
1143.33
1129.18
1114.94
1100.83
1112.43
1123.55
1132.41
1139.66
1146.01
1154.62
1164.39
1171.79
1177.71
1181.74
1183.34
1181.88
1176.62
1166.67
1151.07
1128.73
1098.55
1059.45
1010.53
951.239
881.493
801.981
714.552
622.481
530.431
443.91
368.502
311.7
294.201
293.323
293.25
293.197
293.144
293.092
293.039
292.987
1129.78
1116.02
1102.18
1088.47
1099.77
1110.61
1119.26
1126.38
1132.63
1141.07
1150.63
1157.9
1163.77
1167.82
1169.55
1168.35
1163.51
1154.18
1139.41
1118.18
1089.39
1051.97
1005.04
947.971
880.617
803.544
718.419
628.282
537.545
451.537
375.747
316.494
294.747
293.364
293.282
293.229
293.176
293.124
293.071
293.019
1116.6
1103.23
1089.77
1076.45
1087.45
1098.01
1106.48
1113.45
1119.61
1127.88
1137.23
1144.38
1150.19
1154.26
1156.11
1155.15
1150.69
1141.94
1127.97
1107.77
1080.29
1044.49
999.44
944.513
879.47
804.773
721.919
633.721
544.351
458.947
382.884
321.772
295.533
293.41
293.314
293.261
293.208
293.155
293.102
293.051
1103.79
1090.79
1077.7
1064.75
1075.46
1085.76
1094.04
1100.88
1106.94
1115.04
1124.19
1131.22
1136.97
1141.05
1143
1142.26
1138.17
1129.95
1116.73
1097.51
1071.28
1037
993.76
940.883
878.072
805.687
725.066
638.809
550.851
466.133
389.903
327.394
296.63
293.463
293.346
293.293
293.24
293.187
293.134
293.082
1091.32
1078.68
1065.96
1053.36
1063.8
1073.84
1081.93
1088.64
1094.6
1102.54
1111.49
1118.41
1124.09
1128.18
1130.22
1129.68
1125.93
1118.22
1105.69
1087.41
1062.36
1029.53
988.009
937.097
876.441
806.304
727.877
643.557
557.048
473.093
396.802
333.235
298.105
293.529
293.378
293.325
293.272
293.219
293.166
293.114
1079.2
1066.9
1054.53
1042.27
1052.45
1062.23
1070.14
1076.72
1082.59
1090.37
1099.12
1105.92
1111.54
1115.63
1117.75
1117.4
1113.97
1106.73
1094.86
1077.45
1053.52
1022.07
982.199
933.173
874.594
806.641
730.366
647.973
562.947
479.826
403.589
339.203
300.003
293.616
293.411
293.356
293.304
293.251
293.197
293.145
1067.4
1055.44
1043.4
1031.48
1041.39
1050.93
1058.66
1065.11
1070.89
1078.51
1087.07
1093.76
1099.31
1103.39
1105.59
1105.41
1102.27
1095.48
1084.23
1067.65
1044.78
1014.65
976.344
929.125
872.549
806.715
732.548
652.07
568.552
486.331
410.259
345.23
302.345
293.74
293.446
293.388
293.336
293.283
293.229
293.176
1055.92
1044.28
1032.56
1020.96
1030.63
1039.93
1047.49
1053.81
1059.48
1066.95
1075.33
1081.9
1087.38
1091.46
1093.72
1093.71
1090.84
1084.47
1073.81
1058.01
1036.14
1007.26
970.453
924.966
870.32
806.542
734.438
655.858
573.868
492.607
416.799
351.273
305.121
293.921
293.483
293.42
293.367
293.314
293.261
293.208
1044.75
1033.42
1022.02
1010.72
1020.14
1029.21
1036.6
1042.79
1048.37
1055.69
1063.88
1070.34
1075.76
1079.82
1082.14
1082.27
1079.67
1073.68
1063.58
1048.52
1027.61
999.912
964.537
920.71
867.922
806.137
736.049
659.348
578.9
498.651
423.194
357.282
308.294
294.189
293.521
293.451
293.399
293.346
293.292
293.239
1033.87
1022.84
1011.74
1000.75
1009.93
1018.77
1025.99
1032.06
1037.55
1044.72
1052.73
1059.08
1064.42
1068.46
1070.84
1071.11
1068.74
1063.13
1053.54
1039.19
1019.18
992.616
958.605
916.368
865.371
805.516
737.396
662.55
583.655
504.464
429.433
363.233
311.994
294.575
293.56
293.483
293.43
293.377
293.323
293.27
1023.28
1012.54
1001.73
991.031
999.981
1008.61
1015.66
1021.61
1026.99
1034.02
1041.86
1048.09
1053.36
1057.38
1059.8
1060.2
1058.06
1052.79
1043.7
1030.01
1010.86
985.375
952.666
911.953
862.678
804.692
738.491
665.474
588.137
510.045
435.51
369.101
316.135
295.122
293.602
293.515
293.462
293.409
293.355
293.301
1012.97
1002.51
991.983
981.556
990.287
998.697
1005.59
1011.41
1016.71
1023.59
1031.25
1037.38
1042.58
1046.57
1049.03
1049.54
1047.61
1042.67
1034.04
1020.98
1002.66
978.193
946.726
907.474
859.857
803.679
739.349
668.133
592.354
515.395
441.417
374.877
320.596
295.874
293.648
293.546
293.493
293.44
293.386
293.333
1002.92
992.734
982.479
972.304
980.835
989.042
995.778
1001.48
1006.67
1013.41
1020.92
1026.93
1032.05
1036.02
1038.51
1039.12
1037.39
1032.76
1024.57
1012.11
994.56
971.073
940.794
902.941
856.919
802.49
739.982
670.537
596.313
520.515
447.15
380.557
325.28
296.888
293.702
293.578
293.525
293.472
293.418
293.364
993.137
983.207
973.198
963.206
971.604
979.627
986.212
991.792
996.892
1003.49
1010.83
1016.73
1021.78
1025.72
1028.23
1028.94
1027.4
1023.05
1015.28
1003.39
986.577
964.02
934.875
898.362
853.876
801.137
740.402
672.695
600.021
525.408
452.708
386.144
330.104
298.203
293.767
293.61
293.556
293.503
293.449
293.395
983.599
973.905
964.073
953.946
962.528
970.43
976.881
982.347
987.352
993.814
1000.99
1006.79
1011.76
1015.66
1018.2
1019
1017.62
1013.55
1006.17
994.815
978.707
957.036
928.974
893.747
850.738
799.633
740.621
674.62
603.485
530.077
458.092
391.64
335.008
299.848
293.852
293.643
293.588
293.535
293.48
293.426
974.286
964.759
954.784
953.291
961.387
967.764
973.13
978.045
984.373
991.397
997.08
1001.98
1005.84
1008.4
1009.27
1008.05
1004.24
997.238
986.39
970.95
950.124
923.097
889.102
847.514
797.987
740.651
676.321
606.714
534.526
463.301
397.042
339.948
301.831
293.967
293.678
293.619
293.566
293.511
293.457
965.129
955.448
952.187
958.799
964.123
968.96
975.161
982.032
987.608
992.425
996.254
998.815
999.765
998.695
995.12
988.474
978.11
963.306
943.285
917.248
884.435
844.213
796.212
740.503
677.809
609.713
538.758
468.334
402.338
344.895
304.143
294.129
293.715
293.651
293.597
293.543
293.488
955.807
949.682
955.263
960.077
966.166
972.892
978.363
983.101
986.889
989.455
990.47
989.538
986.19
979.877
969.972
955.773
936.521
911.431
879.751
840.844
794.316
740.187
679.093
612.492
542.777
473.19
407.52
349.812
306.76
294.358
293.752
293.682
293.629
293.574
293.519
946.26
951.338
957.369
963.965
969.334
973.996
977.74
980.307
981.38
980.576
977.442
971.444
961.975
948.352
929.833
905.649
875.057
837.415
792.309
739.713
680.182
615.058
546.588
477.869
412.579
354.68
309.772
294.676
293.789
293.713
293.66
293.605
293.55
942.464
948.713
955.234
960.515
965.101
968.801
971.366
972.49
971.804
968.87
963.171
954.116
941.041
923.222
899.906
870.356
833.932
790.2
739.092
681.087
617.418
550.195
482.37
417.51
359.48
313.134
295.115
293.829
293.745
293.691
293.636
293.581
939.926
946.641
951.885
956.408
960.064
962.624
963.794
963.217
960.47
955.053
946.392
933.839
916.689
894.203
865.655
830.403
787.997
738.332
681.817
619.581
553.603
486.696
422.308
364.204
316.752
295.705
293.873
293.776
293.723
293.667
293.612
937.922
943.39
947.899
951.522
954.075
955.286
954.81
952.239
947.088
938.8
926.746
910.235
888.544
860.956
826.832
785.708
737.441
682.38
621.554
556.817
490.847
426.972
368.851
320.553
296.487
293.922
293.808
293.754
293.699
293.643
934.776
939.521
943.156
945.712
946.959
946.578
944.171
939.272
931.339
919.759
903.859
882.929
856.265
823.226
783.339
736.429
682.784
623.345
559.842
494.825
431.5
373.42
324.475
297.491
293.979
293.84
293.785
293.73
293.674
931.031
934.917
937.516
938.807
938.514
936.263
931.601
924.004
912.876
897.561
877.361
851.583
819.589
780.897
735.302
683.038
624.959
562.685
498.633
435.892
377.916
328.469
298.74
294.049
293.872
293.817
293.761
293.705
926.575
929.442
930.813
930.612
928.508
924.072
916.794
906.098
891.34
871.84
846.914
815.927
778.388
734.067
683.149
626.406
565.349
502.273
440.148
382.336
332.501
300.247
294.139
293.906
293.848
293.792
293.736
921.274
922.935
922.857
920.902
916.679
909.707
899.42
885.196
866.367
842.259
812.242
775.817
732.732
683.123
627.69
567.84
505.749
444.269
386.676
336.546
302.007
294.258
293.941
293.879
293.824
293.767
914.974
915.211
913.428
909.419
902.736
892.843
879.129
860.943
837.62
808.538
773.19
731.302
682.969
628.819
570.163
509.062
448.254
390.927
340.583
304.014
294.42
293.978
293.911
293.855
293.798
907.493
906.055
902.277
895.88
886.361
873.136
855.567
833
804.818
770.51
729.783
682.692
629.799
572.323
512.215
452.102
395.084
344.584
306.248
294.639
294.014
293.942
293.886
293.829
898.624
895.225
889.126
879.974
867.217
850.239
828.399
801.084
767.782
728.18
682.297
630.635
574.325
515.212
455.814
399.142
348.537
308.816
294.932
294.052
293.974
293.918
293.86
888.129
882.449
873.669
861.368
844.959
823.818
797.339
765.008
726.497
681.79
631.333
576.174
518.055
459.389
403.098
352.431
311.622
295.324
294.091
294.006
293.949
293.891
875.743
867.427
855.581
839.724
819.256
793.584
762.191
724.737
681.175
631.897
577.872
520.747
462.829
406.948
356.262
314.607
295.838
294.134
294.038
293.98
293.922
861.171
849.841
834.528
814.713
789.819
759.334
722.905
680.458
632.332
579.426
523.29
466.133
410.691
360.028
317.723
296.5
294.181
294.07
294.012
293.954
844.101
829.361
810.183
786.044
756.437
721.003
679.64
632.642
580.838
525.688
469.302
414.325
363.731
320.926
297.332
294.235
294.102
294.044
293.985
824.204
805.663
782.256
753.502
719.032
678.725
632.831
582.111
527.942
472.338
417.85
367.371
324.18
298.35
294.299
294.133
294.075
294.016
801.16
778.456
750.526
716.994
677.715
632.9
583.248
530.055
475.24
421.266
370.946
327.461
299.562
294.378
294.168
294.107
294.048
774.674
747.514
714.889
676.611
632.851
584.251
532.027
478.01
424.572
374.453
330.749
300.967
294.479
294.203
294.139
294.079
744.514
712.722
675.414
632.687
585.122
533.86
480.645
427.765
377.886
334.029
302.561
294.61
294.239
294.171
294.111
710.551
674.131
632.406
585.86
535.553
483.148
430.843
381.239
337.281
304.332
294.782
294.275
294.203
294.142
672.815
632.017
586.465
537.107
485.515
433.805
384.507
340.491
306.323
295.006
294.312
294.235
294.174
631.555
586.94
538.52
487.745
436.648
387.685
343.649
308.522
295.297
294.35
294.267
294.206
587.298
539.787
489.835
439.367
390.768
346.749
310.876
295.671
294.389
294.3
294.238
540.887
491.773
441.958
393.751
349.787
313.342
296.149
294.432
294.332
294.27
493.502
444.402
396.628
352.76
315.887
296.746
294.479
294.365
294.302
446.616
399.38
355.665
318.477
297.475
294.532
294.398
294.334
401.918
358.493
321.091
298.347
294.594
294.431
294.367
361.205
323.721
299.365
294.669
294.466
294.399
326.491
300.522
294.761
294.502
294.432
302.161
294.878
294.538
294.464
295.049
294.573
294.498
294.617
294.527
294.58
)
;

boundaryField
{
    wallTube
    {
        type            zeroGradient;
    }
    outlet
    {
        type            zeroGradient;
    }
    inletPilot
    {
        type            fixedValue;
        value           uniform 1880;
    }
    inletAir
    {
        type            fixedValue;
        value           uniform 291;
    }
    wallOutside
    {
        type            zeroGradient;
    }
    inletCH4
    {
        type            fixedValue;
        value           uniform 294;
    }
    frontAndBack_pos
    {
        type            wedge;
    }
    frontAndBack_neg
    {
        type            wedge;
    }
}


// ************************************************************************* //
