/*--------------------------------*- C++ -*----------------------------------*\
| =========                 |                                                 |
| \\      /  F ield         | OpenFOAM: The Open Source CFD Toolbox           |
|  \\    /   O peration     | Version:  1.6.x                                 |
|   \\  /    A nd           | Web:      www.OpenFOAM.org                      |
|    \\/     M anipulation  |                                                 |
\*---------------------------------------------------------------------------*/
FoamFile
{
    version     2.0;
    format      ascii;
    class       volScalarField;
    location    "7000";
    object      volDryH2O;
}
// * * * * * * * * * * * * * * * * * * * * * * * * * * * * * * * * * * * * * //

dimensions      [0 0 0 0 0 0 0];

internalField   nonuniform List<scalar> 
4608
(
1.56317e-05
3.21117e-08
2.30521e-06
0.00831729
6.61477e-11
5.41287e-09
2.26481e-07
0.000445489
0.0144276
0.0485788
1.35402e-13
1.18076e-11
5.6778e-10
2.64888e-08
2.75082e-05
0.00116561
0.0195501
0.0719109
0.144628
2.75123e-16
2.42797e-14
1.30186e-12
8.50825e-11
2.6098e-06
9.65286e-05
0.00208492
0.0239852
0.083872
0.163025
0.171491
0.189685
5.54727e-19
4.80272e-17
2.81378e-15
2.30874e-13
1.13347e-05
0.000208706
0.00318368
0.0286335
0.0877329
0.171581
0.204368
0.170783
0.170508
0.162113
1.10931e-21
9.25264e-20
5.84227e-18
5.7637e-16
2.85446e-05
0.000377647
0.00447236
0.031992
0.0930466
0.17395
0.207872
0.186085
0.170317
0.170495
0.17049
0.113824
2.19883e-24
1.75152e-22
1.18247e-20
1.37647e-18
5.86895e-05
0.000611253
0.00588222
0.0606199
0.086333
0.176236
0.207489
0.213557
0.120421
0.16973
0.170488
0.17049
0.17049
0.0540715
4.31688e-27
3.28072e-25
2.3606e-23
3.21654e-21
0.00010685
0.000916234
0.00839049
0.078184
0.0931753
0.16997
0.207498
0.217133
0.13994
0.0716008
0.170482
0.17049
0.17049
0.17049
0.0253903
8.38553e-30
6.11141e-28
4.6932e-26
7.42861e-24
0.000178711
0.001344
0.0112282
0.0897962
0.105683
0.16396
0.20458
0.21763
0.163806
0.0905118
0.0434479
0.17049
0.17049
0.17049
0.17049
0.00676019
1.60929e-32
1.136e-30
9.36883e-29
1.71075e-26
0.000283805
0.00188769
0.0141984
0.0974045
0.117291
0.16648
0.199662
0.217381
0.183417
0.113461
0.060723
0.0190366
0.17049
0.17049
0.17049
0.17049
0.000790884
3.04533e-35
2.11114e-33
1.8906e-31
3.96315e-29
0.000429923
0.00253833
0.0171482
0.104018
0.125703
0.17119
0.198476
0.21498
0.206939
0.133181
0.0810385
0.0314499
0.0050635
0.17049
0.17049
0.17049
0.17049
6.6178e-05
5.66711e-38
3.92627e-36
3.87828e-34
9.29162e-32
0.000623558
0.00327727
0.0201565
0.103912
0.13348
0.175098
0.199037
0.213337
0.217342
0.157401
0.100076
0.0468229
0.011636
0.000592271
0.17049
0.17049
0.17049
0.17049
1.23442e-05
1.03334e-40
7.31014e-39
8.12547e-37
2.21345e-34
0.00086777
0.00410112
0.0229299
0.102986
0.134181
0.178818
0.199672
0.212495
0.219429
0.185106
0.122701
0.0629079
0.0215092
0.00210115
5.56807e-05
0.17049
0.17049
0.17049
0.17049
3.87481e-06
1.83683e-43
1.363e-41
1.74681e-39
5.36796e-37
0.00116508
0.0049894
0.0382406
0.10776
0.130872
0.179651
0.200475
0.211969
0.219133
0.204723
0.152855
0.0817133
0.033834
0.00572671
0.000184335
1.11333e-05
0.17049
0.17049
0.17049
0.17049
1.4717e-06
3.15885e-46
2.55044e-44
3.87737e-42
1.32884e-39
0.00151652
0.00645819
0.0510378
0.115105
0.133554
0.17761
0.200421
0.211743
0.218837
0.210814
0.177668
0.108912
0.0488893
0.0129337
0.000612474
2.49817e-05
3.76145e-06
0.17049
0.17049
0.17049
0.17049
5.74145e-07
5.19379e-49
4.81296e-47
8.94855e-45
3.37437e-42
0.0019655
0.00827218
0.061712
0.123808
0.139255
0.177486
0.199157
0.211287
0.218464
0.215163
0.193981
0.132611
0.0705833
0.0237036
0.00231379
5.5683e-05
6.92108e-06
1.54729e-06
0.17049
0.17049
0.17049
0.17049
2.16484e-07
8.00275e-52
9.20098e-50
2.16592e-47
8.81307e-45
0.00252453
0.0103259
0.0710499
0.13044
0.1463
0.178607
0.19845
0.210287
0.217818
0.216715
0.206728
0.151277
0.090876
0.0398729
0.00684616
0.000171155
1.16308e-05
2.72794e-06
6.53543e-07
0.17049
0.17049
0.17049
0.17049
7.72163e-08
1.1363e-54
1.8058e-52
5.55735e-50
2.36743e-47
0.00319641
0.0125744
0.0765237
0.13412
0.15152
0.180478
0.198315
0.209525
0.216954
0.216826
0.211579
0.167673
0.108063
0.0560753
0.0173517
0.000731321
2.08898e-05
4.16339e-06
1.19971e-06
2.63506e-07
0.17049
0.17049
0.17049
0.17049
2.58221e-08
1.46924e-57
3.73575e-55
1.50963e-52
6.53533e-50
0.00398075
0.0148718
0.0804092
0.13847
0.154133
0.181915
0.198589
0.209046
0.216348
0.216946
0.213107
0.179787
0.124437
0.0708212
0.0296885
0.00400587
5.18983e-05
5.99649e-06
1.827e-06
5.23238e-07
9.85696e-08
0.17049
0.17049
0.17049
0.17049
8.0506e-09
1.71732e-60
8.43668e-58
4.30271e-55
1.8486e-52
0.00486434
0.0232856
0.0867514
0.14341
0.156957
0.182473
0.198823
0.208794
0.215795
0.217348
0.214817
0.189518
0.1383
0.0852592
0.0417098
0.0111314
0.00030949
9.85788e-06
2.5109e-06
8.322e-07
2.14214e-07
3.3821e-08
0.17049
0.17049
0.17049
0.17049
2.32728e-09
2.19808e-60
1.26148e-57
5.33711e-55
0.00624603
0.0321273
0.0943837
0.148642
0.160096
0.183108
0.198762
0.208586
0.215318
0.217122
0.216681
0.19941
0.150805
0.0985125
0.0536193
0.0199557
0.0018691
2.38708e-05
3.54441e-06
1.16797e-06
3.63886e-07
8.02909e-08
1.0586e-08
0.17049
0.17049
0.17049
0.17049
6.19932e-10
3.73404e-60
1.56711e-57
0.00804121
0.0405543
0.102574
0.153477
0.163508
0.183869
0.19877
0.208287
0.214904
0.216761
0.216919
0.207806
0.163934
0.111213
0.0651468
0.0294419
0.00571149
0.000105194
5.51434e-06
1.59368e-06
5.36669e-07
1.46921e-07
2.72432e-08
3.00936e-09
0.17049
0.17049
0.17049
0.17049
1.51094e-10
4.64685e-60
0.0125674
0.0488879
0.111645
0.15823
0.166856
0.184811
0.198857
0.208055
0.214504
0.216467
0.216811
0.210059
0.175534
0.124887
0.0764795
0.0389309
0.0119694
0.00055943
1.08286e-05
2.17072e-06
7.43497e-07
2.3061e-07
5.37063e-08
8.31807e-09
7.73266e-10
0.17049
0.17049
0.17049
0.17049
3.34397e-11
0.0187002
0.0578955
0.12156
0.162986
0.170188
0.185914
0.199036
0.207885
0.214178
0.216256
0.216764
0.211411
0.184027
0.137259
0.0889131
0.0483738
0.0192238
0.00230255
2.98494e-05
3.07968e-06
9.93478e-07
3.32282e-07
9.00954e-08
1.75932e-08
2.27479e-09
1.78631e-10
0.17049
0.17049
0.17049
0.17049
6.66726e-12
0.0261849
0.0682466
0.13182
0.167628
0.173534
0.187146
0.199338
0.207776
0.213877
0.216089
0.21685
0.212706
0.190907
0.147747
0.100713
0.058705
0.0268209
0.00592104
0.000130774
5.02191e-06
1.29832e-06
4.53405e-07
1.36677e-07
3.15219e-08
5.13222e-09
5.54616e-10
3.68778e-11
0.17049
0.17049
0.17049
1.18796e-12
0.034273
0.080398
0.141732
0.171946
0.176857
0.188487
0.199748
0.207748
0.213601
0.215826
0.216919
0.214122
0.196915
0.156944
0.11126
0.0689215
0.0350704
0.0111054
0.000632293
1.04222e-05
1.75008e-06
5.93068e-07
1.9378e-07
5.0597e-08
9.79081e-09
1.32649e-09
1.19941e-10
6.76039e-12
0.17049
0.17049
1.87677e-13
0.0429355
0.0947363
0.150238
0.176013
0.180022
0.189939
0.200251
0.207807
0.213384
0.215535
0.216741
0.215181
0.20252
0.165284
0.120932
0.0785306
0.0434092
0.0173099
0.0021739
2.93294e-05
2.55158e-06
7.65804e-07
2.60911e-07
7.5178e-08
1.66402e-08
2.68326e-09
3.02255e-10
2.28817e-11
1.09331e-12
0.17049
2.60882e-14
0.0528748
0.110151
0.158051
0.179894
0.18304
0.191453
0.200843
0.207944
0.213245
0.215291
0.216481
0.21544
0.206514
0.173191
0.129966
0.087652
0.0515966
0.0239164
0.00527452
0.000118217
4.25012e-06
1.00121e-06
3.40196e-07
1.05349e-07
2.60057e-08
4.8214e-09
6.45359e-10
6.0405e-11
3.82925e-12
1.54959e-13
3.16757e-15
0.0649494
0.125922
0.165199
0.183577
0.185954
0.192997
0.201516
0.208156
0.213185
0.215127
0.216257
0.215483
0.208121
0.180045
0.138698
0.0964524
0.0595848
0.030556
0.00972905
0.000531318
8.74863e-06
1.36285e-06
4.37342e-07
1.41522e-07
3.81194e-08
7.93184e-09
1.22276e-09
1.35505e-10
1.05329e-11
5.58903e-13
1.91239e-14
3.33653e-16
0.0803972
0.140424
0.171626
0.187087
0.188764
0.194571
0.202247
0.208435
0.213199
0.215046
0.216114
0.215532
0.20926
0.185509
0.146688
0.10513
0.0674269
0.0371406
0.014761
0.00179478
2.33326e-05
2.01249e-06
5.64164e-07
1.84973e-07
5.32134e-08
1.21869e-08
2.11574e-09
2.69851e-10
2.47115e-11
1.59407e-12
7.07398e-14
2.04231e-15
3.0295e-17
0.0998852
0.152742
0.17753
0.190452
0.191479
0.196173
0.203032
0.208766
0.213261
0.215039
0.216056
0.215648
0.210299
0.190187
0.153795
0.113259
0.0752349
0.0437553
0.0200159
0.00421378
8.79677e-05
3.34438e-06
7.4575e-07
2.38434e-07
7.16819e-08
1.77478e-08
3.40871e-09
4.902e-10
5.15416e-11
3.89419e-12
2.08296e-13
7.72107e-15
1.87628e-16
2.3573e-18
0.12308
0.163659
0.18299
0.19366
0.194117
0.197797
0.203861
0.209143
0.213351
0.215046
0.21607
0.215833
0.211305
0.194302
0.160247
0.120763
0.0827796
0.0504327
0.0253797
0.0076581
0.000365599
6.64736e-06
1.02829e-06
3.07434e-07
9.42784e-08
2.47981e-08
5.18716e-09
8.27544e-10
9.80552e-11
8.47579e-12
5.27666e-13
2.33817e-14
7.22858e-16
1.47476e-17
1.56362e-19
0.145188
0.173267
0.18797
0.196665
0.196668
0.199437
0.204732
0.209558
0.213472
0.215051
0.216058
0.216063
0.212281
0.197939
0.166122
0.1278
0.0899919
0.0570207
0.0307991
0.0116387
0.00120087
1.60977e-05
1.51481e-06
4.01267e-07
1.22437e-07
3.35979e-08
7.54167e-09
1.31629e-09
1.73193e-10
1.68394e-11
1.19411e-12
6.1188e-14
2.24373e-15
5.77575e-17
9.86787e-19
8.79903e-21
0.162929
0.181407
0.192391
0.199425
0.199104
0.201091
0.20564
0.210012
0.21362
0.215065
0.216014
0.216139
0.213188
0.201152
0.17145
0.13439
0.0969238
0.0634555
0.0362519
0.0158941
0.00284847
5.0411e-05
2.44312e-06
5.3556e-07
1.58559e-07
4.45684e-08
1.05789e-08
1.99427e-09
2.87769e-10
3.10556e-11
2.47003e-12
1.43464e-13
6.04456e-15
1.83219e-16
3.9205e-18
5.59527e-20
4.18306e-22
0.175857
0.188008
0.196213
0.201917
0.201393
0.202739
0.206585
0.210501
0.213802
0.215101
0.215961
0.216101
0.213614
0.203927
0.176262
0.14052
0.103558
0.0697466
0.0417051
0.0202755
0.00537896
0.000186121
4.46809e-06
7.38642e-07
2.06353e-07
5.83939e-08
1.44407e-08
2.90422e-09
4.54468e-10
5.38328e-11
4.74489e-12
3.08014e-13
1.46348e-14
5.06545e-16
1.26777e-17
2.25114e-19
2.67772e-21
1.67351e-23
0.184934
0.193229
0.199471
0.204147
0.203504
0.204358
0.20756
0.211026
0.214016
0.215169
0.215928
0.216025
0.213761
0.205333
0.180537
0.146188
0.109858
0.0758745
0.0471247
0.0246832
0.00848209
0.000627699
9.50598e-06
1.06685e-06
2.71681e-07
7.61188e-08
1.93347e-08
4.09728e-09
6.88019e-10
8.85723e-11
8.56535e-12
6.147e-13
3.25133e-14
1.26253e-15
3.58699e-17
7.40422e-19
1.08932e-20
1.07686e-22
5.15586e-25
0.19139
0.19736
0.202244
0.206139
0.205439
0.205926
0.208556
0.211583
0.214263
0.215268
0.215924
0.215953
0.213817
0.20615
0.183961
0.151354
0.115793
0.081805
0.0524905
0.0291088
0.0118531
0.00161077
2.39173e-05
1.64726e-06
3.63902e-07
9.93194e-08
2.55654e-08
5.64018e-09
1.00573e-09
1.39436e-10
1.46651e-11
1.15311e-12
6.72273e-14
2.8939e-15
9.17754e-17
2.13867e-18
3.63721e-20
4.41983e-22
3.31969e-24
4.43403e-27
0.196163
0.200685
0.204624
0.207927
0.207202
0.207426
0.209562
0.212174
0.214541
0.215399
0.21595
0.215909
0.213856
0.206775
0.186765
0.155919
0.121313
0.0875283
0.0577743
0.0335738
0.0153624
0.00326266
7.48087e-05
2.75132e-06
4.99813e-07
1.30332e-07
3.35825e-08
7.62317e-09
1.42887e-09
2.11448e-10
2.39954e-11
2.05112e-12
1.30745e-13
6.18283e-15
2.16436e-16
5.60259e-18
1.07013e-19
1.49398e-21
1.36018e-23
3.66012e-26
0.199841
0.203426
0.206696
0.209548
0.208811
0.208847
0.210566
0.21279
0.214853
0.21556
0.216007
0.215892
0.213903
0.207314
0.189154
0.159965
0.126386
0.0929925
0.0629532
0.0380533
0.0189584
0.00549733
0.000248951
5.15591e-06
7.06448e-07
1.72818e-07
4.40438e-08
1.01736e-08
1.9843e-09
3.10756e-10
3.77583e-11
3.4844e-12
2.41153e-13
1.24363e-14
4.76559e-16
1.35594e-17
2.86353e-19
4.46291e-21
4.6e-23
1.61788e-25
0.202795
0.205743
0.208528
0.211025
0.210289
0.210187
0.211556
0.213426
0.215193
0.215752
0.216094
0.215903
0.213964
0.2078
0.191232
0.163591
0.131057
0.0981384
0.0679868
0.0425116
0.0225759
0.00808846
0.000706876
1.08352e-05
1.04216e-06
2.32022e-07
5.79258e-08
1.34736e-08
2.70762e-09
4.44917e-10
5.74643e-11
5.68659e-12
4.24687e-13
2.37348e-14
9.88992e-16
3.0692e-17
7.09499e-19
1.21553e-20
1.37912e-22
5.6822e-25
0.205251
0.20775
0.210172
0.212385
0.211654
0.211449
0.212524
0.214075
0.215558
0.215971
0.21621
0.215935
0.214035
0.208244
0.193052
0.16686
0.13538
0.102993
0.0728313
0.0469186
0.0262156
0.0108689
0.00158939
2.61214e-05
1.61816e-06
3.16591e-07
7.66021e-08
1.77862e-08
3.6475e-09
6.23522e-10
8.4989e-11
8.96343e-12
7.1809e-13
4.32546e-14
1.94879e-15
6.55613e-17
1.64712e-18
3.07175e-20
3.78133e-22
1.74469e-24
0.207352
0.209525
0.211661
0.213642
0.212921
0.212638
0.213463
0.214729
0.215946
0.216216
0.216353
0.215992
0.214117
0.208649
0.194651
0.169811
0.139388
0.107587
0.0774865
0.0512414
0.0298815
0.0137545
0.00298299
7.4066e-05
2.67564e-06
4.39833e-07
1.02087e-07
2.34849e-08
4.87192e-09
8.59085e-10
1.22688e-10
1.37063e-11
1.17167e-12
7.56682e-14
3.66809e-15
1.33089e-16
3.61338e-18
7.2855e-20
9.64558e-22
4.87114e-24
0.209195
0.211117
0.213028
0.214814
0.214098
0.213756
0.214371
0.21538
0.216344
0.216478
0.216516
0.216068
0.214203
0.209015
0.196058
0.172476
0.143095
0.111939
0.0819643
0.0554666
0.0335506
0.0167071
0.0048117
0.000219941
4.82929e-06
6.23771e-07
1.37235e-07
3.11001e-08
6.47629e-09
1.16837e-09
1.73561e-10
2.04147e-11
1.85244e-12
1.27673e-13
6.62788e-15
2.58213e-16
7.54005e-18
1.63497e-19
2.31438e-21
1.26229e-23
0.210842
0.212565
0.21429
0.215905
0.215201
0.214812
0.215244
0.21602
0.216748
0.216752
0.216695
0.216155
0.214288
0.209341
0.197288
0.174887
0.146526
0.116037
0.0862739
0.0595916
0.0371953
0.0196784
0.00691984
0.000574505
9.50255e-06
9.12541e-07
1.86091e-07
4.1375e-08
8.595e-09
1.57424e-09
2.41499e-10
2.97256e-11
2.84854e-12
2.08578e-13
1.15486e-14
4.81045e-16
1.50468e-17
3.49331e-19
5.26425e-21
3.07441e-23
0.212333
0.213896
0.215462
0.216924
0.216232
0.215806
0.21608
0.216645
0.21715
0.217027
0.216881
0.216249
0.214368
0.20962
0.198357
0.177064
0.149705
0.119903
0.0904377
0.0636182
0.0408049
0.0226579
0.00918484
0.0012397
2.06838e-05
1.38483e-06
2.55047e-07
5.53268e-08
1.14161e-08
2.10829e-09
3.31642e-10
4.24572e-11
4.27478e-12
3.31093e-13
1.94756e-14
8.64237e-16
2.88434e-17
7.14259e-19
1.14178e-20
7.09798e-23
0.213698
0.215128
0.216553
0.217877
0.217198
0.216743
0.216875
0.217246
0.217542
0.217299
0.217068
0.216341
0.214434
0.209851
0.199265
0.179018
0.152646
0.123555
0.0944492
0.0675521
0.0443801
0.0256524
0.0115396
0.002285
5.17518e-05
2.19699e-06
3.53468e-07
7.44024e-08
1.51991e-08
2.81433e-09
4.50903e-10
5.96705e-11
6.28005e-12
5.12288e-13
3.18923e-14
1.50248e-15
5.33287e-17
1.40346e-18
2.3727e-20
1.56309e-22
0.214958
0.216271
0.217569
0.218767
0.218099
0.217621
0.217626
0.217822
0.217918
0.217559
0.217247
0.216423
0.214476
0.210021
0.200014
0.180757
0.155357
0.126999
0.0983042
0.07139
0.0479167
0.0286732
0.0139504
0.00368585
0.000139864
3.72226e-06
4.95893e-07
1.00594e-07
2.03045e-08
3.75306e-09
6.08679e-10
8.276e-11
9.05761e-12
7.74835e-13
5.0864e-14
2.53552e-15
9.54085e-17
2.66062e-18
4.74273e-20
3.29936e-22
0.216127
0.217334
0.218518
0.219589
0.218941
0.218444
0.218334
0.218362
0.218269
0.217797
0.21741
0.216487
0.214487
0.210125
0.200605
0.182282
0.157844
0.130234
0.101995
0.0751285
0.0514087
0.0317024
0.0164016
0.00534483
0.000353651
6.75919e-06
7.09593e-07
1.3664e-07
2.72257e-08
5.00839e-09
8.17846e-10
1.13581e-10
1.28595e-11
1.14863e-12
7.92182e-14
4.16506e-15
1.65658e-16
4.88133e-18
9.15318e-20
6.70132e-22
0.217214
0.218326
0.219399
0.220346
0.21972
0.219209
0.218993
0.218868
0.218587
0.218008
0.217549
0.216522
0.214459
0.210153
0.201033
0.183592
0.160107
0.133265
0.105506
0.0787718
0.0548515
0.0347283
0.0188683
0.00715992
0.000773556
1.30905e-05
1.04208e-06
1.86648e-07
3.66292e-08
6.69575e-09
1.0961e-09
1.54629e-10
1.80168e-11
1.67299e-12
1.2078e-13
6.67677e-15
2.79892e-16
8.69126e-18
1.71053e-19
1.31467e-21
0.218225
0.219245
0.22021
0.221034
0.220433
0.219916
0.219604
0.219328
0.21887
0.218184
0.217655
0.216524
0.214381
0.2101
0.201296
0.184682
0.162142
0.136093
0.108853
0.0823281
0.0582435
0.037747
0.021355
0.00907626
0.00145657
2.81155e-05
1.57407e-06
2.56606e-07
4.94341e-08
8.97251e-09
1.46778e-09
2.09289e-10
2.49679e-11
2.39957e-12
1.80677e-13
1.04689e-14
4.61275e-16
1.5056e-17
3.10346e-19
2.49804e-21
0.219167
0.220099
0.220953
0.221645
0.221075
0.220557
0.220154
0.219743
0.219111
0.21832
0.217724
0.216482
0.214249
0.209959
0.201393
0.185553
0.163943
0.138709
0.112032
0.0857784
0.061584
0.040757
0.0238711
0.0110566
0.00243711
6.70813e-05
2.48207e-06
3.54891e-07
6.6901e-08
1.20534e-08
1.96621e-09
2.8217e-10
3.42987e-11
3.39661e-12
2.65747e-13
1.60895e-14
7.43121e-16
2.54331e-17
5.47952e-19
4.6093e-21
0.220037
0.22088
0.221622
0.222174
0.221641
0.221125
0.220638
0.220093
0.2193
0.21841
0.217748
0.216394
0.214056
0.209724
0.201327
0.186203
0.165507
0.141106
0.11503
0.0891059
0.0648652
0.0437525
0.0264178
0.0130872
0.00367222
0.000164773
4.13622e-06
4.95666e-07
9.07064e-08
1.62298e-08
2.63699e-09
3.79576e-10
4.67976e-11
4.75439e-12
3.85075e-13
2.4285e-14
1.17261e-15
4.19808e-17
9.43483e-19
8.27776e-21
0.220838
0.221588
0.222209
0.222607
0.22212
0.221616
0.221045
0.220365
0.219413
0.218445
0.217725
0.216253
0.213798
0.209396
0.201101
0.186633
0.166829
0.143277
0.117842
0.0922823
0.0680826
0.0467274
0.0289816
0.0151544
0.00508977
0.000374588
7.25551e-06
7.03536e-07
1.23213e-07
2.18919e-08
3.54225e-09
5.10118e-10
6.35313e-11
6.59332e-12
5.50734e-13
3.60649e-14
1.81565e-15
6.78383e-17
1.58731e-18
1.44985e-20
0.221568
0.222218
0.222708
0.222929
0.2225
0.222016
0.221363
0.220546
0.219423
0.218381
0.21764
0.216054
0.213472
0.208975
0.20072
0.18685
0.167909
0.145217
0.120459
0.0953147
0.0712424
0.0496759
0.0315538
0.0172421
0.00662885
0.000751549
1.34311e-05
1.01805e-06
1.67859e-07
2.95652e-08
4.76606e-09
6.85556e-10
8.5949e-11
9.07468e-12
7.78788e-13
5.27866e-14
2.7634e-15
1.07504e-16
2.61389e-18
2.48125e-20
0.222218
0.22276
0.223099
0.223113
0.222762
0.222309
0.221577
0.220627
0.219326
0.218194
0.217439
0.215786
0.213074
0.208461
0.200195
0.186863
0.168748
0.146918
0.122872
0.0981954
0.0743169
0.0525956
0.0341304
0.0193543
0.00825036
0.00133964
2.71216e-05
1.50671e-06
2.29401e-07
3.99654e-08
6.42175e-09
9.21899e-10
1.16023e-10
1.24157e-11
1.09067e-12
7.62712e-14
4.14067e-15
1.67337e-16
4.22008e-18
4.15612e-20
0.222781
0.223203
0.223364
0.223123
0.222878
0.222473
0.221669
0.220576
0.219105
0.217885
0.217097
0.21536
0.212593
0.207853
0.199533
0.186679
0.169353
0.148381
0.125072
0.100907
0.0772883
0.0554744
0.0367085
0.0214966
0.00992868
0.00216158
6.00996e-05
2.31001e-06
3.14471e-07
5.40497e-08
8.6624e-09
1.24087e-09
1.56441e-10
1.691e-11
1.51507e-12
1.08958e-13
6.11743e-15
2.5623e-16
6.6897e-18
6.82408e-20
0.223247
0.223524
0.223471
0.2229
0.222808
0.222476
0.221601
0.220375
0.218711
0.217435
0.21662
0.214755
0.211882
0.207142
0.198742
0.186312
0.169732
0.149605
0.127054
0.103441
0.0801207
0.0583003
0.0392805
0.0236704
0.0116536
0.00318898
0.000137398
3.70856e-06
4.33934e-07
7.30828e-08
1.16929e-08
1.67188e-09
2.10856e-10
2.29558e-11
2.09053e-12
1.54118e-13
8.92386e-15
3.8649e-16
1.04269e-17
1.09991e-19
0.223596
0.223696
0.223363
0.222348
0.222487
0.222274
0.221335
0.219967
0.21813
0.216767
0.215986
0.214002
0.210944
0.206065
0.197822
0.185774
0.169893
0.150594
0.128816
0.105794
0.08282
0.0610801
0.0418363
0.0258641
0.0134165
0.00437177
0.000297059
6.21074e-06
6.05882e-07
9.88218e-08
1.57856e-08
2.25463e-09
2.84235e-10
3.10937e-11
2.86907e-12
2.16137e-13
1.2871e-14
5.75035e-16
1.60003e-17
1.74262e-19
0.223802
0.223672
0.22296
0.221272
0.221808
0.221789
0.220813
0.2193
0.21727
0.215889
0.2151
0.213065
0.209839
0.204695
0.196656
0.185067
0.169849
0.151354
0.130355
0.107956
0.0853796
0.063786
0.0443721
0.0280676
0.0151999
0.0056627
0.000580945
1.08326e-05
8.58369e-07
1.33761e-07
2.13044e-08
3.04231e-09
3.83311e-10
4.20586e-11
3.92091e-12
3.00912e-13
1.83782e-14
8.44969e-16
2.42024e-17
2.71715e-19
0.223818
0.223371
0.222086
0.219232
0.220562
0.2209
0.219928
0.218303
0.216068
0.21466
0.213986
0.211801
0.208519
0.20316
0.195256
0.184148
0.169604
0.151892
0.131672
0.109923
0.0877876
0.0664002
0.0468756
0.0302754
0.0170038
0.00703147
0.00102313
2.01664e-05
1.2366e-06
1.81293e-07
2.87392e-08
4.10624e-09
5.17182e-10
5.68482e-11
5.34135e-12
4.16389e-13
2.60097e-14
1.22769e-15
3.61281e-17
4.17432e-19
0.223568
0.222638
0.220352
0.215581
0.218267
0.219371
0.218531
0.216811
0.214436
0.213026
0.212462
0.210291
0.20675
0.201459
0.193689
0.183018
0.169147
0.152213
0.132771
0.111691
0.0900339
0.0688999
0.0493347
0.0324819
0.0188308
0.00845384
0.00165303
4.07874e-05
1.82795e-06
2.46021e-07
3.87401e-08
5.54189e-09
6.9811e-10
7.68164e-11
7.25955e-12
5.73296e-13
3.65261e-14
1.76575e-15
5.32806e-17
6.32543e-19
0.222903
0.221115
0.216931
0.210915
0.214485
0.216674
0.216305
0.214648
0.212124
0.210888
0.210481
0.208249
0.204754
0.199477
0.191967
0.181713
0.16848
0.152314
0.133652
0.113259
0.0921143
0.0712733
0.0517455
0.0346791
0.0206838
0.00991773
0.00246096
8.75342e-05
2.8023e-06
3.34978e-07
5.21637e-08
7.47611e-09
9.42588e-10
1.03797e-10
9.85082e-12
7.86148e-13
5.09529e-14
2.51663e-15
7.77097e-17
9.46382e-19
0.221481
0.217902
0.212329
0.205683
0.209783
0.212699
0.212921
0.211554
0.209161
0.208194
0.208006
0.205852
0.202419
0.197306
0.190046
0.180246
0.167626
0.152203
0.134316
0.114625
0.0940251
0.0735197
0.0540972
0.0368594
0.0225546
0.0114174
0.00341485
0.00018496
4.46662e-06
4.59459e-07
7.01659e-08
1.00779e-08
1.27268e-09
1.40267e-10
1.33528e-11
1.07461e-12
7.06737e-14
3.55791e-15
1.122e-16
1.39938e-18
0.218385
0.213363
0.207085
0.200181
0.204568
0.207949
0.208683
0.207726
0.205625
0.205005
0.205092
0.203099
0.199815
0.1949
0.187958
0.178605
0.166596
0.151894
0.134768
0.115788
0.0957607
0.0756337
0.0563707
0.0390135
0.0244325
0.0129396
0.00447364
0.000364423
7.34821e-06
6.37048e-07
9.4355e-08
1.35708e-08
1.71805e-09
1.89561e-10
1.80878e-11
1.46529e-12
9.75593e-14
4.99424e-15
1.60519e-16
2.04686e-18
0.213881
0.208115
0.201532
0.194595
0.199108
0.202764
0.203902
0.203354
0.201623
0.201376
0.20178
0.200024
0.196955
0.192292
0.185692
0.176806
0.165394
0.151398
0.13502
0.11675
0.0973161
0.0776058
0.0585529
0.0411301
0.0263097
0.0144763
0.00561054
0.000654444
1.25825e-05
8.94053e-07
1.26941e-07
1.82531e-08
2.31806e-09
2.56193e-10
2.44909e-11
1.99429e-12
1.34138e-13
6.96682e-15
2.27753e-16
2.96419e-18
0.208634
0.20253
0.19588
0.189043
0.193577
0.197375
0.198813
0.198628
0.197276
0.19739
0.198115
0.196655
0.19386
0.189494
0.18326
0.174849
0.164029
0.150721
0.135079
0.117517
0.0986915
0.0794277
0.0606273
0.0431988
0.0281784
0.0160265
0.00680299
0.00108315
2.29245e-05
1.27507e-06
1.70854e-07
2.45232e-08
3.12525e-09
3.46192e-10
3.31544e-11
2.71041e-12
1.83832e-13
9.66602e-15
3.20752e-16
4.2535e-18
0.203033
0.196829
0.190254
0.183599
0.188084
0.191931
0.193586
0.193706
0.192703
0.193136
0.194161
0.193026
0.190546
0.186514
0.180672
0.172743
0.162507
0.149874
0.134953
0.118097
0.0998893
0.0810972
0.0625823
0.0452139
0.0300325
0.0175905
0.00803451
0.00166314
4.49785e-05
1.86437e-06
2.30159e-07
3.29039e-08
4.20962e-09
4.67647e-10
4.48735e-11
3.68026e-12
2.51264e-13
1.33488e-14
4.4874e-16
6.0527e-18
0.19731
0.19115
0.184735
0.178304
0.1827
0.186534
0.188339
0.188704
0.188013
0.188709
0.189991
0.189177
0.187038
0.183369
0.177937
0.170496
0.160838
0.148864
0.134651
0.118493
0.100912
0.0826141
0.0644181
0.047168
0.0318645
0.0191671
0.00929617
0.00238204
9.16643e-05
2.81893e-06
3.11054e-07
4.4084e-08
5.66387e-09
6.31381e-10
6.07208e-11
4.99355e-12
3.42737e-13
1.83609e-14
6.24112e-16
8.54755e-18
0.191606
0.185577
0.179368
0.173185
0.177464
0.181246
0.183148
0.183711
0.183284
0.184194
0.185682
0.185166
0.183366
0.180074
0.175066
0.168116
0.159029
0.147701
0.13418
0.118715
0.101764
0.0839785
0.0661326
0.0490454
0.0336666
0.020748
0.0105824
0.00321252
0.000182542
4.39876e-06
4.23192e-07
5.89988e-08
7.61041e-09
8.5183e-10
8.21386e-11
6.77173e-12
4.66749e-13
2.5173e-14
8.63485e-16
1.19876e-17
0.186006
0.180156
0.174178
0.168252
0.172399
0.176103
0.178065
0.178784
0.178582
0.17966
0.181304
0.181051
0.179571
0.176651
0.172071
0.165612
0.157089
0.146393
0.13355
0.118766
0.102449
0.0851908
0.0677228
0.0508372
0.0354293
0.0223241
0.011881
0.00412477
0.000340961
7.0382e-06
5.80843e-07
7.89351e-08
1.02121e-08
1.14821e-09
1.11063e-10
9.17875e-12
6.3481e-13
3.4417e-14
1.18936e-15
1.67065e-17
0.180558
0.174916
0.16918
0.163511
0.167519
0.171127
0.173122
0.173962
0.173949
0.175157
0.176916
0.176891
0.1757
0.173133
0.16897
0.162996
0.155026
0.144949
0.132769
0.118657
0.10297
0.0862515
0.0691861
0.0525365
0.0371434
0.0238871
0.0131851
0.00509856
0.000588049
1.16321e-05
8.0499e-07
1.05624e-07
1.36858e-08
1.54611e-09
1.50086e-10
1.24357e-11
8.625e-13
4.6948e-14
1.6318e-15
2.31547e-17
0.175293
0.169871
0.164378
0.158961
0.162826
0.16633
0.168336
0.16927
0.169416
0.170722
0.172563
0.172729
0.171797
0.169556
0.165788
0.160282
0.152853
0.143378
0.131846
0.118393
0.103335
0.0871627
0.0705191
0.0541376
0.0388016
0.0254306
0.0144924
0.00611522
0.000946147
2.02202e-05
1.13035e-06
1.41339e-07
1.83192e-08
2.07957e-09
2.02679e-10
1.68403e-11
1.17087e-12
6.39212e-14
2.23129e-15
3.1932e-17
0.170223
0.165024
0.159771
0.154598
0.158321
0.161715
0.163718
0.164723
0.165001
0.166379
0.168275
0.168603
0.167898
0.165953
0.162555
0.157492
0.150581
0.141691
0.130789
0.117983
0.103547
0.0879276
0.0717219
0.0556308
0.0403978
0.0269486
0.0158021
0.00716035
0.00142526
3.7494e-05
1.61984e-06
1.89198e-07
2.44888e-08
2.79383e-09
2.73474e-10
2.27925e-11
1.58832e-12
8.68955e-14
3.04226e-15
4.38423e-17
0.165354
0.160376
0.155356
0.150416
0.153999
0.157281
0.15927
0.160329
0.160716
0.162147
0.164076
0.164539
0.164033
0.162355
0.159297
0.15465
0.148231
0.139901
0.12961
0.117436
0.103615
0.0885502
0.0727958
0.0570174
0.0419312
0.0284357
0.0171131
0.00822601
0.00201743
7.23944e-05
2.38755e-06
2.53811e-07
3.26899e-08
3.74874e-09
3.68661e-10
3.08294e-11
2.15319e-12
1.17975e-13
4.13781e-15
5.996e-17
0.160685
0.155922
0.151125
0.146408
0.149855
0.153026
0.154991
0.156092
0.156569
0.158037
0.159981
0.160555
0.160223
0.158786
0.156039
0.151779
0.145821
0.138023
0.12832
0.116761
0.103546
0.0890352
0.0737427
0.0582981
0.0433924
0.0298864
0.0184187
0.00930704
0.00270269
0.000138494
3.61744e-06
3.42135e-07
4.35888e-08
5.02328e-09
4.96477e-10
4.16707e-11
2.91704e-12
1.59996e-13
5.6162e-15
8.1723e-17
0.156212
0.151656
0.147073
0.142567
0.145883
0.148944
0.15088
0.152009
0.152562
0.154053
0.156
0.156666
0.156484
0.155263
0.152801
0.148899
0.143373
0.136077
0.126934
0.115969
0.103347
0.0893885
0.0745655
0.0594725
0.0447758
0.0312947
0.0197117
0.010395
0.00345718
0.000252521
5.59487e-06
4.64243e-07
5.80935e-08
6.72223e-09
6.67869e-10
5.62798e-11
3.94926e-12
2.16779e-13
7.6094e-15
1.11053e-16
0.151929
0.147571
0.143191
0.138886
0.142075
0.145029
0.146932
0.14808
0.148695
0.150198
0.152138
0.15288
0.152829
0.1518
0.149598
0.146027
0.140904
0.13408
0.125467
0.115072
0.103028
0.0896161
0.0752676
0.0605415
0.0460775
0.0326548
0.0209856
0.0114812
0.00426386
0.000430665
8.83877e-06
6.34386e-07
7.74188e-08
8.98503e-09
8.97395e-10
7.59441e-11
5.34301e-12
2.93464e-13
1.02946e-14
1.50518e-16
0.147827
0.143659
0.139471
0.135356
0.138424
0.141274
0.14314
0.144301
0.144966
0.146474
0.148398
0.149202
0.149264
0.148407
0.146442
0.143176
0.138428
0.132048
0.123937
0.114086
0.102601
0.0897258
0.0758534
0.061506
0.0472959
0.0339621
0.0222356
0.0125627
0.0051074
0.000689066
1.44365e-05
8.74391e-07
1.0315e-07
1.19963e-08
1.20441e-09
1.02382e-10
7.22324e-12
3.96959e-13
1.39094e-14
2.03551e-16
0.1439
0.139911
0.135907
0.13197
0.134922
0.137671
0.139499
0.140665
0.141373
0.142878
0.14478
0.145634
0.145794
0.145091
0.143342
0.140358
0.135959
0.129994
0.122357
0.113024
0.102077
0.0897264
0.0763283
0.0623685
0.0484299
0.0352134
0.0234575
0.0136383
0.00597414
0.00104088
2.47771e-05
1.22152e-06
1.37385e-07
1.59982e-08
1.61462e-09
1.37887e-10
9.75734e-12
5.36538e-13
1.87724e-14
2.74735e-16
0.140138
0.13632
0.132488
0.128722
0.131562
0.134215
0.136001
0.137169
0.13791
0.139408
0.141284
0.142178
0.142422
0.141857
0.140303
0.137579
0.133506
0.127929
0.12074
0.111899
0.101468
0.0896276
0.0766989
0.0631317
0.0494794
0.0364052
0.0246482
0.0147082
0.00685519
0.00148578
4.46759e-05
1.74152e-06
1.83088e-07
2.13068e-08
2.16204e-09
1.85513e-10
1.31692e-11
7.24631e-13
2.531e-14
3.70189e-16
0.136534
0.132878
0.129209
0.125603
0.128337
0.130896
0.132643
0.133807
0.134575
0.13606
0.137907
0.138832
0.13915
0.138706
0.137331
0.134846
0.131075
0.125864
0.119096
0.110723
0.100785
0.0894396
0.0769729
0.0638005
0.0504458
0.037536
0.0258039
0.0157693
0.0077457
0.00201319
8.20137e-05
2.54381e-06
2.44579e-07
2.83414e-08
2.89148e-09
2.49325e-10
1.77582e-11
9.77883e-13
3.4093e-14
4.98068e-16
0.13308
0.129577
0.126062
0.122608
0.125241
0.12771
0.129415
0.130574
0.131362
0.132832
0.134646
0.135595
0.135976
0.135641
0.134428
0.132163
0.128674
0.123804
0.117435
0.109505
0.10004
0.0891719
0.0771574
0.0643796
0.0513313
0.0386044
0.0269213
0.0168166
0.00864165
0.00260496
0.000147529
3.79117e-06
3.28096e-07
3.76656e-08
3.86213e-09
3.34717e-10
2.39237e-11
1.31856e-12
4.5884e-14
6.69265e-16
0.129767
0.12641
0.123041
0.11973
0.122266
0.124649
0.126313
0.127462
0.128267
0.129718
0.131498
0.132465
0.1329
0.132662
0.131596
0.129534
0.126306
0.121757
0.115763
0.108255
0.0992412
0.0888333
0.0772604
0.0648748
0.0521391
0.0396108
0.0279983
0.0178458
0.00953534
0.00324554
0.000253108
5.73203e-06
4.42226e-07
5.00362e-08
5.15243e-09
4.48847e-10
3.21984e-11
1.77642e-12
6.17012e-14
8.98292e-16
0.12659
0.123369
0.120139
0.116963
0.119407
0.121707
0.12333
0.124468
0.125284
0.126716
0.128459
0.12944
0.12992
0.129769
0.128836
0.12696
0.123975
0.119726
0.114086
0.106978
0.0983962
0.088432
0.0772891
0.065291
0.0528717
0.0405557
0.0290326
0.0188532
0.0104217
0.00392253
0.00041003
8.80435e-06
5.98913e-07
6.64449e-08
6.86632e-09
6.01205e-10
4.32911e-11
2.39115e-12
8.29028e-14
1.20448e-15
0.12354
0.120449
0.11735
0.114303
0.116659
0.11888
0.120462
0.121586
0.12241
0.12382
0.125527
0.126515
0.127035
0.126961
0.126148
0.124443
0.121683
0.117716
0.11241
0.105681
0.0975123
0.0879754
0.0772507
0.0656343
0.0535325
0.0414416
0.0300237
0.019836
0.0112991
0.00462387
0.000630721
1.3878e-05
8.16135e-07
8.81707e-08
9.1406e-09
8.04378e-10
5.81446e-11
3.2157e-12
1.11299e-13
1.61355e-15
0.120611
0.117644
0.114669
0.111742
0.114015
0.11616
0.117701
0.118811
0.11964
0.121026
0.122696
0.123689
0.124242
0.124235
0.123533
0.121984
0.119434
0.115729
0.110738
0.10437
0.0965951
0.0874695
0.0771509
0.0659101
0.0541262
0.0422703
0.0309715
0.0207933
0.0121671
0.00533963
0.000923268
2.27702e-05
1.12371e-06
1.16889e-07
1.21533e-08
1.07501e-09
7.80119e-11
4.32046e-12
1.49297e-13
2.15969e-15
0.117797
0.114947
0.112089
0.109277
0.11147
0.113542
0.115044
0.116138
0.116969
0.11833
0.119962
0.120957
0.121538
0.121592
0.120988
0.119584
0.117228
0.113768
0.109074
0.103048
0.0956497
0.0869199
0.0769957
0.0661234
0.0546569
0.043043
0.031876
0.0217236
0.0130267
0.0060634
0.00128713
3.88893e-05
1.57241e-06
1.54942e-07
1.61353e-08
1.43503e-09
1.04556e-10
5.79919e-12
2.00101e-13
2.88837e-15
0.115092
0.112353
0.109606
0.106902
0.109019
0.111022
0.112486
0.113562
0.114393
0.115729
0.117324
0.118317
0.118921
0.119028
0.118515
0.117243
0.115066
0.111836
0.10742
0.101718
0.0946802
0.0863312
0.0767897
0.0662788
0.0551281
0.0437615
0.0327376
0.0226262
0.0138763
0.00679189
0.00171483
6.76186e-05
2.24358e-06
2.05645e-07
2.13928e-08
1.91311e-09
1.39978e-10
7.77633e-12
2.67962e-13
3.85989e-15
0.112491
0.109856
0.107214
0.104613
0.106658
0.108595
0.11002
0.111079
0.111908
0.113219
0.114775
0.115765
0.116387
0.116542
0.116111
0.11496
0.112949
0.109933
0.105781
0.100385
0.0936905
0.0857077
0.0765371
0.0663803
0.0555433
0.0444275
0.0335565
0.0235003
0.0147133
0.00752251
0.00219336
0.000116217
3.2548e-06
2.73647e-07
2.83316e-08
2.54722e-09
1.87181e-10
1.0417e-11
3.58528e-13
5.15428e-15
0.109988
0.107452
0.104909
0.102405
0.104381
0.106255
0.107644
0.108685
0.10951
0.110794
0.112314
0.113297
0.113936
0.114132
0.113774
0.112735
0.110878
0.108062
0.104156
0.0990515
0.0926841
0.0850532
0.0762419
0.0664314
0.0559053
0.045043
0.0343333
0.0243447
0.0155355
0.00825066
0.00271144
0.000192861
4.77438e-06
3.65189e-07
3.74909e-08
3.38714e-09
2.50019e-10
1.39392e-11
4.79273e-13
6.87753e-15
0.107577
0.105135
0.102686
0.100273
0.102184
0.103999
0.105353
0.106376
0.107195
0.108453
0.109936
0.110912
0.111562
0.111795
0.111504
0.110567
0.108853
0.106223
0.102549
0.0977197
0.0916642
0.084371
0.0759074
0.0664352
0.0562165
0.0456098
0.035069
0.0251593
0.0163407
0.00897186
0.00325954
0.000305675
7.06877e-06
4.88598e-07
4.95726e-08
4.49861e-09
3.33553e-10
1.86336e-11
6.40065e-13
9.16999e-15
0.105254
0.102901
0.10054
0.0982119
0.100063
0.101822
0.103142
0.104146
0.104959
0.106192
0.107638
0.108605
0.109264
0.10953
0.109299
0.108456
0.106873
0.104418
0.100961
0.096392
0.0906335
0.0836644
0.0755369
0.0663947
0.056479
0.0461279
0.0357644
0.0259437
0.0171279
0.00968477
0.0038289
0.000463141
1.06182e-05
6.55618e-07
6.54718e-08
5.96745e-09
4.44475e-10
2.4882e-11
8.54057e-13
1.22165e-14
0.103014
0.100745
0.0984658
0.0962184
0.0980131
0.099719
0.101006
0.101993
0.102799
0.104006
0.105417
0.106373
0.10704
0.107333
0.107157
0.1064
0.10494
0.102647
0.0993944
0.0950705
0.0895945
0.082936
0.0751333
0.0663128
0.0566956
0.0465987
0.0364219
0.0266979
0.017896
0.0103893
0.00441115
0.000673335
1.63548e-05
8.84352e-07
8.6334e-08
7.90494e-09
5.91559e-10
3.31887e-11
1.13851e-12
1.62637e-14
0.100853
0.0986612
0.09646
0.0942875
0.0960297
0.0976862
0.0989434
0.0999131
0.100712
0.101893
0.10327
0.104215
0.104885
0.105204
0.105077
0.104398
0.103051
0.10091
0.097849
0.0937574
0.0885501
0.0821884
0.0746995
0.0661923
0.0568686
0.0470255
0.0370423
0.0274224
0.0186449
0.0110863
0.00500074
0.000938701
2.60505e-05
1.20436e-06
1.13682e-07
1.04543e-08
7.86299e-10
4.42188e-11
1.51623e-12
2.16347e-14
0.0987642
0.0966463
0.0945174
0.0924144
0.0941081
0.0957193
0.0969483
0.0979018
0.0986926
0.0998495
0.101192
0.102126
0.102799
0.103139
0.103056
0.10245
0.101208
0.0992072
0.0963263
0.0924539
0.0875021
0.0814247
0.0742381
0.0660355
0.0570005
0.0474103
0.0376251
0.0281173
0.0193741
0.0117757
0.00559443
0.0012567
4.26283e-05
1.66357e-06
1.49616e-07
1.38007e-08
1.04367e-09
5.88459e-11
2.01725e-12
2.87565e-14
0.0967446
0.0946949
0.092633
0.0905941
0.0922439
0.0938136
0.0950172
0.0959554
0.0967388
0.0978717
0.0991821
0.100103
0.100778
0.101136
0.101094
0.100554
0.0994088
0.0975396
0.0948277
0.0911618
0.0864522
0.0806472
0.0737514
0.0658447
0.057093
0.0477545
0.0381708
0.0287826
0.0200831
0.0124565
0.00619042
0.00162004
7.03028e-05
2.33329e-06
1.97055e-07
1.81861e-08
1.38314e-09
7.82154e-11
2.68108e-12
3.81911e-14
0.0947888
0.0928022
0.0908022
0.0888219
0.0904323
0.0919649
0.0931457
0.0940705
0.0948467
0.0959568
0.0972358
0.0981445
0.0988197
0.0991941
0.0991883
0.0987096
0.0976535
0.0959069
0.0933534
0.0898825
0.0854029
0.0798576
0.0732422
0.0656224
0.0571481
0.0480592
0.0386795
0.0294183
0.0207713
0.0131272
0.00678672
0.00202041
0.000114293
3.31204e-06
2.59929e-07
2.39301e-08
1.82993e-09
1.03824e-10
3.5596e-12
5.06786e-14
0.0928919
0.0909634
0.0890196
0.0870929
0.0886686
0.0901685
0.0913297
0.0922426
0.0930128
0.0941012
0.0953507
0.096247
0.0969214
0.0973099
0.0973371
0.0969143
0.0959413
0.094309
0.0919039
0.0886171
0.0843556
0.0790583
0.0727121
0.0653707
0.0571678
0.0483254
0.0391509
0.0300244
0.0214385
0.0137864
0.00737981
0.0024501
0.000180379
4.736e-06
3.43331e-07
3.14503e-08
2.41707e-09
1.37624e-10
4.72079e-12
6.71909e-14
0.0910492
0.0891736
0.0872807
0.0854018
0.0869477
0.0884195
0.0895648
0.0904683
0.0912333
0.0923018
0.0935231
0.0944077
0.0950806
0.0954816
0.0955386
0.0951673
0.0942715
0.0927458
0.09048
0.0873664
0.0833121
0.0782512
0.0721638
0.0650918
0.0571539
0.0485553
0.0395852
0.0306024
0.0220842
0.0144328
0.00796704
0.00290229
0.000274283
6.81358e-06
4.53877e-07
4.12804e-08
3.18758e-09
1.82161e-10
6.25347e-12
8.90038e-14
0.0892553
0.0874273
0.08558
0.0837442
0.085265
0.0867135
0.0878467
0.0887431
0.0895047
0.090555
0.0917502
0.0926236
0.0932948
0.0937069
0.0937912
0.0934673
0.0926431
0.0912168
0.0890816
0.0861316
0.0822734
0.0774383
0.0715991
0.0647876
0.0571085
0.0487501
0.0399845
0.031153
0.0227082
0.0150657
0.00854756
0.00337038
0.000402462
9.89923e-06
6.00669e-07
5.40919e-08
4.19707e-09
2.40755e-10
8.27371e-12
1.17788e-13
0.0875054
0.0857198
0.083913
0.0821147
0.0836153
0.0850456
0.0861707
0.0870633
0.0878233
0.0888574
0.0900286
0.0908916
0.0915615
0.0919835
0.092093
0.0918128
0.091055
0.0897217
0.087709
0.0849134
0.081241
0.0766209
0.07102
0.0644603
0.0570333
0.0489116
0.0403505
0.031675
0.0233108
0.0156845
0.00912139
0.00384829
0.000570538
1.46473e-05
7.9722e-07
7.07323e-08
5.51669e-09
3.17715e-10
1.09328e-11
1.55729e-13
0.0857945
0.0840459
0.0822741
0.0805087
0.0819939
0.0834111
0.0845323
0.0854242
0.086185
0.0872053
0.0883549
0.0892091
0.0898777
0.0903093
0.0904418
0.0902023
0.0895066
0.0882602
0.0863624
0.0837122
0.0802161
0.0758009
0.0704285
0.0641115
0.0569299
0.0490411
0.0406841
0.0321681
0.0238914
0.0162889
0.00968932
0.00433194
0.000780654
2.22302e-05
1.06496e-06
9.23015e-08
7.23693e-09
4.18622e-10
1.44277e-11
2.05682e-13
0.0841171
0.0824005
0.0806592
0.078922
0.0803959
0.081805
0.0829273
0.0838219
0.0845858
0.0855948
0.0867257
0.0875728
0.088241
0.0886816
0.0888358
0.0886345
0.0879965
0.0868313
0.0850419
0.0825288
0.0791997
0.0749797
0.0698258
0.0637434
0.0568005
0.04914
0.0409859
0.0326327
0.0244497
0.0168786
0.0102512
0.00481887
0.00103171
3.45333e-05
1.43767e-06
1.20293e-07
9.47328e-09
5.50651e-10
1.90143e-11
2.71369e-13
0.0824683
0.0807789
0.0790634
0.0773507
0.0788175
0.0802227
0.0813507
0.0822518
0.0830217
0.0840224
0.0851373
0.0859793
0.0866481
0.0870981
0.0872731
0.0871073
0.0865237
0.0854349
0.083747
0.0813636
0.0781927
0.0741585
0.0692142
0.0633575
0.0566461
0.0492099
0.0412568
0.0330676
0.0249858
0.017453
0.0108064
0.0053077
0.00131914
5.42742e-05
1.96533e-06
1.5675e-07
1.23752e-08
7.23024e-10
2.50235e-11
3.57641e-13
0.0808434
0.0791766
0.0774829
0.0757913
0.0772542
0.0786602
0.0797981
0.0807096
0.0814887
0.0824838
0.0835861
0.0844251
0.0850965
0.0855561
0.0857514
0.0856195
0.0850867
0.0840698
0.0824778
0.0802164
0.0771955
0.0733384
0.0685946
0.0629556
0.0564691
0.0492519
0.0414978
0.0334724
0.0255003
0.0180119
0.011354
0.00579712
0.00163745
8.48796e-05
2.71689e-06
2.04403e-07
1.61375e-08
9.47604e-10
3.28829e-11
4.70798e-13
0.0792378
0.0775897
0.0759147
0.0742421
0.0757033
0.0771138
0.0782657
0.0791913
0.0799825
0.0809756
0.0820682
0.0829072
0.0835827
0.0840531
0.0842686
0.084169
0.0836847
0.0827354
0.0812338
0.0790881
0.0762094
0.0725207
0.0679688
0.0625393
0.0562706
0.0492678
0.0417103
0.0338494
0.0259938
0.018555
0.011893
0.00628509
0.00198117
0.00013029
3.78386e-06
2.66758e-07
2.1014e-08
1.23968e-09
4.31441e-11
6.19011e-13
0.077648
0.0760151
0.0743564
0.0727027
0.0741624
0.0755799
0.0767496
0.0776927
0.078499
0.0794934
0.0805799
0.0814214
0.0821035
0.0825861
0.0828221
0.082754
0.0823159
0.0814307
0.0800145
0.0779782
0.0752346
0.0717064
0.0673381
0.0621099
0.0560523
0.049259
0.0418956
0.0341992
0.0264654
0.0190821
0.0124225
0.00676891
0.00234498
0.000194656
5.29368e-06
3.48227e-07
2.73295e-08
1.61896e-09
5.65169e-11
8.1286e-13
0.0760702
0.0744504
0.0728079
0.0711787
0.0726315
0.0740564
0.0752466
0.0762102
0.0770347
0.0780333
0.0791171
0.0799648
0.0806559
0.0811523
0.0814093
0.0813726
0.0809788
0.0801549
0.0788196
0.076887
0.0742715
0.070896
0.0667033
0.0616691
0.0558157
0.0492265
0.0420545
0.0345229
0.0269144
0.0195927
0.0129417
0.00724751
0.00272411
0.000282139
7.44172e-06
4.54508e-07
3.54913e-08
2.11083e-09
7.3916e-11
1.06601e-12
0.0745024
0.0728956
0.0712748
0.0696916
0.0711158
0.0725432
0.0737543
0.0747409
0.0755863
0.0765917
0.0776764
0.0785333
0.0792362
0.0797487
0.080028
0.0800224
0.079672
0.0789065
0.0776482
0.0758139
0.0733204
0.0700906
0.066066
0.061218
0.0555622
0.0491722
0.0421884
0.0348212
0.027341
0.0200866
0.0134501
0.00772065
0.00311335
0.000397851
1.05517e-05
5.93443e-07
4.60096e-08
2.74766e-09
9.65181e-11
1.39611e-12
0.0729444
0.0713563
0.069779
0.0683128
0.069637
0.0710455
0.0722727
0.0732825
0.0741501
0.0751654
0.0762539
0.0771232
0.0778409
0.0783722
0.0786751
0.0787015
0.0783933
0.0776843
0.0764996
0.0747592
0.0723815
0.0692907
0.0654269
0.0607578
0.0552932
0.0490969
0.0422982
0.0350945
0.0277447
0.0205633
0.0139473
0.00818851
0.00350887
0.00054481
1.52025e-05
7.7656e-07
5.95205e-08
3.57068e-09
1.25833e-10
1.82588e-12
0.0714021
0.0698543
0.0683919
0.0672707
0.0682659
0.0695846
0.0708068
0.0718348
0.0727249
0.0737514
0.0748466
0.0757313
0.0764671
0.0770193
0.0773483
0.077407
0.0771412
0.076487
0.0753732
0.0737224
0.0714549
0.0684969
0.0647868
0.0602901
0.05501
0.0490022
0.042385
0.0353434
0.0281242
0.0210228
0.014433
0.00865149
0.00390799
0.000723971
2.23369e-05
1.02187e-06
7.68313e-08
4.63167e-09
1.63793e-10
2.38464e-12
0.069897
0.0684616
0.0673437
0.0672298
0.0682302
0.0693771
0.0704026
0.0713099
0.0723478
0.0734518
0.0743546
0.0751109
0.075687
0.076044
0.076137
0.0759134
0.0753131
0.0742677
0.0727027
0.0705408
0.0677095
0.0641467
0.0598154
0.0547136
0.048889
0.0424499
0.0355689
0.0284807
0.0214668
0.014907
0.00910924
0.00430922
0.000934052
3.33817e-05
1.35671e-06
9.90498e-08
5.99406e-09
2.12857e-10
3.10994e-12
0.0685016
0.0674091
0.0672068
0.0680522
0.069006
0.0699101
0.0709542
0.072067
0.0729901
0.0737699
0.0743725
0.0747598
0.0748885
0.0747082
0.0741609
0.0731819
0.0716994
0.0696391
0.0669287
0.0635073
0.059335
0.0544053
0.048759
0.042494
0.0357718
0.0288153
0.0218941
0.0153691
0.00956124
0.00471152
0.00117179
5.02959e-05
1.82063e-06
1.27664e-07
7.74168e-09
2.76114e-10
4.05002e-12
0.067447
0.0670513
0.067712
0.068545
0.0695756
0.0706924
0.0716358
0.072441
0.0730726
0.0734927
0.0736588
0.0735227
0.0730288
0.0721147
0.0707123
0.0687491
0.066155
0.062869
0.0588495
0.0540862
0.0486128
0.0425184
0.0359532
0.0291287
0.022304
0.0158192
0.0100069
0.00511387
0.00143351
7.54941e-05
2.46752e-06
1.64643e-07
9.9819e-09
3.57544e-10
5.26611e-12
0.0667344
0.0672806
0.0682314
0.0693325
0.0702916
0.0711227
0.0717852
0.0722401
0.0724457
0.0723549
0.0719146
0.071065
0.0697399
0.0678705
0.0653882
0.0622322
0.0583599
0.0537572
0.0484518
0.0425241
0.0361139
0.0294216
0.0226963
0.0162567
0.0104456
0.00551486
0.00171532
0.000111753
3.36807e-06
2.12489e-07
1.28532e-08
4.62171e-10
6.83723e-12
0.0663255
0.0669861
0.0680068
0.0689624
0.0698144
0.070508
0.0709997
0.0712466
0.0712026
0.0708165
0.0700306
0.0687817
0.0670031
0.0646283
0.0615974
0.057867
0.0534194
0.0482768
0.0425118
0.0362545
0.0296944
0.0230709
0.0166813
0.0108766
0.00591238
0.0020134
0.000162033
4.61752e-06
2.74294e-07
1.65317e-08
5.96436e-10
8.86324e-12
0.0660457
0.0667787
0.0676664
0.068521
0.0692412
0.0697698
0.0700593
0.0700638
0.0697327
0.0690103
0.0678362
0.0661461
0.0638754
0.0609651
0.0573709
0.0530732
0.0480888
0.0424827
0.0363759
0.0299474
0.0234275
0.017093
0.0112993
0.00630564
0.002324
0.00022934
6.35325e-06
3.53919e-07
2.12375e-08
7.68552e-10
1.14717e-11
0.0658514
0.0664665
0.0672602
0.067989
0.0685497
0.0688823
0.0689362
0.0686609
0.0680026
0.0669027
0.0652987
0.0631288
0.0603349
0.0568725
0.0527197
0.0478888
0.0424378
0.0364788
0.0301809
0.023765
0.0174914
0.0117133
0.00669428
0.00264314
0.000317412
8.78795e-06
4.56434e-07
2.72421e-08
9.88939e-10
1.48255e-11
0.0655605
0.066093
0.0667686
0.0673442
0.0677153
0.0678183
0.0675998
0.0670056
0.0659791
0.06446
0.0623883
0.0597072
0.0563721
0.0523594
0.0476774
0.0423777
0.036564
0.0303959
0.0240843
0.0178776
0.0121184
0.00707836
0.0029677
0.000428748
1.22809e-05
5.88983e-07
3.48814e-08
1.27072e-09
1.91316e-11
0.0652118
0.0656392
0.0661698
0.0665621
0.0667102
0.0665478
0.066018
0.0650646
0.0636292
0.0616532
0.0590815
0.0558699
0.0519928
0.0474553
0.0423034
0.0366324
0.0305929
0.024386
0.018251
0.0125144
0.00745822
0.00329542
0.000564587
1.74024e-05
7.62344e-07
4.45822e-08
1.63036e-09
2.46532e-11
0.0647868
0.0650831
0.065439
0.0656155
0.0655047
0.0650386
0.0641578
0.062805
0.060923
0.0584579
0.0553659
0.0516205
0.0472235
0.0422154
0.0366844
0.0307723
0.024671
0.0186111
0.0129012
0.00783366
0.0036249
0.000724753
2.50072e-05
9.92625e-07
5.69075e-08
2.08842e-09
3.17231e-11
0.0642631
0.0644003
0.0645494
0.0644744
0.0640673
0.0632579
0.0619868
0.060197
0.057836
0.0548605
0.0512427
0.0469821
0.0421145
0.0367211
0.0309351
0.0249396
0.0189573
0.0132785
0.00820437
0.00395528
0.000907417
3.6287e-05
1.30337e-06
7.26014e-08
2.67096e-09
4.07621e-11
0.0636167
0.0635637
0.0634711
0.0631076
0.062365
0.0611735
0.0594744
0.0572153
0.0543532
0.0508598
0.0467321
0.0420013
0.0367427
0.0310814
0.0251922
0.0192897
0.013646
0.00856994
0.00428579
0.00111039
5.27518e-05
1.72785e-06
9.26503e-08
3.41121e-09
5.23008e-11
0.0628204
0.0625438
0.0621731
0.0614825
0.0603658
0.058755
0.0565956
0.0538441
0.0504718
0.0464734
0.0418763
0.0367501
0.031212
0.0254287
0.0196077
0.0140034
0.0089299
0.00461554
0.00133099
7.62072e-05
2.31095e-06
1.18354e-07
4.35184e-09
6.70112e-11
0.061845
0.0613095
0.0606226
0.0595666
0.0580391
0.0559766
0.0533331
0.0500787
0.0462065
0.0417402
0.0367435
0.0313271
0.0256497
0.0199116
0.0143504
0.00928375
0.0049433
0.00156641
0.000108676
3.11214e-06
1.51377e-07
5.54757e-09
8.57456e-11
0.0606588
0.0598281
0.0587874
0.0573296
0.0553585
0.0528199
0.0496809
0.0459317
0.0415931
0.0367235
0.0314272
0.025855
0.0202002
0.014687
0.009631
0.00526784
0.00181384
0.000152277
4.21152e-06
1.93791e-07
7.06849e-09
1.09588e-10
0.0592296
0.0580674
0.056637
0.0547445
0.0523055
0.0492783
0.0456491
0.0414352
0.0366907
0.0315127
0.0260453
0.0204739
0.015014
0.00997127
0.0055886
0.00207035
0.000209372
5.72188e-06
2.48171e-07
9.00304e-09
1.39919e-10
0.0575252
0.0559963
0.054144
0.0517922
0.0488714
0.045359
0.0412673
0.0366451
0.0315841
0.026221
0.0207337
0.0153306
0.0103043
0.00590534
0.00233298
0.000282442
7.81394e-06
3.17837e-07
1.14615e-08
1.7849e-10
0.0555142
0.0535878
0.0512884
0.0484626
0.0450621
0.0410892
0.0365872
0.0316414
0.026382
0.0209797
0.0156361
0.0106299
0.00621808
0.00259945
0.000373194
1.07566e-05
4.07327e-07
1.45816e-08
2.2752e-10
0.0531692
0.0508204
0.0480592
0.0447601
0.0409018
0.0365172
0.0316851
0.0265286
0.0212119
0.0159302
0.0109476
0.00652693
0.0028681
0.000482543
1.49562e-05
5.23194e-07
1.8537e-08
2.89801e-10
0.0504683
0.0476828
0.0444588
0.0407061
0.0364355
0.0317154
0.0266612
0.0214304
0.0162124
0.0112572
0.00683165
0.0031378
0.000610412
2.10015e-05
6.75091e-07
2.35533e-08
3.6886e-10
0.0473992
0.0441756
0.040507
0.0363432
0.0317322
0.0267796
0.0216352
0.0164824
0.0115583
0.00713189
0.00340783
0.000755726
2.96955e-05
8.77181e-07
2.99269e-08
4.69248e-10
0.0439614
0.0403166
0.0362428
0.0317362
0.0268839
0.021826
0.01674
0.0118504
0.00742721
0.00367748
0.000917096
4.20506e-05
1.1497e-06
3.80498e-08
5.9676e-10
0.040171
0.0361421
0.0317285
0.0269736
0.0220026
0.0169846
0.0121332
0.00771718
0.0039461
0.00109269
5.92887e-05
1.52049e-06
4.84441e-08
7.5862e-10
0.0360631
0.0317118
0.0270484
0.022164
0.0172154
0.0124059
0.00800117
0.00421282
0.00128043
8.27927e-05
2.02807e-06
6.17803e-08
9.64268e-10
0.0316944
0.0271068
0.0223082
0.017431
0.0126676
0.00827845
0.00447638
0.0014783
0.000114046
2.72503e-06
7.89687e-08
1.22569e-09
0.0271444
0.0224296
0.017628
0.0129165
0.00854789
0.004736
0.0016841
0.000154588
3.68405e-06
1.01138e-07
1.55969e-09
0.0225132
0.0177977
0.013148
0.00880737
0.00499073
0.00189532
0.000206358
5.00788e-06
1.29742e-07
1.9864e-09
0.0179163
0.0133511
0.00905207
0.00523887
0.00210969
0.00027081
6.85249e-06
1.66671e-07
2.53198e-09
0.0134952
0.0092695
0.00547617
0.00232474
0.000348942
9.44737e-06
2.14506e-07
3.22997e-09
0.00942557
0.00569048
0.0025365
0.000441151
1.3123e-05
2.76913e-07
4.1238e-09
0.00584728
0.00273456
0.000546777
1.83374e-05
3.59228e-07
5.27061e-09
0.00288623
0.000662629
2.56832e-05
4.69321e-07
6.74693e-09
0.000770956
3.58388e-05
6.18592e-07
8.65742e-09
4.91979e-05
8.22779e-07
1.11439e-08
1.08998e-06
1.43985e-08
1.85087e-08
)
;

boundaryField
{
    wallTube
    {
        type            calculated;
        value           nonuniform List<scalar> 
65
(
1.56317e-05
3.21117e-08
6.61477e-11
1.35402e-13
2.75123e-16
5.54727e-19
1.10931e-21
2.19883e-24
4.31688e-27
8.38553e-30
1.60929e-32
3.04533e-35
5.66711e-38
1.03334e-40
1.83683e-43
3.15885e-46
5.19379e-49
8.00275e-52
1.1363e-54
1.46924e-57
1.71732e-60
0.16973
0.170482
0.17049
0.17049
0.17049
0.17049
0.17049
0.17049
0.17049
0.17049
0.17049
0.17049
0.17049
0.17049
0.17049
0.17049
0.17049
0.17049
0.17049
0.17049
0.17049
0.171491
0.170508
0.17049
0.17049
0.17049
0.17049
0.17049
0.17049
0.17049
0.17049
0.17049
0.17049
0.17049
0.17049
0.17049
0.17049
0.17049
0.17049
0.17049
0.17049
0.17049
0.0485788
0.0540715
)
;
    }
    outlet
    {
        type            calculated;
        value           nonuniform List<scalar> 
40
(
0.067447
0.0674091
0.0673437
0.0672707
0.0672298
0.0672068
0.0670513
0.0667344
0.0663255
0.0660457
0.0658514
0.0655605
0.0652118
0.0647868
0.0642631
0.0636167
0.0628204
0.061845
0.0606588
0.0592296
0.0575252
0.0555142
0.0531692
0.0504683
0.0473992
0.0439614
0.040171
0.0360631
0.0316944
0.0271444
0.0225132
0.0179163
0.0134952
0.00942557
0.00584728
0.00288623
0.000770956
4.91979e-05
1.08998e-06
1.85087e-08
)
;
    }
    inletPilot
    {
        type            calculated;
        value           uniform 0.171287;
    }
    inletAir
    {
        type            calculated;
        value           uniform 0;
    }
    wallOutside
    {
        type            calculated;
        value           nonuniform List<scalar> 
111
(
4.43403e-27
3.66012e-26
1.61788e-25
5.6822e-25
1.74469e-24
4.87114e-24
1.26229e-23
3.07441e-23
7.09798e-23
1.56309e-22
3.29936e-22
6.70132e-22
1.31467e-21
2.49804e-21
4.6093e-21
8.27776e-21
1.44985e-20
2.48125e-20
4.15612e-20
6.82408e-20
1.09991e-19
1.74262e-19
2.71715e-19
4.17432e-19
6.32543e-19
9.46382e-19
1.39938e-18
2.04686e-18
2.96419e-18
4.2535e-18
6.0527e-18
8.54755e-18
1.19876e-17
1.67065e-17
2.31547e-17
3.1932e-17
4.38423e-17
5.996e-17
8.1723e-17
1.11053e-16
1.50518e-16
2.03551e-16
2.74735e-16
3.70189e-16
4.98068e-16
6.69265e-16
8.98292e-16
1.20448e-15
1.61355e-15
2.15969e-15
2.88837e-15
3.85989e-15
5.15428e-15
6.87753e-15
9.16999e-15
1.22165e-14
1.62637e-14
2.16347e-14
2.87565e-14
3.81911e-14
5.06786e-14
6.71909e-14
8.90038e-14
1.17788e-13
1.55729e-13
2.05682e-13
2.71369e-13
3.57641e-13
4.70798e-13
6.19011e-13
8.1286e-13
1.06601e-12
1.39611e-12
1.82588e-12
2.38464e-12
3.10994e-12
4.05002e-12
5.26611e-12
6.83723e-12
8.86324e-12
1.14717e-11
1.48255e-11
1.91316e-11
2.46532e-11
3.17231e-11
4.07621e-11
5.23008e-11
6.70112e-11
8.57456e-11
1.09588e-10
1.39919e-10
1.7849e-10
2.2752e-10
2.89801e-10
3.6886e-10
4.69248e-10
5.9676e-10
7.5862e-10
9.64268e-10
1.22569e-09
1.55969e-09
1.9864e-09
2.53198e-09
3.22997e-09
4.1238e-09
5.27061e-09
6.74693e-09
8.65742e-09
1.11439e-08
1.43985e-08
1.85087e-08
)
;
    }
    inletCH4
    {
        type            calculated;
        value           uniform 0;
    }
    frontAndBack_pos
    {
        type            wedge;
    }
    frontAndBack_neg
    {
        type            wedge;
    }
}


// ************************************************************************* //
