/*--------------------------------*- C++ -*----------------------------------*\
| =========                 |                                                 |
| \\      /  F ield         | OpenFOAM: The Open Source CFD Toolbox           |
|  \\    /   O peration     | Version:  1.6.x                                 |
|   \\  /    A nd           | Web:      www.OpenFOAM.org                      |
|    \\/     M anipulation  |                                                 |
\*---------------------------------------------------------------------------*/
FoamFile
{
    version     2.0;
    format      ascii;
    class       volScalarField;
    location    "7000";
    object      volDryO2;
}
// * * * * * * * * * * * * * * * * * * * * * * * * * * * * * * * * * * * * * //

dimensions      [0 0 0 0 0 0 0];

internalField   nonuniform List<scalar> 
4608
(
0.157604
0.157615
0.157613
0.151626
0.157615
0.157615
0.157615
0.157294
0.146872
0.122636
0.157615
0.157615
0.157615
0.157615
0.157595
0.156757
0.142761
0.102446
0.0555828
0.157615
0.157615
0.157615
0.157615
0.157613
0.157545
0.156056
0.139148
0.0918893
0.0360581
0.0538629
0.0354933
0.157615
0.157615
0.157615
0.157615
0.157607
0.157461
0.155206
0.135358
0.0882911
0.0268987
0.0154661
0.0547342
0.0550061
0.0623204
0.157615
0.157615
0.157615
0.157615
0.157594
0.157332
0.154198
0.132586
0.0838582
0.0235739
0.00818753
0.0399972
0.0551751
0.0550189
0.0550235
0.105617
0.157615
0.157615
0.157615
0.157615
0.157571
0.157154
0.153087
0.10846
0.0889817
0.021036
0.00581673
0.0139704
0.0996194
0.0557016
0.0550253
0.0550236
0.0550237
0.158993
0.157615
0.157615
0.157615
0.157615
0.157535
0.156918
0.151031
0.0935976
0.0825851
0.0250406
0.00455683
0.00792446
0.0820463
0.143308
0.0550309
0.0550237
0.0550237
0.0550237
0.184613
0.157615
0.157615
0.157615
0.157615
0.15748
0.156581
0.148681
0.0837883
0.0719047
0.0285356
0.00524758
0.0057484
0.0604379
0.126383
0.168477
0.0550237
0.0550237
0.0550237
0.0550237
0.201254
0.157615
0.157615
0.157615
0.157615
0.157399
0.156145
0.146213
0.0773978
0.0622198
0.0257608
0.00693044
0.0038094
0.0427294
0.10581
0.153042
0.190288
0.0550237
0.0550237
0.0550237
0.0550237
0.206586
0.157615
0.157615
0.157615
0.157615
0.157285
0.155619
0.143758
0.0719387
0.0552796
0.0216335
0.0066096
0.00289888
0.0213449
0.0881436
0.134884
0.179201
0.20277
0.0550237
0.0550237
0.0550237
0.0550237
0.207233
0.157615
0.157615
0.157615
0.157615
0.157132
0.155018
0.141256
0.0720571
0.0490316
0.018352
0.00558959
0.00242248
0.00962716
0.0663906
0.117874
0.165473
0.196899
0.206763
0.0550237
0.0550237
0.0550237
0.0550237
0.207281
0.157615
0.157615
0.157615
0.157615
0.156937
0.154345
0.138952
0.072764
0.0484837
0.0154328
0.0047838
0.00212303
0.00560137
0.0408128
0.0976388
0.151112
0.188084
0.205415
0.207242
0.0550237
0.0550237
0.0550237
0.0550237
0.207288
0.157615
0.157615
0.157615
0.157615
0.156699
0.153617
0.126084
0.0687784
0.0510221
0.0147729
0.0040996
0.00189509
0.00436601
0.0225062
0.0704604
0.134319
0.177081
0.202178
0.207128
0.207282
0.0550237
0.0550237
0.0550237
0.0550237
0.20729
0.157615
0.157615
0.157615
0.157615
0.156416
0.152398
0.115327
0.0627306
0.0487888
0.0162066
0.00400606
0.0017202
0.00349321
0.0158777
0.0480463
0.109981
0.163641
0.195744
0.206745
0.20727
0.207289
0.0550237
0.0550237
0.0550237
0.0550237
0.207291
0.157615
0.157615
0.157615
0.157615
0.156051
0.150886
0.106366
0.0556548
0.0441983
0.0162001
0.00460475
0.00170981
0.00304966
0.0109666
0.0330401
0.0887567
0.144265
0.18613
0.205227
0.207242
0.207286
0.20729
0.0550237
0.0550237
0.0550237
0.0550237
0.207292
0.157615
0.157615
0.157615
0.157615
0.155593
0.149172
0.0985529
0.0503403
0.0386294
0.0153262
0.00489605
0.00189851
0.00290587
0.00871239
0.0211817
0.071972
0.126136
0.171694
0.201181
0.207139
0.207281
0.20729
0.207291
0.0550237
0.0550237
0.0550237
0.0550237
0.207292
0.157615
0.157615
0.157615
0.157615
0.15504
0.147295
0.0939933
0.0474454
0.0345675
0.0139817
0.00488842
0.00202858
0.00275452
0.00774316
0.0160717
0.057176
0.110764
0.157229
0.191802
0.20664
0.207273
0.207288
0.207291
0.207292
0.0550237
0.0550237
0.0550237
0.0550237
0.207292
0.157615
0.157615
0.157615
0.157615
0.154392
0.145377
0.0907706
0.0440402
0.0325749
0.0130144
0.00469277
0.00209445
0.00252784
0.00660515
0.0138021
0.0460941
0.0961019
0.144061
0.180789
0.203716
0.207246
0.207287
0.20729
0.207291
0.207292
0.0550237
0.0550237
0.0550237
0.0550237
0.207292
0.157615
0.157615
0.157615
0.157615
0.153661
0.138309
0.0855233
0.0401965
0.0304735
0.0127024
0.00455862
0.00211952
0.00243862
0.00540474
0.0112655
0.037052
0.0836434
0.131163
0.170058
0.197355
0.207016
0.207283
0.20729
0.207291
0.207292
0.207292
0.0550237
0.0550237
0.0550237
0.0550237
0.207292
0.157615
0.157615
0.157615
0.15251
0.130882
0.079235
0.0361642
0.0281583
0.0123614
0.00460634
0.0021531
0.00243259
0.00491455
0.00876083
0.0277732
0.0723588
0.11931
0.159426
0.189479
0.205623
0.207271
0.207289
0.207291
0.207292
0.207292
0.207292
0.0550237
0.0550237
0.0550237
0.0550237
0.207292
0.157615
0.157615
0.151009
0.123809
0.0725313
0.0325363
0.0256595
0.0119473
0.00464237
0.00222566
0.0024373
0.00468266
0.00777842
0.0198499
0.0604673
0.107935
0.149132
0.181012
0.202193
0.207199
0.207287
0.20729
0.207291
0.207292
0.207292
0.207292
0.0550237
0.0550237
0.0550237
0.0550237
0.207292
0.157615
0.147208
0.116825
0.0651642
0.029054
0.0232778
0.0114172
0.00465316
0.00229287
0.00241604
0.00446548
0.00723058
0.0170962
0.0499332
0.0956694
0.139007
0.172542
0.196608
0.206793
0.207283
0.207291
0.207291
0.207292
0.207292
0.207292
0.207292
0.0550237
0.0550237
0.0550237
0.0550237
0.207292
0.142056
0.109294
0.0571874
0.0256349
0.0209733
0.0108033
0.00462432
0.00235843
0.00238831
0.00417395
0.00671257
0.0152226
0.0420585
0.0845584
0.12789
0.164111
0.190134
0.205237
0.207266
0.20729
0.207291
0.207292
0.207292
0.207292
0.207292
0.207292
0.0550237
0.0550237
0.0550237
0.0550237
0.207292
0.135767
0.10067
0.0490302
0.022365
0.0187092
0.010136
0.00454638
0.00242002
0.00240157
0.00390921
0.00609483
0.0134815
0.0356102
0.0750892
0.117334
0.154885
0.183353
0.202007
0.207176
0.207287
0.207291
0.207291
0.207292
0.207292
0.207292
0.207292
0.207292
0.0550237
0.0550237
0.0550237
0.207292
0.128976
0.0905925
0.0412806
0.0194237
0.016512
0.00942466
0.00442819
0.00246767
0.00244717
0.00379151
0.00555535
0.0116676
0.0299487
0.0667542
0.107883
0.145759
0.175989
0.19738
0.206728
0.207283
0.20729
0.207291
0.207292
0.207292
0.207292
0.207292
0.207292
0.207292
0.0550237
0.0550237
0.207292
0.121712
0.0787824
0.0348211
0.0167474
0.0144928
0.00866894
0.00427825
0.00249705
0.00250183
0.00375514
0.00529022
0.0102127
0.0246408
0.0591769
0.0992025
0.137171
0.168544
0.191843
0.205352
0.207266
0.20729
0.207291
0.207292
0.207292
0.207292
0.207292
0.207292
0.207292
0.207292
0.0550237
0.207292
0.113397
0.0662232
0.0290443
0.014282
0.0126413
0.0079055
0.00409541
0.00250712
0.00254844
0.00374097
0.00515402
0.00948636
0.0207089
0.0519745
0.0910845
0.129012
0.161233
0.185946
0.202585
0.207187
0.207288
0.207291
0.207291
0.207292
0.207292
0.207292
0.207292
0.207292
0.207292
0.207292
0.207292
0.103335
0.0535607
0.023913
0.0120389
0.010921
0.00715704
0.00388771
0.00249597
0.00257837
0.00371899
0.00505032
0.00900373
0.0187889
0.045683
0.083229
0.121137
0.154098
0.180019
0.19861
0.206818
0.207284
0.20729
0.207291
0.207292
0.207292
0.207292
0.207292
0.207292
0.207292
0.207292
0.207292
0.207292
0.090543
0.0421838
0.0194711
0.00999775
0.00933534
0.00642296
0.00366732
0.00247028
0.00259037
0.00367808
0.00493951
0.0085793
0.0173141
0.0405768
0.076022
0.113367
0.147092
0.174141
0.194118
0.205691
0.207271
0.20729
0.207291
0.207292
0.207292
0.207292
0.207292
0.207292
0.207292
0.207292
0.207292
0.207292
0.207292
0.0745684
0.0328444
0.0155646
0.00814309
0.00787611
0.00570794
0.00343892
0.00243892
0.00260546
0.00362158
0.00481013
0.0081608
0.0159858
0.0361624
0.0695792
0.106082
0.140114
0.168234
0.189427
0.203532
0.207213
0.207289
0.207291
0.207291
0.207292
0.207292
0.207292
0.207292
0.207292
0.207292
0.207292
0.207292
0.207292
0.207292
0.0558875
0.0248746
0.0121315
0.00648772
0.00653562
0.00501695
0.00320706
0.00240562
0.00263605
0.00359858
0.00467023
0.00773944
0.0147457
0.0322623
0.0637086
0.0993439
0.133369
0.162272
0.18464
0.200458
0.206966
0.207286
0.207291
0.207291
0.207292
0.207292
0.207292
0.207292
0.207292
0.207292
0.207292
0.207292
0.207292
0.207292
0.207292
0.0386268
0.0181909
0.00919866
0.00506332
0.00532252
0.0043537
0.0029746
0.00237172
0.00268057
0.00362013
0.00459775
0.00733392
0.0135859
0.028806
0.0583508
0.0930141
0.126917
0.156388
0.179802
0.196905
0.20622
0.207278
0.20729
0.207291
0.207292
0.207292
0.207292
0.207292
0.207292
0.207292
0.207292
0.207292
0.207292
0.207292
0.207292
0.207292
0.025415
0.0128826
0.00681266
0.00389458
0.00426
0.00372604
0.00274342
0.00233661
0.00273306
0.00367187
0.00459802
0.00710272
0.0125355
0.0257487
0.0534828
0.08708
0.12071
0.15064
0.174934
0.193106
0.20475
0.207247
0.20729
0.207291
0.207292
0.207292
0.207292
0.207292
0.207292
0.207292
0.207292
0.207292
0.207292
0.207292
0.207292
0.207292
0.207292
0.0164023
0.00894111
0.00497259
0.00298084
0.00337016
0.00314884
0.00251632
0.00230044
0.00278804
0.00373838
0.00464264
0.00701377
0.0119317
0.0230993
0.04908
0.0815541
0.114767
0.145018
0.170065
0.189195
0.202491
0.207126
0.207288
0.207291
0.207292
0.207292
0.207292
0.207292
0.207292
0.207292
0.207292
0.207292
0.207292
0.207292
0.207292
0.207292
0.207292
0.207292
0.0106297
0.00616653
0.00361695
0.00229782
0.00265976
0.00263999
0.00229906
0.00226263
0.00284266
0.00380961
0.00470766
0.00699717
0.0116041
0.0216131
0.0451611
0.0764402
0.109119
0.13954
0.165226
0.185262
0.199722
0.206732
0.207284
0.207291
0.207292
0.207292
0.207292
0.207292
0.207292
0.207292
0.207292
0.207292
0.207292
0.207292
0.207292
0.207292
0.207292
0.207292
0.207292
0.00699512
0.00427522
0.00265352
0.00180764
0.00211867
0.00221311
0.00210028
0.00222471
0.00289516
0.00388093
0.00477949
0.00701138
0.0113941
0.0206549
0.0419775
0.0717739
0.103796
0.134236
0.160434
0.181311
0.196713
0.205855
0.207271
0.20729
0.207292
0.207292
0.207292
0.207292
0.207292
0.207292
0.207292
0.207292
0.207292
0.207292
0.207292
0.207292
0.207292
0.207292
0.207292
0.207292
0.00469457
0.0030088
0.00198805
0.0014702
0.00172494
0.0018739
0.00192903
0.00219052
0.00294563
0.00395051
0.00485234
0.00703735
0.0112354
0.0198965
0.0393399
0.0676351
0.0988412
0.129117
0.155715
0.177325
0.193581
0.20438
0.207226
0.20729
0.207291
0.207292
0.207292
0.207292
0.207292
0.207292
0.207292
0.207292
0.207292
0.207292
0.207292
0.207292
0.207292
0.207292
0.207292
0.207292
0.00322463
0.00217031
0.00154071
0.00124975
0.00145234
0.00161984
0.00179246
0.00216525
0.00299614
0.00401856
0.00492436
0.00706808
0.0111033
0.0192461
0.037078
0.0639511
0.0942829
0.124228
0.151088
0.173326
0.190372
0.202386
0.20707
0.207287
0.207291
0.207292
0.207292
0.207292
0.207292
0.207292
0.207292
0.207292
0.207292
0.207292
0.207292
0.207292
0.207292
0.207292
0.207292
0.207292
0.00227945
0.00162181
0.00125014
0.00111758
0.00127585
0.00144274
0.00169453
0.00215433
0.00305029
0.0040872
0.004996
0.00710199
0.0109896
0.0186729
0.0351052
0.0606407
0.0900776
0.119621
0.14659
0.169345
0.187143
0.200073
0.206662
0.207282
0.207291
0.207292
0.207292
0.207292
0.207292
0.207292
0.207292
0.207292
0.207292
0.207292
0.207292
0.207292
0.207292
0.207292
0.207292
0.207292
0.00167207
0.00127014
0.00107176
0.00105202
0.00117424
0.00133194
0.00163612
0.00216241
0.00311259
0.00416005
0.00506949
0.00714008
0.0108926
0.0181647
0.0333744
0.0576514
0.086181
0.115272
0.14226
0.16541
0.183894
0.197592
0.205874
0.207269
0.20729
0.207292
0.207292
0.207292
0.207292
0.207292
0.207292
0.207292
0.207292
0.207292
0.207292
0.207292
0.207292
0.207292
0.207292
0.207292
0.00128623
0.00105323
0.000974217
0.00103746
0.0011309
0.00127668
0.00161593
0.00219296
0.0031878
0.0042418
0.00514856
0.0071852
0.0108134
0.0177157
0.0318529
0.0549499
0.0825648
0.111153
0.138098
0.16155
0.180621
0.195017
0.20463
0.207226
0.20729
0.207291
0.207292
0.207292
0.207292
0.207292
0.207292
0.207292
0.207292
0.207292
0.207292
0.207292
0.207292
0.207292
0.207292
0.207292
0.00104844
0.000930022
0.000935989
0.00106306
0.00113356
0.00126755
0.00163155
0.00224837
0.00328049
0.00433767
0.00523813
0.00724165
0.0107553
0.0173241
0.0305157
0.0525065
0.0792165
0.107249
0.134094
0.157776
0.177346
0.192381
0.202998
0.207096
0.207288
0.207291
0.207292
0.207292
0.207292
0.207292
0.207292
0.207292
0.207292
0.207292
0.207292
0.207292
0.207292
0.207292
0.207292
0.207292
0.000911656
0.000873454
0.000942632
0.00112161
0.00117353
0.00129711
0.00168034
0.00233013
0.00339483
0.00445298
0.00534383
0.00731505
0.0107233
0.0169915
0.0293459
0.0502952
0.0761159
0.10357
0.130238
0.154091
0.174092
0.189729
0.201116
0.20678
0.207284
0.207291
0.207292
0.207292
0.207292
0.207292
0.207292
0.207292
0.207292
0.207292
0.207292
0.207292
0.207292
0.207292
0.207292
0.207292
0.000845589
0.00086585
0.000984694
0.00120858
0.00124503
0.00135986
0.00175999
0.00243933
0.00353447
0.00459279
0.00547152
0.00741182
0.0107236
0.0167214
0.028335
0.0482974
0.0732417
0.100098
0.126511
0.150493
0.170869
0.187069
0.199095
0.206186
0.207274
0.20729
0.207292
0.207292
0.207292
0.207292
0.207292
0.207292
0.207292
0.207292
0.207292
0.207292
0.207292
0.207292
0.207292
0.207292
0.000830736
0.00089582
0.00105621
0.00132136
0.00134442
0.0014521
0.00186882
0.00257683
0.00370259
0.00476173
0.00562694
0.00753879
0.0107635
0.0165198
0.0274786
0.0465036
0.07058
0.096818
0.12292
0.146978
0.167677
0.184397
0.196993
0.205253
0.207246
0.207291
0.207292
0.207292
0.207292
0.207292
0.207292
0.207292
0.207292
0.207292
0.207292
0.207292
0.207292
0.207292
0.207292
0.207292
0.000854644
0.000956225
0.0011537
0.00145904
0.00146971
0.00157158
0.00200584
0.00274352
0.00390202
0.00496391
0.00581542
0.00770266
0.0108509
0.0163938
0.0267766
0.044908
0.0681258
0.0937225
0.119468
0.143548
0.164519
0.1817
0.194842
0.204003
0.207167
0.207289
0.207291
0.207292
0.207292
0.207292
0.207292
0.207292
0.207292
0.207292
0.207292
0.207292
0.207292
0.207292
0.207292
0.207292
0.000909532
0.00104282
0.00127558
0.00162295
0.00162045
0.00171722
0.00217069
0.00294035
0.00413521
0.00520289
0.00604168
0.00790955
0.0109931
0.016351
0.0262313
0.0435098
0.0658739
0.0908144
0.116163
0.140205
0.1614
0.178996
0.192654
0.202522
0.206977
0.207286
0.207291
0.207292
0.207292
0.207292
0.207292
0.207292
0.207292
0.207292
0.207292
0.207292
0.207292
0.207292
0.207292
0.207292
0.000990765
0.00115352
0.00142237
0.00181648
0.00179865
0.00188932
0.00236366
0.00316842
0.00440434
0.00548168
0.00630975
0.0081648
0.0111966
0.0163983
0.0258461
0.0423112
0.0638245
0.088088
0.113018
0.136948
0.158325
0.176294
0.190452
0.200902
0.206601
0.207281
0.207291
0.207292
0.207292
0.207292
0.207292
0.207292
0.207292
0.207292
0.207292
0.207292
0.207292
0.207292
0.207292
0.207292
0.00109597
0.00128829
0.00159663
0.00204419
0.0020084
0.00209099
0.00258633
0.00342906
0.00471128
0.00580272
0.00662291
0.00847281
0.0114671
0.0165417
0.0256232
0.0413159
0.0619822
0.0855444
0.110019
0.133768
0.155295
0.173599
0.188233
0.199192
0.205992
0.207267
0.20729
0.207292
0.207292
0.207292
0.207292
0.207292
0.207292
0.207292
0.207292
0.207292
0.207292
0.207292
0.207292
0.207292
0.00122485
0.0014491
0.00180229
0.00231186
0.00225472
0.00232748
0.00284472
0.00372533
0.00505795
0.00616799
0.00698376
0.00883685
0.0118084
0.0167848
0.0255634
0.0405262
0.0603521
0.0831912
0.107169
0.130682
0.152311
0.170912
0.185987
0.197424
0.205117
0.207233
0.20729
0.207292
0.207292
0.207292
0.207292
0.207292
0.207292
0.207292
0.207292
0.207292
0.207292
0.207292
0.207292
0.207292
0.00137908
0.00163938
0.00204458
0.00262812
0.00254382
0.00260451
0.00314687
0.00406858
0.00544909
0.00657943
0.00739421
0.00925923
0.0122231
0.0171299
0.0256653
0.0399429
0.0589389
0.0810347
0.104482
0.127706
0.149379
0.168238
0.183713
0.195612
0.204015
0.207145
0.207288
0.207291
0.207292
0.207292
0.207292
0.207292
0.207292
0.207292
0.207292
0.207292
0.207292
0.207292
0.207292
0.207292
0.00156187
0.00186397
0.00233111
0.00300383
0.00288525
0.002929
0.00349966
0.00447087
0.00590604
0.0070429
0.00785612
0.00974137
0.0127125
0.0175771
0.0259248
0.0395646
0.057746
0.0790814
0.101961
0.124865
0.146505
0.165581
0.181425
0.193767
0.20275
0.206958
0.207286
0.207291
0.207292
0.207292
0.207292
0.207292
0.207292
0.207292
0.207292
0.207292
0.207292
0.207292
0.207292
0.207292
0.00177782
0.00212978
0.00267176
0.00345561
0.00329058
0.00331204
0.00391141
0.00493933
0.00644532
0.00759179
0.00837623
0.0102846
0.0132765
0.0181244
0.0263355
0.0393868
0.0567747
0.077338
0.0996142
0.122151
0.143681
0.162948
0.179129
0.191904
0.201376
0.206621
0.20728
0.207291
0.207292
0.207292
0.207292
0.207292
0.207292
0.207292
0.207292
0.207292
0.207292
0.207292
0.207292
0.207292
0.00203352
0.00244599
0.00308125
0.00400601
0.00377821
0.00376639
0.00439763
0.00548406
0.00707113
0.00824418
0.00899898
0.0108969
0.0139151
0.0187693
0.0268894
0.0394023
0.0560236
0.0758092
0.0974516
0.119574
0.140934
0.160341
0.176828
0.190018
0.199929
0.206097
0.207268
0.20729
0.207292
0.207292
0.207292
0.207292
0.207292
0.207292
0.207292
0.207292
0.207292
0.207292
0.207292
0.207292
0.00233779
0.002826
0.00357984
0.00468615
0.00437255
0.00431335
0.00497323
0.0061291
0.00779591
0.00899803
0.00974272
0.0116483
0.0146375
0.0195085
0.0275773
0.0396016
0.0554879
0.0744969
0.0954797
0.117148
0.138278
0.15777
0.174527
0.188106
0.198431
0.205363
0.207239
0.20729
0.207292
0.207292
0.207292
0.207292
0.207292
0.207292
0.207292
0.207292
0.207292
0.207292
0.207292
0.207292
0.00270341
0.00328849
0.00419575
0.00554782
0.00510707
0.00498042
0.00566782
0.00689026
0.00865974
0.00986851
0.0105991
0.0125524
0.0155606
0.0203506
0.02839
0.039974
0.0551607
0.0734005
0.0937034
0.114879
0.135747
0.155246
0.172231
0.186165
0.196891
0.204446
0.20717
0.207289
0.207292
0.207292
0.207292
0.207292
0.207292
0.207292
0.207292
0.207292
0.207292
0.207292
0.207292
0.207292
0.00314826
0.00385958
0.0049748
0.00667033
0.00603883
0.00580494
0.00651599
0.00781298
0.00967276
0.0109147
0.0115862
0.0135853
0.01668
0.0215041
0.0293286
0.0405079
0.0550332
0.0725173
0.0921258
0.112775
0.133334
0.152763
0.169949
0.184208
0.195318
0.203391
0.207027
0.207287
0.207291
0.207292
0.207292
0.207292
0.207292
0.207292
0.207292
0.207292
0.207292
0.207292
0.207292
0.207292
0.00369744
0.00458104
0.00598857
0.00820819
0.00725344
0.0068528
0.00756399
0.00894077
0.0109105
0.0121318
0.0127801
0.0147725
0.017942
0.0229099
0.0304852
0.0411998
0.0550954
0.0718424
0.0907487
0.110841
0.131047
0.150346
0.167685
0.182241
0.193727
0.202238
0.206773
0.207282
0.207291
0.207292
0.207292
0.207292
0.207292
0.207292
0.207292
0.207292
0.207292
0.207292
0.207292
0.207292
0.00439076
0.00551892
0.00737453
0.0105039
0.00892003
0.00821978
0.0089017
0.0103317
0.0124225
0.0136326
0.0141603
0.016229
0.0193889
0.0244608
0.0318467
0.0420838
0.0553422
0.0713694
0.0895714
0.109082
0.128895
0.148012
0.16545
0.18027
0.192116
0.201017
0.206379
0.207274
0.207291
0.207292
0.207292
0.207292
0.207292
0.207292
0.207292
0.207292
0.207292
0.207292
0.207292
0.207292
0.00529151
0.00679887
0.00943585
0.014085
0.0114136
0.0100992
0.0106474
0.0121184
0.0142795
0.0154615
0.0158742
0.0178876
0.0212053
0.0261577
0.0333579
0.0431557
0.0557825
0.0710942
0.0885916
0.107502
0.126887
0.145779
0.163255
0.178301
0.190486
0.199747
0.205817
0.207255
0.20729
0.207292
0.207292
0.207292
0.207292
0.207292
0.207292
0.207292
0.207292
0.207292
0.207292
0.207292
0.00651959
0.00869878
0.0128389
0.0184689
0.0150932
0.0129057
0.0130573
0.0144446
0.0166851
0.0176967
0.0179579
0.0199801
0.0232091
0.0280891
0.0350069
0.0443865
0.0564105
0.0710179
0.0878083
0.1061
0.125028
0.143659
0.161102
0.17634
0.188832
0.198441
0.205096
0.207214
0.20729
0.207292
0.207292
0.207292
0.207292
0.207292
0.207292
0.207292
0.207292
0.207292
0.207292
0.207292
0.00834108
0.0119408
0.0171808
0.0232884
0.0194973
0.0167289
0.0163918
0.0175164
0.0196114
0.0203785
0.0204399
0.0223626
0.0254929
0.0301816
0.0368285
0.0457629
0.0572088
0.0711326
0.0872207
0.104881
0.123321
0.141653
0.159003
0.174394
0.187162
0.197102
0.204245
0.207127
0.207288
0.207292
0.207292
0.207292
0.207292
0.207292
0.207292
0.207292
0.207292
0.207292
0.207292
0.207292
0.0114934
0.0162399
0.0220205
0.028304
0.0242957
0.02116
0.0203993
0.021171
0.0229958
0.0234568
0.0232768
0.025031
0.0279962
0.0324687
0.0387939
0.0472929
0.0581656
0.0714264
0.0868233
0.103844
0.121771
0.139765
0.156973
0.17247
0.185486
0.195744
0.203299
0.206967
0.207285
0.207291
0.207292
0.207292
0.207292
0.207292
0.207292
0.207292
0.207292
0.207292
0.207292
0.207292
0.0157667
0.0210891
0.0270859
0.0333633
0.0292693
0.0259221
0.0248285
0.0252507
0.0267466
0.0268846
0.0264303
0.02796
0.0307073
0.0349245
0.0409124
0.0489626
0.0592774
0.0718893
0.0866065
0.102988
0.120382
0.138004
0.155024
0.170581
0.183811
0.194372
0.202285
0.206708
0.207281
0.207291
0.207292
0.207292
0.207292
0.207292
0.207292
0.207292
0.207292
0.207292
0.207292
0.207292
0.0206187
0.0261883
0.0322084
0.0383711
0.0342773
0.0308279
0.0294865
0.0295997
0.0307646
0.0305945
0.0298637
0.0311235
0.0336108
0.0375388
0.0431711
0.050771
0.0605337
0.072514
0.0865633
0.102305
0.119154
0.136377
0.153173
0.168735
0.182143
0.192989
0.201221
0.206325
0.207271
0.207291
0.207292
0.207292
0.207292
0.207292
0.207292
0.207292
0.207292
0.207292
0.207292
0.207292
0.0257338
0.0313556
0.0372846
0.0432694
0.0392307
0.0357537
0.0342352
0.0340895
0.0349494
0.0345094
0.0335247
0.0344954
0.0366892
0.0403013
0.0455615
0.0527089
0.0619295
0.0732915
0.0866861
0.101793
0.118087
0.134886
0.151427
0.166936
0.180488
0.191593
0.200122
0.205807
0.207252
0.20729
0.207292
0.207292
0.207292
0.207292
0.207292
0.207292
0.207292
0.207292
0.207292
0.207292
0.0309231
0.0364807
0.0422513
0.0480236
0.0440745
0.0406199
0.0389795
0.0386232
0.0392145
0.0385502
0.037351
0.0380379
0.0399236
0.0431992
0.0480759
0.0547689
0.0634557
0.0742143
0.0869669
0.101443
0.117175
0.133532
0.149788
0.165192
0.178853
0.190186
0.198996
0.205166
0.20721
0.20729
0.207292
0.207292
0.207292
0.207292
0.207292
0.207292
0.207292
0.207292
0.207292
0.207292
0.0360723
0.0414969
0.0470718
0.0526149
0.0487762
0.0453766
0.0436564
0.043132
0.0434922
0.0426474
0.0412774
0.041704
0.0432867
0.0462189
0.050704
0.0569436
0.0651049
0.0752741
0.0873987
0.101251
0.116416
0.132316
0.148258
0.163516
0.177244
0.188775
0.197848
0.204425
0.207129
0.207288
0.207292
0.207292
0.207292
0.207292
0.207292
0.207292
0.207292
0.207292
0.207292
0.207292
0.041113
0.0463655
0.0517257
0.0570339
0.0533175
0.0499941
0.0482256
0.0475682
0.0477326
0.0467457
0.0452455
0.0454432
0.0467431
0.0493397
0.0534348
0.0592237
0.0668695
0.0764624
0.087973
0.101211
0.115808
0.131234
0.146839
0.161917
0.175671
0.187369
0.196689
0.203611
0.206987
0.207286
0.207291
0.207292
0.207292
0.207292
0.207292
0.207292
0.207292
0.207292
0.207292
0.207292
0.0460056
0.0510653
0.0562038
0.0612784
0.0576899
0.0544557
0.0526623
0.0519007
0.0519002
0.0508037
0.049208
0.0492089
0.0502532
0.0525342
0.0562516
0.0615995
0.0687406
0.0777717
0.0886822
0.101315
0.115345
0.130288
0.145532
0.1604
0.174142
0.185973
0.195525
0.202742
0.206767
0.207281
0.207291
0.207292
0.207292
0.207292
0.207292
0.207292
0.207292
0.207292
0.207292
0.207292
0.0507282
0.0555862
0.0605033
0.06535
0.061891
0.0587533
0.0569524
0.0561101
0.0559715
0.0547919
0.0531292
0.0529634
0.0537807
0.0557714
0.0591328
0.0640567
0.0707082
0.0791931
0.0895184
0.101557
0.115023
0.129476
0.144344
0.158971
0.172662
0.184596
0.194359
0.201835
0.206448
0.207274
0.207291
0.207292
0.207292
0.207292
0.207292
0.207292
0.207292
0.207292
0.207292
0.207292
0.0552707
0.0599256
0.0646255
0.0692527
0.0659223
0.0628848
0.0610893
0.0601848
0.0599309
0.0586897
0.0569828
0.0566772
0.0572946
0.0590222
0.0620531
0.0665767
0.0727597
0.0807167
0.090473
0.101929
0.114837
0.128795
0.14327
0.157638
0.171237
0.183242
0.193189
0.200902
0.20602
0.207258
0.20729
0.207292
0.207292
0.207292
0.207292
0.207292
0.207292
0.207292
0.207292
0.207292
0.0596301
0.0640851
0.0685752
0.0729921
0.0697877
0.0668514
0.0650708
0.0641196
0.0637694
0.0624838
0.0607511
0.0603284
0.060771
0.0622613
0.0649886
0.0691388
0.0748789
0.0823306
0.0915367
0.102424
0.114779
0.12824
0.142312
0.156401
0.169869
0.181915
0.19202
0.199951
0.205491
0.207227
0.20729
0.207292
0.207292
0.207292
0.207292
0.207292
0.207292
0.207292
0.207292
0.207292
0.0638083
0.0680691
0.0723579
0.0765748
0.0734927
0.0706571
0.0688984
0.0679123
0.0674824
0.0661661
0.0644219
0.0639019
0.0641919
0.0654692
0.0679184
0.0717227
0.0770476
0.0840203
0.0926981
0.103033
0.114844
0.127809
0.141469
0.155259
0.168565
0.18062
0.190855
0.198986
0.20488
0.207168
0.207289
0.207292
0.207292
0.207292
0.207292
0.207292
0.207292
0.207292
0.207292
0.207292
0.0678096
0.0718836
0.0759808
0.0800078
0.0770438
0.0743071
0.0725751
0.0715641
0.0710679
0.0697324
0.0679876
0.0673873
0.0675444
0.0686307
0.0708262
0.0743103
0.079248
0.0857696
0.0939443
0.103746
0.115026
0.127496
0.140734
0.154211
0.16733
0.179363
0.189701
0.198016
0.204207
0.207067
0.207287
0.207291
0.207292
0.207292
0.207292
0.207292
0.207292
0.207292
0.207292
0.207292
0.0716401
0.0755357
0.0794506
0.0832979
0.0804475
0.0778071
0.0761057
0.0750778
0.0745268
0.0731809
0.0714444
0.0707777
0.0708195
0.0717348
0.0736988
0.0768876
0.0814645
0.087563
0.0952609
0.104551
0.115314
0.127295
0.140109
0.153257
0.166169
0.178149
0.188564
0.197046
0.203487
0.206908
0.207284
0.207291
0.207292
0.207292
0.207292
0.207292
0.207292
0.207292
0.207292
0.207292
0.0753068
0.0790326
0.0827748
0.0864517
0.0837106
0.0811636
0.0794953
0.078457
0.077861
0.076512
0.0747904
0.0740696
0.0740111
0.0747735
0.0765266
0.0794427
0.0836841
0.0893859
0.0966337
0.105437
0.115698
0.127199
0.139587
0.152397
0.165082
0.176983
0.187449
0.196081
0.202734
0.206677
0.207279
0.207291
0.207292
0.207292
0.207292
0.207292
0.207292
0.207292
0.207292
0.207292
0.0788174
0.0823819
0.0859602
0.0894769
0.0868394
0.0843832
0.0827497
0.0817063
0.0810735
0.0797271
0.0780257
0.0772611
0.0771158
0.0777416
0.0793025
0.0819672
0.0858964
0.0912265
0.0980498
0.106388
0.116169
0.1272
0.139164
0.151628
0.16407
0.175866
0.186358
0.195121
0.20196
0.206363
0.20727
0.207291
0.207292
0.207292
0.207292
0.207292
0.207292
0.207292
0.207292
0.207292
0.0821793
0.0855904
0.0890144
0.0923794
0.0898413
0.0874718
0.0858746
0.0848306
0.0841681
0.0828291
0.0811518
0.0803519
0.0801316
0.0806355
0.0820215
0.0844544
0.0880929
0.0930749
0.0994978
0.107396
0.116715
0.127289
0.138834
0.150947
0.163133
0.174803
0.185296
0.194166
0.201175
0.205966
0.207252
0.20729
0.207292
0.207292
0.207292
0.207292
0.207292
0.207292
0.207292
0.207292
0.0853994
0.0886662
0.091944
0.0951655
0.0927226
0.0904365
0.0888756
0.087835
0.0871488
0.0858207
0.0841705
0.083343
0.0830578
0.0834529
0.0846801
0.0868996
0.0902676
0.0949233
0.100969
0.10845
0.117326
0.127459
0.13859
0.15035
0.162272
0.173794
0.184264
0.19322
0.200379
0.205495
0.207219
0.20729
0.207292
0.207292
0.207292
0.207292
0.207292
0.207292
0.207292
0.207292
0.0884858
0.0916154
0.094755
0.0978409
0.0954888
0.0932831
0.0917593
0.0907242
0.0900197
0.0887057
0.0870848
0.0862358
0.0858948
0.0861929
0.0872759
0.0892987
0.0924154
0.0967652
0.102455
0.109539
0.117993
0.127699
0.138427
0.149834
0.161482
0.17284
0.183268
0.192285
0.19958
0.204967
0.20716
0.207289
0.207292
0.207292
0.207292
0.207292
0.207292
0.207292
0.207292
0.207292
0.0914453
0.094445
0.0974538
0.100411
0.0981459
0.0960174
0.0945307
0.0935038
0.0927849
0.0914876
0.0898978
0.0890328
0.0886439
0.0888554
0.0898074
0.0916495
0.0945325
0.098596
0.103951
0.110657
0.118708
0.128001
0.138335
0.149392
0.160761
0.171942
0.182306
0.191367
0.198783
0.204395
0.207066
0.207287
0.207291
0.207292
0.207292
0.207292
0.207292
0.207292
0.207292
0.207292
0.0942841
0.0971607
0.100046
0.102882
0.100699
0.0986448
0.0971951
0.0961785
0.0954492
0.0941699
0.0926126
0.0917363
0.0913063
0.0914411
0.0922741
0.0939499
0.096616
0.100411
0.105449
0.111798
0.119463
0.12836
0.13831
0.149021
0.160107
0.171099
0.181384
0.190468
0.197992
0.203791
0.206926
0.207284
0.207291
0.207292
0.207292
0.207292
0.207292
0.207292
0.207292
0.207292
0.0970085
0.0997686
0.102537
0.105258
0.103155
0.101171
0.0997576
0.0987532
0.0980167
0.0967571
0.0952324
0.0943492
0.0938842
0.0939507
0.0946757
0.0961989
0.0986639
0.102207
0.106946
0.112957
0.120253
0.128769
0.138345
0.148715
0.159517
0.170309
0.180499
0.189591
0.197209
0.203166
0.206729
0.20728
0.207291
0.207292
0.207292
0.207292
0.207292
0.207292
0.207292
0.207292
0.0996244
0.102274
0.104931
0.107545
0.105516
0.1036
0.102223
0.101232
0.100491
0.0992531
0.0977616
0.0968738
0.0963798
0.0963854
0.0970127
0.0983956
0.100674
0.103983
0.108441
0.114128
0.121072
0.129221
0.138434
0.148469
0.158987
0.16957
0.179653
0.188736
0.196434
0.202527
0.206468
0.207271
0.207291
0.207292
0.207292
0.207292
0.207292
0.207292
0.207292
0.207292
0.102138
0.104683
0.107236
0.109747
0.107789
0.105938
0.104596
0.10362
0.102877
0.10166
0.100203
0.0993143
0.0987949
0.0987473
0.0992857
0.10054
0.102645
0.105734
0.109927
0.11531
0.121916
0.129712
0.138573
0.148279
0.158514
0.16888
0.178846
0.187906
0.195668
0.201881
0.206144
0.207257
0.20729
0.207292
0.207292
0.207292
0.207292
0.207292
0.207292
0.207292
0.104554
0.106999
0.109453
0.111867
0.109977
0.108188
0.106881
0.10592
0.105178
0.103984
0.10256
0.101672
0.101133
0.101037
0.101495
0.102632
0.104576
0.10746
0.111404
0.116497
0.122782
0.130238
0.138757
0.14814
0.158093
0.168239
0.178077
0.187101
0.194909
0.201231
0.205762
0.207232
0.20729
0.207292
0.207292
0.207292
0.207292
0.207292
0.207292
0.207292
0.106877
0.109229
0.111589
0.113911
0.112086
0.110355
0.109083
0.108137
0.107397
0.106226
0.104836
0.103952
0.103396
0.103257
0.103643
0.10467
0.106467
0.10916
0.112869
0.117688
0.123666
0.130794
0.138982
0.14805
0.157723
0.167644
0.177346
0.186321
0.194162
0.200579
0.205335
0.207188
0.207289
0.207292
0.207292
0.207292
0.207292
0.207292
0.207292
0.207292
0.109113
0.111376
0.113647
0.115883
0.114119
0.112445
0.111204
0.110275
0.109539
0.108391
0.107034
0.106155
0.105586
0.10541
0.105729
0.106658
0.108316
0.110831
0.114319
0.118878
0.124565
0.131378
0.139246
0.148003
0.1574
0.167095
0.176653
0.185567
0.193429
0.19993
0.204872
0.20712
0.207287
0.207292
0.207292
0.207292
0.207292
0.207292
0.207292
0.207292
0.111264
0.113445
0.115632
0.117787
0.116081
0.114459
0.11325
0.112337
0.111606
0.110482
0.109157
0.108286
0.107706
0.107497
0.107757
0.108594
0.110125
0.112473
0.115754
0.120067
0.125475
0.131988
0.139544
0.148
0.157122
0.166589
0.175996
0.184841
0.19271
0.199286
0.204383
0.207019
0.207286
0.207291
0.207292
0.207292
0.207292
0.207292
0.207292
0.207292
0.113339
0.11544
0.117548
0.119627
0.117974
0.116403
0.115225
0.114328
0.113602
0.112501
0.11121
0.110346
0.109757
0.109521
0.109726
0.110479
0.111893
0.114085
0.117172
0.121253
0.126395
0.132618
0.139874
0.148037
0.156887
0.166127
0.175376
0.18414
0.192008
0.19865
0.203875
0.206879
0.207283
0.207291
0.207292
0.207292
0.207292
0.207292
0.207292
0.207292
0.115339
0.117365
0.1194
0.121407
0.119805
0.118281
0.117132
0.11625
0.115531
0.114453
0.113193
0.112339
0.111745
0.111482
0.11164
0.112316
0.113619
0.115667
0.118571
0.122433
0.127323
0.133268
0.140235
0.148109
0.156694
0.165707
0.174789
0.183467
0.191323
0.198021
0.203356
0.206691
0.207278
0.207291
0.207292
0.207292
0.207292
0.207292
0.207292
0.207292
0.11727
0.119226
0.121191
0.12313
0.121575
0.120096
0.118974
0.118108
0.117395
0.11634
0.115111
0.114267
0.113668
0.113384
0.113497
0.114102
0.115306
0.117218
0.119951
0.123605
0.128255
0.133935
0.140621
0.148217
0.15654
0.165325
0.174236
0.182821
0.190654
0.197399
0.20283
0.206454
0.207269
0.207291
0.207292
0.207292
0.207292
0.207292
0.207292
0.207292
0.119134
0.121025
0.122925
0.124802
0.123291
0.121853
0.120755
0.119904
0.119198
0.118165
0.116966
0.116132
0.115531
0.115228
0.115301
0.115842
0.116951
0.118738
0.121311
0.124769
0.12919
0.134617
0.141033
0.148356
0.156422
0.164982
0.173715
0.1822
0.190004
0.196784
0.2023
0.20617
0.207254
0.20729
0.207292
0.207292
0.207292
0.207292
0.207292
0.207292
0.120937
0.122767
0.124608
0.126427
0.124955
0.123554
0.122479
0.121642
0.120942
0.119931
0.11876
0.117939
0.117335
0.117016
0.117054
0.117535
0.118558
0.120227
0.122649
0.125922
0.130127
0.13531
0.141468
0.148526
0.156339
0.164675
0.173228
0.181607
0.189371
0.196176
0.201768
0.205847
0.207229
0.20729
0.207292
0.207292
0.207292
0.207292
0.207292
0.207292
0.122683
0.124457
0.126242
0.128009
0.126572
0.125204
0.12415
0.123324
0.122631
0.12164
0.120498
0.119687
0.119084
0.11875
0.118755
0.119183
0.120125
0.121685
0.123965
0.127064
0.131064
0.136015
0.141922
0.148725
0.156289
0.164402
0.172774
0.18104
0.188757
0.195578
0.201236
0.205489
0.20719
0.207289
0.207292
0.207292
0.207292
0.207292
0.207292
0.207292
0.124376
0.126098
0.127833
0.129553
0.128146
0.126808
0.125772
0.124957
0.124269
0.123297
0.122181
0.121381
0.120779
0.120432
0.120408
0.120785
0.121654
0.123112
0.125259
0.128194
0.131999
0.136729
0.142395
0.148949
0.156272
0.164165
0.172353
0.180499
0.188161
0.19499
0.200706
0.205105
0.207131
0.207287
0.207292
0.207292
0.207292
0.207292
0.207292
0.207292
0.126021
0.127695
0.129384
0.131061
0.129682
0.128369
0.127347
0.12654
0.125857
0.124904
0.123813
0.123024
0.122422
0.122065
0.122014
0.122345
0.123145
0.124507
0.12653
0.129311
0.132931
0.137449
0.142884
0.149198
0.156283
0.163959
0.171966
0.179983
0.187585
0.194413
0.200183
0.204702
0.207047
0.207286
0.207291
0.207292
0.207292
0.207292
0.207292
0.207292
0.127623
0.129254
0.130903
0.132541
0.131184
0.129891
0.12888
0.12808
0.127401
0.126463
0.125396
0.124616
0.124017
0.12365
0.123574
0.123863
0.124599
0.125872
0.127779
0.130413
0.133858
0.138175
0.143388
0.149469
0.156324
0.163785
0.171609
0.179491
0.187028
0.193848
0.199665
0.204284
0.206933
0.207283
0.207291
0.207292
0.207292
0.207292
0.207292
0.207292
0.129184
0.130778
0.13239
0.133995
0.132656
0.13138
0.130376
0.12958
0.128901
0.127979
0.126933
0.126163
0.125565
0.125188
0.12509
0.125341
0.126017
0.127208
0.129004
0.131501
0.134779
0.138905
0.143905
0.149761
0.156391
0.16364
0.171282
0.179025
0.18649
0.193295
0.199152
0.203858
0.206783
0.207279
0.207291
0.207292
0.207292
0.207292
0.207292
0.207292
0.130711
0.132271
0.133852
0.135427
0.134103
0.132839
0.131838
0.131042
0.130364
0.129453
0.128427
0.127665
0.127068
0.126683
0.126564
0.126779
0.127399
0.128513
0.130207
0.132573
0.135694
0.139636
0.144432
0.150072
0.156483
0.163525
0.170984
0.178585
0.185972
0.192756
0.198646
0.203426
0.206595
0.207272
0.207291
0.207292
0.207292
0.207292
0.207292
0.207292
0.132207
0.133739
0.135293
0.136843
0.135528
0.134271
0.13327
0.132472
0.131791
0.13089
0.129882
0.129125
0.128529
0.128136
0.127998
0.128178
0.128748
0.129788
0.131385
0.13363
0.136601
0.140369
0.144971
0.150401
0.156598
0.163436
0.170715
0.17817
0.185473
0.19223
0.198144
0.202992
0.206371
0.207261
0.20729
0.207292
0.207292
0.207292
0.207292
0.207292
0.133678
0.135186
0.136716
0.138243
0.136935
0.135682
0.134677
0.133874
0.133187
0.132294
0.131299
0.130548
0.129951
0.129549
0.129393
0.129541
0.130062
0.131035
0.132542
0.13467
0.137501
0.141103
0.145517
0.150744
0.156736
0.163374
0.170473
0.177782
0.184995
0.191717
0.197648
0.202556
0.206115
0.207243
0.20729
0.207292
0.207292
0.207292
0.207292
0.207292
0.135128
0.136615
0.138125
0.139634
0.13833
0.137076
0.136062
0.13525
0.134555
0.133667
0.132684
0.131935
0.131336
0.130926
0.130752
0.13087
0.131345
0.132253
0.133675
0.135694
0.138391
0.141834
0.146069
0.151103
0.156894
0.163336
0.170258
0.17742
0.184536
0.191218
0.19716
0.202118
0.205831
0.207216
0.20729
0.207292
0.207292
0.207292
0.207292
0.207292
0.13656
0.13803
0.139524
0.141016
0.139713
0.138455
0.137429
0.136604
0.135899
0.135013
0.134038
0.13329
0.132687
0.132268
0.132076
0.132165
0.132597
0.133444
0.134785
0.136701
0.139271
0.142564
0.146628
0.151475
0.157071
0.163322
0.170067
0.177084
0.184095
0.190734
0.196679
0.201683
0.205524
0.207176
0.207288
0.207292
0.207292
0.207292
0.207292
0.207292
0.137978
0.139434
0.140913
0.142388
0.141087
0.139823
0.138781
0.137941
0.137222
0.136335
0.135366
0.134616
0.134007
0.133577
0.133367
0.133428
0.133819
0.134609
0.135874
0.137691
0.140141
0.143291
0.147191
0.151858
0.157265
0.163329
0.169902
0.176772
0.183674
0.190263
0.196207
0.201251
0.2052
0.207118
0.207287
0.207291
0.207292
0.207292
0.207292
0.207292
0.139385
0.140829
0.142294
0.143747
0.142451
0.141182
0.140122
0.139263
0.138528
0.137639
0.136672
0.135916
0.1353
0.134857
0.134628
0.134661
0.135013
0.135748
0.13694
0.138666
0.141001
0.144014
0.147758
0.152251
0.157477
0.163358
0.169761
0.176483
0.183273
0.189808
0.195743
0.200825
0.204861
0.20704
0.207285
0.207291
0.207292
0.207292
0.207292
0.207292
0.140783
0.142215
0.143661
0.145072
0.143803
0.142531
0.141452
0.140573
0.13982
0.138925
0.137957
0.137193
0.136566
0.13611
0.135861
0.135866
0.136179
0.136863
0.137986
0.139624
0.14185
0.144733
0.148326
0.152654
0.157703
0.163407
0.169641
0.176216
0.182892
0.189367
0.19529
0.200402
0.204514
0.206937
0.207282
0.207291
0.207292
0.207292
0.207292
0.207292
0.142172
0.143588
0.144994
0.146301
0.145121
0.143867
0.142773
0.141874
0.141101
0.140197
0.139226
0.138451
0.137811
0.137338
0.137068
0.137045
0.13732
0.137954
0.139012
0.140565
0.142688
0.145447
0.148897
0.153065
0.157943
0.163474
0.169542
0.175972
0.182532
0.188941
0.194846
0.199985
0.204161
0.206806
0.207278
0.207291
0.207292
0.207292
0.207292
0.207292
0.143547
0.144926
0.14623
0.14723
0.146343
0.145168
0.14408
0.143165
0.142372
0.141457
0.140481
0.139693
0.139037
0.138545
0.138253
0.1382
0.138438
0.139023
0.140017
0.141491
0.143515
0.146156
0.149468
0.153482
0.158196
0.163558
0.169465
0.17575
0.182194
0.188531
0.194412
0.199572
0.203805
0.206646
0.207272
0.207291
0.207292
0.207292
0.207292
0.207292
0.144888
0.146168
0.147164
0.147267
0.146375
0.145355
0.144442
0.143634
0.142709
0.141726
0.140921
0.140247
0.139734
0.139416
0.139334
0.139534
0.14007
0.141004
0.142401
0.144331
0.146859
0.150039
0.153906
0.15846
0.163659
0.169407
0.175549
0.181875
0.188135
0.193989
0.199163
0.203446
0.206458
0.207262
0.20729
0.207292
0.207292
0.207292
0.207292
0.146132
0.147106
0.147288
0.146536
0.145687
0.144882
0.143952
0.14296
0.142138
0.141443
0.140906
0.140562
0.140448
0.140609
0.141099
0.141973
0.143297
0.145136
0.147556
0.15061
0.154334
0.158735
0.163775
0.169367
0.175368
0.181576
0.187753
0.193577
0.19876
0.203088
0.206246
0.207247
0.20729
0.207292
0.207292
0.207292
0.207292
0.147072
0.147428
0.14684
0.146099
0.14518
0.144186
0.143345
0.142628
0.142066
0.141693
0.141545
0.141667
0.142109
0.142925
0.144177
0.14593
0.148246
0.15118
0.154768
0.159019
0.163905
0.169345
0.175205
0.181296
0.187387
0.193175
0.198362
0.202728
0.206013
0.207224
0.20729
0.207292
0.207292
0.207292
0.207292
0.147712
0.147226
0.146379
0.145398
0.144544
0.143804
0.143214
0.14281
0.142628
0.14271
0.143103
0.143862
0.145045
0.146714
0.14893
0.151748
0.155205
0.159314
0.164049
0.16934
0.175062
0.181035
0.187037
0.192785
0.197971
0.20237
0.205761
0.207192
0.207289
0.207291
0.207292
0.207292
0.207292
0.148077
0.14749
0.14658
0.145729
0.14497
0.144353
0.143916
0.143698
0.143738
0.144083
0.144785
0.145901
0.147489
0.149609
0.152315
0.155644
0.159615
0.164205
0.169351
0.174937
0.180791
0.186703
0.192406
0.197586
0.202016
0.205495
0.207147
0.207287
0.207291
0.207292
0.207292
0.207292
0.148328
0.147675
0.146885
0.146124
0.145483
0.145013
0.144756
0.144754
0.14505
0.145695
0.146745
0.148254
0.150281
0.152879
0.156088
0.159924
0.164373
0.169377
0.174828
0.180566
0.186385
0.192038
0.197208
0.201665
0.205218
0.207086
0.207286
0.207291
0.207292
0.207292
0.207292
0.148502
0.147954
0.147248
0.1466
0.146101
0.145806
0.14576
0.146006
0.146595
0.147578
0.14901
0.150947
0.153441
0.156532
0.160239
0.164552
0.169417
0.174736
0.180357
0.186083
0.191682
0.196839
0.201318
0.204933
0.207009
0.207284
0.207291
0.207292
0.207292
0.207292
0.148762
0.148289
0.147688
0.147176
0.146847
0.146757
0.146953
0.147484
0.148401
0.149758
0.151608
0.154002
0.156979
0.160561
0.16474
0.169471
0.17466
0.180165
0.185798
0.191338
0.196478
0.200975
0.204643
0.206909
0.20728
0.207291
0.207292
0.207292
0.207292
0.149075
0.148695
0.148223
0.147875
0.147745
0.147891
0.148366
0.149218
0.1505
0.152264
0.15456
0.157427
0.160888
0.164938
0.169537
0.174599
0.179989
0.185529
0.191004
0.196124
0.200636
0.204351
0.206788
0.207276
0.207291
0.207292
0.207292
0.207292
0.149455
0.149192
0.148877
0.148721
0.148822
0.149239
0.150027
0.151235
0.152916
0.155116
0.157877
0.16122
0.165145
0.169616
0.174553
0.179829
0.185274
0.190683
0.195779
0.200301
0.204057
0.206645
0.207269
0.20729
0.207292
0.207292
0.207292
0.149923
0.149803
0.149672
0.149741
0.150106
0.15083
0.151965
0.153563
0.155672
0.158328
0.161557
0.16536
0.169705
0.174519
0.179684
0.185035
0.190374
0.195442
0.19997
0.203762
0.206482
0.207259
0.20729
0.207292
0.207292
0.207292
0.150502
0.150551
0.150635
0.150961
0.151626
0.152691
0.154208
0.156225
0.158781
0.161899
0.165583
0.169806
0.1745
0.179553
0.18481
0.190078
0.195114
0.199644
0.203467
0.206301
0.207245
0.20729
0.207292
0.207292
0.207292
0.151214
0.151462
0.151795
0.152413
0.153412
0.15485
0.156779
0.159235
0.162245
0.165814
0.169918
0.174493
0.179436
0.184598
0.189794
0.194795
0.199323
0.203173
0.206104
0.207223
0.20729
0.207291
0.207292
0.207292
0.152086
0.152565
0.15318
0.154124
0.155489
0.157331
0.15969
0.162596
0.166053
0.170039
0.174499
0.179334
0.184401
0.189522
0.194485
0.199007
0.20288
0.205894
0.207194
0.207289
0.207291
0.207292
0.207292
0.153146
0.153889
0.154819
0.156122
0.157882
0.160149
0.162951
0.166298
0.170171
0.174517
0.179244
0.184218
0.189265
0.194185
0.198697
0.202591
0.205673
0.207156
0.207288
0.207291
0.207292
0.207292
0.154423
0.155461
0.156739
0.158429
0.160608
0.16331
0.16655
0.170311
0.174546
0.179168
0.184048
0.18902
0.193894
0.198393
0.202305
0.205444
0.207105
0.207287
0.207291
0.207292
0.207292
0.155945
0.157311
0.158965
0.161066
0.163673
0.166808
0.170461
0.174587
0.179104
0.183891
0.188788
0.193611
0.198096
0.202022
0.20521
0.207039
0.207284
0.207291
0.207292
0.207292
0.157741
0.159462
0.161515
0.164038
0.167073
0.17062
0.174639
0.179052
0.183747
0.188569
0.193338
0.197806
0.201743
0.204972
0.206958
0.207282
0.207291
0.207292
0.207292
0.159835
0.161932
0.164398
0.167343
0.170787
0.174701
0.179014
0.183616
0.188362
0.193076
0.197522
0.201467
0.204732
0.206861
0.207278
0.207291
0.207292
0.207292
0.162246
0.164734
0.167612
0.170962
0.174774
0.178987
0.183498
0.188167
0.192824
0.197246
0.201195
0.204491
0.206747
0.207273
0.207291
0.207292
0.207292
0.164987
0.167864
0.171139
0.174856
0.178972
0.183392
0.187984
0.192583
0.196977
0.200927
0.204251
0.206617
0.207265
0.20729
0.207291
0.207292
0.168056
0.171309
0.174945
0.178968
0.183299
0.187813
0.192352
0.196716
0.200664
0.20401
0.206473
0.207254
0.20729
0.207291
0.207292
0.171439
0.175035
0.178975
0.183218
0.187655
0.192134
0.196464
0.200405
0.203771
0.206316
0.207238
0.20729
0.207291
0.207292
0.175106
0.17899
0.183152
0.187512
0.191928
0.196221
0.200152
0.203532
0.206149
0.207218
0.20729
0.207291
0.207292
0.179005
0.1831
0.187383
0.191736
0.195987
0.199905
0.203297
0.205973
0.20719
0.207289
0.207291
0.207292
0.183066
0.187274
0.19156
0.195765
0.199664
0.203065
0.205789
0.207154
0.207288
0.207291
0.207292
0.1872
0.191408
0.195558
0.199432
0.202838
0.2056
0.207107
0.207287
0.207291
0.207292
0.191302
0.195377
0.199214
0.202617
0.20541
0.20705
0.207286
0.207291
0.207292
0.195248
0.199019
0.202405
0.205217
0.20698
0.207284
0.207291
0.207292
0.198881
0.202214
0.205028
0.206898
0.20728
0.207291
0.207292
0.202074
0.204852
0.206804
0.207275
0.207291
0.207292
0.204716
0.206701
0.207269
0.207291
0.207292
0.206604
0.20726
0.207291
0.207292
0.207248
0.207291
0.207292
0.207291
0.207292
0.207292
)
;

boundaryField
{
    wallTube
    {
        type            calculated;
        value           nonuniform List<scalar> 
65
(
0.157604
0.157615
0.157615
0.157615
0.157615
0.157615
0.157615
0.157615
0.157615
0.157615
0.157615
0.157615
0.157615
0.157615
0.157615
0.157615
0.157615
0.157615
0.157615
0.157615
0.157615
0.0557016
0.0550309
0.0550237
0.0550237
0.0550237
0.0550237
0.0550237
0.0550237
0.0550237
0.0550237
0.0550237
0.0550237
0.0550237
0.0550237
0.0550237
0.0550237
0.0550237
0.0550237
0.0550237
0.0550237
0.0550237
0.0538629
0.0550061
0.0550235
0.0550237
0.0550237
0.0550237
0.0550237
0.0550237
0.0550237
0.0550237
0.0550237
0.0550237
0.0550237
0.0550237
0.0550237
0.0550237
0.0550237
0.0550237
0.0550237
0.0550237
0.0550237
0.122636
0.158993
)
;
    }
    outlet
    {
        type            calculated;
        value           nonuniform List<scalar> 
40
(
0.147072
0.147106
0.147164
0.14723
0.147267
0.147288
0.147428
0.147712
0.148077
0.148328
0.148502
0.148762
0.149075
0.149455
0.149923
0.150502
0.151214
0.152086
0.153146
0.154423
0.155945
0.157741
0.159835
0.162246
0.164987
0.168056
0.171439
0.175106
0.179005
0.183066
0.1872
0.191302
0.195248
0.198881
0.202074
0.204716
0.206604
0.207248
0.207291
0.207292
)
;
    }
    inletPilot
    {
        type            calculated;
        value           uniform 0.055281;
    }
    inletAir
    {
        type            calculated;
        value           uniform 0.207292;
    }
    wallOutside
    {
        type            calculated;
        value           nonuniform List<scalar> 
111
(
0.207292
0.207292
0.207292
0.207292
0.207292
0.207292
0.207292
0.207292
0.207292
0.207292
0.207292
0.207292
0.207292
0.207292
0.207292
0.207292
0.207292
0.207292
0.207292
0.207292
0.207292
0.207292
0.207292
0.207292
0.207292
0.207292
0.207292
0.207292
0.207292
0.207292
0.207292
0.207292
0.207292
0.207292
0.207292
0.207292
0.207292
0.207292
0.207292
0.207292
0.207292
0.207292
0.207292
0.207292
0.207292
0.207292
0.207292
0.207292
0.207292
0.207292
0.207292
0.207292
0.207292
0.207292
0.207292
0.207292
0.207292
0.207292
0.207292
0.207292
0.207292
0.207292
0.207292
0.207292
0.207292
0.207292
0.207292
0.207292
0.207292
0.207292
0.207292
0.207292
0.207292
0.207292
0.207292
0.207292
0.207292
0.207292
0.207292
0.207292
0.207292
0.207292
0.207292
0.207292
0.207292
0.207292
0.207292
0.207292
0.207292
0.207292
0.207292
0.207292
0.207292
0.207292
0.207292
0.207292
0.207292
0.207292
0.207292
0.207292
0.207292
0.207292
0.207292
0.207292
0.207292
0.207292
0.207292
0.207292
0.207292
0.207292
0.207292
)
;
    }
    inletCH4
    {
        type            calculated;
        value           uniform 0.0314945;
    }
    frontAndBack_pos
    {
        type            wedge;
    }
    frontAndBack_neg
    {
        type            wedge;
    }
}


// ************************************************************************* //
