/*--------------------------------*- C++ -*----------------------------------*\
| =========                 |                                                 |
| \\      /  F ield         | OpenFOAM: The Open Source CFD Toolbox           |
|  \\    /   O peration     | Version:  1.6.x                                 |
|   \\  /    A nd           | Web:      www.OpenFOAM.org                      |
|    \\/     M anipulation  |                                                 |
\*---------------------------------------------------------------------------*/
FoamFile
{
    version     2.0;
    format      ascii;
    class       volScalarField;
    location    "7000";
    object      volDryCO2;
}
// * * * * * * * * * * * * * * * * * * * * * * * * * * * * * * * * * * * * * //

dimensions      [0 0 0 0 0 0 0];

internalField   nonuniform List<scalar> 
4608
(
7.63573e-06
1.56858e-08
1.12604e-06
0.0040628
3.23116e-11
2.64406e-09
1.10632e-07
0.000217614
0.0070813
0.0237294
6.61409e-14
5.76774e-12
2.77349e-10
1.29393e-08
1.34375e-05
0.000571151
0.00962401
0.0354493
0.0704477
1.34391e-16
1.18601e-14
6.35931e-13
4.15611e-11
1.27487e-06
4.72613e-05
0.00102394
0.011831
0.0414799
0.0800431
0.0818791
0.0913622
2.70971e-19
2.34602e-17
1.37446e-15
1.12777e-13
5.54695e-06
0.000102365
0.00156632
0.0141454
0.0434492
0.084526
0.0994808
0.0815005
0.0813557
0.0775172
5.41871e-22
4.5197e-20
2.85382e-18
2.81544e-16
1.39891e-05
0.000185507
0.00220357
0.0158216
0.0461123
0.0858598
0.101715
0.0899021
0.081268
0.0813492
0.0813468
0.054347
1.07408e-24
8.55575e-23
5.7761e-21
6.72374e-19
2.87997e-05
0.000300654
0.00290163
0.0301382
0.0428108
0.0870932
0.101854
0.104084
0.0578621
0.0809857
0.0813459
0.0813468
0.0813468
0.0258191
2.1087e-27
1.60255e-25
1.15311e-23
1.57121e-21
5.24942e-05
0.000451169
0.00415076
0.0389283
0.0462913
0.0841035
0.10207
0.106285
0.067813
0.0343665
0.0813427
0.0813468
0.0813468
0.0813468
0.0121246
4.09614e-30
2.98528e-28
2.29252e-26
3.62871e-24
8.78906e-05
0.000662959
0.00556613
0.0447398
0.0525641
0.0812525
0.100836
0.106828
0.0799387
0.0437678
0.0208371
0.0813468
0.0813468
0.0813468
0.0813468
0.00322842
7.86104e-33
5.54908e-31
4.57645e-29
8.35663e-27
0.000139754
0.000932747
0.0070485
0.0485466
0.0583702
0.0825895
0.0986129
0.10696
0.0899293
0.0552541
0.0293111
0.00912498
0.0813468
0.0813468
0.0813468
0.0813468
0.000377729
1.48757e-35
1.03124e-33
9.23518e-32
1.93591e-29
0.000211998
0.00125608
0.00852119
0.0518498
0.0625761
0.0849839
0.0981664
0.106
0.101841
0.0651853
0.039388
0.015157
0.00242653
0.0813468
0.0813468
0.0813468
0.0813468
3.16106e-05
2.76825e-38
1.91789e-36
1.89445e-34
4.53875e-32
0.000307886
0.00162367
0.0100231
0.051801
0.0664565
0.0869665
0.09854
0.105352
0.107195
0.0773576
0.0489008
0.0227109
0.00560147
0.000283769
0.0813468
0.0813468
0.0813468
0.0813468
5.89721e-06
5.04764e-41
3.57083e-39
3.9691e-37
1.08122e-34
0.000428974
0.00203378
0.0114079
0.0513486
0.0668177
0.0888439
0.0989289
0.105058
0.108377
0.0912618
0.0602222
0.0306794
0.0104152
0.00101064
2.66669e-05
0.0813468
0.0813468
0.0813468
0.0813468
1.85138e-06
8.97247e-44
6.65793e-42
8.53272e-40
2.62212e-37
0.000576536
0.00247618
0.0190616
0.0537387
0.0651909
0.089289
0.0993859
0.104895
0.108346
0.101144
0.0753004
0.040036
0.0164727
0.0027693
8.85823e-05
5.32987e-06
0.0813468
0.0813468
0.0813468
0.0813468
7.03283e-07
1.54303e-46
1.24583e-44
1.89401e-42
6.4911e-40
0.000751105
0.00320907
0.0254593
0.0574087
0.066542
0.0883137
0.0994161
0.104863
0.108298
0.104274
0.0877402
0.0535808
0.0239164
0.00628859
0.000295797
1.19918e-05
1.80029e-06
0.0813468
0.0813468
0.0813468
0.0813468
2.74412e-07
2.53705e-49
2.35101e-47
4.37116e-45
1.6483e-42
0.00097443
0.00411474
0.0307955
0.0617527
0.0693933
0.0882845
0.0988486
0.104709
0.108193
0.106524
0.0959476
0.0654204
0.0346771
0.011581
0.0011238
2.68406e-05
3.31948e-06
7.40478e-07
0.0813468
0.0813468
0.0813468
0.0813468
1.03487e-07
3.90916e-52
4.49447e-50
1.058e-47
4.30498e-45
0.00125279
0.00514038
0.0354624
0.0650622
0.0729097
0.0888682
0.0985487
0.10428
0.107945
0.10737
0.102373
0.0747687
0.044779
0.0195658
0.00334165
8.29818e-05
5.59594e-06
1.30768e-06
3.12748e-07
0.0813468
0.0813468
0.0813468
0.0813468
3.69189e-08
5.55058e-55
8.82097e-53
2.71463e-50
1.15643e-47
0.0015876
0.00626343
0.0381983
0.0669007
0.0755174
0.0898184
0.098525
0.103962
0.107579
0.107488
0.104854
0.0829898
0.0533585
0.0276004
0.00850732
0.000356606
1.00979e-05
2.00059e-06
5.74906e-07
1.26099e-07
0.0813468
0.0813468
0.0813468
0.0813468
1.23486e-08
7.17689e-58
1.82483e-55
7.3742e-53
3.19236e-50
0.00197867
0.00741103
0.0401408
0.0690729
0.0768277
0.0905514
0.0986977
0.103776
0.107337
0.107604
0.10567
0.0890758
0.0615412
0.0349352
0.0146
0.00196301
2.52431e-05
2.89137e-06
8.77186e-07
2.50681e-07
4.71718e-08
0.0813468
0.0813468
0.0813468
0.0813468
3.85067e-09
8.38869e-61
4.12113e-58
2.10177e-55
9.02994e-53
0.00241941
0.0116167
0.0433095
0.0715386
0.0782424
0.0908478
0.098846
0.103696
0.107113
0.107858
0.106573
0.0939715
0.0684795
0.0421294
0.0205574
0.00547105
0.000151527
4.77799e-06
1.20874e-06
3.99328e-07
1.02614e-07
1.61865e-08
0.0813468
0.0813468
0.0813468
0.0813468
1.11337e-09
1.07371e-60
6.16205e-58
2.60706e-55
0.00310925
0.0160364
0.0471216
0.0741497
0.0798124
0.0911811
0.0988468
0.103633
0.106922
0.107792
0.107548
0.0989443
0.0747419
0.0487429
0.0264739
0.0098292
0.000918307
1.16506e-05
1.71314e-06
5.61643e-07
1.74537e-07
3.84579e-08
5.06681e-09
0.0813468
0.0813468
0.0813468
0.0813468
2.96629e-10
1.82399e-60
7.65499e-58
0.00400591
0.0202488
0.0512114
0.076561
0.0815186
0.0915753
0.0988788
0.103523
0.106758
0.107656
0.10771
0.10317
0.0813155
0.0550857
0.0322106
0.014527
0.00281204
5.16228e-05
2.68006e-06
7.68773e-07
2.57863e-07
7.04488e-08
1.30483e-08
1.44051e-09
0.0813468
0.0813468
0.0813468
0.0813468
7.23085e-11
2.26988e-60
0.00626808
0.0244141
0.055739
0.07893
0.0831913
0.0920578
0.0989477
0.103441
0.106598
0.107549
0.107695
0.104328
0.0871281
0.0619156
0.0378573
0.0192363
0.00590316
0.000275319
5.29408e-06
1.05159e-06
3.58141e-07
1.10738e-07
2.57465e-08
3.98393e-09
3.7018e-10
0.0813468
0.0813468
0.0813468
0.0813468
1.60058e-11
0.00933354
0.0289157
0.0606865
0.0813009
0.0848549
0.0926192
0.0990602
0.103388
0.106471
0.10748
0.107709
0.105036
0.0913912
0.0681006
0.0440555
0.0239306
0.00949398
0.00113524
1.46621e-05
1.49912e-06
4.80159e-07
1.59884e-07
4.32435e-08
8.43267e-09
1.08951e-09
8.55232e-11
0.0813468
0.0813468
0.0813468
0.0813468
3.19173e-12
0.0130749
0.0340876
0.0658045
0.0836137
0.0865248
0.0932433
0.0992298
0.103362
0.106352
0.10743
0.107786
0.105714
0.0948499
0.073349
0.0499433
0.0290714
0.0132616
0.00292323
6.4434e-05
2.45667e-06
6.29921e-07
2.18749e-07
6.57097e-08
1.51243e-08
2.45968e-09
2.6564e-10
1.76578e-11
0.0813468
0.0813468
0.0813468
5.68774e-13
0.0171178
0.0401578
0.0707464
0.0857646
0.0881826
0.0939216
0.0994536
0.103373
0.106244
0.107329
0.107852
0.106449
0.0978738
0.0779553
0.055211
0.0341602
0.0173585
0.00548905
0.000312075
5.12112e-06
8.52704e-07
2.87036e-07
9.33625e-08
2.43092e-08
4.69636e-09
6.35691e-10
5.74492e-11
3.23732e-12
0.0813468
0.0813468
8.98672e-14
0.0214473
0.0473183
0.0749848
0.0877902
0.0897618
0.0946529
0.0997207
0.103426
0.106164
0.107212
0.107792
0.107005
0.100695
0.0821351
0.0600449
0.0389509
0.0215049
0.0085644
0.00107422
1.44573e-05
1.24858e-06
3.71956e-07
1.26032e-07
3.61819e-08
7.99067e-09
1.28681e-09
1.44842e-10
1.09603e-11
5.236e-13
0.0813468
1.24935e-14
0.0264146
0.0550133
0.0788766
0.0897231
0.0912675
0.0954146
0.100031
0.103515
0.106119
0.107116
0.107689
0.107161
0.102712
0.0860984
0.0645628
0.0435019
0.02558
0.0118433
0.00260895
5.83889e-05
2.08796e-06
4.88135e-07
1.64819e-07
5.08099e-08
1.25057e-08
2.31433e-09
3.09447e-10
2.89456e-11
1.83432e-12
7.42181e-14
1.51709e-15
0.0324477
0.0628821
0.0824351
0.0915562
0.0927209
0.0961909
0.100379
0.10364
0.106112
0.107059
0.107602
0.107206
0.103535
0.089537
0.0689307
0.0478953
0.0295593
0.0151426
0.00481641
0.000262749
4.312e-06
6.66954e-07
2.12577e-07
6.84253e-08
1.83626e-08
3.81181e-09
5.8676e-10
6.49668e-11
5.04724e-12
2.67744e-13
9.16017e-15
1.59816e-16
0.0401644
0.0701135
0.0856335
0.0933039
0.0941218
0.096981
0.100756
0.103796
0.10614
0.107041
0.107554
0.107254
0.104124
0.0922819
0.0729299
0.0522294
0.0334685
0.0184178
0.00731281
0.000888341
1.15267e-05
9.88403e-07
2.75156e-07
8.96811e-08
2.56857e-08
5.86493e-09
1.01625e-09
1.29461e-10
1.18467e-11
7.63865e-13
3.38899e-14
9.7833e-16
1.45122e-17
0.0498954
0.0762499
0.0885698
0.0949784
0.0954755
0.0977842
0.101158
0.103977
0.106189
0.107058
0.107547
0.107333
0.104663
0.0946336
0.0764892
0.0562913
0.0373628
0.0217104
0.00992254
0.00208713
4.3523e-05
1.64765e-06
3.64966e-07
1.15948e-07
3.46808e-08
8.5554e-09
1.63919e-09
2.35362e-10
2.47226e-11
1.86677e-12
9.98152e-14
3.6992e-15
8.98862e-17
1.12931e-18
0.0614699
0.0816846
0.0912847
0.096574
0.0967901
0.0985976
0.101581
0.104179
0.106252
0.10708
0.107574
0.107446
0.105183
0.0967035
0.0797215
0.0600432
0.041128
0.0250364
0.0125886
0.00379546
0.000181049
3.28314e-06
5.04875e-07
1.49972e-07
4.57308e-08
1.1977e-08
2.49785e-09
3.97715e-10
4.70651e-11
4.06496e-12
2.52939e-13
1.12047e-14
3.46343e-16
7.06552e-18
7.49133e-20
0.0724917
0.0864631
0.0937599
0.0980687
0.0980611
0.0994196
0.102024
0.104399
0.106327
0.107099
0.107587
0.107578
0.105688
0.0985351
0.0826659
0.0635628
0.0447289
0.02832
0.0152845
0.00577146
0.000595074
7.96456e-06
7.45923e-07
1.96362e-07
5.9555e-08
1.62624e-08
3.63743e-09
6.33322e-10
8.31969e-11
8.08071e-12
5.72629e-13
2.93299e-14
1.07523e-15
2.76748e-17
4.72799e-19
4.21591e-21
0.081326
0.0905088
0.0959561
0.0994412
0.0992747
0.100247
0.102486
0.104638
0.106416
0.107122
0.107581
0.107635
0.106158
0.100154
0.0853384
0.0668599
0.0481913
0.0315289
0.017999
0.00788553
0.00141226
2.49703e-05
1.20598e-06
2.62867e-07
7.73497e-08
2.16242e-08
5.11153e-09
9.60787e-10
1.38367e-10
1.49127e-11
1.18507e-12
6.87922e-14
2.89737e-15
8.78043e-17
1.87861e-18
2.68102e-20
2.00436e-22
0.0877557
0.0937863
0.0978533
0.10068
0.100413
0.10107
0.102964
0.104892
0.10652
0.107156
0.107571
0.107632
0.106387
0.101554
0.0877525
0.0699283
0.0515061
0.0346675
0.0207151
0.010064
0.00266815
9.22605e-05
2.20977e-06
3.63528e-07
1.00959e-07
2.84053e-08
6.99161e-09
1.40128e-09
2.18757e-10
2.58705e-11
2.2778e-12
1.47757e-13
7.0171e-15
2.42804e-16
6.07572e-18
1.07875e-19
1.28311e-21
8.01931e-24
0.0922641
0.0963774
0.0994705
0.101788
0.101465
0.101879
0.103456
0.105164
0.106639
0.107203
0.107569
0.107608
0.106475
0.102271
0.0898991
0.0727663
0.0546551
0.037726
0.023416
0.0122568
0.00420926
0.000311316
4.70789e-06
5.26288e-07
1.33293e-07
3.71274e-08
9.38193e-09
1.98027e-09
3.31589e-10
4.26041e-11
4.11456e-12
2.9502e-13
1.5595e-14
6.05334e-16
1.71937e-17
3.54855e-19
5.22023e-21
5.1604e-23
2.47072e-25
0.0954683
0.0984268
0.100847
0.102779
0.102428
0.102663
0.103959
0.105451
0.106773
0.107265
0.107581
0.107587
0.106516
0.102691
0.0916203
0.075354
0.0576229
0.0406871
0.0260912
0.0144599
0.00588448
0.000799226
1.18565e-05
8.14192e-07
1.78997e-07
4.85754e-08
1.24349e-08
2.73109e-09
4.8539e-10
6.71396e-11
7.05006e-12
5.53737e-13
3.22593e-14
1.38793e-15
4.40012e-17
1.02514e-18
1.74322e-20
2.11816e-22
1.59087e-24
2.12483e-27
0.097834
0.100076
0.10203
0.103671
0.103306
0.103412
0.104465
0.105753
0.106922
0.107341
0.107606
0.107579
0.106549
0.103016
0.0930308
0.0776414
0.0603843
0.0435456
0.0287267
0.0166837
0.00762951
0.00161949
3.71097e-05
1.36196e-06
2.46408e-07
6.39111e-08
1.63752e-08
3.69887e-09
6.90688e-10
1.01933e-10
1.15455e-11
9.85616e-13
6.27689e-14
2.96642e-15
1.03797e-16
2.68607e-18
5.12961e-20
7.16041e-22
6.51871e-24
1.75402e-26
0.0996584
0.101436
0.103059
0.104477
0.104109
0.104122
0.104969
0.106068
0.107087
0.107432
0.107647
0.107582
0.106585
0.103296
0.0942339
0.0796707
0.0629223
0.0462756
0.0313107
0.0189157
0.00941864
0.00272969
0.000123554
2.55526e-06
3.48945e-07
8.49538e-08
2.15308e-08
4.94728e-09
9.6084e-10
1.50003e-10
1.81854e-11
1.67556e-12
1.15838e-13
5.96922e-15
2.28619e-16
6.5024e-18
1.37286e-19
2.13928e-21
2.20475e-23
7.75365e-26
0.101124
0.102587
0.103971
0.105214
0.104846
0.104791
0.105467
0.106391
0.107265
0.107538
0.1077
0.107598
0.106627
0.10355
0.0952815
0.0814896
0.0652606
0.0488475
0.0338231
0.0211382
0.0112194
0.00401765
0.000350955
5.37447e-06
5.15581e-07
1.14309e-07
2.83876e-08
6.56717e-09
1.31357e-09
2.15074e-10
2.77067e-11
2.73679e-12
2.04126e-13
1.13977e-14
4.74619e-16
1.47225e-17
3.40226e-19
5.82755e-21
6.61075e-23
2.72338e-25
0.102343
0.103585
0.104789
0.105893
0.105527
0.105423
0.105953
0.106721
0.107456
0.107656
0.107768
0.107626
0.106673
0.103783
0.0962004
0.0831298
0.0674249
0.0512742
0.0362419
0.0233358
0.013032
0.00540037
0.000789365
1.29647e-05
8.01558e-07
1.56272e-07
3.76289e-08
8.68974e-09
1.77314e-09
3.01895e-10
4.10276e-11
4.31781e-12
3.45391e-13
2.07825e-14
9.35611e-16
3.14586e-17
7.90037e-19
1.47295e-20
1.81282e-22
8.36275e-25
0.103387
0.104468
0.105533
0.106522
0.10616
0.106017
0.106426
0.107052
0.107655
0.107786
0.107847
0.107663
0.106724
0.103995
0.0970081
0.0846108
0.0694318
0.0535716
0.0385668
0.0254921
0.0148585
0.00683608
0.00148193
3.67779e-05
1.32669e-06
2.17456e-07
5.02563e-08
1.15008e-08
2.37341e-09
4.16672e-10
5.93059e-11
6.60924e-12
5.63994e-13
3.63779e-14
1.76187e-15
6.38839e-17
1.73364e-18
3.49426e-20
4.62498e-22
2.33516e-24
0.104305
0.105262
0.106216
0.107108
0.10675
0.106578
0.106882
0.107382
0.10786
0.107924
0.107937
0.107709
0.106776
0.104187
0.0977193
0.0859493
0.071289
0.0557481
0.0408037
0.0276004
0.0166871
0.00830585
0.00239109
0.000109253
2.3964e-06
3.08803e-07
6.76887e-08
1.52646e-08
3.16194e-09
5.67736e-10
8.40206e-11
9.85512e-12
8.92453e-13
6.14199e-14
3.18515e-15
1.23994e-16
3.61873e-18
7.84356e-20
1.10994e-21
6.0521e-24
0.105125
0.105985
0.106847
0.107656
0.107302
0.107107
0.107321
0.107706
0.108068
0.108066
0.108033
0.107761
0.106827
0.104358
0.0983428
0.0871608
0.0730078
0.0577985
0.0429571
0.0296592
0.0185042
0.00978541
0.00343957
0.000285457
4.71815e-06
4.52249e-07
9.19379e-08
2.03508e-08
4.20566e-09
7.66466e-10
1.17095e-10
1.43677e-11
1.37365e-12
1.00415e-13
5.55306e-15
2.31102e-16
7.22404e-18
1.67634e-19
2.52519e-21
1.47428e-23
0.105869
0.10665
0.107434
0.108168
0.107819
0.107605
0.107741
0.108022
0.108274
0.10821
0.108134
0.107815
0.106875
0.104505
0.0988829
0.088255
0.0746009
0.0597328
0.0450379
0.0316695
0.0203044
0.0112696
0.00456651
0.000616132
1.02743e-05
6.86901e-07
1.2618e-07
2.72655e-08
5.59815e-09
1.02858e-09
1.61078e-10
2.05491e-11
2.06357e-12
1.59524e-13
9.37052e-15
4.15398e-16
1.38532e-17
3.42858e-19
5.47831e-21
3.40436e-23
0.106551
0.107266
0.107981
0.108646
0.108305
0.108076
0.108141
0.108327
0.108474
0.108351
0.108233
0.107868
0.106915
0.104627
0.0993439
0.0892372
0.0760751
0.0615602
0.0470431
0.0336338
0.0220877
0.0127618
0.00573855
0.00113592
2.57161e-05
1.09051e-06
1.75075e-07
3.67282e-08
7.46866e-09
1.37589e-09
2.19399e-10
2.89223e-11
3.03502e-12
2.47044e-13
1.53553e-14
7.22561e-16
2.56242e-17
6.73919e-19
1.13874e-20
7.49854e-23
0.107182
0.107839
0.108492
0.109093
0.108758
0.108517
0.10852
0.108617
0.108666
0.108485
0.108328
0.107915
0.106943
0.104719
0.0997254
0.0901117
0.0774344
0.0632841
0.0489704
0.0355505
0.0238523
0.0142675
0.00693894
0.0018327
6.95199e-05
1.84863e-06
2.4585e-07
4.97299e-08
9.99646e-09
1.83859e-09
2.96727e-10
4.01765e-11
4.38276e-12
3.74012e-13
2.4508e-14
1.22008e-15
4.5865e-17
1.27807e-18
2.27688e-20
1.58316e-22
0.107767
0.108373
0.108968
0.109508
0.109182
0.108931
0.108876
0.108892
0.108845
0.10861
0.108414
0.107953
0.106955
0.104777
0.100026
0.0908793
0.0786818
0.0649033
0.0508158
0.037418
0.0255951
0.0157778
0.00815979
0.00265814
0.000175826
3.35838e-06
3.52069e-07
6.7633e-08
1.34271e-08
2.45845e-09
3.99465e-10
5.52302e-11
6.23069e-12
5.55023e-13
3.82012e-14
2.0055e-15
7.96767e-17
2.34578e-18
4.39569e-20
3.2164e-22
0.108312
0.10887
0.109411
0.10989
0.109574
0.109317
0.10921
0.109147
0.109009
0.108719
0.108488
0.107976
0.106946
0.104798
0.100245
0.091539
0.0798166
0.0664211
0.0525713
0.0392382
0.0273135
0.0172868
0.00938868
0.00356153
0.000384672
6.50645e-06
5.17364e-07
9.24805e-08
1.80921e-08
3.29292e-09
5.36414e-10
7.53209e-11
8.74197e-12
8.09303e-13
5.82951e-14
3.21715e-15
1.34695e-16
4.17855e-18
8.21747e-20
6.31172e-22
0.108821
0.109334
0.109821
0.110237
0.109934
0.109674
0.109518
0.109382
0.109154
0.108812
0.108546
0.107982
0.106912
0.104776
0.100383
0.0920888
0.0808375
0.0678369
0.0542451
0.0410151
0.029007
0.0187926
0.010628
0.00451561
0.000724455
1.39785e-05
7.81886e-07
1.27253e-07
2.44491e-08
4.4203e-09
7.19678e-10
1.02128e-10
1.21331e-11
1.16221e-12
8.72886e-14
5.0482e-15
2.22117e-16
7.24206e-18
1.4915e-19
1.19969e-21
0.109294
0.109763
0.110196
0.110547
0.110259
0.109998
0.109797
0.109592
0.109279
0.108884
0.108585
0.107966
0.106851
0.104711
0.100436
0.0925289
0.0817413
0.0691468
0.0558355
0.0427392
0.0306749
0.0202942
0.0118823
0.00550185
0.00121236
3.33599e-05
1.23344e-06
1.76118e-07
3.3125e-08
5.94742e-09
9.6584e-10
1.37943e-10
1.66939e-11
1.64725e-12
1.2852e-13
7.76485e-15
3.58067e-16
1.22399e-17
2.63452e-19
2.21436e-21
0.109733
0.110157
0.110533
0.110815
0.110545
0.110286
0.110042
0.109771
0.109377
0.108933
0.108602
0.107925
0.106759
0.104598
0.100407
0.0928576
0.0825264
0.0703474
0.0573352
0.0444022
0.0323135
0.0217891
0.013152
0.00651332
0.00182709
8.19591e-05
2.05621e-06
2.46122e-07
4.49545e-08
8.01931e-09
1.2976e-09
1.85898e-10
2.2815e-11
2.30893e-12
1.86437e-13
1.17304e-14
5.6541e-16
2.02151e-17
4.53827e-19
3.97818e-21
0.110137
0.110515
0.110831
0.111036
0.110789
0.110535
0.110249
0.10991
0.109437
0.108954
0.108593
0.107859
0.106634
0.104439
0.100299
0.093077
0.0831905
0.0714354
0.0587418
0.0459899
0.0339204
0.0232737
0.0144304
0.00754335
0.0025328
0.000186357
3.60794e-06
3.49512e-07
6.11134e-08
1.08303e-08
1.74585e-09
2.50276e-10
3.10256e-11
3.20665e-12
2.6696e-13
1.7437e-14
8.76143e-16
3.26861e-17
7.63884e-19
6.97051e-21
0.110504
0.110835
0.111084
0.1112
0.110983
0.110739
0.110412
0.110006
0.109446
0.108926
0.108555
0.107764
0.106476
0.104233
0.100113
0.0931898
0.0837336
0.0724069
0.0600516
0.0475057
0.0354987
0.0247455
0.0157134
0.00858384
0.00329919
0.000373953
6.68054e-06
5.05969e-07
8.33136e-08
1.46417e-08
2.35243e-09
3.36925e-10
4.2045e-11
4.42016e-12
3.77983e-13
2.55479e-14
1.33455e-15
5.18318e-17
1.25859e-18
1.19342e-20
0.110834
0.11111
0.111285
0.111297
0.111118
0.110889
0.110524
0.11005
0.109402
0.108837
0.108459
0.107634
0.106281
0.103979
0.0998535
0.093199
0.0841565
0.0732598
0.0612588
0.0489459
0.0370345
0.026203
0.0169988
0.00963671
0.00410681
0.00066667
1.34929e-05
7.49088e-07
1.13922e-07
1.98098e-08
3.17377e-09
4.53808e-10
5.68533e-11
6.057e-12
5.30058e-13
3.69542e-14
2.00145e-15
8.07363e-17
2.03309e-18
1.99989e-20
0.11112
0.111335
0.111421
0.111307
0.111181
0.110976
0.110573
0.110029
0.109296
0.108686
0.108291
0.107424
0.106045
0.103679
0.0995266
0.0931108
0.0844619
0.0739932
0.0623598
0.0503014
0.038519
0.0276403
0.0182851
0.0107048
0.00494291
0.00107587
2.99052e-05
1.14881e-06
1.56241e-07
2.68113e-08
4.28603e-09
6.11734e-10
7.67855e-11
8.26275e-12
7.37338e-13
5.28522e-14
2.9597e-15
1.23717e-16
3.22481e-18
3.28526e-20
0.111357
0.1115
0.111479
0.111199
0.111151
0.110982
0.110544
0.109932
0.109103
0.108465
0.108057
0.107126
0.105693
0.103328
0.0991355
0.0929302
0.0846539
0.0746071
0.0633522
0.0515689
0.0399342
0.0290513
0.0195684
0.0117888
0.00580242
0.00158744
6.83795e-05
1.84481e-06
2.15681e-07
3.62759e-08
5.79124e-09
8.25344e-10
1.03659e-10
1.12349e-11
1.01887e-12
7.48485e-14
4.32178e-15
1.86761e-16
5.02954e-18
5.29793e-20
0.111536
0.111591
0.11143
0.110928
0.110994
0.110885
0.110415
0.109732
0.108816
0.108135
0.107744
0.106753
0.105227
0.102794
0.0986795
0.0926642
0.0847373
0.0751041
0.0642341
0.0527452
0.0412829
0.0304394
0.020844
0.0128828
0.00668101
0.0021765
0.00014786
3.0902e-06
3.01247e-07
4.90784e-08
7.82495e-09
1.11438e-09
1.39944e-10
1.52419e-11
1.40038e-12
1.05103e-13
6.23994e-15
2.78107e-16
7.72318e-18
8.39826e-20
0.111643
0.111583
0.111233
0.110395
0.11066
0.110647
0.110158
0.109404
0.10839
0.1077
0.107305
0.106289
0.104679
0.102112
0.0980994
0.0923143
0.0847178
0.0754855
0.0650047
0.0538267
0.042562
0.0317907
0.0221096
0.013982
0.00756995
0.00281953
0.0002892
5.39088e-06
4.26911e-07
6.64607e-08
1.05683e-08
1.50534e-09
1.88989e-10
2.06488e-11
1.91667e-12
1.46522e-13
8.91975e-15
4.09025e-16
1.16908e-17
1.31024e-19
0.111655
0.111438
0.1108
0.10938
0.110041
0.110208
0.10972
0.108909
0.107793
0.10709
0.106752
0.105661
0.104023
0.101349
0.0974029
0.0918582
0.0845981
0.0757566
0.0656646
0.0548104
0.0437654
0.0330963
0.0233593
0.0150834
0.00846935
0.00350147
0.000509387
1.00376e-05
6.1518e-07
9.01136e-08
1.42654e-08
2.03372e-09
2.55322e-10
2.79516e-11
2.61496e-12
2.03028e-13
1.26384e-14
5.94861e-16
1.74649e-17
2.01414e-19
0.111535
0.111076
0.109938
0.107561
0.108899
0.109448
0.109026
0.108168
0.106982
0.106277
0.105994
0.104911
0.103142
0.100502
0.0966234
0.0912961
0.0843717
0.0759194
0.0662152
0.0556948
0.0448882
0.0343449
0.0245868
0.0161842
0.00938028
0.00421023
0.000823085
2.03045e-05
9.09564e-07
1.22328e-07
1.92398e-08
2.74703e-09
3.45044e-10
3.78234e-11
3.55935e-12
2.79926e-13
1.777e-14
8.56431e-16
2.57777e-17
3.05407e-19
0.111208
0.110319
0.108234
0.105232
0.107013
0.108105
0.107919
0.107091
0.10583
0.105212
0.105008
0.103894
0.102149
0.0995141
0.0957659
0.0906471
0.0840417
0.0759717
0.066657
0.0564793
0.0459281
0.0355304
0.0257904
0.0172806
0.0103044
0.00493981
0.0012255
4.35817e-05
1.39467e-06
1.66607e-07
2.59184e-08
3.70847e-09
4.66367e-10
5.11761e-11
4.83692e-12
3.84401e-13
2.48198e-14
1.22192e-15
3.76292e-17
4.57253e-19
0.110502
0.108719
0.105938
0.102622
0.104668
0.106123
0.106232
0.105549
0.104354
0.10387
0.103775
0.102699
0.100984
0.0984326
0.0948081
0.0899162
0.0836172
0.0759185
0.0669902
0.057163
0.0468832
0.0366526
0.0269645
0.0183686
0.0112374
0.00568732
0.0017007
9.20992e-05
2.22338e-06
2.28579e-07
3.48767e-08
5.00217e-09
6.30271e-10
6.92424e-11
6.56573e-12
5.26195e-13
3.44708e-14
1.72942e-15
5.43797e-17
6.76618e-19
0.108959
0.106453
0.103322
0.0998769
0.102066
0.103753
0.104118
0.10364
0.10259
0.10228
0.102322
0.101327
0.0996866
0.097234
0.093768
0.0890996
0.083105
0.0757659
0.0672179
0.0577448
0.0477509
0.0377088
0.0280997
0.0194436
0.0121742
0.0064462
0.00222823
0.00018148
3.65833e-06
3.17e-07
4.69159e-08
6.73945e-09
8.51523e-10
9.3681e-11
8.90585e-12
7.18505e-13
4.76469e-14
2.43039e-15
7.78727e-17
9.90446e-19
0.106712
0.103836
0.100551
0.0970893
0.0993418
0.101166
0.101733
0.101459
0.100594
0.100471
0.100671
0.0997933
0.0982615
0.0959334
0.0926378
0.0882032
0.082506
0.0755194
0.0673452
0.0582266
0.0485286
0.038694
0.0291894
0.0205
0.0131106
0.00721236
0.00279475
0.000325941
6.26509e-06
4.44974e-07
6.3137e-08
9.06896e-09
1.14973e-09
1.26739e-10
1.20738e-11
9.79247e-13
6.5599e-14
3.39434e-15
1.106e-16
1.4355e-18
0.104095
0.101049
0.0977307
0.0943192
0.0965813
0.0984764
0.099194
0.0991009
0.0984259
0.0984821
0.0988434
0.0981137
0.0967177
0.0945378
0.0914255
0.0872274
0.0818263
0.0751834
0.0673761
0.0586112
0.0492164
0.0396044
0.0302253
0.0215326
0.014043
0.0079854
0.00338905
0.000539505
1.14161e-05
6.34721e-07
8.49996e-08
1.2189e-08
1.55105e-09
1.71417e-10
1.63641e-11
1.33265e-12
9.00218e-14
4.71518e-15
1.55925e-16
2.06165e-18
0.1013
0.0982044
0.0949235
0.0916025
0.0938406
0.0957605
0.0965858
0.0966444
0.0961445
0.0963591
0.0968711
0.0963028
0.0950654
0.0930519
0.0901354
0.0861774
0.0810681
0.0747621
0.0673147
0.0589017
0.0498155
0.0404386
0.0312017
0.0225386
0.014968
0.00876539
0.00400289
0.000828465
2.24012e-05
9.2822e-07
1.14529e-07
1.63602e-08
2.09035e-09
2.31743e-10
2.21724e-11
1.81183e-12
1.23206e-13
6.51974e-15
2.18378e-16
2.93634e-18
0.0984445
0.0953707
0.0921691
0.0889603
0.0911537
0.093067
0.0939668
0.0941492
0.0938038
0.0941505
0.0947901
0.0943828
0.0933147
0.0914834
0.0887719
0.0850574
0.0802365
0.0742597
0.0671652
0.0591011
0.0503274
0.0411968
0.0321186
0.0235139
0.0158822
0.00955178
0.00463183
0.00118667
4.56575e-05
1.40368e-06
1.54815e-07
2.19257e-08
2.8138e-09
3.13105e-10
3.00323e-11
2.46134e-12
1.68278e-13
8.97899e-15
3.0406e-16
4.15054e-18
0.0955978
0.0925891
0.0894907
0.086405
0.0885403
0.0904281
0.0913768
0.0916577
0.0914441
0.0918981
0.0926399
0.0923816
0.0914833
0.0898397
0.0873391
0.0838698
0.0793346
0.0736801
0.0669316
0.0592127
0.0507536
0.0418786
0.0329749
0.0244513
0.0167815
0.0103403
0.00527311
0.00160051
9.09311e-05
2.19063e-06
2.10666e-07
2.93514e-08
3.78238e-09
4.22692e-10
4.06619e-11
3.34159e-12
2.29454e-13
1.23257e-14
4.2116e-16
5.82662e-18
0.0928033
0.0898839
0.0869012
0.0839433
0.0860129
0.0878612
0.0888405
0.0891985
0.0890981
0.0896356
0.0904558
0.0903294
0.08959
0.0881319
0.0858453
0.0826215
0.0783671
0.0730288
0.0666182
0.0592397
0.0510963
0.0424846
0.0337692
0.0253458
0.0176611
0.0111265
0.00592064
0.00205516
0.00016986
3.50551e-06
2.89191e-07
3.92786e-08
5.07722e-09
5.70074e-10
5.50246e-11
4.53413e-12
3.12453e-13
1.6873e-14
5.80774e-16
8.12835e-18
0.0900848
0.0872689
0.0844069
0.0815776
0.0835773
0.085378
0.0863738
0.0867922
0.0867864
0.0873882
0.0882664
0.0882535
0.0876588
0.086377
0.0842986
0.081316
0.0773383
0.0723086
0.0662294
0.0591861
0.0513577
0.0430149
0.0345002
0.0261943
0.0185166
0.0119062
0.00657094
0.00254053
0.000292976
5.7942e-06
4.00847e-07
5.25699e-08
6.80635e-09
7.67993e-10
7.44114e-11
6.14897e-12
4.25013e-13
2.30446e-14
7.97763e-16
1.12774e-17
0.0874573
0.0847511
0.08201
0.079307
0.0812356
0.0829843
0.0839852
0.0844511
0.0845237
0.085175
0.086094
0.086177
0.0857115
0.0845919
0.082711
0.0799627
0.0762544
0.0715255
0.0657695
0.0590554
0.0515404
0.0434705
0.0351661
0.0269937
0.0193443
0.0126763
0.00722287
0.00304732
0.000471419
1.0073e-05
5.62933e-07
7.03584e-08
9.11312e-09
1.03341e-09
1.0055e-10
8.33424e-12
5.77597e-13
3.14136e-14
1.09213e-15
1.55688e-17
0.0849273
0.0823325
0.0797109
0.0771292
0.0789877
0.0806812
0.0816806
0.0821824
0.0823202
0.0830085
0.0839544
0.0841177
0.0837654
0.0827943
0.0810978
0.0785712
0.0751218
0.0706842
0.065243
0.0588518
0.0516474
0.0438531
0.0357671
0.0277393
0.020141
0.0134338
0.00787611
0.00356836
0.000710182
1.86799e-05
8.06807e-07
9.4198e-08
1.21852e-08
1.38887e-09
1.35749e-10
1.1289e-11
7.84336e-13
4.27538e-14
1.49081e-15
2.13989e-17
0.0824976
0.0800133
0.0775077
0.0750429
0.0768308
0.078469
0.0794609
0.07999
0.0801829
0.080897
0.0818591
0.0820897
0.0818369
0.0809995
0.0794728
0.0771535
0.073949
0.0697915
0.0646552
0.0585795
0.0516823
0.0441645
0.0363036
0.0284318
0.0209064
0.0141758
0.00853
0.00409968
0.00100532
3.60707e-05
1.18932e-06
1.26385e-07
1.62694e-08
1.86418e-09
1.83089e-10
1.52806e-11
1.06428e-12
5.81099e-14
2.03001e-15
2.92978e-17
0.0801675
0.0777901
0.0753969
0.0730431
0.0747633
0.0763455
0.0773261
0.0778747
0.078113
0.0788456
0.0798154
0.0801018
0.0799356
0.0792181
0.0778473
0.0757209
0.0727473
0.0688552
0.0640121
0.0582433
0.0516483
0.0444074
0.0367768
0.0290714
0.0216358
0.0148997
0.00918129
0.00463871
0.00134687
6.901e-05
1.80215e-06
1.7039e-07
2.16979e-08
2.4987e-09
2.46675e-10
2.06675e-11
1.4431e-12
7.8891e-14
2.75846e-15
3.99757e-17
0.0779351
0.0756614
0.0733743
0.0711263
0.072781
0.0743086
0.0752747
0.0758376
0.0761133
0.0768571
0.0778292
0.078161
0.0780702
0.0774605
0.0762314
0.074284
0.071526
0.0678845
0.063321
0.0578486
0.0515498
0.0445844
0.0371881
0.0296579
0.0223264
0.0156025
0.00982626
0.00518124
0.00172297
0.000125836
2.78752e-06
2.3123e-07
2.89229e-08
3.34463e-09
3.3196e-10
2.79293e-11
1.95532e-12
1.06997e-13
3.74159e-15
5.43826e-17
0.0757975
0.0736233
0.0714374
0.0692892
0.0708806
0.0723547
0.0733041
0.0738771
0.074184
0.0749338
0.075902
0.0762717
0.0762458
0.0757329
0.0746333
0.072851
0.070294
0.0668883
0.0625899
0.0574021
0.0513914
0.0446986
0.0375391
0.0301918
0.0229763
0.0162813
0.0104619
0.00572293
0.00212511
0.000214621
4.40408e-06
3.16009e-07
3.85502e-08
4.47148e-09
4.46196e-10
3.77073e-11
2.64731e-12
1.44982e-13
5.06735e-15
7.37895e-17
0.0737512
0.0716709
0.0695813
0.067528
0.0690587
0.0704808
0.071412
0.0719911
0.0723232
0.0730757
0.0740358
0.0744365
0.0744674
0.0740398
0.0730586
0.0714287
0.0690591
0.0658744
0.0618266
0.0569105
0.0511788
0.0447539
0.0378319
0.0306736
0.0235846
0.0169337
0.0110854
0.00626231
0.00254567
0.000343413
7.19378e-06
4.35608e-07
5.137e-08
5.97125e-09
5.99028e-10
5.08574e-11
3.58129e-12
1.96284e-13
6.85373e-15
9.98965e-17
0.0717911
0.0698008
0.0678026
0.0658385
0.0673114
0.0686831
0.0695949
0.0701771
0.0705299
0.0712811
0.0722303
0.0726563
0.072736
0.072385
0.0715119
0.0700224
0.0678272
0.0648498
0.0610386
0.0563811
0.0509178
0.0447549
0.0380695
0.0311044
0.0241507
0.0175581
0.0116951
0.0067988
0.00297782
0.000518776
1.23474e-05
6.08596e-07
6.84279e-08
7.96465e-09
8.03267e-10
6.85216e-11
4.84056e-12
2.65514e-13
9.25906e-15
1.34975e-16
0.069914
0.0680091
0.0660968
0.0642174
0.0656348
0.0669583
0.0678499
0.0684326
0.0688023
0.0695496
0.0704856
0.0709314
0.0710535
0.0707711
0.0699957
0.068636
0.0666031
0.06382
0.0602321
0.0558201
0.0506143
0.0447061
0.0382549
0.0314858
0.0246748
0.018153
0.0122892
0.00733244
0.00341714
0.000740551
2.22652e-05
8.67749e-07
9.12007e-08
1.06092e-08
1.07586e-09
9.22223e-11
6.53666e-12
3.58861e-13
1.24952e-14
1.82059e-16
0.0681158
0.0662915
0.0644606
0.0626612
0.0640257
0.0653025
0.066174
0.0667549
0.0671379
0.0678792
0.0688004
0.069262
0.0694205
0.0691991
0.0685128
0.0672724
0.0653906
0.0627896
0.0594122
0.0552335
0.0502743
0.0446127
0.0383921
0.0318199
0.0251572
0.0187174
0.0128659
0.00786173
0.0038612
0.00100347
4.08755e-05
1.26761e-06
1.21844e-07
1.41138e-08
1.43913e-09
1.23984e-10
8.81864e-12
4.84608e-13
1.68459e-14
2.45196e-16
0.066392
0.0646441
0.0628904
0.0611666
0.0624806
0.0637125
0.0645635
0.0651415
0.0655346
0.0662682
0.0671732
0.0676469
0.0678368
0.0676697
0.0670642
0.0659338
0.0641924
0.0617623
0.0585835
0.0546263
0.0499029
0.0444796
0.0384846
0.0321093
0.0255994
0.0192508
0.0134235
0.00838421
0.00430799
0.00129849
7.35319e-05
1.88931e-06
1.63466e-07
1.87596e-08
1.9226e-09
1.66495e-10
1.18855e-11
6.53841e-13
2.26905e-14
3.29793e-16
0.0647391
0.0630637
0.061383
0.0597306
0.0609962
0.0621852
0.0630156
0.063589
0.0639904
0.0647147
0.0656024
0.0660852
0.066302
0.0661834
0.0656512
0.0646218
0.063011
0.0607408
0.0577494
0.0540026
0.0495047
0.0443112
0.0385364
0.0323567
0.0260028
0.019753
0.0139609
0.00889764
0.00475369
0.00161786
0.000126161
2.85671e-06
2.20347e-07
2.49238e-08
2.56535e-09
2.23322e-10
1.60026e-11
8.81372e-13
3.05355e-14
4.43059e-16
0.0631536
0.0615467
0.0599349
0.0583503
0.0595699
0.0607175
0.0615273
0.062095
0.0625022
0.0632166
0.0640862
0.0645755
0.0648153
0.0647397
0.064274
0.0633375
0.0618479
0.0597276
0.0569131
0.0533658
0.0490834
0.0441113
0.0385513
0.0325648
0.0263687
0.0202247
0.014477
0.00940013
0.00519577
0.00195541
0.000204386
4.38814e-06
2.98443e-07
3.31007e-08
3.41919e-09
2.99194e-10
2.1523e-11
1.18698e-12
4.10568e-14
5.94598e-16
0.0616317
0.0600898
0.0585434
0.0570227
0.0581982
0.0593065
0.0600958
0.0606569
0.061068
0.0617715
0.062623
0.0631162
0.0633756
0.0633383
0.0629329
0.0620818
0.0607047
0.0587247
0.0560769
0.0527191
0.0486427
0.0438837
0.0385324
0.0327364
0.0266987
0.020667
0.0149717
0.00989056
0.00563336
0.00230511
0.000314405
6.91724e-06
4.06714e-07
4.3928e-08
4.55232e-09
4.00384e-10
2.89164e-11
1.597e-12
5.5155e-14
7.97193e-16
0.0601704
0.0586901
0.0572055
0.0557452
0.0568789
0.0579493
0.0587185
0.0592722
0.0596857
0.0603774
0.0612104
0.061706
0.0619818
0.0619785
0.0616278
0.0608551
0.0595822
0.0577334
0.0552428
0.0520649
0.0481853
0.0436317
0.038483
0.0328744
0.0269952
0.0210807
0.0154446
0.0103681
0.00606632
0.00266203
0.000460252
1.135e-05
5.60025e-07
5.82411e-08
6.05349e-09
5.35189e-10
3.88073e-11
2.14654e-12
7.40294e-14
1.06786e-15
0.0587664
0.0573444
0.0559182
0.0545153
0.0556092
0.0566433
0.0573928
0.0579384
0.0583529
0.0590324
0.0598467
0.060343
0.0606328
0.0606594
0.0603583
0.0596576
0.0584814
0.0567552
0.0544126
0.0514054
0.0477138
0.0433577
0.0384058
0.0329811
0.0272603
0.0214665
0.0158961
0.0108323
0.00649512
0.00302296
0.000641658
1.93855e-05
7.83695e-07
7.72075e-08
8.03779e-09
7.14534e-10
5.20243e-11
2.88227e-12
9.92739e-14
1.4292e-15
0.0574168
0.0560501
0.0546792
0.0533304
0.0543864
0.0553859
0.0561162
0.0566532
0.0570676
0.0577346
0.0585299
0.0590256
0.0593269
0.0593804
0.0591241
0.0584893
0.0574029
0.0557911
0.0535878
0.0507422
0.0472303
0.0430642
0.0383033
0.033059
0.0274957
0.0218251
0.016326
0.0112827
0.00691889
0.00338626
0.000854903
3.37078e-05
1.11827e-06
1.0248e-07
1.06579e-08
9.52721e-10
6.96644e-11
3.86621e-12
1.33007e-13
1.91121e-15
0.0561189
0.0548043
0.0534859
0.0521882
0.0532082
0.0541748
0.0548861
0.0554144
0.0558276
0.0564818
0.0572584
0.057752
0.0580629
0.0581401
0.0579245
0.0573503
0.0563467
0.0548419
0.0527696
0.0500773
0.0467367
0.0427534
0.0381776
0.0331099
0.0277031
0.0221576
0.0167347
0.0117188
0.00733646
0.00375063
0.00109351
5.79363e-05
1.62238e-06
1.36377e-07
1.4116e-08
1.26866e-09
9.31745e-11
5.18063e-12
1.78039e-13
2.55372e-15
0.0548697
0.0536047
0.0523358
0.0510863
0.0520723
0.0530075
0.0537005
0.0542199
0.0546312
0.0552722
0.0560304
0.056521
0.0568394
0.0569374
0.0567588
0.0562402
0.0553133
0.0539083
0.0519591
0.049412
0.0462348
0.0424271
0.0380305
0.0331357
0.027884
0.022465
0.0171225
0.0121402
0.00774659
0.00411379
0.00135184
9.61475e-05
2.37994e-06
1.8201e-07
1.86812e-08
1.6872e-09
1.24475e-10
6.93414e-12
2.38096e-13
3.40951e-15
0.053667
0.0524487
0.0512265
0.0500224
0.0509763
0.0518818
0.0525572
0.0530675
0.0534761
0.0541042
0.0548439
0.0553308
0.0556552
0.0557715
0.0556262
0.0551586
0.054303
0.0529909
0.0511575
0.0487476
0.045726
0.0420869
0.0378639
0.0331378
0.0280395
0.0227479
0.0174896
0.0125466
0.00814837
0.00447351
0.00162515
0.000152394
3.52378e-06
2.43529e-07
2.47031e-08
2.24108e-09
1.6609e-10
9.27158e-12
3.18091e-13
4.54841e-15
0.052508
0.051334
0.0501557
0.0489944
0.049918
0.0507954
0.0514539
0.0519551
0.0523607
0.0529758
0.0536975
0.0541798
0.0545087
0.054641
0.0545259
0.0541052
0.0533153
0.0520903
0.0503653
0.0480853
0.0452119
0.0417345
0.0376793
0.0331178
0.0281707
0.0230065
0.0178367
0.012938
0.00854101
0.00482908
0.00190907
0.000230904
5.29337e-06
3.26794e-07
3.26283e-08
2.9731e-09
2.21354e-10
1.23832e-11
4.24578e-13
6.06249e-15
0.0513904
0.050258
0.0491211
0.0479998
0.0488952
0.0497463
0.0503886
0.050881
0.051283
0.0518853
0.0525892
0.0530664
0.0533987
0.0535451
0.0534571
0.0530793
0.0523506
0.0512065
0.0495836
0.047426
0.0446937
0.0413712
0.0374781
0.0330772
0.0282789
0.0232417
0.0181648
0.0133144
0.00892425
0.00518048
0.00219943
0.000335709
8.15349e-06
4.40827e-07
4.30277e-08
3.93874e-09
2.94641e-10
1.65206e-11
5.66157e-13
8.07455e-15
0.0503119
0.0492186
0.0481203
0.0470364
0.0479056
0.0487321
0.0493593
0.0498431
0.0502415
0.050831
0.0515177
0.0519893
0.0523239
0.0524827
0.0524192
0.0520808
0.0514084
0.0503398
0.0488126
0.0467711
0.0441727
0.0409985
0.0372618
0.0330172
0.0283655
0.0234548
0.0184745
0.0136759
0.00929787
0.00552817
0.00249346
0.000468025
1.29876e-05
6.0037e-07
5.66608e-08
5.2094e-09
3.9168e-10
2.20148e-11
7.54192e-13
1.07455e-14
0.0492699
0.0482132
0.0471511
0.0461018
0.0469469
0.0477507
0.0483639
0.0488396
0.0492341
0.0498114
0.0504812
0.0509469
0.0512829
0.0514524
0.0514112
0.0511088
0.0504888
0.0494905
0.048053
0.0461208
0.0436499
0.0406175
0.0370317
0.0329392
0.0284315
0.023647
0.0187654
0.0140227
0.00966166
0.00587208
0.00278954
0.000626589
2.12532e-05
8.29323e-07
7.45746e-08
6.87739e-09
5.19939e-10
2.93017e-11
1.00364e-12
1.4288e-14
0.0482623
0.0472397
0.046211
0.0451937
0.0460168
0.0468
0.0474004
0.0478685
0.0482593
0.0488246
0.0494784
0.0499378
0.0502746
0.0504533
0.0504322
0.0501629
0.0495912
0.0486585
0.0473053
0.0454762
0.0431262
0.0402297
0.0367891
0.0328442
0.0284778
0.0238188
0.0190378
0.0143547
0.0100154
0.00621166
0.00308678
0.00080777
3.50518e-05
1.16322e-06
9.82255e-08
9.06339e-09
6.89122e-10
3.89519e-11
1.33421e-12
1.89822e-14
0.0472865
0.0462953
0.0452975
0.0443096
0.045113
0.0458776
0.0464667
0.046928
0.0473153
0.0478692
0.0485074
0.0489607
0.0492974
0.0494843
0.0494814
0.0492424
0.0487155
0.0478439
0.0465698
0.044838
0.0426028
0.0398359
0.0365351
0.0327334
0.0285054
0.023971
0.0192918
0.0146719
0.0103588
0.00654623
0.00338419
0.00100742
5.69862e-05
1.65122e-06
1.29572e-07
1.19268e-08
9.11804e-10
5.17118e-11
1.77175e-12
2.51966e-14
0.0463401
0.045378
0.0444082
0.043447
0.0442331
0.0449813
0.0455607
0.0460161
0.0464003
0.0469434
0.0475667
0.048014
0.0483504
0.0485442
0.0485577
0.0483468
0.0478612
0.0470468
0.0458467
0.0442066
0.0420804
0.0394372
0.0362709
0.032608
0.0285154
0.024104
0.0195271
0.0149744
0.0106917
0.0068751
0.00368
0.0012217
8.99381e-05
2.36122e-06
1.71153e-07
1.56757e-08
1.20445e-09
6.85544e-11
2.35013e-12
3.34156e-14
0.0454208
0.044485
0.0435406
0.0426034
0.0433746
0.0441088
0.0446801
0.0451308
0.0455126
0.0460456
0.046655
0.0470963
0.047432
0.047632
0.0476604
0.0474752
0.0470281
0.0462668
0.0451363
0.0435827
0.0415598
0.0390347
0.0359974
0.0324689
0.0285087
0.0242188
0.0197438
0.0152628
0.0110138
0.0071976
0.0039729
0.0014472
0.000136762
3.39713e-06
2.26271e-07
2.05763e-08
1.58851e-09
9.07492e-11
3.11364e-12
4.42748e-14
0.0445258
0.0436138
0.0426923
0.0417764
0.042535
0.0432578
0.0438229
0.0442702
0.0446502
0.0451741
0.0457704
0.0462061
0.046541
0.0467466
0.0467886
0.0466269
0.0462157
0.045504
0.0444386
0.0429667
0.0410416
0.0386292
0.0357158
0.0323173
0.0284861
0.0243161
0.0199432
0.0155376
0.0113252
0.00751329
0.00426246
0.00168064
0.000200679
4.93571e-06
2.99461e-07
2.69635e-08
2.09172e-09
1.1995e-10
4.12013e-12
5.86068e-14
0.0436528
0.042762
0.0418606
0.0409635
0.0417121
0.0424256
0.0429868
0.0434321
0.0438113
0.0443272
0.0449115
0.0453421
0.0456762
0.0458868
0.0459413
0.0458015
0.0454234
0.0447581
0.0437538
0.042359
0.0405267
0.0382215
0.035427
0.0321541
0.0284487
0.0243969
0.0201259
0.0157981
0.0116258
0.00782199
0.00454869
0.00191899
0.000284492
7.30328e-06
3.97463e-07
3.52599e-08
2.74955e-09
1.58308e-10
5.44502e-12
7.75005e-14
0.0427992
0.0419269
0.0410431
0.0401623
0.0409032
0.0416101
0.0421695
0.0426144
0.0429939
0.0435029
0.0440765
0.0445027
0.0448362
0.0450514
0.0451175
0.044998
0.0446508
0.0440289
0.0430821
0.0417597
0.0400154
0.0378124
0.0351319
0.0319803
0.0283972
0.0244616
0.0202924
0.0160442
0.0119156
0.00812358
0.00483198
0.00216019
0.00038927
1.10844e-05
5.30964e-07
4.60139e-08
3.60712e-09
2.08602e-10
7.18649e-12
1.02379e-13
0.0419625
0.041106
0.0402374
0.0393707
0.040106
0.0408089
0.0413688
0.041815
0.0421961
0.0426995
0.0432637
0.0436863
0.0440196
0.0442393
0.0443163
0.0442158
0.0438974
0.0433161
0.0424233
0.0411693
0.0395083
0.0374028
0.0348314
0.0317967
0.0283327
0.024511
0.0204431
0.016276
0.0121941
0.00841771
0.00511227
0.00240306
0.000514465
1.72194e-05
7.16809e-07
5.99704e-08
4.72204e-09
2.74413e-10
9.47203e-12
1.351e-13
0.0411399
0.0402971
0.0394413
0.0385869
0.0393186
0.0400196
0.0405822
0.0410317
0.0414158
0.041915
0.0424712
0.0428912
0.0432249
0.0434493
0.0435367
0.0434539
0.0431626
0.0426194
0.0417772
0.040588
0.0390059
0.0369931
0.0345263
0.0316043
0.0282559
0.0245459
0.0205783
0.0164931
0.0124616
0.0087043
0.00538922
0.00264686
0.000657805
2.70633e-05
9.79916e-07
7.81479e-08
6.16879e-09
3.60336e-10
1.24668e-11
1.78076e-13
0.0403293
0.0394978
0.0386529
0.0378091
0.0385388
0.0392402
0.0398077
0.0402624
0.040651
0.0411475
0.0416973
0.0421159
0.0424508
0.04268
0.0427775
0.0427116
0.0424457
0.0419384
0.041144
0.0400157
0.0385086
0.0365841
0.0342172
0.0314038
0.0281676
0.0245671
0.0206987
0.0166952
0.0127184
0.00898313
0.00566235
0.00289096
0.000816547
4.23251e-05
1.35469e-06
1.01909e-07
8.04453e-09
4.7229e-10
1.63839e-11
2.34453e-13
0.0395284
0.0387062
0.0378706
0.0370362
0.0377651
0.0384686
0.0390433
0.0395049
0.0398996
0.040395
0.04094
0.0413586
0.0416955
0.0419302
0.0420377
0.041988
0.0417462
0.0412726
0.0405234
0.0394528
0.0380166
0.0361762
0.0339051
0.0311962
0.0280687
0.0245751
0.0208048
0.0168832
0.0129647
0.00925411
0.00593124
0.00313435
0.000987963
6.497e-05
1.88673e-06
1.33001e-07
1.04759e-08
6.17892e-10
2.14982e-11
3.08301e-13
0.0387353
0.0379207
0.0370932
0.0362683
0.0369965
0.0377035
0.0382869
0.0387573
0.0391596
0.0396556
0.0401976
0.0406174
0.0409576
0.0411984
0.041316
0.0412821
0.0410634
0.0406218
0.0399151
0.0388992
0.0375303
0.0357699
0.0335905
0.0309821
0.0279599
0.0245707
0.0208973
0.0170579
0.0131999
0.00951707
0.00619536
0.00337567
0.0011694
9.70685e-05
2.63962e-06
1.73625e-07
1.36248e-08
8.06983e-10
2.81637e-11
4.04894e-13
0.0379482
0.0371401
0.0363208
0.035508
0.0362327
0.0369435
0.0375371
0.0380178
0.0384291
0.0389271
0.0394679
0.0398907
0.0402354
0.0404831
0.0406112
0.0405929
0.0403964
0.0399852
0.039319
0.0383547
0.0370498
0.0353657
0.0332739
0.0307622
0.027842
0.0245546
0.0209767
0.0172194
0.013424
0.00977181
0.00645439
0.0036144
0.00135849
0.000140695
3.71079e-06
2.26622e-07
1.76944e-08
1.0522e-09
3.68366e-11
5.31046e-13
0.0371661
0.0363645
0.035556
0.0347662
0.0354766
0.0361887
0.0367928
0.0372848
0.0377065
0.038208
0.0387491
0.0391766
0.0395271
0.0397828
0.0399221
0.0399193
0.0397444
0.0393624
0.0387346
0.0378194
0.0365753
0.0349639
0.032956
0.0305372
0.0277156
0.0245276
0.0210435
0.0173684
0.0136368
0.0100182
0.00670799
0.0038504
0.00155262
0.0001984
5.26169e-06
2.95902e-07
2.2939e-08
1.3697e-09
4.81035e-11
6.9555e-13
0.0363889
0.0355966
0.0348099
0.0340784
0.034739
0.0354416
0.0360537
0.0365573
0.0369901
0.0374965
0.0380396
0.0384731
0.0388311
0.0390961
0.0392472
0.0392603
0.0391065
0.0387527
0.0381616
0.0372933
0.036107
0.0345649
0.0326371
0.0303078
0.0275814
0.0244901
0.0210984
0.0175047
0.0138383
0.0102561
0.00695605
0.00408377
0.00174987
0.000271688
7.58094e-06
3.87217e-07
2.9676e-08
1.78005e-09
6.27171e-11
9.09753e-13
0.0356196
0.0348474
0.0341179
0.0335586
0.0340551
0.0347128
0.0353225
0.0358351
0.0362791
0.0367912
0.0373375
0.0377787
0.0381457
0.0384211
0.0385852
0.0386145
0.0384818
0.0381553
0.0375996
0.036776
0.0356447
0.0341689
0.0323179
0.0300744
0.0274402
0.024443
0.0211418
0.017629
0.0140277
0.0104854
0.0071984
0.00431471
0.00194895
0.000361038
1.11388e-05
5.09547e-07
3.83079e-08
2.30905e-09
8.16413e-11
1.18824e-12
0.0348688
0.0341527
0.0335951
0.0335382
0.0340372
0.0346093
0.0351207
0.0355733
0.036091
0.0366416
0.0370919
0.0374692
0.0377565
0.0379346
0.0379809
0.0378693
0.0375697
0.0370481
0.0362672
0.0351888
0.033776
0.0319986
0.0298377
0.0272924
0.0243866
0.0211742
0.0177415
0.0142056
0.0107069
0.00743483
0.00454304
0.00214906
0.000465809
1.66468e-05
6.76521e-07
4.93872e-08
2.98836e-09
1.06101e-10
1.54977e-12
0.0341727
0.0336277
0.0335267
0.0339484
0.0344241
0.034875
0.0353958
0.0359509
0.0364113
0.0368002
0.0371007
0.037294
0.037358
0.037268
0.0369949
0.0365065
0.0357668
0.0347388
0.0333866
0.0316796
0.0295981
0.0271387
0.0243217
0.0211963
0.0178428
0.0143725
0.01092
0.00766538
0.00476852
0.00234972
0.000584373
2.50819e-05
9.07873e-07
6.36562e-08
3.85974e-09
1.3764e-10
2.01837e-12
0.0336466
0.033449
0.0337785
0.0341941
0.0347081
0.0352651
0.0357357
0.0361374
0.0364524
0.0366618
0.0367446
0.0366766
0.0364302
0.0359741
0.0352743
0.0342948
0.0330006
0.0313612
0.0293559
0.0269795
0.0242489
0.0212085
0.0179334
0.0145289
0.0111246
0.00788987
0.00499083
0.0025504
0.000714904
3.76484e-05
1.23047e-06
8.2096e-08
4.97679e-09
1.78238e-10
2.62458e-12
0.0332909
0.0335633
0.0340376
0.0345868
0.0350652
0.0354797
0.0358101
0.036037
0.0361394
0.0360941
0.0358743
0.0354504
0.0347893
0.0338566
0.0326181
0.0310436
0.0291117
0.0268155
0.0241686
0.0212114
0.0180136
0.0146751
0.0113203
0.00810818
0.00520966
0.00275041
0.000855455
5.57312e-05
1.67957e-06
1.05955e-07
6.40855e-09
2.30404e-10
3.40779e-12
0.0330868
0.0334164
0.0339255
0.0344022
0.0348271
0.035173
0.0354182
0.0355413
0.0355192
0.0353265
0.0349344
0.0343113
0.0334239
0.0322391
0.030727
0.0288658
0.0266469
0.0240814
0.0212053
0.0180837
0.0148112
0.0115072
0.00832006
0.00542467
0.0029487
0.00100411
8.08068e-05
2.30268e-06
1.36777e-07
8.24283e-09
2.97348e-10
4.41781e-12
0.0329472
0.0333128
0.0337557
0.0341819
0.0345411
0.0348046
0.034949
0.0349511
0.0347859
0.0344254
0.0338397
0.0329964
0.0318634
0.0304114
0.0286183
0.0264742
0.0239876
0.0211909
0.0181444
0.0149374
0.0116851
0.00852535
0.00563555
0.00314484
0.00115903
0.000114374
3.1683e-06
1.76486e-07
1.05894e-08
3.83168e-10
5.71826e-12
0.0328502
0.033157
0.0335529
0.0339163
0.0341961
0.0343618
0.0343886
0.0342512
0.0339227
0.0333738
0.0325736
0.031491
0.0300971
0.0283698
0.0262979
0.0238878
0.0211685
0.0181958
0.015054
0.0118535
0.0087241
0.00584208
0.0033387
0.0013182
0.000158297
4.38252e-06
2.27609e-07
1.35837e-08
4.93058e-10
7.39029e-12
0.0327051
0.0329707
0.0333076
0.0335947
0.0337797
0.033831
0.0337218
0.0334254
0.0329131
0.0321552
0.0311216
0.029784
0.0281201
0.0261182
0.0237825
0.0211386
0.0182383
0.0151613
0.0120128
0.00891683
0.00604413
0.00353029
0.00148009
0.000213824
6.12453e-06
2.93712e-07
1.73932e-08
6.33564e-10
9.53723e-12
0.0325311
0.0327442
0.0330088
0.0332045
0.0332782
0.033197
0.0329327
0.0324569
0.0317408
0.0307549
0.0294719
0.0278696
0.0259354
0.0236717
0.0211015
0.0182724
0.0152596
0.0121635
0.00910316
0.00624169
0.00371977
0.00164354
0.000281572
8.67871e-06
3.80168e-07
2.22308e-08
8.12894e-10
1.22902e-11
0.032319
0.0324667
0.0326442
0.0327322
0.0326767
0.032444
0.0320046
0.0313297
0.0303907
0.0291608
0.0276183
0.0257497
0.0235561
0.0210577
0.0182985
0.0153492
0.0123056
0.00928277
0.00643465
0.00390705
0.00180787
0.000361454
1.24714e-05
4.95012e-07
2.83774e-08
1.04131e-09
1.58154e-11
0.0320578
0.0321261
0.0322003
0.0321628
0.0319596
0.0315557
0.0309215
0.0300285
0.0288506
0.0273661
0.0255613
0.0234358
0.0210073
0.0183168
0.0154304
0.0124397
0.00945552
0.0066229
0.00409197
0.00197266
0.000452556
1.80969e-05
6.49984e-07
3.62039e-08
1.3318e-09
2.03223e-11
0.0317352
0.0317087
0.0316623
0.0314809
0.0311103
0.0305158
0.0296681
0.028541
0.027113
0.0253703
0.023311
0.0209509
0.0183276
0.0155035
0.0125656
0.00962128
0.00680623
0.00427432
0.00213751
0.000553788
2.63084e-05
8.61681e-07
4.62022e-08
1.70094e-09
2.60757e-11
0.0313378
0.0311998
0.0310147
0.03067
0.0301129
0.0293092
0.0282319
0.0268591
0.0251767
0.023182
0.0208887
0.0183313
0.0155687
0.0126837
0.00978004
0.00698451
0.00445388
0.00230199
0.000663813
3.80065e-05
1.1525e-06
5.90208e-08
2.17001e-09
3.34107e-11
0.0308511
0.0305839
0.0302411
0.0297142
0.0289521
0.0279231
0.0266042
0.0249807
0.0230489
0.0208208
0.0183281
0.0156261
0.012794
0.00993165
0.00715759
0.00463039
0.00246548
0.00078123
5.41998e-05
1.55207e-06
7.54901e-08
2.7663e-09
4.27525e-11
0.0302593
0.0298448
0.0293256
0.0285981
0.0276148
0.0263483
0.0247822
0.0229119
0.0207474
0.0183182
0.0156761
0.0128964
0.0100756
0.00732554
0.00480361
0.00262735
0.000904645
7.59459e-05
2.10036e-06
9.66424e-08
3.52477e-09
5.46417e-11
0.0295463
0.0289663
0.0282526
0.0273086
0.0260917
0.0245814
0.0227709
0.0206687
0.0183018
0.0157188
0.0129914
0.0102122
0.00748867
0.00497335
0.00278735
0.00103258
0.000104421
2.85363e-06
1.23763e-07
4.48953e-09
6.97667e-11
0.0286959
0.0279331
0.027009
0.0258356
0.0243784
0.0226262
0.0205849
0.0182791
0.0157544
0.013079
0.0103418
0.0076466
0.0051395
0.00294534
0.00116357
0.000140865
3.89703e-06
1.58508e-07
5.71558e-09
8.90009e-11
0.0276926
0.0267315
0.0255843
0.0241746
0.0224781
0.0204962
0.0182502
0.015783
0.0131594
0.0104645
0.00779902
0.00530189
0.00310135
0.00129648
0.000186128
5.36464e-06
2.03138e-07
7.27161e-09
1.13451e-10
0.0265227
0.0253509
0.0239733
0.0223274
0.0204026
0.0182154
0.0158048
0.0132325
0.0105803
0.00794574
0.00546041
0.0032554
0.00143048
0.000240667
7.45918e-06
2.60925e-07
9.24418e-09
1.4451e-10
0.0251753
0.0237856
0.0221772
0.0203051
0.0181746
0.01582
0.0132987
0.0106894
0.00808654
0.00561486
0.0034074
0.00156501
0.000304443
1.04743e-05
3.36682e-07
1.1746e-08
1.83935e-10
0.0236441
0.022036
0.0202058
0.0181286
0.0158284
0.0133577
0.0107915
0.00822122
0.00576505
0.00355717
0.00169969
0.00037692
1.48104e-05
4.37473e-07
1.49246e-08
2.33998e-10
0.0219291
0.0201108
0.0180786
0.0158304
0.0134098
0.0108868
0.00834978
0.00591078
0.00370449
0.00183419
0.000457405
2.09725e-05
5.73392e-07
1.89757e-08
2.97589e-10
0.0200382
0.0180284
0.0158266
0.0134546
0.0109749
0.00847178
0.00605183
0.00384913
0.00196818
0.000544984
2.95702e-05
7.58315e-07
2.41596e-08
3.7831e-10
0.0179889
0.0158183
0.013492
0.0110554
0.00858691
0.00618787
0.00399079
0.00210122
0.000638628
4.12929e-05
1.01148e-06
3.0811e-08
4.80869e-10
0.0158096
0.0135211
0.0111274
0.00869447
0.00631844
0.00412911
0.00223268
0.00073732
5.68808e-05
1.35909e-06
3.93835e-08
6.11245e-10
0.0135398
0.0111879
0.00879277
0.00644257
0.00426351
0.00236218
0.000839968
7.71021e-05
1.8374e-06
5.04402e-08
7.77822e-10
0.0112296
0.00887736
0.00655808
0.00439296
0.00248925
0.000945318
0.000102923
2.49767e-06
6.47064e-08
9.90629e-10
0.00893664
0.00665935
0.00451502
0.00261302
0.00105225
0.000135069
3.41769e-06
8.31243e-08
1.26273e-09
0.00673128
0.00462347
0.00273139
0.00115951
0.000174039
4.71191e-06
1.06983e-07
1.61084e-09
0.00470134
0.00283829
0.00126513
0.000220031
6.54517e-06
1.38109e-07
2.05663e-09
0.00291651
0.00136392
0.000272714
9.14589e-06
1.79164e-07
2.62859e-09
0.00143957
0.000330498
1.28098e-05
2.34074e-07
3.36491e-09
0.000384529
1.78751e-05
3.08525e-07
4.31776e-09
2.45382e-05
4.10365e-07
5.55793e-09
5.43636e-07
7.18112e-09
9.23114e-09
)
;

boundaryField
{
    wallTube
    {
        type            calculated;
        value           nonuniform List<scalar> 
65
(
7.63573e-06
1.56858e-08
3.23116e-11
6.61409e-14
1.34391e-16
2.70971e-19
5.41871e-22
1.07408e-24
2.1087e-27
4.09614e-30
7.86104e-33
1.48757e-35
2.76825e-38
5.04764e-41
8.97247e-44
1.54303e-46
2.53705e-49
3.90916e-52
5.55058e-55
7.17689e-58
8.38869e-61
0.0809857
0.0813427
0.0813468
0.0813468
0.0813468
0.0813468
0.0813468
0.0813468
0.0813468
0.0813468
0.0813468
0.0813468
0.0813468
0.0813468
0.0813468
0.0813468
0.0813468
0.0813468
0.0813468
0.0813468
0.0813468
0.0818791
0.0813557
0.0813468
0.0813468
0.0813468
0.0813468
0.0813468
0.0813468
0.0813468
0.0813468
0.0813468
0.0813468
0.0813468
0.0813468
0.0813468
0.0813468
0.0813468
0.0813468
0.0813468
0.0813468
0.0813468
0.0237294
0.0258191
)
;
    }
    outlet
    {
        type            calculated;
        value           nonuniform List<scalar> 
40
(
0.0336466
0.0336277
0.0335951
0.0335586
0.0335382
0.0335267
0.033449
0.0332909
0.0330868
0.0329472
0.0328502
0.0327051
0.0325311
0.032319
0.0320578
0.0317352
0.0313378
0.0308511
0.0302593
0.0295463
0.0286959
0.0276926
0.0265227
0.0251753
0.0236441
0.0219291
0.0200382
0.0179889
0.0158096
0.0135398
0.0112296
0.00893664
0.00673128
0.00470134
0.00291651
0.00143957
0.000384529
2.45382e-05
5.43636e-07
9.23114e-09
)
;
    }
    inletPilot
    {
        type            calculated;
        value           uniform 0.0817273;
    }
    inletAir
    {
        type            calculated;
        value           uniform 0;
    }
    wallOutside
    {
        type            calculated;
        value           nonuniform List<scalar> 
111
(
2.12483e-27
1.75402e-26
7.75365e-26
2.72338e-25
8.36275e-25
2.33516e-24
6.0521e-24
1.47428e-23
3.40436e-23
7.49854e-23
1.58316e-22
3.2164e-22
6.31172e-22
1.19969e-21
2.21436e-21
3.97818e-21
6.97051e-21
1.19342e-20
1.99989e-20
3.28526e-20
5.29793e-20
8.39826e-20
1.31024e-19
2.01414e-19
3.05407e-19
4.57253e-19
6.76618e-19
9.90446e-19
1.4355e-18
2.06165e-18
2.93634e-18
4.15054e-18
5.82662e-18
8.12835e-18
1.12774e-17
1.55688e-17
2.13989e-17
2.92978e-17
3.99757e-17
5.43826e-17
7.37895e-17
9.98965e-17
1.34975e-16
1.82059e-16
2.45196e-16
3.29793e-16
4.43059e-16
5.94598e-16
7.97193e-16
1.06786e-15
1.4292e-15
1.91121e-15
2.55372e-15
3.40951e-15
4.54841e-15
6.06249e-15
8.07455e-15
1.07455e-14
1.4288e-14
1.89822e-14
2.51966e-14
3.34156e-14
4.42748e-14
5.86068e-14
7.75005e-14
1.02379e-13
1.351e-13
1.78076e-13
2.34453e-13
3.08301e-13
4.04894e-13
5.31046e-13
6.9555e-13
9.09753e-13
1.18824e-12
1.54977e-12
2.01837e-12
2.62458e-12
3.40779e-12
4.41781e-12
5.71826e-12
7.39029e-12
9.53723e-12
1.22902e-11
1.58154e-11
2.03223e-11
2.60757e-11
3.34107e-11
4.27525e-11
5.46417e-11
6.97667e-11
8.90009e-11
1.13451e-10
1.4451e-10
1.83935e-10
2.33998e-10
2.97589e-10
3.7831e-10
4.80869e-10
6.11245e-10
7.77822e-10
9.90629e-10
1.26273e-09
1.61084e-09
2.05663e-09
2.62859e-09
3.36491e-09
4.31776e-09
5.55793e-09
7.18112e-09
9.23114e-09
)
;
    }
    inletCH4
    {
        type            calculated;
        value           uniform 0;
    }
    frontAndBack_pos
    {
        type            wedge;
    }
    frontAndBack_neg
    {
        type            wedge;
    }
}


// ************************************************************************* //
