/*--------------------------------*- C++ -*----------------------------------*\
| =========                 |                                                 |
| \\      /  F ield         | OpenFOAM: The Open Source CFD Toolbox           |
|  \\    /   O peration     | Version:  1.6.x                                 |
|   \\  /    A nd           | Web:      www.OpenFOAM.org                      |
|    \\/     M anipulation  |                                                 |
\*---------------------------------------------------------------------------*/
FoamFile
{
    version     2.0;
    format      ascii;
    class       volScalarField;
    location    "7000";
    object      X;
}
// * * * * * * * * * * * * * * * * * * * * * * * * * * * * * * * * * * * * * //

dimensions      [0 0 0 0 0 0 0];

internalField   nonuniform List<scalar> 
4608
(
6.19142e-05
1.27164e-07
9.12899e-06
0.0363617
2.61948e-10
2.14352e-08
8.96885e-07
0.00177366
0.0674523
0.335128
5.36199e-13
4.67587e-11
2.24844e-09
1.04898e-07
0.000108971
0.0046866
0.0963804
0.381398
0.665446
1.0895e-15
9.61489e-14
5.15543e-12
3.36932e-10
1.03355e-05
0.000383133
0.00847902
0.123639
0.414947
0.617547
0.868521
0.97263
2.19675e-18
1.9019e-16
1.11427e-14
9.14278e-13
4.4933e-05
0.00083017
0.0131154
0.15461
0.427378
0.59806
0.841672
0.859846
0.858353
0.840829
4.39291e-21
3.66409e-19
2.31357e-17
2.28245e-15
0.000113259
0.00150617
0.0186945
0.178544
0.44763
0.584417
0.766233
0.929749
0.857888
0.858283
0.858263
0.67865
8.70748e-24
6.9361e-22
4.68264e-20
5.45089e-18
0.000233098
0.00244582
0.0249721
0.302733
0.418714
0.578943
0.725546
0.971203
0.707434
0.85623
0.858258
0.858262
0.858262
0.399621
1.70951e-26
1.29918e-24
9.34813e-23
1.27376e-20
0.000424857
0.00368053
0.0365735
0.373065
0.439763
0.562818
0.707978
0.901486
0.779125
0.496313
0.85824
0.858262
0.858262
0.858262
0.212031
3.32071e-29
2.42015e-27
1.85853e-25
2.94177e-23
0.000711531
0.00542829
0.0503716
0.416288
0.4533
0.544092
0.683787
0.866147
0.859011
0.587956
0.336249
0.858262
0.858262
0.858262
0.858262
0.0616611
6.3729e-32
4.4986e-30
3.7101e-28
6.77464e-26
0.00113199
0.0076742
0.0656032
0.434031
0.462783
0.539111
0.651637
0.826568
0.915637
0.685003
0.439279
0.164038
0.858262
0.858262
0.858262
0.858262
0.00743389
1.20596e-34
8.3602e-33
7.4869e-31
1.56943e-28
0.00171869
0.0103961
0.0815625
0.440246
0.470034
0.540069
0.635618
0.777558
0.979647
0.756971
0.544328
0.256687
0.0466741
0.858262
0.858262
0.858262
0.858262
0.000624394
2.2442e-37
1.55482e-35
1.53582e-33
3.67953e-31
0.00249957
0.0135318
0.0987332
0.440421
0.477992
0.542209
0.629534
0.748831
0.941421
0.835543
0.629357
0.358549
0.10405
0.0055837
0.858262
0.858262
0.858262
0.858262
0.000116511
4.09209e-40
2.89485e-38
3.21773e-36
8.7654e-34
0.00348953
0.017083
0.115402
0.439083
0.478847
0.546139
0.626699
0.733975
0.89238
0.931405
0.71739
0.452066
0.183942
0.0196946
0.000526247
0.858262
0.858262
0.858262
0.858262
3.65773e-05
7.27394e-43
5.39755e-41
6.91742e-39
2.12574e-36
0.00470205
0.0209771
0.198504
0.443111
0.474479
0.546985
0.626925
0.724347
0.863402
0.996259
0.822502
0.547544
0.274098
0.0528291
0.00174405
0.000105219
0.858262
0.858262
0.858262
0.858262
1.3894e-05
1.25092e-45
1.00999e-43
1.53546e-41
5.26227e-39
0.00614538
0.0275636
0.256201
0.449846
0.476523
0.5433
0.625385
0.719226
0.842651
0.962287
0.897381
0.665878
0.371847
0.115381
0.00579576
0.000236415
3.55445e-05
0.858262
0.858262
0.858262
0.858262
5.42092e-06
2.05677e-48
1.90595e-46
3.54367e-44
1.33627e-41
0.00800531
0.0359533
0.301519
0.458333
0.482139
0.542213
0.619764
0.713708
0.829118
0.93138
0.948415
0.753189
0.493315
0.201259
0.0217584
0.000527941
6.54738e-05
1.46204e-05
0.858262
0.858262
0.858262
0.858262
2.04421e-06
3.16913e-51
3.64364e-49
8.57715e-47
3.49002e-44
0.0103453
0.0457994
0.339356
0.465273
0.489835
0.543473
0.616177
0.704654
0.817217
0.910277
0.988792
0.815391
0.59014
0.31541
0.0630454
0.00162611
0.000110197
2.57995e-05
6.17516e-06
0.858262
0.858262
0.858262
0.858262
7.29215e-07
4.49982e-54
7.1511e-52
2.20074e-49
9.37514e-47
0.0131927
0.0570148
0.360877
0.469524
0.496002
0.546607
0.614825
0.69767
0.802366
0.89219
0.981741
0.866086
0.662389
0.414912
0.152032
0.00694591
0.000198346
3.94222e-05
1.13442e-05
2.48979e-06
0.858262
0.858262
0.858262
0.858262
2.43887e-07
5.81828e-57
1.47938e-54
5.97822e-52
2.58802e-49
0.0165647
0.0689596
0.375912
0.474636
0.499428
0.549644
0.61534
0.693136
0.790257
0.87159
0.957325
0.904733
0.724385
0.49491
0.245849
0.0374952
0.000494095
5.68718e-05
1.72924e-05
4.947e-06
9.31371e-07
0.858262
0.858262
0.858262
0.858262
7.60454e-08
6.80065e-60
3.34097e-57
1.70389e-54
7.3205e-52
0.0204255
0.117079
0.399979
0.480568
0.503573
0.551445
0.616136
0.690641
0.781311
0.855071
0.931616
0.93771
0.773337
0.565106
0.327788
0.10064
0.00295168
9.3718e-05
2.37956e-05
7.87435e-06
2.02514e-06
3.1958e-07
0.858262
0.858262
0.858262
0.858262
2.19856e-08
8.70452e-60
4.99554e-57
2.11352e-54
0.0265946
0.168591
0.4257
0.487104
0.508328
0.553632
0.616099
0.688769
0.774858
0.842533
0.910629
0.971817
0.815445
0.623763
0.401079
0.173
0.0177105
0.000227666
3.36532e-05
1.10629e-05
3.44237e-06
7.59012e-07
1.00033e-07
0.858262
0.858262
0.858262
0.858262
5.85705e-09
1.4787e-59
6.20585e-57
0.0348527
0.20811
0.43396
0.493927
0.513642
0.556196
0.616599
0.686393
0.76948
0.832937
0.894387
0.999299
0.857644
0.675631
0.465636
0.244382
0.0531085
0.00100544
5.24931e-05
1.51176e-05
5.08126e-06
1.38966e-06
2.5753e-07
2.84385e-08
0.858262
0.858262
0.858262
0.858262
1.42765e-09
1.84018e-59
0.0569228
0.245545
0.443276
0.501315
0.51947
0.559203
0.617586
0.684702
0.763936
0.824748
0.881611
0.976372
0.893167
0.727336
0.523834
0.309937
0.107928
0.00534157
0.000103367
2.06326e-05
7.04798e-06
2.1828e-06
5.07922e-07
7.86295e-08
7.30772e-09
0.858262
0.858262
0.858262
0.858262
3.15993e-10
0.0898517
0.28434
0.453747
0.509251
0.525862
0.562805
0.619025
0.683697
0.759304
0.81661
0.870717
0.958017
0.922147
0.770792
0.582447
0.370066
0.167427
0.0218048
0.000285543
2.93385e-05
9.43255e-06
3.14821e-06
8.5258e-07
1.66371e-07
2.15033e-08
1.68824e-09
0.858262
0.858262
0.858262
0.858262
6.3008e-11
0.135194
0.327003
0.465042
0.517569
0.532749
0.567024
0.621096
0.683289
0.75564
0.809681
0.860275
0.942368
0.946518
0.806598
0.63361
0.430694
0.22552
0.0550693
0.00125219
4.79529e-05
1.23493e-05
4.30124e-06
1.29441e-06
2.9824e-07
4.85303e-08
5.24276e-09
3.48548e-10
0.858262
0.858262
0.858262
1.12275e-11
0.178518
0.374788
0.47673
0.526206
0.540065
0.571805
0.623813
0.683614
0.752812
0.803968
0.851226
0.927802
0.967902
0.837113
0.676455
0.485958
0.284199
0.100673
0.00604355
9.97279e-05
1.66797e-05
5.63456e-06
1.83709e-06
4.7903e-07
9.26214e-08
1.25428e-08
1.13381e-09
6.38986e-11
0.858262
0.858262
1.77386e-12
0.218609
0.424721
0.488159
0.535227
0.547768
0.577143
0.627086
0.684667
0.750893
0.799279
0.843609
0.915171
0.987932
0.863963
0.7136
0.534267
0.33933
0.152283
0.0206237
0.000281053
2.43684e-05
7.2879e-06
2.47655e-06
7.12345e-07
1.57502e-07
2.5381e-08
2.85794e-09
2.16308e-10
1.03344e-11
0.858262
9.18882e-14
0.262527
0.440502
0.499851
0.544707
0.555855
0.583014
0.630895
0.686335
0.74985
0.795656
0.837206
0.904399
0.99432
0.888782
0.74657
0.577196
0.389813
0.20397
0.0492662
0.00113344
4.06668e-05
9.5453e-06
3.23367e-06
9.99231e-07
2.46317e-07
4.56264e-08
6.10399e-09
5.71144e-10
3.62001e-11
1.4648e-12
3.728e-17
0.313234
0.457283
0.511797
0.55468
0.56439
0.589362
0.635243
0.68857
0.749549
0.793035
0.832002
0.895171
0.979055
0.910744
0.776999
0.616166
0.435936
0.252821
0.0888752
0.00508634
8.38423e-05
1.30164e-05
4.16351e-06
1.34391e-06
3.61351e-07
7.51037e-08
1.15696e-08
1.28157e-09
9.95906e-11
5.28378e-12
3.62109e-14
4.59015e-21
0.374498
0.474215
0.52405
0.565235
0.573417
0.596206
0.64008
0.691372
0.749913
0.791263
0.827916
0.887401
0.965857
0.930107
0.803997
0.652462
0.478491
0.298474
0.131562
0.0170756
0.00022385
1.92543e-05
5.37958e-06
1.75883e-06
5.0492e-07
1.15471e-07
2.00283e-08
2.55299e-09
2.33704e-10
1.50723e-11
6.6878e-13
6.44492e-18
3.12038e-25
0.429946
0.490852
0.536904
0.576487
0.582995
0.603582
0.645398
0.694705
0.750924
0.790256
0.824793
0.880967
0.954543
0.947403
0.82789
0.684804
0.51842
0.341767
0.173973
0.0396023
0.000844315
3.20458e-05
7.12279e-06
2.2704e-06
6.80911e-07
1.68295e-07
3.22858e-08
4.63946e-09
4.87577e-10
3.68275e-11
1.9695e-12
1.31696e-15
4.59176e-22
1.14408e-29
0.454708
0.507976
0.550573
0.58852
0.593207
0.611516
0.651209
0.698549
0.752544
0.789983
0.822541
0.875694
0.944929
0.962742
0.849366
0.713541
0.554923
0.383076
0.215139
0.0707343
0.00350555
6.37737e-05
9.83688e-06
2.93184e-06
8.96653e-07
2.35365e-07
4.91627e-08
7.83586e-09
9.27894e-10
8.01742e-11
4.99004e-12
6.62421e-14
1.01185e-19
1.75281e-26
2.21505e-34
0.481171
0.525857
0.565112
0.601343
0.604131
0.620042
0.657504
0.702877
0.754736
0.790391
0.821118
0.871471
0.936788
0.976247
0.868602
0.739577
0.588127
0.421678
0.254713
0.105397
0.011468
0.000154568
1.45118e-05
3.83248e-06
1.16601e-06
3.19216e-07
7.15326e-08
1.24705e-08
1.63956e-09
1.59331e-10
1.12947e-11
5.71158e-13
9.39611e-18
4.12464e-24
3.514e-31
2.22153e-39
0.506913
0.544313
0.580397
0.614867
0.615799
0.629211
0.664301
0.707662
0.757452
0.791429
0.820453
0.86824
0.929979
0.988101
0.885735
0.763156
0.618617
0.4575
0.292628
0.140978
0.0269757
0.000484244
2.34334e-05
5.12258e-06
1.51212e-06
4.23931e-07
1.00427e-07
1.89055e-08
2.72546e-09
2.9394e-10
2.33689e-11
1.35693e-12
4.95155e-16
4.17803e-22
8.75704e-29
3.63281e-36
1.13486e-44
0.530813
0.56292
0.596194
0.628946
0.628166
0.639066
0.671617
0.71289
0.760644
0.793035
0.820481
0.865906
0.924408
0.998402
0.900958
0.784406
0.64657
0.490868
0.32878
0.176115
0.0502881
0.00178728
4.2897e-05
7.07445e-06
1.97069e-06
5.56124e-07
1.37219e-07
2.75514e-08
4.30649e-09
5.09718e-10
4.49037e-11
2.91389e-12
1.62605e-14
2.442e-20
9.57799e-27
9.52016e-34
1.90572e-41
2.90758e-50
0.55281
0.581353
0.612277
0.64342
0.641137
0.649617
0.679492
0.718562
0.764256
0.795149
0.821129
0.864369
0.919929
0.99282
0.91436
0.803497
0.672066
0.521909
0.363085
0.210023
0.0780692
0.0060153
9.13274e-05
1.02298e-05
2.59812e-06
7.25871e-07
1.83919e-07
3.89009e-08
6.52347e-09
8.39018e-10
8.10851e-11
5.81662e-12
1.61405e-13
9.42918e-19
6.14045e-25
1.11445e-31
5.22022e-39
4.98526e-47
2.61969e-56
0.573335
0.599474
0.628469
0.658148
0.654584
0.660836
0.68796
0.724707
0.768284
0.7977
0.822324
0.863537
0.916399
0.985434
0.926067
0.820494
0.695209
0.550665
0.395562
0.242704
0.107285
0.01536
0.000229879
1.58107e-05
3.48444e-06
9.4836e-07
2.43466e-07
5.35977e-08
9.54224e-09
1.32149e-09
1.3888e-10
1.09143e-11
6.36082e-13
2.60433e-17
2.63256e-23
7.75985e-30
6.48996e-37
1.4149e-44
4.50259e-53
1.433e-64
0.592817
0.617248
0.644654
0.673022
0.668385
0.67265
0.69704
0.731364
0.772748
0.800673
0.823989
0.863324
0.913699
0.979234
0.936336
0.835556
0.716031
0.577294
0.426189
0.274374
0.136684
0.0308502
0.00071908
2.64278e-05
4.7912e-06
1.24608e-06
3.202e-07
7.25129e-08
1.35671e-08
2.0051e-09
2.27334e-10
1.94202e-11
1.23736e-12
5.43034e-16
8.14753e-22
3.65604e-28
4.86457e-35
1.84741e-42
1.26916e-50
6.65363e-61
0.611537
0.634682
0.660764
0.687965
0.682435
0.684968
0.706719
0.738567
0.77768
0.80408
0.826096
0.863639
0.911723
0.974062
0.945353
0.848999
0.734721
0.60176
0.454985
0.304907
0.16579
0.0513912
0.00239138
4.95544e-05
6.77849e-06
1.65429e-06
4.20463e-07
9.68757e-08
1.88565e-08
2.94864e-09
3.57891e-10
3.30022e-11
2.28285e-12
8.896e-15
1.91622e-20
1.25493e-26
2.4949e-33
1.47153e-40
1.66048e-48
2.54042e-58
0.629672
0.6518
0.676759
0.702922
0.69665
0.697692
0.716959
0.746333
0.783121
0.807951
0.828648
0.864437
0.910368
0.969785
0.953259
0.861044
0.751623
0.624036
0.481886
0.334137
0.194079
0.0746311
0.0067751
0.000104182
1.00077e-05
2.22345e-06
5.53658e-07
1.28442e-07
2.57535e-08
4.22457e-09
5.4496e-10
5.38811e-11
4.02147e-12
6.95449e-14
3.55677e-19
3.29609e-25
9.4066e-32
8.10026e-39
1.34184e-46
3.86589e-56
0.64733
0.668622
0.692618
0.717855
0.710964
0.710731
0.727706
0.754659
0.789098
0.812324
0.831669
0.865709
0.909569
0.966278
0.960171
0.871843
0.766993
0.644435
0.506837
0.361954
0.221589
0.0989035
0.0151655
0.000251223
1.5549e-05
3.03677e-06
7.33017e-07
1.6975e-07
3.47271e-08
5.92499e-09
8.06457e-10
8.49671e-11
6.80206e-12
2.86246e-13
5.3665e-18
6.86683e-24
2.73363e-30
3.30478e-37
7.58568e-45
3.43661e-54
0.664585
0.685171
0.708329
0.732742
0.725332
0.724008
0.738895
0.763526
0.79563
0.81723
0.835193
0.86747
0.909298
0.963449
0.966206
0.881515
0.780995
0.663221
0.530006
0.388265
0.24838
0.123396
0.02826
0.00071233
2.57233e-05
4.22234e-06
9.77931e-07
2.24392e-07
4.64322e-08
8.17023e-09
1.16493e-09
1.2999e-10
1.11027e-11
7.16595e-13
6.74192e-17
1.16692e-22
6.33468e-29
1.04621e-35
3.21271e-43
2.08876e-52
0.681488
0.701468
0.723892
0.747568
0.739719
0.73746
0.750461
0.772897
0.802716
0.822691
0.839251
0.869746
0.909557
0.961247
0.971462
0.890184
0.793732
0.680562
0.55159
0.413104
0.274316
0.14775
0.0451597
0.00211406
4.64466e-05
5.99213e-06
1.31588e-06
2.97485e-07
6.17887e-08
1.11216e-08
1.64913e-09
1.93715e-10
1.75608e-11
1.20947e-12
7.1937e-16
1.65471e-21
1.20182e-27
2.65481e-34
1.06526e-41
9.42161e-51
0.69808
0.717531
0.739308
0.762324
0.754101
0.751036
0.762343
0.782731
0.810345
0.828716
0.843869
0.872569
0.910365
0.959655
0.976
0.897962
0.805333
0.696502
0.571744
0.436562
0.299255
0.171566
0.0642533
0.00551261
9.14187e-05
8.771e-06
1.78582e-06
3.96183e-07
8.20913e-08
1.49993e-08
2.29641e-09
2.82234e-10
2.7016e-11
1.9766e-12
6.63825e-15
1.99494e-20
1.90728e-26
5.53581e-33
2.85266e-40
3.31644e-49
0.714394
0.733381
0.754584
0.777007
0.768462
0.764699
0.774486
0.792978
0.81849
0.835301
0.84906
0.875964
0.911749
0.958677
0.979846
0.904928
0.815923
0.7112
0.590663
0.458745
0.323186
0.194782
0.0843176
0.0118553
0.000199022
1.33164e-05
2.44928e-06
5.30282e-07
1.09151e-07
2.01075e-08
3.15618e-09
4.03376e-10
4.05628e-11
3.13883e-12
3.85433e-14
2.08032e-19
2.57723e-25
9.68087e-32
6.31599e-39
9.42603e-48
0.730459
0.749034
0.769728
0.791619
0.782793
0.778421
0.786844
0.803591
0.827118
0.842429
0.854826
0.879951
0.913734
0.958331
0.983005
0.911124
0.825593
0.724792
0.608397
0.479765
0.346168
0.217469
0.104699
0.0217343
0.00049798
2.11337e-05
3.39644e-06
7.13717e-07
1.45469e-07
2.68685e-08
4.2949e-09
5.67312e-10
5.96229e-11
4.85865e-12
1.55982e-13
1.90232e-18
3.01417e-24
1.44405e-30
1.17843e-37
2.21774e-46
0.746299
0.76451
0.784749
0.806162
0.797088
0.79218
0.799379
0.814526
0.836193
0.850073
0.861155
0.884536
0.916338
0.958637
0.985464
0.916573
0.834392
0.737363
0.625004
0.499679
0.368231
0.239728
0.125079
0.0348068
0.00134541
3.58161e-05
4.7673e-06
9.65673e-07
1.94517e-07
3.58666e-08
5.80305e-09
7.87425e-10
8.60441e-11
7.35207e-12
3.9706e-13
1.54458e-17
3.0908e-23
1.86649e-29
1.88238e-36
4.40443e-45
0.761938
0.779825
0.799658
0.820642
0.811345
0.805963
0.812057
0.82574
0.845673
0.858202
0.868028
0.889714
0.919574
0.959613
0.987205
0.921278
0.842364
0.748955
0.640517
0.518538
0.389389
0.261443
0.145313
0.0500461
0.0033985
6.50521e-05
6.82446e-06
1.31253e-06
2.61046e-07
4.79102e-08
7.80454e-09
1.08154e-09
1.22239e-10
1.09043e-11
7.51314e-13
1.12608e-16
2.81191e-22
2.11638e-28
2.61311e-35
7.49957e-44
0.777396
0.794995
0.814468
0.835072
0.825568
0.81976
0.824856
0.837199
0.855522
0.866781
0.875416
0.895472
0.923441
0.96127
0.98821
0.925228
0.849525
0.759635
0.654939
0.536426
0.409665
0.282551
0.165195
0.0664257
0.00741799
0.000126005
1.00254e-05
1.79383e-06
3.51477e-07
6.41112e-08
1.04698e-08
1.47364e-09
1.7138e-10
1.58908e-11
1.14598e-12
7.44625e-16
2.29395e-21
2.12885e-27
3.18926e-34
1.11146e-42
0.792694
0.810039
0.829194
0.849469
0.839765
0.833566
0.837755
0.848872
0.865702
0.875773
0.883287
0.901787
0.927931
0.963612
0.988469
0.928411
0.855876
0.769435
0.668392
0.553442
0.429098
0.303053
0.184771
0.0833952
0.0139188
0.000270652
1.51476e-05
2.46728e-06
4.74664e-07
8.59855e-08
1.40331e-08
1.99629e-09
2.37675e-10
2.28057e-11
1.71509e-12
4.50726e-15
1.6942e-20
1.9189e-26
3.45847e-33
1.44975e-41
0.807851
0.824976
0.843859
0.863853
0.85395
0.847385
0.850741
0.860731
0.876181
0.885143
0.891608
0.908632
0.933026
0.966632
0.987978
0.930818
0.861411
0.778358
0.680914
0.569543
0.447731
0.322963
0.204114
0.100592
0.0231709
0.000645707
2.38907e-05
3.41355e-06
6.42748e-07
1.15601e-07
1.88156e-08
2.69386e-09
3.26749e-10
3.23016e-11
2.52387e-12
2.1844e-14
1.14264e-19
1.56408e-25
3.36368e-32
1.68157e-40
0.82289
0.839829
0.858486
0.878255
0.868142
0.861226
0.863812
0.87276
0.886929
0.89486
0.900345
0.915976
0.938702
0.970317
0.986746
0.932446
0.866128
0.786411
0.692494
0.584706
0.465564
0.342271
0.223234
0.117875
0.0346921
0.00158541
3.98198e-05
4.76904e-06
8.71879e-07
1.55764e-07
2.52564e-08
3.62702e-09
4.46179e-10
4.52444e-11
3.65911e-12
7.5219e-14
7.0937e-19
1.16234e-24
2.95913e-31
1.75039e-39
0.837835
0.854627
0.873108
0.892715
0.882368
0.875103
0.876968
0.884949
0.897925
0.904894
0.909466
0.923787
0.944933
0.974646
0.984792
0.933297
0.870021
0.793597
0.703157
0.598857
0.482617
0.360965
0.242032
0.13512
0.0477354
0.00360056
6.98593e-05
6.77079e-06
1.18482e-06
2.10237e-07
3.39538e-08
4.87867e-09
6.06221e-10
6.27885e-11
5.23626e-12
2.00458e-13
4.0835e-18
7.9349e-24
2.3729e-30
1.64856e-38
0.852715
0.869403
0.887769
0.907289
0.896665
0.889038
0.890216
0.897295
0.909159
0.915222
0.918941
0.932034
0.951687
0.979595
0.982142
0.933386
0.873096
0.799912
0.712912
0.61208
0.49896
0.379037
0.260456
0.152185
0.0616837
0.00721012
0.000129334
9.79977e-06
1.6147e-06
2.84077e-07
4.57177e-08
6.56207e-09
8.20819e-10
8.64825e-11
7.40906e-12
4.29916e-13
2.19458e-17
5.01054e-23
1.74673e-29
1.41529e-37
0.867565
0.884204
0.902526
0.922053
0.911089
0.903063
0.903572
0.909798
0.920624
0.925834
0.928749
0.940688
0.958937
0.985136
0.97883
0.932733
0.875362
0.805361
0.721755
0.62439
0.514492
0.396501
0.278487
0.169103
0.0761443
0.0128131
0.000261176
1.45062e-05
2.20732e-06
3.84182e-07
6.164e-08
8.83136e-09
1.10895e-09
1.18413e-10
1.03829e-11
7.25009e-13
1.10814e-16
2.9454e-22
1.18801e-28
1.11503e-36
0.882433
0.899088
0.917459
0.937098
0.92571
0.917227
0.917061
0.922469
0.932313
0.936722
0.938877
0.949728
0.966654
0.99124
0.974896
0.931366
0.876837
0.809955
0.729689
0.635753
0.529167
0.413316
0.296119
0.185917
0.0908642
0.0205869
0.000578706
2.22436e-05
3.02662e-06
5.19774e-07
8.3195e-08
1.18958e-08
1.49649e-09
1.61403e-10
1.44328e-11
1.0363e-12
5.289e-16
1.62149e-21
7.51052e-28
8.11175e-36
0.897378
0.914136
0.932661
0.95253
0.940618
0.931594
0.930723
0.935327
0.944235
0.947877
0.949315
0.959142
0.974819
0.997884
0.97038
0.929317
0.877546
0.813708
0.736727
0.646185
0.542858
0.429443
0.313312
0.202633
0.105737
0.0302107
0.00132259
3.57152e-05
4.17725e-06
7.0304e-07
1.12357e-07
1.60388e-08
2.01861e-09
2.19281e-10
1.99288e-11
1.46667e-12
2.39964e-15
8.40668e-21
4.43807e-27
5.48026e-35
0.912481
0.929445
0.948245
0.968413
0.955912
0.946242
0.944611
0.948407
0.956407
0.959308
0.960055
0.968916
0.983418
0.994975
0.965317
0.926622
0.877514
0.81664
0.74288
0.6557
0.555641
0.444954
0.33002
0.219158
0.120675
0.0411638
0.00285727
5.98188e-05
5.83353e-06
9.5091e-07
1.5175e-07
2.16424e-08
2.72313e-09
2.97249e-10
2.73701e-11
2.05816e-12
1.04058e-14
4.12634e-20
2.4641e-26
3.45653e-34
0.927841
0.945132
0.964287
0.984649
0.971649
0.961258
0.958791
0.961753
0.968861
0.971029
0.971103
0.979042
0.992438
0.987434
0.959743
0.923308
0.876773
0.818776
0.748166
0.664305
0.567529
0.459726
0.346236
0.235423
0.135526
0.0529669
0.00557981
0.000104342
8.26581e-06
1.28742e-06
2.0488e-07
2.92196e-08
3.67491e-09
4.02379e-10
3.74321e-11
2.86728e-12
3.30394e-14
1.92712e-19
1.29178e-25
2.04534e-33
0.943575
0.96128
0.980698
0.99948
0.987727
0.976688
0.973327
0.975421
0.981631
0.983074
0.982472
0.989525
0.998137
0.979535
0.953698
0.91941
0.875347
0.820143
0.752604
0.672008
0.578509
0.473701
0.361904
0.251391
0.150286
0.0653123
0.00980449
0.000194256
1.19096e-05
1.74527e-06
2.76468e-07
3.94571e-08
4.96156e-09
5.44276e-10
5.10303e-11
3.97026e-12
9.38703e-14
8.60426e-19
6.4238e-25
1.14071e-32
0.959772
0.977811
0.996773
0.984053
0.996535
0.992453
0.98825
0.989452
0.99477
0.995471
0.994197
0.999624
0.988421
0.971307
0.947221
0.914971
0.873266
0.82076
0.756218
0.678826
0.588577
0.486798
0.376974
0.267032
0.164972
0.0779599
0.0157889
0.000392878
1.76068e-05
2.3688e-06
3.72778e-07
5.32747e-08
6.70122e-09
7.35975e-10
6.94076e-11
5.4701e-12
2.08426e-13
3.6891e-18
3.04348e-24
6.02196e-32
0.976361
0.99405
0.987644
0.968941
0.981228
0.991965
0.996492
0.996142
0.991769
0.991794
0.993739
0.988503
0.978484
0.962769
0.940339
0.910031
0.870574
0.820655
0.759026
0.684779
0.597748
0.498999
0.391449
0.2823
0.179608
0.090788
0.0234072
0.000843008
2.69945e-05
3.2258e-06
5.02067e-07
7.18952e-08
9.05277e-09
9.95132e-10
9.42505e-11
7.50624e-12
4.06334e-13
1.52536e-17
1.3795e-23
3.02153e-31
0.992684
0.990274
0.972401
0.954044
0.966215
0.976788
0.98142
0.981646
0.978219
0.978954
0.981509
0.977221
0.968319
0.953939
0.933079
0.904618
0.867316
0.819871
0.76105
0.689882
0.60604
0.51034
0.40529
0.297156
0.194122
0.103735
0.0323198
0.00178046
4.30306e-05
4.42513e-06
6.75473e-07
9.69465e-08
1.22288e-08
1.34561e-09
1.27846e-10
1.02676e-11
6.73977e-13
6.1068e-17
6.00557e-23
1.44648e-30
0.991598
0.974939
0.957376
0.93935
0.951416
0.961897
0.966647
0.967286
0.964615
0.966008
0.969156
0.965755
0.957933
0.944821
0.925462
0.898761
0.863518
0.818453
0.762331
0.694152
0.61346
0.52083
0.418418
0.311554
0.208437
0.11668
0.0421097
0.00350484
7.07958e-05
6.13624e-06
9.08496e-07
1.30583e-07
1.6515e-08
1.81952e-09
1.73296e-10
1.40102e-11
9.3097e-13
2.37626e-16
2.52055e-22
6.63103e-30
0.97622
0.959823
0.942552
0.924862
0.93682
0.94723
0.952115
0.953099
0.951038
0.952972
0.956669
0.954116
0.947317
0.935428
0.917501
0.892486
0.85921
0.81643
0.762911
0.697621
0.620015
0.53046
0.430789
0.325437
0.222494
0.129552
0.0525031
0.00628473
0.00012123
8.61265e-06
1.22244e-06
1.7568e-07
2.22908e-08
2.46035e-09
2.34792e-10
1.90811e-11
1.28087e-12
9.01908e-16
1.0235e-21
2.92104e-29
0.961059
0.944908
0.927937
0.91059
0.922429
0.932771
0.937796
0.939096
0.937549
0.939917
0.944065
0.942305
0.936481
0.92576
0.909213
0.885811
0.854424
0.813833
0.762822
0.700332
0.625733
0.539222
0.442346
0.33876
0.236248
0.14234
0.0632745
0.0103785
0.000220876
1.22842e-05
1.64553e-06
2.36075e-07
3.00625e-08
3.32619e-09
3.18035e-10
2.59501e-11
1.75654e-12
3.35006e-15
4.03458e-21
1.24056e-28
0.946099
0.930201
0.91354
0.896544
0.908254
0.918522
0.923683
0.925277
0.924187
0.92691
0.931411
0.930342
0.925435
0.915828
0.900606
0.878757
0.849181
0.810696
0.762097
0.702315
0.630649
0.547137
0.453057
0.351512
0.249658
0.155047
0.0742618
0.0158877
0.000433335
1.7963e-05
2.21696e-06
3.1681e-07
4.05046e-08
4.49497e-09
4.30686e-10
3.52581e-11
2.40243e-12
1.22147e-14
1.54887e-20
5.09551e-28
0.931348
0.915715
0.899373
0.882732
0.894303
0.904489
0.909777
0.911648
0.910975
0.913997
0.918771
0.918285
0.914201
0.905648
0.891693
0.871339
0.843506
0.807042
0.760768
0.703604
0.634792
0.554234
0.462961
0.363665
0.262689
0.167664
0.0853764
0.0226699
0.000882942
2.71619e-05
2.99648e-06
4.24521e-07
5.45103e-08
6.07096e-09
5.83075e-10
4.78687e-11
3.27915e-12
3.47347e-14
5.80806e-20
2.03024e-27
0.916818
0.901461
0.885444
0.86916
0.880582
0.89068
0.896081
0.898211
0.897925
0.901208
0.9062
0.906201
0.902832
0.895244
0.882492
0.863572
0.837418
0.802901
0.758864
0.704231
0.638194
0.560539
0.472076
0.375151
0.275296
0.180123
0.0965623
0.0304415
0.00175752
4.23866e-05
4.07713e-06
5.68226e-07
7.32596e-08
8.1933e-09
7.89097e-10
6.49512e-11
4.46843e-12
8.98358e-14
2.1329e-19
7.86919e-27
0.902521
0.887448
0.871759
0.855832
0.867099
0.8771
0.882602
0.884971
0.885044
0.88856
0.893731
0.894147
0.891392
0.884665
0.873031
0.855477
0.830937
0.798296
0.756416
0.704225
0.640884
0.566075
0.480415
0.385943
0.287427
0.192357
0.10771
0.0389012
0.00328014
6.78231e-05
5.59641e-06
7.60326e-07
9.83222e-08
1.10471e-08
1.0674e-09
8.80847e-11
6.08104e-12
1.94855e-13
7.69463e-19
2.97432e-26
0.888467
0.873683
0.858323
0.842749
0.853856
0.863753
0.869342
0.871931
0.872338
0.876064
0.881386
0.882164
0.879942
0.87397
0.863353
0.847082
0.824085
0.793249
0.75345
0.703618
0.64289
0.570865
0.487991
0.396026
0.299043
0.204309
0.11876
0.0478437
0.00564994
0.000112094
7.7566e-06
1.01751e-06
1.31788e-07
1.4879e-08
1.44298e-09
1.19399e-10
8.26691e-12
3.63657e-13
2.73282e-18
1.09974e-25
0.874662
0.860169
0.845138
0.829914
0.840856
0.850643
0.856305
0.859094
0.85981
0.863725
0.869178
0.87028
0.868529
0.863222
0.853515
0.838429
0.816892
0.787788
0.749992
0.702439
0.644244
0.574935
0.494811
0.405393
0.310111
0.21594
0.129694
0.0570844
0.00907349
0.000194853
1.08923e-05
1.36168e-06
1.76429e-07
2.00171e-08
1.94924e-09
1.6176e-10
1.12287e-11
6.11855e-13
9.57592e-18
3.98605e-25
0.86111
0.84691
0.832203
0.817324
0.828098
0.837771
0.843493
0.846464
0.847465
0.851549
0.857115
0.858511
0.857184
0.852472
0.843581
0.829572
0.809399
0.781941
0.746071
0.700717
0.644976
0.578314
0.500896
0.414014
0.320612
0.227217
0.140508
0.0664835
0.0136338
0.000361292
1.561e-05
1.82292e-06
2.35877e-07
2.68975e-08
2.63087e-09
2.19023e-10
1.52399e-11
8.32246e-13
3.31695e-17
1.41946e-24
0.847814
0.833905
0.81952
0.804979
0.815583
0.825138
0.830907
0.834042
0.835304
0.839539
0.845203
0.846868
0.845928
0.841757
0.833601
0.820572
0.801656
0.775749
0.741719
0.698484
0.645117
0.581032
0.506274
0.421923
0.33056
0.238108
0.151194
0.0759643
0.0192386
0.000697486
2.30092e-05
2.44562e-06
3.14904e-07
3.60969e-08
3.54748e-09
2.96361e-10
2.06696e-11
1.13054e-12
1.13771e-16
4.97664e-24
0.834774
0.821154
0.807085
0.792876
0.80331
0.812742
0.818548
0.82183
0.823331
0.8277
0.833447
0.835358
0.834776
0.8311
0.823617
0.811481
0.793721
0.769261
0.736975
0.695772
0.6447
0.583119
0.51097
0.429143
0.339915
0.248589
0.1617
0.085477
0.0256811
0.00133389
3.48631e-05
3.29689e-06
4.19935e-07
4.83764e-08
4.77847e-09
4.0071e-10
2.80146e-11
1.53403e-12
3.86989e-16
1.72111e-23
0.82199
0.808655
0.794897
0.781014
0.791275
0.800582
0.806414
0.809827
0.811546
0.816033
0.821849
0.823987
0.823736
0.82052
0.813658
0.802343
0.785648
0.762531
0.731888
0.692622
0.643758
0.584608
0.515013
0.435694
0.348661
0.25863
0.171974
0.094946
0.0327211
0.00243069
5.39218e-05
4.47379e-06
5.59719e-07
6.47463e-08
6.42936e-09
5.41352e-10
3.79432e-11
2.0795e-12
1.30704e-15
5.88159e-23
0.809459
0.796405
0.782953
0.769389
0.779478
0.788657
0.794506
0.798034
0.799952
0.804541
0.810413
0.812759
0.812814
0.810028
0.803744
0.793191
0.777482
0.755614
0.726508
0.689078
0.642332
0.585532
0.518433
0.441597
0.356795
0.268205
0.181973
0.104296
0.0401869
0.0041416
8.51868e-05
6.11369e-06
7.45967e-07
8.65505e-08
8.64044e-09
7.30694e-10
5.13529e-11
2.81644e-12
4.38782e-15
1.98917e-22
0.79718
0.784403
0.771251
0.758002
0.767915
0.776964
0.782821
0.786451
0.788548
0.793225
0.799142
0.801677
0.802018
0.799632
0.793889
0.784049
0.769258
0.748554
0.720889
0.685192
0.640465
0.585931
0.521261
0.446876
0.364323
0.277296
0.191664
0.113506
0.0479274
0.00661758
0.000139136
8.42701e-06
9.93967e-07
1.15569e-07
1.15983e-08
9.85296e-10
6.94475e-11
3.81137e-12
1.46536e-14
6.66714e-22
0.785148
0.772646
0.75979
0.746846
0.756587
0.765502
0.771357
0.775076
0.777336
0.782088
0.788038
0.790745
0.791349
0.789339
0.784105
0.774933
0.761004
0.741389
0.715075
0.681014
0.638205
0.585845
0.523532
0.451555
0.371257
0.285895
0.201027
0.122566
0.0558103
0.00997777
0.000238788
1.17729e-05
1.32393e-06
1.54135e-07
1.55506e-08
1.32725e-09
9.38396e-11
5.15362e-12
4.41936e-14
2.21729e-21
0.773363
0.761132
0.748564
0.73592
0.745487
0.754269
0.760113
0.763908
0.766315
0.771129
0.777102
0.779965
0.780814
0.779154
0.774398
0.765857
0.752739
0.73415
0.709107
0.676588
0.635601
0.585321
0.525284
0.455663
0.377612
0.293996
0.210046
0.131483
0.0637514
0.0142091
0.000430523
1.6785e-05
1.76443e-06
2.05297e-07
2.08253e-08
1.78601e-09
1.26687e-10
6.96291e-12
1.08761e-13
7.32397e-21
0.761823
0.749855
0.737571
0.725221
0.734614
0.74326
0.749089
0.752947
0.755484
0.76035
0.766336
0.76934
0.770414
0.769081
0.764775
0.756829
0.744479
0.726858
0.703016
0.671955
0.632697
0.584404
0.526561
0.459237
0.383411
0.3016
0.218702
0.140233
0.0717049
0.0191996
0.000790184
2.45181e-05
2.35713e-06
2.73094e-07
2.78543e-08
2.40074e-09
1.70874e-10
9.39961e-12
2.26948e-13
2.4048e-20
0.750521
0.738814
0.726808
0.714746
0.723967
0.732474
0.738279
0.742192
0.744845
0.749751
0.755741
0.758871
0.760152
0.759125
0.755241
0.747859
0.736235
0.719532
0.696827
0.667148
0.629532
0.583135
0.527403
0.46231
0.388681
0.308715
0.226984
0.148782
0.0796342
0.024766
0.00142092
3.65412e-05
3.16214e-06
3.62962e-07
3.72082e-08
3.22345e-09
2.30251e-10
1.26782e-11
4.12512e-13
7.85511e-20
0.739456
0.728005
0.716273
0.704491
0.71354
0.721909
0.727683
0.731639
0.734397
0.739332
0.745318
0.74856
0.750031
0.749289
0.745803
0.738951
0.728017
0.712186
0.690561
0.662195
0.626142
0.581556
0.527849
0.46492
0.393451
0.315352
0.234881
0.157095
0.0874715
0.0307526
0.00243646
5.52484e-05
4.26223e-06
4.82194e-07
4.96431e-08
4.32311e-09
3.0995e-10
1.70855e-11
5.92678e-13
2.55404e-19
0.728625
0.717426
0.70596
0.694453
0.703332
0.711561
0.717298
0.721288
0.724138
0.729094
0.735067
0.738408
0.740054
0.739576
0.736463
0.730113
0.719833
0.70483
0.684234
0.657119
0.622555
0.579699
0.527938
0.467101
0.397745
0.321529
0.242393
0.165152
0.0951746
0.0370362
0.00394372
8.48609e-05
5.77254e-06
6.40352e-07
6.61609e-08
5.7912e-09
4.16802e-10
2.30038e-11
7.96614e-13
8.27013e-19
0.718023
0.707071
0.695867
0.684626
0.693337
0.701427
0.707122
0.711138
0.714066
0.719035
0.72499
0.728417
0.730221
0.729989
0.727225
0.72135
0.711689
0.697475
0.677859
0.651938
0.618797
0.577597
0.527704
0.468889
0.401594
0.327273
0.249522
0.172938
0.102732
0.0434987
0.00605927
0.00013376
7.86635e-06
8.49761e-07
8.80801e-08
7.74903e-09
5.59895e-10
3.09432e-11
1.06982e-12
2.66784e-18
0.707648
0.696938
0.685988
0.675007
0.683553
0.691504
0.697153
0.701186
0.704183
0.709156
0.715084
0.718588
0.720535
0.72053
0.718094
0.712666
0.703592
0.690128
0.671448
0.646667
0.614887
0.575274
0.527177
0.470316
0.405032
0.332604
0.256278
0.180448
0.110142
0.0500459
0.00885597
0.000219458
1.0831e-05
1.12658e-06
1.17117e-07
1.03571e-08
7.51305e-10
4.15826e-11
1.43549e-12
8.57597e-18
0.697495
0.687021
0.676318
0.66559
0.673973
0.681788
0.687386
0.69143
0.694486
0.699455
0.705351
0.70892
0.710998
0.711202
0.709072
0.704066
0.695549
0.682798
0.66501
0.641319
0.610844
0.572753
0.526384
0.471412
0.408089
0.337539
0.262671
0.187683
0.117418
0.0566169
0.0123223
0.000374781
1.51561e-05
1.49337e-06
1.55498e-07
1.38266e-08
1.00706e-09
5.5825e-11
1.92449e-12
2.74765e-17
0.687559
0.677315
0.666853
0.656369
0.664594
0.672273
0.677819
0.681867
0.684973
0.689933
0.69579
0.699413
0.701609
0.702007
0.700163
0.695553
0.687563
0.675491
0.658554
0.635906
0.606681
0.570053
0.525348
0.472204
0.41079
0.342096
0.26871
0.194639
0.124548
0.0631812
0.0163797
0.000651551
2.16255e-05
1.98209e-06
2.06173e-07
1.84342e-08
1.34839e-09
7.487e-11
2.5778e-12
8.77493e-17
0.677835
0.667815
0.657587
0.64734
0.655411
0.662957
0.668448
0.672495
0.675643
0.680587
0.686401
0.690069
0.69237
0.692946
0.69137
0.687132
0.67964
0.668213
0.652088
0.630438
0.602412
0.567189
0.524088
0.472712
0.413159
0.346294
0.274405
0.201318
0.131513
0.0697154
0.0208978
0.00111954
3.13725e-05
2.63758e-06
2.73053e-07
2.45457e-08
1.80324e-09
1.00309e-10
3.44981e-12
2.79358e-16
0.668318
0.658516
0.648514
0.638495
0.646416
0.653832
0.659268
0.66331
0.666492
0.671416
0.677183
0.680887
0.683281
0.684021
0.682693
0.678807
0.671785
0.660971
0.64562
0.624925
0.598048
0.564177
0.522622
0.472958
0.415217
0.350152
0.279769
0.207718
0.138298
0.0761788
0.0257634
0.00185709
4.60195e-05
3.51996e-06
3.61339e-07
3.26411e-08
2.4088e-09
1.34243e-10
4.61258e-12
8.86596e-16
0.659002
0.649411
0.639627
0.629827
0.637605
0.644895
0.650275
0.654308
0.657519
0.662418
0.668134
0.671867
0.674344
0.675233
0.674136
0.670578
0.664004
0.65377
0.639156
0.619374
0.593599
0.561028
0.520965
0.472957
0.416979
0.353685
0.284812
0.213843
0.144891
0.0825332
0.0308822
0.00294163
6.81338e-05
4.70951e-06
4.77795e-07
4.33538e-08
3.21385e-09
1.79474e-10
6.16118e-12
2.80502e-15
0.649881
0.640494
0.630919
0.621328
0.628969
0.636139
0.641463
0.645485
0.64872
0.65359
0.659253
0.663007
0.665557
0.666582
0.6657
0.662451
0.656297
0.646616
0.632704
0.613794
0.589076
0.557755
0.519131
0.472726
0.418461
0.356899
0.289549
0.219696
0.151285
0.0887685
0.0361683
0.00445323
0.000102344
6.31943e-06
6.31048e-07
5.75115e-08
4.28286e-09
2.39681e-10
8.2224e-12
8.84462e-15
0.640949
0.631757
0.622382
0.612989
0.620502
0.627557
0.632827
0.636836
0.640091
0.64493
0.650536
0.654307
0.65692
0.658071
0.657387
0.654427
0.64867
0.639512
0.62627
0.608192
0.584488
0.554369
0.517133
0.472279
0.41968
0.359808
0.294
0.225283
0.157477
0.094886
0.0415418
0.00646703
0.000157631
8.5242e-06
8.32139e-07
7.61864e-08
5.70044e-09
3.19727e-10
1.09626e-11
2.78072e-14
0.632197
0.623191
0.614005
0.604799
0.612193
0.619141
0.624361
0.628357
0.631628
0.636434
0.641983
0.645764
0.648433
0.649697
0.649198
0.646509
0.641125
0.632463
0.619858
0.602578
0.579844
0.55088
0.514981
0.47163
0.420651
0.362434
0.298176
0.230613
0.163469
0.100896
0.0469496
0.00900298
0.000251066
1.16088e-05
1.09575e-06
1.00759e-07
7.57736e-09
4.26021e-10
1.46015e-11
8.15865e-14
0.623617
0.614787
0.605779
0.596746
0.604032
0.610883
0.616058
0.620041
0.623327
0.628099
0.633589
0.637376
0.640095
0.641462
0.641134
0.638698
0.633667
0.625475
0.613475
0.596955
0.575152
0.547298
0.512689
0.470791
0.421388
0.364793
0.302078
0.235692
0.169261
0.106799
0.0523616
0.0120325
0.000410799
1.60351e-05
1.44212e-06
1.33015e-07
1.0058e-08
5.66984e-10
1.94287e-11
1.91695e-13
0.6152
0.606535
0.597691
0.588818
0.596009
0.602773
0.607909
0.611883
0.615181
0.619919
0.625351
0.629141
0.631903
0.633365
0.633195
0.630996
0.626297
0.61855
0.607126
0.591331
0.570419
0.543631
0.510266
0.469774
0.421903
0.366895
0.305712
0.240523
0.174853
0.112587
0.057761
0.0154814
0.000677387
2.24902e-05
1.89939e-06
1.75285e-07
1.33299e-08
7.53656e-10
2.58249e-11
3.40031e-13
0.606934
0.598422
0.589729
0.580999
0.588109
0.594799
0.599905
0.603874
0.607187
0.611891
0.617266
0.621055
0.623855
0.625403
0.625381
0.623404
0.619018
0.611692
0.600816
0.585713
0.565653
0.539889
0.507722
0.46859
0.422207
0.368752
0.309085
0.24511
0.180247
0.118251
0.06313
0.0192665
0.00110098
3.1924e-05
2.50542e-06
2.30651e-07
1.76364e-08
1.00047e-09
3.42903e-11
4.87929e-13
0.598809
0.590435
0.581876
0.573273
0.580318
0.58695
0.592036
0.596006
0.599335
0.604008
0.609327
0.613116
0.615949
0.617577
0.617692
0.615923
0.611832
0.604904
0.594549
0.580106
0.560861
0.53608
0.505067
0.46725
0.422312
0.370371
0.312197
0.24946
0.18544
0.123782
0.0684375
0.0233109
0.00173695
4.56485e-05
3.30932e-06
3.03138e-07
2.32957e-08
1.32623e-09
4.54798e-11
6.46997e-13
0.590809
0.582558
0.574117
0.565624
0.572621
0.579211
0.584291
0.588269
0.591619
0.596265
0.601531
0.605318
0.608183
0.609884
0.610126
0.608553
0.60474
0.59819
0.588329
0.574515
0.55605
0.532213
0.50231
0.465763
0.422227
0.371765
0.315052
0.253586
0.190434
0.12917
0.0736608
0.0275475
0.00263986
6.56725e-05
4.37486e-06
3.9789e-07
3.07225e-08
1.75548e-09
6.02501e-11
8.57142e-13
0.58292
0.574775
0.566434
0.558033
0.565001
0.571567
0.576655
0.580652
0.584028
0.588652
0.593871
0.597657
0.600551
0.602321
0.602683
0.601293
0.597743
0.59155
0.582159
0.568945
0.551226
0.528294
0.49946
0.46414
0.421964
0.372944
0.317668
0.257495
0.195233
0.134411
0.0787934
0.0319116
0.00387086
9.54113e-05
5.78975e-06
5.21378e-07
4.04528e-08
2.32023e-09
7.97195e-11
1.13447e-12
0.575125
0.567068
0.55881
0.55048
0.557439
0.564001
0.569115
0.573143
0.576553
0.581161
0.586339
0.590127
0.59305
0.594885
0.59536
0.594144
0.590842
0.584988
0.576044
0.563402
0.546396
0.524331
0.496526
0.46239
0.421534
0.37392
0.320056
0.261184
0.199838
0.139505
0.083837
0.0363453
0.00548245
0.00014117
7.68422e-06
6.81773e-07
5.31723e-08
3.06201e-09
1.05347e-10
1.50004e-12
0.567407
0.559421
0.551223
0.542947
0.549917
0.556497
0.561655
0.565728
0.569182
0.573783
0.578927
0.582722
0.585675
0.587573
0.588156
0.587104
0.584037
0.578504
0.569985
0.557888
0.541564
0.520331
0.493514
0.460522
0.420944
0.374701
0.322227
0.264653
0.204251
0.14445
0.0887999
0.0408097
0.00749307
0.000214243
1.02649e-05
8.89675e-07
6.97535e-08
4.03461e-09
1.3903e-10
1.98138e-12
0.559748
0.551811
0.543656
0.535416
0.542415
0.549034
0.554259
0.558392
0.561902
0.566506
0.571625
0.575433
0.578419
0.580381
0.581066
0.58017
0.577327
0.5721
0.563985
0.552408
0.536736
0.5163
0.490435
0.458545
0.420205
0.375297
0.324186
0.267905
0.208472
0.149246
0.0936819
0.0452817
0.00988953
0.000332789
1.38572e-05
1.15948e-06
9.13094e-08
5.30719e-09
1.83234e-10
2.61437e-12
0.552126
0.54422
0.53609
0.527869
0.534916
0.541596
0.546908
0.551121
0.554698
0.559317
0.564423
0.568251
0.571276
0.573302
0.574088
0.573343
0.570712
0.565776
0.558046
0.546965
0.531917
0.512245
0.487293
0.456468
0.419327
0.375716
0.32594
0.270938
0.212504
0.153892
0.0984785
0.0497482
0.0126253
0.000522966
1.89429e-05
1.51087e-06
1.1928e-07
6.96864e-09
2.41152e-10
3.44575e-12
0.544524
0.536629
0.528507
0.520291
0.527403
0.534165
0.539586
0.543896
0.547557
0.552203
0.557307
0.561167
0.564236
0.56633
0.567217
0.566617
0.56419
0.559532
0.552169
0.541562
0.52711
0.508171
0.484098
0.454297
0.418316
0.375969
0.327498
0.273752
0.216354
0.158387
0.103182
0.0541975
0.0156454
0.000817728
2.61865e-05
1.97018e-06
1.55544e-07
9.13331e-09
3.16904e-10
4.53625e-12
0.536922
0.529022
0.520893
0.512673
0.51986
0.526723
0.532275
0.536701
0.540461
0.545149
0.550266
0.554168
0.557292
0.559458
0.560447
0.55999
0.55776
0.553367
0.546356
0.536202
0.52232
0.504083
0.480854
0.452042
0.417184
0.376063
0.328868
0.276361
0.220031
0.162731
0.107788
0.0586111
0.018895
0.00125489
3.64699e-05
2.57119e-06
2.02548e-07
1.19485e-08
4.15804e-10
5.96464e-12
0.529303
0.521383
0.513238
0.505013
0.512278
0.519256
0.524958
0.52952
0.533395
0.53814
0.543285
0.547243
0.550431
0.552678
0.553772
0.553456
0.551418
0.547281
0.540606
0.530885
0.517549
0.499986
0.477569
0.44971
0.415936
0.376007
0.33006
0.278776
0.223527
0.166926
0.112288
0.0629653
0.0223217
0.00187418
5.10211e-05
3.35641e-06
2.63419e-07
1.56043e-08
5.44698e-10
7.83287e-12
0.521652
0.513702
0.50554
0.497341
0.504656
0.511754
0.517622
0.522336
0.526342
0.53116
0.536349
0.540378
0.543643
0.545979
0.547184
0.547011
0.545161
0.541272
0.53492
0.525614
0.512802
0.495885
0.474247
0.447306
0.414582
0.37581
0.331082
0.281003
0.226843
0.17097
0.116678
0.0672514
0.0258789
0.0027152
7.17228e-05
4.38078e-06
3.42088e-07
2.03452e-08
7.124e-10
1.02727e-11
0.513959
0.505978
0.497828
0.489767
0.497023
0.504215
0.510256
0.515136
0.519288
0.524193
0.529442
0.533558
0.536916
0.539352
0.540676
0.540649
0.538984
0.535337
0.529297
0.52039
0.50808
0.491783
0.470895
0.444838
0.413129
0.37548
0.331942
0.28305
0.22998
0.174861
0.120954
0.0714676
0.0295161
0.00382638
0.000101694
5.71985e-06
4.43468e-07
2.64834e-08
9.30251e-10
1.34541e-11
0.506222
0.49824
0.490215
0.482666
0.489488
0.496667
0.502858
0.507909
0.512219
0.517224
0.522549
0.52677
0.530234
0.532785
0.534236
0.534361
0.532884
0.529473
0.523736
0.515213
0.503385
0.487683
0.467517
0.442313
0.411583
0.375024
0.332646
0.28492
0.232937
0.1786
0.125115
0.0756168
0.0331966
0.00523563
0.000146512
7.48475e-06
5.73691e-07
3.44163e-08
1.2128e-09
1.75964e-11
0.498471
0.4906
0.483076
0.477249
0.482424
0.489219
0.495456
0.500655
0.505125
0.510242
0.515657
0.519998
0.523585
0.526265
0.527856
0.528139
0.526852
0.523676
0.518233
0.510082
0.498718
0.48359
0.464117
0.439734
0.409952
0.37445
0.333202
0.28662
0.235707
0.182189
0.129161
0.0797034
0.0368954
0.0069507
0.000215258
9.84907e-06
7.40538e-07
4.46425e-08
1.57868e-09
2.29817e-11
0.490819
0.483436
0.47763
0.477036
0.482239
0.488155
0.493399
0.498005
0.503235
0.508752
0.513228
0.516956
0.51978
0.521523
0.521975
0.520882
0.517941
0.512788
0.504997
0.494082
0.479505
0.4607
0.437109
0.408242
0.373764
0.333617
0.288156
0.238301
0.185641
0.133089
0.0837247
0.040598
0.00895759
0.000321675
1.30762e-05
9.54684e-07
5.77739e-08
2.05158e-09
2.99725e-11
0.483643
0.477971
0.476915
0.481316
0.486246
0.490885
0.496204
0.501824
0.506449
0.510332
0.513315
0.515226
0.515857
0.514967
0.512262
0.507395
0.499956
0.489475
0.47543
0.457269
0.434441
0.406459
0.372974
0.333899
0.289537
0.240727
0.188949
0.136902
0.0876773
0.044295
0.0112233
0.000484617
1.75473e-05
1.23048e-06
7.4618e-08
2.6613e-09
3.90333e-11
0.478169
0.476102
0.479548
0.483868
0.489173
0.494873
0.499651
0.503701
0.50686
0.508952
0.509776
0.509097
0.506634
0.502051
0.494956
0.484897
0.471367
0.453826
0.431736
0.404608
0.372086
0.334055
0.290768
0.242993
0.19211
0.140599
0.0915567
0.0479771
0.0137109
0.000727307
2.37818e-05
1.58688e-06
9.621e-08
3.44615e-09
5.07544e-11
0.474443
0.4773
0.482244
0.487925
0.492833
0.497056
0.500402
0.50269
0.50372
0.503262
0.501046
0.49675
0.489995
0.480347
0.467315
0.450375
0.428997
0.402695
0.371107
0.334091
0.291857
0.245105
0.195124
0.144177
0.0953583
0.0516315
0.0163818
0.00107641
3.24608e-05
2.04801e-06
1.23884e-07
4.45459e-09
6.58976e-11
0.472296
0.475761
0.481079
0.48602
0.490394
0.493933
0.496429
0.497678
0.497454
0.495493
0.491486
0.48507
0.475824
0.463277
0.446917
0.426227
0.400725
0.370041
0.334013
0.29281
0.247066
0.197992
0.147636
0.0990771
0.0552392
0.0191981
0.00156029
4.45022e-05
2.64368e-06
1.59339e-07
5.74869e-09
8.5425e-11
0.470822
0.474674
0.47931
0.483741
0.487453
0.490162
0.491641
0.491662
0.489965
0.486252
0.480174
0.471325
0.45925
0.443454
0.42343
0.398701
0.368894
0.333827
0.293631
0.248881
0.200712
0.150973
0.102709
0.0587936
0.0221235
0.0022076
6.12296e-05
3.4111e-06
2.04693e-07
7.40761e-09
1.10567e-10
0.469797
0.473035
0.477191
0.480983
0.483887
0.485601
0.485876
0.484453
0.481041
0.475302
0.466847
0.455235
0.439986
0.420608
0.396629
0.367671
0.333539
0.294327
0.250554
0.203278
0.154191
0.106251
0.0622922
0.0251193
0.00305392
8.46924e-05
4.3991e-06
2.62564e-07
9.53175e-09
1.42891e-10
0.468259
0.471069
0.474618
0.477627
0.479557
0.480091
0.47895
0.475846
0.470449
0.462385
0.451228
0.436515
0.417762
0.39451
0.366378
0.333154
0.294902
0.252089
0.205698
0.1573
0.109702
0.065736
0.0281556
0.00412265
0.000118353
5.67656e-06
3.36192e-07
1.22476e-08
1.84395e-10
0.466411
0.468672
0.471471
0.473532
0.474305
0.47345
0.470659
0.465608
0.457935
0.447227
0.433037
0.414895
0.392348
0.365017
0.332677
0.295363
0.253493
0.20798
0.160295
0.113062
0.0691287
0.031211
0.00542488
0.000167703
7.34734e-06
4.29687e-07
1.57138e-08
2.37614e-10
0.46415
0.465724
0.46761
0.468541
0.467951
0.465475
0.460775
0.453492
0.44323
0.429553
0.412006
0.390145
0.363592
0.332113
0.295715
0.254771
0.210128
0.163172
0.116332
0.072469
0.0342722
0.00695791
0.000240977
9.56667e-06
5.48476e-07
2.01287e-08
3.05756e-10
0.461355
0.462086
0.462879
0.462475
0.460294
0.455943
0.449052
0.439232
0.426061
0.409096
0.387903
0.362107
0.331465
0.295962
0.255928
0.212147
0.165929
0.119509
0.0757546
0.0373313
0.00870307
0.000349651
1.25614e-05
6.9973e-07
2.57431e-08
3.92875e-10
0.457889
0.457601
0.4571
0.455137
0.451114
0.444611
0.435231
0.422558
0.406164
0.385623
0.360564
0.330738
0.296109
0.256967
0.21404
0.168566
0.122592
0.0789825
0.0403808
0.0106383
0.000508253
1.66523e-05
8.92953e-07
3.28776e-08
5.04087e-10
0.453594
0.452093
0.450076
0.446307
0.440171
0.431223
0.419043
0.40321
0.383306
0.358966
0.329934
0.296158
0.257893
0.215811
0.171083
0.125579
0.0821491
0.0434132
0.0127369
0.000734146
2.22719e-05
1.14067e-06
4.19433e-08
6.45866e-10
0.448294
0.445366
0.441592
0.435749
0.427211
0.415514
0.400231
0.380951
0.357313
0.329057
0.296115
0.258708
0.21746
0.17348
0.12847
0.0852508
0.0464168
0.014971
0.00104675
2.99931e-05
1.45894e-06
5.34675e-08
8.26429e-10
0.441795
0.437205
0.431411
0.423212
0.411974
0.397228
0.378559
0.355606
0.328109
0.295981
0.259417
0.218991
0.175749
0.131265
0.0882837
0.0493808
0.0173132
0.00146637
4.05878e-05
1.86769e-06
6.81258e-08
1.05622e-09
0.433882
0.427377
0.419286
0.408438
0.394204
0.37613
0.353848
0.32709
0.29576
0.260022
0.220407
0.177898
0.133971
0.0912453
0.0523006
0.0197347
0.00201555
5.51429e-05
2.39178e-06
8.67702e-08
1.34855e-09
0.424324
0.415636
0.404962
0.391173
0.373668
0.352038
0.326004
0.295453
0.260526
0.221711
0.17993
0.136583
0.0941345
0.0551743
0.0222074
0.0027179
7.53034e-05
3.06319e-06
1.10464e-07
1.7203e-09
0.412875
0.401727
0.388186
0.371186
0.350181
0.324851
0.295063
0.260932
0.222905
0.18185
0.139095
0.096949
0.0580026
0.0247092
0.00358947
0.00010366
3.92563e-06
1.40534e-07
2.19283e-09
0.399283
0.385401
0.368727
0.348287
0.323635
0.294592
0.261241
0.223991
0.183658
0.141507
0.0996873
0.0607865
0.0272244
0.0046385
0.000144128
5.04228e-06
1.78654e-07
2.79309e-09
0.383297
0.366426
0.346393
0.322365
0.294041
0.261454
0.224971
0.185357
0.143814
0.102347
0.0635247
0.0297423
0.00586365
0.000202378
6.50616e-06
2.26999e-07
3.55502e-09
0.364686
0.344609
0.321068
0.293418
0.261574
0.225846
0.186945
0.146017
0.104926
0.0662143
0.0322561
0.00725393
0.000286142
8.45376e-06
2.88424e-07
4.52253e-09
0.343255
0.319827
0.29274
0.261603
0.226616
0.188423
0.148112
0.10742
0.0688519
0.0347594
0.00879532
0.000405164
1.10801e-05
3.66708e-07
5.75143e-09
0.318877
0.292059
0.261549
0.227278
0.189788
0.150097
0.109827
0.0714338
0.0372461
0.0104695
0.000571205
1.46534e-05
4.66881e-07
7.31137e-09
0.291523
0.261433
0.22783
0.191034
0.151965
0.112143
0.0739551
0.0397083
0.0122562
0.000797548
1.9545e-05
5.95408e-07
9.29332e-09
0.26131
0.228261
0.192144
0.153707
0.11436
0.0764098
0.0421346
0.0141354
0.00109843
2.62618e-05
7.61058e-07
1.18127e-08
0.228537
0.193079
0.155295
0.116461
0.0787884
0.0445181
0.0160858
0.00148859
3.55038e-05
9.74709e-07
1.50317e-08
0.193722
0.15666
0.118413
0.0810731
0.0468507
0.018083
0.00198656
4.82615e-05
1.25038e-06
1.9144e-08
0.157615
0.12012
0.0832221
0.0491169
0.0201056
0.00260612
6.60374e-05
1.60627e-06
2.44019e-08
0.12133
0.0851269
0.0512787
0.02213
0.00335662
9.10429e-05
2.06728e-06
3.11288e-08
0.0864919
0.0532265
0.0241188
0.00424154
0.000126462
2.66871e-06
3.9743e-08
0.0546489
0.0259752
0.00525416
0.000176706
3.462e-06
5.07951e-08
0.027394
0.0063635
0.000247483
4.52299e-06
6.5023e-08
0.00739954
0.000345325
5.96157e-06
8.3435e-08
0.000474012
7.92937e-06
1.07399e-07
1.05045e-05
1.38764e-07
1.78375e-07
)
;

boundaryField
{
    wallTube
    {
        type            zeroGradient;
    }
    outlet
    {
        type            zeroGradient;
    }
    inletPilot
    {
        type            zeroGradient;
    }
    inletAir
    {
        type            zeroGradient;
    }
    wallOutside
    {
        type            zeroGradient;
    }
    inletCH4
    {
        type            zeroGradient;
    }
    frontAndBack_pos
    {
        type            wedge;
    }
    frontAndBack_neg
    {
        type            wedge;
    }
}


// ************************************************************************* //
