/*--------------------------------*- C++ -*----------------------------------*\
| =========                 |                                                 |
| \\      /  F ield         | OpenFOAM: The Open Source CFD Toolbox           |
|  \\    /   O peration     | Version:  1.6.x                                 |
|   \\  /    A nd           | Web:      www.OpenFOAM.org                      |
|    \\/     M anipulation  |                                                 |
\*---------------------------------------------------------------------------*/
FoamFile
{
    version     2.0;
    format      ascii;
    class       volScalarField;
    location    "7000";
    object      YStar(H2O);
}
// * * * * * * * * * * * * * * * * * * * * * * * * * * * * * * * * * * * * * //

dimensions      [0 0 0 0 0 0 0];

internalField   nonuniform List<scalar> 
4608
(
0.110686
0.110686
0.110686
0.111119
0.110686
0.110686
0.110686
0.110709
0.111283
0.113095
0.110686
0.110686
0.110686
0.110686
0.110687
0.110739
0.111365
0.112833
0.117839
0.110686
0.110686
0.110686
0.110686
0.110686
0.11069
0.110771
0.111414
0.112623
0.116343
0.0962295
0.117232
0.110686
0.110686
0.110686
0.110686
0.110686
0.110695
0.110803
0.111463
0.112482
0.115626
0.120802
0.0945035
0.0942174
0.0911767
0.110686
0.110686
0.110686
0.110686
0.110687
0.110701
0.110836
0.111484
0.112489
0.115153
0.119387
0.108202
0.0941333
0.094204
0.0942002
0.0655007
0.110686
0.110686
0.110686
0.110686
0.110688
0.110709
0.110868
0.111458
0.112293
0.114929
0.118513
0.122649
0.0696698
0.0938312
0.0941993
0.0942
0.0942
0.0324766
0.110686
0.110686
0.110686
0.110686
0.11069
0.110718
0.110892
0.111419
0.112038
0.114502
0.118099
0.121671
0.0806867
0.0426626
0.094196
0.0942
0.0941999
0.0941999
0.0155761
0.110686
0.110686
0.110686
0.110686
0.110692
0.110728
0.110909
0.1114
0.111967
0.113964
0.117531
0.121112
0.0944381
0.0534209
0.026357
0.0941999
0.0941999
0.0941999
0.0941999
0.0042058
0.110686
0.110686
0.110686
0.110686
0.110696
0.110737
0.110922
0.111403
0.111989
0.113724
0.116738
0.120436
0.105155
0.0663068
0.0364264
0.0117478
0.0941999
0.0941999
0.0942
0.0942
0.0004943
0.110686
0.110686
0.110686
0.110686
0.110699
0.110747
0.110934
0.111441
0.112033
0.113654
0.116299
0.119523
0.118458
0.0769854
0.0480038
0.0192367
0.00315727
0.0942
0.0942
0.0942
0.0942
4.13854e-05
0.110686
0.110686
0.110686
0.110686
0.110704
0.110756
0.110947
0.111452
0.112136
0.113646
0.11611
0.118937
0.122203
0.0900273
0.0585281
0.0283281
0.00721975
0.000370539
0.0942
0.0942
0.0942
0.0942
7.72025e-06
0.110686
0.110686
0.110686
0.110686
0.110709
0.110765
0.11096
0.111424
0.112151
0.113711
0.116013
0.118614
0.121486
0.108386
0.0707811
0.0376116
0.0132451
0.00131312
3.48453e-05
0.0942
0.0942
0.0942
0.0942
2.42346e-06
0.110686
0.110686
0.110686
0.110686
0.110714
0.110773
0.110968
0.111435
0.112062
0.113722
0.116004
0.118398
0.121026
0.12212
0.087732
0.0482172
0.0206359
0.0035683
0.000115365
6.96664e-06
0.0942
0.0942
0.0942
0.0942
9.20498e-07
0.110686
0.110686
0.110686
0.110686
0.110719
0.110781
0.110974
0.111483
0.112067
0.113625
0.115956
0.118278
0.120677
0.122473
0.101459
0.0633556
0.029485
0.00801065
0.000383137
1.56351e-05
2.35354e-06
0.0942
0.0942
0.0942
0.0942
3.5912e-07
0.110686
0.110686
0.110686
0.110686
0.110725
0.110788
0.110984
0.111573
0.112138
0.113585
0.115802
0.118151
0.120441
0.12205
0.111778
0.076182
0.0419665
0.0145574
0.00144483
3.48479e-05
4.33129e-06
9.68094e-07
0.0942
0.0942
0.0942
0.0942
1.35414e-07
0.110686
0.110686
0.110686
0.110686
0.11073
0.110794
0.111002
0.111669
0.112263
0.113606
0.115701
0.117943
0.120228
0.121744
0.120451
0.0863929
0.0533227
0.0242042
0.00425849
0.000107064
7.27888e-06
1.70707e-06
4.08892e-07
0.0942
0.0942
0.0942
0.0942
4.83014e-08
0.110686
0.110686
0.110686
0.110686
0.110736
0.110801
0.111021
0.111742
0.112378
0.113681
0.115659
0.117779
0.119956
0.121472
0.122711
0.0954484
0.0627908
0.0336499
0.010707
0.00045708
1.30706e-05
2.60545e-06
7.5071e-07
1.64861e-07
0.0942
0.0942
0.0942
0.0942
1.61533e-08
0.110686
0.110686
0.110686
0.110686
0.110742
0.110808
0.111039
0.111834
0.112449
0.113762
0.115668
0.117669
0.119727
0.121149
0.122396
0.102875
0.0717047
0.0420798
0.0181511
0.00249706
3.24589e-05
3.75221e-06
1.1433e-06
3.274e-07
6.16691e-08
0.0942
0.0942
0.0942
0.0942
5.03627e-09
0.110686
0.110686
0.110686
0.110686
0.110747
0.110815
0.111074
0.111946
0.112545
0.113814
0.115686
0.117608
0.119554
0.120877
0.122045
0.109556
0.0793496
0.0501941
0.0252806
0.00690013
0.000193478
6.16674e-06
1.57118e-06
5.20753e-07
1.34034e-07
2.11598e-08
0.0942
0.0942
0.0942
0.0942
1.45593e-09
0.110686
0.110686
0.110686
0.110752
0.110823
0.111127
0.112077
0.112658
0.113879
0.115683
0.117561
0.119426
0.120666
0.121741
0.116759
0.0863976
0.0575712
0.0322291
0.0122877
0.00116689
1.49282e-05
2.21751e-06
7.3085e-07
2.27696e-07
5.02372e-08
6.62307e-09
0.0942
0.0942
0.0942
0.0942
3.87836e-10
0.110686
0.110686
0.110757
0.110833
0.111199
0.112233
0.112786
0.113955
0.115696
0.117502
0.119318
0.1205
0.121497
0.122918
0.0939171
0.0646073
0.0388616
0.018003
0.00355499
6.57663e-05
3.44918e-06
9.97126e-07
3.35813e-07
9.19319e-08
1.70456e-08
1.88279e-09
0.0942
0.0942
0.0942
0.0942
9.45278e-11
0.110686
0.110762
0.110846
0.111299
0.112415
0.112936
0.114043
0.115723
0.11746
0.119206
0.120356
0.1213
0.122636
0.100612
0.0721504
0.0453062
0.0236455
0.00741443
0.000349597
6.77151e-06
1.35794e-06
4.65203e-07
1.44299e-07
3.36045e-08
5.20442e-09
4.83793e-10
0.0942
0.0942
0.0942
0.0942
2.0921e-11
0.110767
0.110868
0.111436
0.112619
0.113108
0.114148
0.115762
0.117435
0.119111
0.120209
0.121126
0.122398
0.106378
0.0789324
0.0522965
0.0291921
0.0118443
0.00143692
1.86624e-05
1.92618e-06
6.2154e-07
2.0791e-07
5.63744e-08
1.1008e-08
1.42328e-09
1.11761e-10
0.0942
0.0942
0.0942
0.0942
4.17132e-12
0.110774
0.110904
0.111611
0.11284
0.113296
0.114271
0.115818
0.117424
0.119035
0.120082
0.120956
0.122187
0.1114
0.0848822
0.0588505
0.0351862
0.016435
0.00368489
8.17492e-05
3.14034e-06
8.12135e-07
2.83674e-07
8.55197e-08
1.97236e-08
3.21119e-09
3.47007e-10
2.30728e-11
0.0942
0.0942
0.0942
7.43248e-13
0.110782
0.110965
0.111824
0.113078
0.1135
0.114411
0.115892
0.117431
0.118976
0.119976
0.120805
0.121983
0.115924
0.0902117
0.064711
0.0410383
0.0213652
0.00688456
0.000395109
6.51635e-06
1.09455e-06
3.71012e-07
1.21242e-07
3.16588e-08
6.12614e-09
8.2997e-10
7.50432e-11
4.2297e-12
0.0942
0.0942
1.17421e-13
0.110795
0.111065
0.112074
0.113334
0.113718
0.114565
0.11598
0.117455
0.118935
0.119889
0.120676
0.1218
0.120261
0.0951001
0.0700874
0.0464938
0.0262924
0.0106822
0.00135689
1.83365e-05
1.59558e-06
4.7901e-07
1.6323e-07
4.70376e-08
1.04118e-08
1.6789e-09
1.89116e-10
1.43164e-11
6.84046e-13
0.0942
1.63223e-14
0.110817
0.111223
0.112356
0.113606
0.11395
0.114735
0.116082
0.117494
0.118913
0.11982
0.120567
0.121642
0.122851
0.0997894
0.0751034
0.0516337
0.0310807
0.0146886
0.00328459
7.39057e-05
2.65745e-06
6.26175e-07
2.12811e-07
6.59109e-08
1.62715e-08
3.01674e-09
4.03797e-10
3.77942e-11
2.39585e-12
9.69526e-14
1.98184e-15
0.11086
0.11145
0.112664
0.113895
0.114196
0.114917
0.116197
0.117546
0.118905
0.11977
0.120476
0.121503
0.122663
0.104091
0.079949
0.0565565
0.0357085
0.0186781
0.00603838
0.000332078
5.47e-06
8.5225e-07
2.7355e-07
8.85356e-08
2.38499e-08
4.96288e-09
7.65076e-10
8.47843e-11
6.5902e-12
3.4969e-13
1.19651e-14
2.08755e-16
0.110944
0.111751
0.112999
0.114202
0.114455
0.115112
0.116325
0.117612
0.118912
0.119735
0.120404
0.121384
0.122495
0.108011
0.0844391
0.0613786
0.0402105
0.0225996
0.00912758
0.00112072
1.45887e-05
1.25841e-06
3.52837e-07
1.15707e-07
3.32916e-08
7.62501e-09
1.32381e-09
1.68844e-10
1.54617e-11
9.97373e-13
4.42599e-14
1.27781e-15
1.89546e-17
0.111111
0.112118
0.113362
0.114528
0.11473
0.11532
0.116463
0.117689
0.118932
0.119715
0.120348
0.121283
0.122346
0.111594
0.0885795
0.0658853
0.044654
0.0265046
0.01233
0.00262645
5.5002e-05
2.09118e-06
4.66362e-07
1.49135e-07
4.48427e-08
1.11038e-08
2.13276e-09
3.06714e-10
3.22491e-11
2.43654e-12
1.30326e-13
4.83087e-15
1.17393e-16
1.47489e-18
0.111426
0.112546
0.113757
0.114874
0.11502
0.115541
0.116613
0.117778
0.118964
0.119709
0.120307
0.121199
0.122216
0.11483
0.092431
0.0700727
0.0489174
0.0304127
0.0155741
0.00476103
0.000228555
4.15653e-06
6.43017e-07
1.92276e-07
5.89737e-08
1.55139e-08
3.24539e-09
5.1778e-10
6.13521e-11
5.30319e-12
3.30151e-13
1.46294e-14
4.52272e-16
9.22714e-18
9.78314e-20
0.111914
0.113031
0.11418
0.115238
0.115327
0.115775
0.116773
0.117877
0.119009
0.119716
0.120281
0.12113
0.122104
0.117724
0.0959826
0.0740211
0.052977
0.0342375
0.0188273
0.00721448
0.000750289
1.00661e-05
9.47231e-07
2.50943e-07
7.65816e-08
2.10178e-08
4.71831e-09
8.23561e-10
1.08364e-10
1.05362e-11
7.47134e-13
3.82841e-14
1.40385e-15
3.61374e-17
6.17406e-19
5.50531e-21
0.11252
0.113558
0.114625
0.115616
0.11565
0.116023
0.116944
0.117986
0.119064
0.119735
0.120268
0.121078
0.122008
0.120298
0.099227
0.0777271
0.0568673
0.0379481
0.0220763
0.00982159
0.0017775
3.15237e-05
1.52773e-06
3.34912e-07
9.91678e-08
2.78786e-08
6.61813e-09
1.24771e-09
1.8005e-10
1.9431e-11
1.54546e-12
8.97628e-14
3.78196e-15
1.14636e-16
2.45295e-18
3.50082e-20
2.61723e-22
0.113165
0.114102
0.115081
0.116002
0.115987
0.116284
0.117125
0.118104
0.119128
0.119764
0.120268
0.12104
0.121928
0.122561
0.102175
0.0811762
0.0605774
0.0415537
0.0253029
0.0124893
0.00335016
0.000116382
2.79408e-06
4.61901e-07
1.29052e-07
3.65242e-08
9.03354e-09
1.81694e-09
2.84342e-10
3.3682e-11
2.9688e-12
1.9272e-13
9.15677e-15
3.16934e-16
7.93212e-18
1.40848e-19
1.67538e-21
1.04708e-23
0.113798
0.114642
0.115536
0.116388
0.116332
0.116559
0.117317
0.11823
0.1192
0.119803
0.120279
0.121014
0.121864
0.122828
0.104822
0.0843661
0.0640868
0.0450447
0.0284883
0.0151564
0.00527066
0.000392382
5.94474e-06
6.67148e-07
1.69901e-07
4.76078e-08
1.20944e-08
2.56323e-09
4.30453e-10
5.54168e-11
5.35917e-12
3.84609e-13
2.0343e-14
7.89944e-16
2.24431e-17
4.63265e-19
6.8156e-21
6.73766e-23
3.22589e-25
0.114402
0.115167
0.115983
0.11677
0.116682
0.116846
0.117519
0.118365
0.11928
0.119851
0.1203
0.121
0.121812
0.122737
0.107186
0.0872818
0.0673809
0.0484034
0.0316217
0.0178183
0.00734703
0.00100618
1.49577e-05
1.03013e-06
2.2757e-07
6.21154e-08
1.59908e-08
3.52827e-09
6.29201e-10
8.72387e-11
9.17554e-12
7.21477e-13
4.2063e-14
1.81066e-15
5.74221e-17
1.33812e-18
2.27572e-20
2.76538e-22
2.07704e-24
2.77426e-27
0.114972
0.11567
0.116416
0.117144
0.117031
0.11714
0.117732
0.118509
0.119368
0.119905
0.120329
0.120996
0.121773
0.12266
0.109293
0.0899353
0.0704374
0.0516258
0.0346874
0.0204879
0.0094979
0.0020355
4.6785e-05
1.72062e-06
3.12565e-07
8.15082e-08
2.10042e-08
4.7685e-09
8.93887e-10
1.32289e-10
1.5013e-11
1.28334e-12
8.18048e-14
3.86849e-15
1.3542e-16
3.50543e-18
6.6956e-20
9.34746e-22
8.51034e-24
2.29005e-26
0.115507
0.116148
0.116834
0.117507
0.117376
0.11744
0.117955
0.118663
0.119464
0.119968
0.120365
0.121001
0.121744
0.122594
0.111166
0.0923589
0.0732631
0.054687
0.0376733
0.0231502
0.0116908
0.00342393
0.000155676
3.22455e-06
4.41795e-07
1.08077e-07
2.75462e-08
6.36354e-09
1.2413e-09
1.94413e-10
2.36233e-11
2.18008e-12
1.50884e-13
7.78116e-15
2.98175e-16
8.48384e-18
1.79165e-19
2.79234e-21
2.87812e-23
1.01227e-25
0.11601
0.116601
0.117234
0.117859
0.117714
0.117741
0.118186
0.118825
0.119568
0.120038
0.120409
0.121013
0.121723
0.12254
0.112824
0.0945728
0.0758886
0.0575636
0.0405581
0.0257842
0.0138855
0.00502811
0.000441893
6.77667e-06
6.51758e-07
1.45102e-07
3.62272e-08
8.42729e-09
1.69371e-09
2.78335e-10
3.59514e-11
3.55785e-12
2.65715e-13
1.48504e-14
6.18793e-16
1.92034e-17
4.4392e-19
7.60532e-21
8.62883e-23
3.55522e-25
0.116483
0.11703
0.117616
0.118198
0.118044
0.118041
0.118423
0.118997
0.119682
0.120116
0.120461
0.121033
0.121711
0.122494
0.114284
0.0965903
0.0783344
0.0602769
0.0433212
0.0283726
0.0160824
0.00674267
0.000992939
1.63376e-05
1.01202e-06
1.97993e-07
4.79066e-08
1.11243e-08
2.28153e-09
3.90054e-10
5.31701e-11
5.60791e-12
4.49283e-13
2.70633e-14
1.21932e-15
4.10204e-17
1.03057e-18
1.92194e-20
2.3659e-22
1.09161e-24
0.116928
0.117437
0.117982
0.118525
0.118365
0.118337
0.118663
0.119177
0.119805
0.120204
0.120521
0.121061
0.121706
0.122457
0.115568
0.098423
0.0806111
0.0628449
0.0459664
0.0308979
0.0182838
0.00851477
0.00186161
4.6325e-05
1.67345e-06
2.75073e-07
6.38446e-08
1.4688e-08
3.04728e-09
5.37392e-10
7.67525e-11
8.57506e-12
7.33059e-13
4.73431e-14
2.29504e-15
8.32711e-17
2.26082e-18
4.5584e-20
6.03505e-22
3.04777e-24
0.117347
0.117823
0.118331
0.11884
0.118675
0.118629
0.118905
0.119363
0.119936
0.1203
0.12059
0.121097
0.12171
0.122428
0.116693
0.100086
0.0827226
0.0652759
0.0485024
0.0333542
0.0204761
0.0103203
0.00299874
0.000137553
3.02056e-06
3.9012e-07
8.58267e-08
1.94504e-08
4.05063e-09
7.3083e-10
1.08574e-10
1.27717e-11
1.15896e-12
7.98797e-14
4.14687e-15
1.61558e-16
4.71766e-18
1.02297e-19
1.44806e-21
7.89789e-24
0.117744
0.118189
0.118665
0.119143
0.118976
0.118914
0.119148
0.119554
0.120075
0.120405
0.120668
0.121141
0.121721
0.122407
0.117668
0.101595
0.0846799
0.0675633
0.0509354
0.0357414
0.0226433
0.0121295
0.00430577
0.000359212
5.94375e-06
5.70745e-07
1.16384e-07
2.58763e-08
5.37565e-09
9.84671e-10
1.51068e-10
1.85962e-11
1.78212e-12
1.30497e-13
7.22557e-15
3.00977e-16
9.41444e-18
2.1857e-19
3.29374e-21
1.92359e-23
0.118118
0.118537
0.118984
0.119434
0.119266
0.119192
0.11939
0.119749
0.120221
0.120519
0.120754
0.121194
0.12174
0.122393
0.118499
0.10296
0.0864955
0.0697181
0.0532786
0.0380617
0.0247797
0.0139361
0.00570547
0.000774748
1.29378e-05
8.66166e-07
1.59513e-07
3.4602e-08
7.13992e-09
1.31867e-09
2.0745e-10
2.65601e-11
2.67435e-12
2.07145e-13
1.2185e-14
5.40725e-16
1.80466e-17
4.46897e-19
7.14389e-21
4.44106e-23
0.118474
0.118869
0.11929
0.119715
0.119547
0.119464
0.119629
0.119946
0.120373
0.12064
0.120849
0.121256
0.121769
0.122388
0.119183
0.104185
0.0881776
0.0717511
0.0555289
0.040319
0.0268862
0.0157442
0.0071557
0.00142687
3.23715e-05
1.37421e-06
2.21076e-07
4.65328e-08
9.50587e-09
1.76024e-09
2.82041e-10
3.7327e-11
3.92876e-12
3.20501e-13
1.99534e-14
9.40042e-16
3.33661e-17
8.78113e-19
1.48454e-20
9.77996e-23
0.118811
0.119185
0.119583
0.119986
0.119818
0.119727
0.119865
0.120145
0.12053
0.120768
0.120953
0.121327
0.121806
0.122392
0.119718
0.10527
0.0897287
0.0736664
0.0576848
0.0425121
0.0289609
0.0175607
0.00863532
0.00229917
8.74825e-05
2.32833e-06
3.10166e-07
6.29149e-08
1.26989e-08
2.34732e-09
3.8072e-10
5.17691e-11
5.66623e-12
4.84746e-13
3.18224e-14
1.58635e-15
5.96938e-17
1.66468e-18
2.96742e-20
2.06434e-22
0.119133
0.119488
0.119865
0.120247
0.120081
0.119984
0.120097
0.120344
0.120691
0.120902
0.121063
0.121406
0.121852
0.122404
0.120096
0.106212
0.0911507
0.0754632
0.0597428
0.0446398
0.0310005
0.0193749
0.0101344
0.00332986
0.00022117
4.22808e-06
4.43845e-07
8.54618e-08
1.70278e-08
3.13242e-09
5.11537e-10
7.10465e-11
8.04437e-12
7.1858e-13
4.95609e-14
2.60585e-15
1.03646e-16
3.0541e-18
5.72692e-20
4.19287e-22
0.11944
0.119777
0.120135
0.120499
0.120334
0.120233
0.120325
0.120543
0.120854
0.121041
0.12118
0.121493
0.121907
0.122425
0.120315
0.107007
0.0924417
0.0771451
0.0616952
0.0467053
0.0330027
0.0211796
0.0116377
0.00445459
0.000483626
8.18866e-06
6.51834e-07
1.16742e-07
2.29094e-08
4.18775e-09
6.85564e-10
9.672e-11
1.12702e-11
1.04659e-12
7.55615e-14
4.17723e-15
1.75116e-16
5.43781e-18
1.07023e-19
8.22555e-22
0.119734
0.120055
0.120396
0.120742
0.12058
0.120475
0.120549
0.12074
0.12102
0.121184
0.121303
0.121588
0.12197
0.122456
0.12037
0.10765
0.0935972
0.0787109
0.0635514
0.0487141
0.0349672
0.0229729
0.013148
0.00563882
0.000910174
1.75876e-05
9.84627e-07
1.60505e-07
3.09188e-08
5.61175e-09
9.18018e-10
1.30906e-10
1.5618e-11
1.50109e-12
1.13032e-13
6.54961e-15
2.88594e-16
9.41988e-18
1.94174e-19
1.56296e-21
0.120015
0.120322
0.120647
0.120978
0.120817
0.120709
0.120768
0.120936
0.121187
0.12133
0.121431
0.121689
0.122041
0.122494
0.120261
0.108137
0.0946123
0.0801558
0.0653102
0.0506558
0.036894
0.0247537
0.0146707
0.0068591
0.00152175
4.19622e-05
1.55264e-06
2.21988e-07
4.18446e-08
7.53871e-09
1.22976e-09
1.76489e-10
2.14541e-11
2.12474e-12
1.66248e-13
1.00658e-14
4.64924e-16
1.59123e-17
3.42833e-19
2.8839e-21
0.120285
0.120578
0.12089
0.121207
0.121048
0.120938
0.120982
0.121129
0.121354
0.121478
0.121563
0.121796
0.122119
0.122541
0.11999
0.108465
0.0954825
0.0814753
0.0669639
0.0525218
0.038779
0.0265189
0.0162064
0.00810662
0.00229081
0.000103066
2.58746e-06
3.10051e-07
5.67357e-08
1.0151e-08
1.6493e-09
2.3741e-10
2.92716e-11
2.97403e-12
2.40892e-13
1.51928e-14
7.33614e-16
2.62651e-17
5.90298e-19
5.17912e-21
0.120544
0.120826
0.121125
0.121429
0.121272
0.12116
0.121192
0.12132
0.121522
0.121629
0.121698
0.121908
0.122204
0.122596
0.119561
0.108635
0.0962041
0.0826649
0.06851
0.054297
0.0406201
0.0282651
0.0177467
0.00937291
0.00317173
0.000234272
4.53883e-06
4.4009e-07
7.70701e-08
1.36928e-08
2.21551e-09
3.19057e-10
3.97377e-11
4.12425e-12
3.44516e-13
2.25618e-14
1.1359e-15
4.24422e-17
9.93103e-19
9.07119e-21
0.120794
0.121065
0.121352
0.121645
0.12149
0.121377
0.121398
0.121509
0.121689
0.12178
0.121836
0.122024
0.122295
0.122658
0.118981
0.108647
0.0967751
0.0837199
0.0699445
0.0559857
0.0424212
0.0299891
0.0192867
0.0106479
0.00412604
0.000469898
8.40224e-06
6.36846e-07
1.04999e-07
1.84926e-08
2.98097e-09
4.28785e-10
5.37588e-11
5.67627e-12
4.87166e-13
3.30221e-14
1.72879e-15
6.72575e-17
1.63537e-18
1.55242e-20
0.121035
0.121297
0.121573
0.121855
0.121702
0.121588
0.121599
0.121695
0.121856
0.121932
0.121975
0.122144
0.122391
0.122727
0.118257
0.108506
0.0971953
0.0846369
0.0712614
0.0575844
0.044167
0.0316896
0.0208238
0.0119338
0.00512909
0.000837217
1.69668e-05
9.42549e-07
1.43498e-07
2.49983e-08
4.01661e-09
5.76608e-10
7.25688e-11
7.76595e-12
6.82246e-13
4.77125e-14
2.59038e-15
1.04689e-16
2.64024e-18
2.60029e-20
0.121269
0.121521
0.121788
0.12206
0.121908
0.121793
0.121796
0.121878
0.122021
0.122085
0.122116
0.122266
0.122492
0.122802
0.117399
0.108218
0.0974664
0.0854142
0.0724564
0.0590835
0.0458478
0.0333598
0.0223564
0.0132341
0.00616474
0.00135005
3.75968e-05
1.44509e-06
1.96717e-07
3.38088e-08
5.41817e-09
7.76116e-10
9.7848e-11
1.0577e-11
9.47701e-13
6.81588e-14
3.82696e-15
1.60299e-16
4.18528e-18
4.26946e-20
0.121495
0.121739
0.121997
0.12226
0.12211
0.121994
0.12199
0.122059
0.122186
0.122238
0.122259
0.122392
0.122596
0.122882
0.116417
0.10779
0.0975918
0.0860513
0.0735268
0.0604798
0.0474441
0.0349931
0.0238796
0.0145494
0.00722646
0.00199017
8.59486e-05
2.32004e-06
2.71453e-07
4.57154e-08
7.31386e-09
1.04571e-09
1.31883e-10
1.43583e-11
1.30765e-12
9.64067e-14
5.58251e-15
2.41788e-16
6.52328e-18
6.8815e-20
0.121714
0.121951
0.122201
0.122456
0.122308
0.122191
0.122179
0.122237
0.122349
0.12239
0.122402
0.122519
0.122704
0.121791
0.115321
0.10723
0.0975759
0.0865494
0.0744705
0.0617702
0.0489596
0.0365937
0.0253881
0.0158726
0.00830871
0.00272586
0.000185802
3.88543e-06
3.79024e-07
6.18173e-08
9.87402e-09
1.41022e-09
1.7778e-10
1.94483e-11
1.79459e-12
1.352e-13
8.0516e-15
3.59735e-16
1.001e-17
1.09024e-19
0.121928
0.122157
0.1224
0.122649
0.122501
0.122384
0.122365
0.122413
0.122511
0.122542
0.122545
0.122648
0.122815
0.120123
0.114121
0.106545
0.0974244
0.0869104
0.0752864
0.0629509
0.0503913
0.0381459
0.0268792
0.0171975
0.00940069
0.00352731
0.000363287
6.77692e-06
5.36984e-07
8.36751e-08
1.33264e-08
1.90294e-09
2.3975e-10
2.63065e-11
2.45249e-12
1.88226e-13
1.14964e-14
5.28593e-16
1.51411e-17
1.69992e-19
0.122136
0.122359
0.122596
0.122713
0.122691
0.122573
0.122548
0.122586
0.122671
0.122693
0.122688
0.122778
0.12249
0.118385
0.112828
0.105744
0.097142
0.0871378
0.0759746
0.064019
0.0517329
0.03964
0.0283463
0.0185207
0.0105024
0.00437538
0.000639587
1.26162e-05
7.73612e-07
1.13412e-07
1.79774e-08
2.56847e-09
3.23487e-10
3.5557e-11
3.34092e-12
2.60455e-13
1.627e-14
7.68004e-16
2.26016e-17
2.61153e-19
0.122339
0.122557
0.122788
0.119223
0.122048
0.122758
0.122728
0.122756
0.12283
0.122843
0.122831
0.12282
0.12033
0.116586
0.111453
0.104839
0.0967363
0.0872341
0.0765362
0.0649729
0.0529795
0.0410633
0.0297822
0.0198389
0.011615
0.00525478
0.00103285
2.55166e-05
1.14357e-06
1.53906e-07
2.42338e-08
3.46654e-09
4.3666e-10
4.80468e-11
4.5407e-12
3.58596e-13
2.28481e-14
1.10458e-15
3.33315e-17
3.95725e-19
0.122538
0.122751
0.120025
0.115866
0.118596
0.121023
0.122068
0.122007
0.121038
0.121054
0.121496
0.120337
0.118135
0.114735
0.110002
0.103839
0.0962174
0.0872042
0.076972
0.065812
0.054129
0.0424097
0.0311849
0.0211474
0.0127405
0.0061579
0.00153669
5.47595e-05
1.75314e-06
2.09558e-07
3.26316e-08
4.67653e-09
5.89589e-10
6.49228e-11
6.16149e-12
4.91731e-13
3.18719e-14
1.57426e-15
4.86132e-17
5.92058e-19
0.122733
0.120615
0.116623
0.112627
0.115273
0.117618
0.118673
0.118749
0.118013
0.118193
0.118771
0.11784
0.115911
0.112838
0.108485
0.102751
0.0955942
0.0870562
0.0772842
0.0665354
0.0551797
0.0436793
0.0325485
0.0224416
0.0138735
0.00708098
0.00213075
0.000115698
2.79438e-06
2.87437e-07
4.38939e-08
6.30415e-09
7.96075e-10
8.77353e-11
8.35194e-12
6.72155e-13
4.42071e-14
2.2256e-15
7.01882e-17
8.75438e-19
0.120912
0.117181
0.11334
0.109505
0.112068
0.114342
0.115402
0.11557
0.115017
0.115344
0.116048
0.115329
0.113662
0.110899
0.106908
0.101584
0.094873
0.0867983
0.0774785
0.0671431
0.0561288
0.0448695
0.0338621
0.0237162
0.0150079
0.00801583
0.00278912
0.000227925
4.59714e-06
3.9854e-07
5.90268e-08
8.48924e-09
1.07468e-09
1.1857e-10
1.13136e-11
9.16517e-13
6.10236e-14
3.12404e-15
1.00413e-16
1.28048e-18
0.117463
0.113865
0.110175
0.1065
0.10898
0.111184
0.112249
0.112488
0.112078
0.112517
0.113333
0.112811
0.111391
0.108925
0.105278
0.100344
0.0940617
0.0864358
0.0775612
0.067638
0.0569743
0.0459754
0.0351186
0.0249645
0.0161385
0.00895737
0.00349486
0.000409223
7.87174e-06
5.59328e-07
7.94131e-08
1.14185e-08
1.45002e-09
1.6025e-10
1.53188e-11
1.24739e-12
8.3903e-14
4.35788e-15
1.42469e-16
1.85432e-18
0.114132
0.110669
0.107128
0.10361
0.106006
0.108144
0.109211
0.109509
0.109214
0.109736
0.110634
0.110292
0.109103
0.106917
0.103599
0.0990389
0.0931674
0.0859755
0.077537
0.0680245
0.057717
0.0469929
0.0363088
0.0261808
0.0172609
0.00990494
0.00423375
0.000677061
1.43417e-05
7.977e-07
1.06886e-07
1.53411e-08
1.95499e-09
2.16548e-10
2.07379e-11
1.69533e-12
1.14986e-13
6.04622e-15
2.00643e-16
2.66084e-18
0.11092
0.107593
0.104199
0.100833
0.103147
0.105218
0.106285
0.106633
0.106436
0.107019
0.107972
0.107782
0.106804
0.104882
0.101877
0.0976737
0.0921962
0.085424
0.0774112
0.0683061
0.058359
0.0479213
0.0374266
0.0273619
0.0183713
0.0108587
0.00499542
0.00103913
2.81381e-05
1.16638e-06
1.43988e-07
2.05841e-08
2.63336e-09
2.92526e-10
2.80685e-11
2.30197e-12
1.57164e-13
8.34975e-15
2.807e-16
3.78631e-18
0.107828
0.104635
0.101384
0.0981639
0.100398
0.102404
0.103469
0.103861
0.103749
0.104377
0.105365
0.105296
0.104504
0.102826
0.100117
0.0962539
0.0911546
0.0847871
0.0771894
0.0684865
0.0589025
0.0487612
0.0384727
0.0285035
0.0194654
0.0118179
0.00577424
0.00148744
5.73417e-05
1.76356e-06
1.94597e-07
2.75785e-08
3.54312e-09
3.94952e-10
3.79815e-11
3.12344e-12
2.14379e-13
1.14848e-14
3.90397e-16
5.34692e-18
0.104856
0.101794
0.0986813
0.0956001
0.0977556
0.0996983
0.100759
0.10119
0.101152
0.101816
0.102825
0.102852
0.102216
0.100758
0.098324
0.0947847
0.090048
0.084071
0.0768768
0.0685701
0.0593497
0.0495132
0.0394462
0.0295969
0.0205387
0.0127773
0.00656666
0.00200471
0.000114182
2.7519e-06
2.64753e-07
3.69095e-08
4.76088e-09
5.3286e-10
5.13793e-11
4.23571e-12
2.91948e-13
1.57456e-14
5.40125e-16
7.49874e-18
0.102002
0.0990651
0.0960853
0.093137
0.0952169
0.0970977
0.0981518
0.0986169
0.0986456
0.0993374
0.100357
0.100463
0.0999562
0.098689
0.0965073
0.0932724
0.0888818
0.0832812
0.0764788
0.068561
0.0597034
0.0501778
0.0403461
0.0306372
0.0215854
0.0137315
0.00736512
0.00257212
0.000213245
4.40311e-06
3.63381e-07
4.93819e-08
6.38852e-09
7.18272e-10
6.9473e-11
5.74137e-12
3.97071e-13
2.15277e-14
7.43957e-16
1.04504e-17
0.0992607
0.0964457
0.0935923
0.0907702
0.0927772
0.0945979
0.0956437
0.0961377
0.0962257
0.0969402
0.0979657
0.0981352
0.097737
0.0966338
0.0946773
0.0917247
0.0876624
0.0824231
0.0760008
0.0684638
0.0599664
0.0507562
0.0411712
0.0316209
0.0226006
0.0146754
0.0081653
0.00317692
0.000367704
7.27696e-06
5.03607e-07
6.60788e-08
8.56168e-09
9.6719e-10
9.38848e-11
7.77873e-12
5.39492e-13
2.93658e-14
1.02071e-15
1.44839e-17
0.0966296
0.093931
0.0911979
0.0884955
0.0904323
0.0921948
0.0932306
0.0937492
0.0938899
0.0946226
0.0956496
0.0958733
0.0955675
0.0946055
0.0928471
0.0901515
0.0863969
0.0815029
0.075448
0.0682831
0.0601421
0.0512495
0.0419202
0.0325449
0.02358
0.0156052
0.00896575
0.00380736
0.000591443
1.26493e-05
7.07148e-07
8.84224e-08
1.14603e-08
1.30092e-09
1.26785e-10
1.0534e-11
7.32381e-13
3.99825e-14
1.39569e-15
1.99742e-17
0.0941039
0.0915163
0.0888974
0.0863084
0.0881778
0.0898842
0.0909085
0.0914477
0.091635
0.0923821
0.0934075
0.093678
0.0934526
0.0926135
0.0910295
0.0885646
0.0850944
0.0805273
0.074826
0.0680237
0.0602342
0.0516603
0.0425935
0.0334041
0.0245202
0.0165176
0.00976615
0.0044544
0.000890589
2.34546e-05
1.01337e-06
1.18363e-07
1.53201e-08
1.74777e-09
1.71074e-10
1.42574e-11
9.93512e-13
5.43531e-14
1.90294e-15
2.74241e-17
0.0916791
0.089197
0.0866864
0.0842048
0.0860097
0.0876619
0.0886734
0.0892296
0.089458
0.090216
0.0912375
0.0915488
0.0913944
0.0906639
0.0892343
0.0869761
0.0837657
0.0795045
0.0741411
0.0676905
0.0602468
0.0519909
0.0431922
0.0341997
0.025421
0.0174091
0.0105656
0.00511305
0.00126
4.52848e-05
1.49362e-06
1.58784e-07
2.04507e-08
2.34517e-09
2.30621e-10
1.9285e-11
1.34685e-12
7.37937e-14
2.5882e-15
3.75058e-17
0.0893503
0.0869685
0.0845606
0.0821808
0.0839237
0.0855237
0.0865215
0.0870915
0.0873558
0.0881218
0.0891373
0.0894843
0.0893933
0.08876
0.0874687
0.0853961
0.082422
0.0784444
0.0734009
0.0672894
0.0601841
0.0522444
0.0437178
0.0349323
0.0262772
0.0182768
0.0113601
0.00578004
0.00168705
8.66259e-05
2.26298e-06
2.14039e-07
2.72692e-08
3.14252e-09
3.10582e-10
2.6067e-11
1.82468e-12
1.00079e-13
3.51294e-15
5.11186e-17
0.0871132
0.0848266
0.082516
0.0802327
0.081916
0.0834658
0.084449
0.0850298
0.0853255
0.0860967
0.0871045
0.0874827
0.0874486
0.0869033
0.085737
0.0838324
0.0810734
0.0773573
0.0726139
0.0668268
0.0600509
0.0524242
0.0441723
0.0356021
0.0270857
0.0191172
0.0121453
0.00645017
0.0021567
0.000157929
3.49994e-06
2.90425e-07
3.63432e-08
4.20539e-09
4.17805e-10
3.52062e-11
2.47038e-12
1.35598e-13
4.7597e-15
6.94644e-17
0.0849631
0.0827669
0.0805487
0.0783569
0.079983
0.0814843
0.0824523
0.0830414
0.0833642
0.0841382
0.0851368
0.0855423
0.0855593
0.085094
0.0840416
0.0822903
0.0797279
0.0762526
0.0717895
0.0663104
0.0598529
0.0525342
0.0445579
0.03621
0.0278446
0.019927
0.0129174
0.00711803
0.00265819
0.000269298
5.52908e-06
3.96858e-07
4.84327e-08
5.62098e-09
5.61395e-10
4.75079e-11
3.34226e-12
1.83567e-13
6.43932e-15
9.41501e-17
0.0828959
0.0807856
0.078655
0.0765504
0.0781214
0.0795758
0.0805279
0.081123
0.0814693
0.0822439
0.0832319
0.083661
0.083724
0.0833316
0.0823837
0.0807731
0.0783914
0.0751385
0.0709365
0.0657483
0.0595965
0.0525789
0.0448773
0.0367568
0.0285531
0.0207035
0.0136734
0.00778187
0.00318192
0.000430781
9.03046e-06
5.46992e-07
6.45296e-08
7.50483e-09
7.53464e-10
6.40472e-11
4.51848e-12
2.48308e-13
8.70049e-15
1.27322e-16
0.0809075
0.0788789
0.076832
0.0748097
0.0763281
0.0777369
0.0786726
0.0792716
0.079638
0.0804114
0.0813877
0.081837
0.0819414
0.0816155
0.0807637
0.0792829
0.0770682
0.0740213
0.0700626
0.0651485
0.0592887
0.0525634
0.0451339
0.0372441
0.0292109
0.021445
0.014411
0.00844092
0.0037193
0.000650526
1.54982e-05
7.64129e-07
8.59454e-08
1.00084e-08
1.01009e-09
8.62584e-11
6.10374e-12
3.35621e-13
1.17424e-14
1.71849e-16
0.0789943
0.0770437
0.0750759
0.0731322
0.0745997
0.0759649
0.0768834
0.0774844
0.0778679
0.0786383
0.0796019
0.0800684
0.0802098
0.0799447
0.0791814
0.0778208
0.0757611
0.0729058
0.0691744
0.0645182
0.0589365
0.0524936
0.0453316
0.0376739
0.0298182
0.0221499
0.0151282
0.00909536
0.00426478
0.000928227
2.79438e-05
1.08939e-06
1.14534e-07
1.33293e-08
1.35255e-09
1.16053e-10
8.23814e-12
4.53284e-13
1.58319e-14
2.31556e-16
0.077153
0.0752763
0.0733839
0.071515
0.0729336
0.0742564
0.0751577
0.0757588
0.0761565
0.0769226
0.0778726
0.0783536
0.078528
0.0783183
0.0776366
0.0763874
0.074472
0.0717955
0.068277
0.0638637
0.0585462
0.0523752
0.0454749
0.038049
0.0303761
0.0228172
0.015823
0.00974328
0.00481532
0.00125717
5.12946e-05
1.59121e-06
1.52999e-07
1.77298e-08
1.80887e-09
1.55973e-10
1.11089e-11
6.11711e-13
2.1326e-14
3.11548e-16
0.0753799
0.0735738
0.0717533
0.0699555
0.0713271
0.0726087
0.0734924
0.0740925
0.0745016
0.075262
0.0761977
0.0766907
0.0768945
0.0767352
0.0761287
0.074983
0.0732022
0.070693
0.0673744
0.0631901
0.0581237
0.0522138
0.0455684
0.0383726
0.0308861
0.0234464
0.0164935
0.0103817
0.00536842
0.0016259
9.22624e-05
2.3714e-06
2.0524e-07
2.35626e-08
2.41609e-09
2.09394e-10
1.4966e-11
8.2483e-13
2.87018e-14
4.18636e-16
0.073672
0.0719333
0.0701813
0.0684513
0.0697776
0.0710195
0.0718851
0.0724826
0.0729014
0.0736546
0.0745754
0.075078
0.0753079
0.0751945
0.0746573
0.0736076
0.0719524
0.0696001
0.0664696
0.0625018
0.057674
0.0520144
0.0456166
0.038648
0.0313503
0.0240378
0.0171384
0.011008
0.00591933
0.00202464
0.000158272
3.58528e-06
2.76626e-07
3.13008e-08
3.22326e-09
2.80792e-10
2.01425e-11
1.11125e-12
3.85964e-14
5.61899e-16
0.0720266
0.0703522
0.0686654
0.0669998
0.0682826
0.0694861
0.0703335
0.0709272
0.0713534
0.0720988
0.0730039
0.073514
0.0737669
0.0736951
0.0732217
0.0722611
0.0707233
0.0685183
0.065565
0.0618021
0.0572014
0.0517818
0.0456237
0.0388784
0.0317702
0.0245921
0.0177568
0.0116199
0.00646492
0.0024456
0.000256357
5.50679e-06
3.74629e-07
4.15647e-08
4.2954e-09
3.76104e-10
2.7082e-11
1.49582e-12
5.18592e-14
7.53429e-16
0.0704408
0.0688276
0.0672029
0.0655986
0.0668398
0.0680062
0.0688353
0.0694242
0.0698559
0.0705923
0.0714817
0.0719972
0.0722702
0.0722362
0.0718213
0.0709435
0.0695153
0.0674486
0.0646625
0.0610938
0.0567094
0.0515199
0.0455938
0.0390673
0.0321481
0.0251107
0.0183482
0.012216
0.00700419
0.00288119
0.000394256
8.6798e-06
5.10489e-07
5.51541e-08
5.71805e-09
5.03203e-10
3.6374e-11
2.01163e-12
6.96226e-14
1.00932e-15
0.068912
0.0673571
0.0657916
0.0642455
0.0654467
0.0665774
0.0673883
0.0679714
0.068407
0.0691337
0.0700067
0.0705263
0.0708166
0.0708166
0.0704556
0.0696546
0.0683287
0.0663919
0.0637636
0.0603791
0.0562008
0.0512321
0.0455304
0.0392181
0.0324869
0.025595
0.0189128
0.0127956
0.00753693
0.00332523
0.000576971
1.42408e-05
7.02852e-07
7.3117e-08
7.60259e-09
6.72501e-10
4.88026e-11
2.70276e-12
9.33932e-14
1.35096e-15
0.0674374
0.0659382
0.0644289
0.0629382
0.0641012
0.0651975
0.0659904
0.066567
0.067005
0.0677213
0.0685776
0.0690995
0.069405
0.0694355
0.0691239
0.068394
0.0671637
0.0653489
0.0628696
0.0596599
0.0556783
0.0509214
0.0454367
0.0393337
0.0327891
0.0260458
0.0194507
0.0133581
0.00806379
0.0037737
0.000804095
2.43205e-05
9.83471e-07
9.69175e-08
1.00934e-08
8.97708e-10
6.54078e-11
3.62782e-12
1.25174e-13
1.80679e-15
0.0660147
0.0645685
0.0631126
0.0616745
0.062801
0.0638643
0.0646394
0.0652089
0.0656482
0.0663536
0.0671929
0.0677156
0.0680339
0.0680922
0.0678257
0.0671616
0.0660205
0.0643202
0.0619816
0.0589377
0.0551438
0.0505903
0.0453154
0.0394168
0.0330569
0.0264642
0.0199622
0.0139029
0.00858372
0.00422455
0.00107089
4.22846e-05
1.40321e-06
1.28628e-07
1.33819e-08
1.19676e-09
8.75669e-11
4.86467e-12
1.67627e-13
2.41453e-15
0.0646414
0.0632456
0.0618405
0.0604524
0.0615441
0.0625757
0.0633333
0.0638953
0.0643348
0.0650288
0.0658511
0.0663733
0.0667024
0.0667854
0.0665604
0.0659571
0.0648991
0.0633063
0.0611005
0.058214
0.0545992
0.0502409
0.045169
0.0394697
0.0332924
0.0268515
0.0204476
0.0144295
0.00909527
0.00467617
0.00136917
7.26697e-05
2.03558e-06
1.71158e-07
1.77218e-08
1.59341e-09
1.17094e-10
6.51661e-12
2.24282e-13
3.22425e-15
0.0633151
0.0619673
0.0606104
0.0592697
0.0603283
0.0613297
0.0620702
0.0626244
0.0630631
0.0637455
0.0645507
0.0650713
0.0654094
0.0655143
0.0653271
0.0647803
0.0637997
0.0623077
0.0602272
0.05749
0.0540461
0.0498752
0.0449994
0.0394944
0.0334974
0.0272089
0.0209075
0.0149377
0.00959704
0.00512572
0.00169183
0.000120582
2.98582e-06
2.28407e-07
2.34506e-08
2.11879e-09
1.56402e-10
8.72e-12
2.99818e-13
4.30226e-15
0.0620336
0.0607314
0.0594203
0.0581243
0.0591515
0.0601241
0.060848
0.0613943
0.0618315
0.0625021
0.0632903
0.0638084
0.0641537
0.0642782
0.0641254
0.0636306
0.0627224
0.0613248
0.0593624
0.0567668
0.0534859
0.0494948
0.0448085
0.0394929
0.0336732
0.0275376
0.0213423
0.0154272
0.0100879
0.00557045
0.00203288
0.000191093
4.42051e-06
3.05582e-07
3.10068e-08
2.814e-09
2.08656e-10
1.16566e-11
4.00405e-13
5.73634e-15
0.0607948
0.0595357
0.0582679
0.0570141
0.0580117
0.0589571
0.0596651
0.0602033
0.0606385
0.0612972
0.0620684
0.0625833
0.0629344
0.0630762
0.0629547
0.0625079
0.0616669
0.060358
0.0585069
0.0560455
0.05292
0.0491014
0.0445981
0.0394667
0.0338213
0.0278376
0.0217528
0.0158979
0.0105669
0.00600952
0.00238682
0.000289487
6.63989e-06
4.10026e-07
4.09502e-08
3.73271e-09
2.78039e-10
1.55653e-11
5.34272e-13
7.64216e-15
0.0595963
0.0583781
0.057151
0.055937
0.0569069
0.0578266
0.0585193
0.0590497
0.0594823
0.0601291
0.0608838
0.0613946
0.0617503
0.0619073
0.0618143
0.0614117
0.0606333
0.0594074
0.0576613
0.0553271
0.0523496
0.0486964
0.0443696
0.0394175
0.0339431
0.0281102
0.0221405
0.0163499
0.0110339
0.0064429
0.00274843
0.000420784
1.02267e-05
5.53056e-07
5.3997e-08
4.94451e-09
3.70041e-10
2.07615e-11
7.12216e-13
1.0174e-14
0.058436
0.0572563
0.0560676
0.0548907
0.0558348
0.0567305
0.057409
0.0579316
0.0583615
0.0589965
0.0597348
0.0602411
0.0606002
0.0607707
0.0607036
0.0603418
0.0596215
0.0584733
0.0568261
0.0546124
0.0517758
0.0482811
0.0441247
0.0393467
0.0340401
0.0283569
0.0225058
0.0167835
0.0114885
0.00687121
0.00311424
0.000586473
1.62886e-05
7.53156e-07
7.10991e-08
6.53894e-09
4.91847e-10
2.76612e-11
9.48499e-13
1.35339e-14
0.0573118
0.0561682
0.0550153
0.0538729
0.0547934
0.0556669
0.0563321
0.0568474
0.0572744
0.0578979
0.0586202
0.0591215
0.0594831
0.0596655
0.0596219
0.0592977
0.0586314
0.0575559
0.0560017
0.0539021
0.0511999
0.0478568
0.0438646
0.0392558
0.0341138
0.0285791
0.0228487
0.0171989
0.0119306
0.00729435
0.00348222
0.000784923
2.66529e-05
1.04029e-06
9.35697e-08
8.63178e-09
6.52824e-10
3.68107e-11
1.26191e-12
1.7989e-14
0.0562213
0.0551115
0.0539917
0.0528812
0.0537802
0.0546337
0.0552868
0.0557953
0.0562194
0.0568317
0.0575385
0.0580346
0.0583979
0.0585907
0.0585684
0.0582789
0.0576628
0.0566554
0.0551888
0.0531971
0.0506226
0.0474248
0.0435907
0.039146
0.0341651
0.0287776
0.0231695
0.0175962
0.01236
0.00771169
0.00385126
0.00101154
4.39533e-05
1.45901e-06
1.23234e-07
1.13743e-08
8.65141e-10
4.89263e-11
1.67717e-12
2.38909e-14
0.0551623
0.0540837
0.0529946
0.0519133
0.0527931
0.0536285
0.054271
0.0547735
0.0551949
0.0557965
0.0564883
0.0569791
0.0573434
0.0575454
0.0575426
0.0572849
0.0567156
0.0557718
0.0543876
0.0524979
0.0500449
0.046986
0.0433042
0.0390186
0.0341951
0.0289533
0.0234683
0.0179754
0.0127764
0.0081224
0.00422013
0.00126109
7.14507e-05
2.07094e-06
1.62547e-07
1.49663e-08
1.14458e-09
6.49441e-11
2.22671e-12
3.17025e-14
0.0541324
0.0530825
0.0520213
0.0509665
0.0518295
0.0526492
0.0532827
0.0537801
0.0541993
0.0547907
0.0554683
0.0559537
0.0563185
0.0565287
0.0565435
0.0563153
0.0557894
0.0549052
0.0535985
0.0518053
0.0494678
0.0465417
0.0430062
0.0388748
0.0342051
0.0291068
0.0237449
0.0183366
0.0131795
0.00852563
0.00458665
0.00152871
0.000112754
2.96118e-06
2.14694e-07
1.96689e-08
1.51178e-09
8.60848e-11
2.95304e-12
4.20319e-14
0.0531292
0.0521053
0.0510693
0.0500382
0.050887
0.0516934
0.0523198
0.0528133
0.0532308
0.0538128
0.0544769
0.0549571
0.0553221
0.0555395
0.0555705
0.0553695
0.054884
0.0540556
0.0528217
0.0511198
0.048892
0.0460927
0.0426979
0.0387157
0.034196
0.0292392
0.0239995
0.0186807
0.0135692
0.00892065
0.0049492
0.00181016
0.000171434
4.26001e-06
2.83811e-07
2.58157e-08
1.99364e-09
1.1394e-10
3.91175e-12
5.56766e-14
0.05215
0.0511496
0.0501361
0.0491261
0.0499631
0.0507587
0.05138
0.051871
0.0522876
0.0528611
0.0535126
0.053988
0.054353
0.0545769
0.0546228
0.0544469
0.0539991
0.0532228
0.0520576
0.0504419
0.0483183
0.0456401
0.0423805
0.0385425
0.0341689
0.0293513
0.0242336
0.0190082
0.0139456
0.00930696
0.00530725
0.00210125
0.000251516
6.18897e-06
3.75585e-07
3.38264e-08
2.62493e-09
1.50586e-10
5.17539e-12
7.36819e-14
0.0511924
0.0502127
0.049219
0.0482273
0.0490552
0.0498426
0.0504611
0.050951
0.0513678
0.0519339
0.0525739
0.0530449
0.0534099
0.0536398
0.0536994
0.053547
0.0531342
0.0524069
0.0513062
0.049772
0.0477474
0.0451847
0.0420548
0.0383562
0.034125
0.0294441
0.0244478
0.0193185
0.0143086
0.00968431
0.00566084
0.00239824
0.000356493
9.15708e-06
4.98463e-07
4.42309e-08
3.45013e-09
1.98718e-10
6.83859e-12
9.74147e-14
0.0502537
0.0492921
0.0483153
0.0473393
0.0481606
0.0489428
0.0495606
0.0500514
0.0504695
0.0510293
0.0516591
0.0521264
0.0524917
0.0527273
0.0527996
0.0526689
0.052289
0.0516076
0.0505676
0.0491105
0.0471798
0.0447275
0.041722
0.0381578
0.034065
0.0295185
0.0246431
0.0196114
0.014658
0.0100525
0.00601048
0.00269854
0.000487684
1.3897e-05
6.65843e-07
5.77165e-08
4.52581e-09
2.61824e-10
9.02451e-12
1.28661e-13
0.0493312
0.0483848
0.0474225
0.04646
0.047277
0.0480564
0.0486763
0.0491697
0.0495906
0.0501456
0.0507665
0.051231
0.0515969
0.051838
0.0519224
0.0518122
0.051463
0.0508246
0.049842
0.0484577
0.0466162
0.044269
0.0413829
0.0379484
0.0339901
0.0295753
0.0248197
0.019887
0.0149938
0.0104114
0.00635609
0.00300064
0.000644372
2.15872e-05
8.98833e-07
7.52168e-08
5.92417e-09
3.4439e-10
1.18931e-11
1.69748e-13
0.0484223
0.0474886
0.0465384
0.0455873
0.0464021
0.0471813
0.0478057
0.0483039
0.048729
0.0492806
0.0498942
0.0503569
0.0507241
0.0509709
0.0510669
0.0509759
0.0506557
0.0500578
0.0491292
0.0478138
0.046057
0.0438102
0.0410383
0.037729
0.0339012
0.0296152
0.0249781
0.0201449
0.0153158
0.0107607
0.00669726
0.00330367
0.000823678
3.39255e-05
1.22867e-06
9.80086e-08
7.73859e-09
4.52182e-10
1.56514e-11
2.2371e-13
0.0475243
0.046601
0.0456607
0.0447192
0.0455337
0.0463151
0.0469464
0.0474515
0.0478827
0.0484325
0.0490404
0.0495026
0.0498719
0.0501246
0.0502319
0.0501594
0.0498665
0.0493069
0.0484292
0.0471791
0.0455027
0.0433515
0.0406893
0.0375004
0.0337992
0.0296391
0.025119
0.0203849
0.0156247
0.0111003
0.00703343
0.00360682
0.00102215
5.3053e-05
1.69846e-06
1.27799e-07
1.00909e-08
5.92616e-10
2.05667e-11
2.94486e-13
0.0466351
0.04572
0.0447878
0.0438548
0.0446702
0.0454558
0.0460964
0.0466104
0.0470492
0.0475992
0.048203
0.0486662
0.0490387
0.0492979
0.0494165
0.0493617
0.0490948
0.0485714
0.0477419
0.0465536
0.0449537
0.0428937
0.0403364
0.0372635
0.033685
0.0296479
0.0252432
0.0206082
0.0159208
0.0114299
0.00736407
0.00390883
0.00123634
8.14303e-05
2.36538e-06
1.66778e-07
1.31398e-08
7.75246e-10
2.69837e-11
3.87186e-13
0.0457523
0.0448437
0.0439185
0.0429939
0.0438103
0.0446016
0.0452535
0.0457784
0.0462267
0.0467784
0.0473803
0.0478459
0.0482228
0.0484893
0.0486194
0.0485819
0.04834
0.047851
0.0470672
0.0459375
0.0444102
0.0424372
0.0399804
0.0370192
0.0335595
0.0296423
0.0253514
0.0208153
0.0162035
0.0117496
0.00768861
0.00420803
0.00146291
0.000121649
3.30907e-06
2.17704e-07
1.7088e-08
1.0124e-09
3.53465e-11
5.08424e-13
0.0448743
0.0439709
0.0430527
0.0421397
0.0429541
0.0437513
0.0444161
0.0449536
0.0454129
0.0459681
0.0465699
0.0470399
0.0474225
0.0476973
0.0478394
0.0478191
0.0476012
0.0471451
0.0464047
0.0453308
0.0438726
0.0419825
0.0396219
0.0367682
0.0334235
0.0296233
0.0254443
0.0210069
0.0164725
0.0120591
0.00800659
0.00450379
0.00169889
0.000176303
4.65164e-06
2.84138e-07
2.21905e-08
1.31994e-09
4.62267e-11
6.66748e-13
0.0439999
0.0431017
0.0421936
0.0413044
0.0421045
0.0429049
0.0435829
0.0441343
0.0446062
0.0451665
0.04577
0.0462461
0.0466362
0.0469204
0.0470751
0.0470721
0.0468777
0.0464531
0.0457543
0.0447333
0.0433409
0.0415301
0.0392617
0.0365113
0.0332777
0.0295915
0.0255225
0.0211834
0.0167279
0.0123581
0.0083177
0.00479593
0.001941
0.00024858
6.59538e-06
3.70979e-07
2.87658e-08
1.7181e-09
6.036e-11
8.73187e-13
0.043129
0.0422391
0.0413534
0.0405283
0.0412738
0.0420653
0.0427538
0.0433194
0.0438049
0.0443717
0.0449786
0.0454626
0.0458618
0.0461569
0.0463251
0.0463397
0.0461686
0.0457746
0.0451155
0.0441451
0.0428155
0.0410803
0.0389001
0.0362491
0.0331231
0.0295477
0.0255865
0.0213449
0.0169694
0.0126466
0.00862172
0.00508461
0.00218685
0.000340351
9.50202e-06
4.85434e-07
3.72115e-08
2.23265e-09
7.86902e-11
1.14196e-12
0.0422648
0.0413956
0.0405728
0.0399407
0.040502
0.0412445
0.0419317
0.0425087
0.0430077
0.0435822
0.0441941
0.0446876
0.0450975
0.045405
0.0455881
0.0456208
0.0454728
0.0451087
0.0444879
0.0435659
0.0422963
0.0406334
0.0385377
0.0359824
0.0329602
0.0294926
0.0256372
0.0214921
0.0171964
0.0129245
0.00891847
0.00537006
0.00243479
0.000452201
1.39606e-05
6.38757e-07
4.80322e-08
2.89594e-09
1.02425e-10
1.49137e-12
0.0414197
0.0406119
0.0399817
0.0399177
0.0404821
0.0411283
0.0417051
0.0422147
0.0427968
0.0434147
0.0439195
0.0443418
0.0446632
0.0448622
0.044914
0.0447894
0.0444547
0.043871
0.0429956
0.0417833
0.0401896
0.038175
0.0357116
0.0327898
0.0294269
0.025675
0.0216253
0.0174094
0.0131928
0.00920783
0.00565208
0.00268387
0.00058331
2.08629e-05
8.48027e-07
6.19201e-08
3.74764e-09
1.33101e-10
1.94493e-12
0.0406344
0.0400185
0.0399049
0.0403822
0.0409198
0.0414287
0.0420154
0.0426396
0.0431566
0.043593
0.0439298
0.0441461
0.0442179
0.0441173
0.0438116
0.0432641
0.0424337
0.0412765
0.0397491
0.0378123
0.0354373
0.0326124
0.0293513
0.0257007
0.0217452
0.0176093
0.0134508
0.00948978
0.00593036
0.00293345
0.000731622
3.14325e-05
1.13797e-06
7.98053e-08
4.8401e-09
1.72651e-10
2.53277e-12
0.0400399
0.0398175
0.0401907
0.0406606
0.0412409
0.0418685
0.0423981
0.0428495
0.0432033
0.0434383
0.0435312
0.0434551
0.0431787
0.0426668
0.0418799
0.0407758
0.0393121
0.03745
0.0351601
0.0324288
0.0292665
0.0257148
0.0218523
0.0177965
0.0136982
0.00976416
0.00620455
0.00318291
0.000894829
4.7178e-05
1.54225e-06
1.02918e-07
6.24047e-09
2.2356e-10
3.29318e-12
0.039639
0.0399477
0.0404841
0.0411043
0.0416437
0.0421105
0.0424822
0.0427373
0.0428525
0.0428016
0.0425549
0.0420782
0.0413337
0.0402809
0.0388785
0.0370882
0.0348803
0.0322395
0.029173
0.025718
0.0219472
0.0179713
0.0139348
0.0100307
0.00647426
0.00343136
0.00107049
6.98334e-05
2.10503e-06
1.32821e-07
8.03526e-09
2.88969e-10
4.27554e-12
0.0394083
0.0397817
0.0403576
0.0408962
0.0413757
0.0417657
0.0420418
0.0421804
0.0421558
0.041939
0.0414974
0.0407947
0.0397916
0.0384484
0.0367273
0.0345983
0.0320449
0.0290714
0.0257108
0.0220302
0.018134
0.0141606
0.0102893
0.00673907
0.00367751
0.00125619
0.000101247
2.88586e-06
1.71448e-07
1.03345e-08
3.72905e-10
5.54228e-12
0.0392504
0.0396647
0.040166
0.0406478
0.0410535
0.0413509
0.0415138
0.0415164
0.0413301
0.0409237
0.0402621
0.0393077
0.0380216
0.0363673
0.0343145
0.0318455
0.0289623
0.0256938
0.0221019
0.0182849
0.0143755
0.0105397
0.00699862
0.00392086
0.00144961
0.000143293
3.97054e-06
2.21211e-07
1.32758e-08
4.80499e-10
7.17316e-12
0.0391407
0.0394886
0.039937
0.0403482
0.0406645
0.0408518
0.0408822
0.0407272
0.0403561
0.0397353
0.0388285
0.0375981
0.0360083
0.034029
0.0316417
0.0288461
0.0256674
0.0221626
0.0184242
0.0145788
0.0107819
0.00725266
0.0041612
0.00164823
0.000198303
5.49198e-06
2.85276e-07
1.70287e-08
6.18262e-10
9.2699e-12
0.0389763
0.0392778
0.0396597
0.0399849
0.0401943
0.0402525
0.0401292
0.0397938
0.0392137
0.0383537
0.0371776
0.0356503
0.0337422
0.031434
0.0287233
0.0256322
0.0222129
0.0185523
0.0147709
0.0110167
0.00750103
0.00439858
0.00185013
0.000267831
7.67469e-06
3.6811e-07
2.18032e-08
7.94398e-10
1.1962e-11
0.0387794
0.0390214
0.0393216
0.0395435
0.0396272
0.0395355
0.039236
0.0386964
0.0378827
0.0367596
0.0352933
0.0334542
0.0312225
0.0285944
0.0255886
0.0222533
0.0186697
0.0149525
0.0112436
0.00774373
0.00463322
0.00205389
0.000352644
1.08749e-05
4.76446e-07
2.7866e-08
1.01919e-09
1.54138e-11
0.0385389
0.038707
0.0389086
0.0390085
0.0389459
0.038682
0.0381829
0.0374149
0.0363441
0.0349371
0.033165
0.0310077
0.0284596
0.0255371
0.022284
0.0187766
0.0151239
0.0114621
0.00798064
0.00486499
0.00225862
0.000452622
1.56268e-05
6.20349e-07
3.55688e-08
1.3055e-09
1.98335e-11
0.0382425
0.0383204
0.0384051
0.0383626
0.0381318
0.0376725
0.03695
0.0359304
0.0345815
0.0328747
0.0307895
0.0283194
0.0254781
0.0223056
0.0188735
0.0152854
0.0116722
0.00821159
0.00509371
0.00246382
0.00056661
2.26749e-05
8.14528e-07
4.53766e-08
1.66959e-09
2.54838e-11
0.0378762
0.0378463
0.0377938
0.0375874
0.0371654
0.0364874
0.0355184
0.0342263
0.0325831
0.0305682
0.028174
0.0254118
0.0223184
0.0189607
0.0154371
0.0118737
0.00843641
0.00531913
0.00266898
0.00069323
3.29622e-05
1.07978e-06
5.79056e-08
2.13224e-09
3.26965e-11
0.0374243
0.0372673
0.0370565
0.0366635
0.0360273
0.0351077
0.0338714
0.0322904
0.0303439
0.0280236
0.0253387
0.0223228
0.0190385
0.0155793
0.0120666
0.00865492
0.00554096
0.00287358
0.0008308
4.76168e-05
1.44415e-06
7.39681e-08
2.72013e-09
4.18914e-11
0.0368699
0.0365653
0.036174
0.0355716
0.0346984
0.0335165
0.0319962
0.0301167
0.0278683
0.0252589
0.022319
0.019107
0.015712
0.0122507
0.008867
0.00575891
0.00307683
0.00097756
6.79015e-05
1.94478e-06
9.46044e-08
3.46741e-09
5.36013e-11
0.0361947
0.0357211
0.0351267
0.0342925
0.0331618
0.0317007
0.0298864
0.0277084
0.0251728
0.0223073
0.0191667
0.0158353
0.0124255
0.00907262
0.00597268
0.00327797
0.00113175
9.51394e-05
2.63172e-06
1.21108e-07
4.41791e-09
6.85035e-11
0.0353796
0.0347151
0.0338958
0.0328092
0.0314042
0.0296532
0.0275439
0.0250804
0.0222879
0.0192176
0.0159496
0.0125912
0.00927228
0.00618204
0.00347668
0.00129152
0.000130804
3.57545e-06
1.55089e-07
5.62687e-09
8.74605e-11
0.034405
0.0335285
0.0324639
0.031108
0.0294175
0.027375
0.0249819
0.022261
0.0192601
0.0160549
0.0127485
0.00946544
0.00638687
0.0036728
0.00145505
0.000176442
4.88264e-06
1.98621e-07
7.16323e-09
1.11568e-10
0.0332519
0.0321439
0.0308171
0.0291806
0.0272019
0.0248776
0.0222269
0.0192943
0.0161515
0.0128972
0.0096518
0.00658697
0.00386636
0.0016209
0.000233116
6.72128e-06
2.54539e-07
9.11297e-09
1.4221e-10
0.0319028
0.0305469
0.0289465
0.0270259
0.0247677
0.0221857
0.0193204
0.0162396
0.0130377
0.00983108
0.00678219
0.0040574
0.00178803
0.000301393
9.34528e-06
3.26938e-07
1.15847e-08
1.81133e-10
0.0303433
0.0287281
0.0268502
0.024653
0.0221375
0.0193384
0.0163191
0.0131698
0.0100031
0.00697232
0.00424581
0.00195574
0.000381218
1.31225e-05
4.21849e-07
1.47193e-08
2.3054e-10
0.0285633
0.026685
0.0245362
0.0220831
0.0193486
0.0163901
0.0132936
0.0101676
0.00715712
0.00443136
0.00212359
0.000471913
1.85544e-05
5.48123e-07
1.8702e-08
2.93276e-10
0.0265599
0.0244245
0.0220239
0.019351
0.0164527
0.0134089
0.0103245
0.00733636
0.0046138
0.00229113
0.000572604
2.62735e-05
7.18403e-07
2.37776e-08
3.7296e-10
0.024339
0.0219645
0.0193465
0.0165066
0.0135156
0.0104733
0.00750976
0.00479284
0.00245797
0.00068214
3.70434e-05
9.50076e-07
3.02725e-08
4.74107e-10
0.0219178
0.0193367
0.0165515
0.0136131
0.0106138
0.00767695
0.00496812
0.00262356
0.000799226
5.17272e-05
1.26722e-06
3.86056e-08
6.02616e-10
0.0193264
0.0165866
0.0137002
0.010745
0.00783733
0.00513919
0.00278711
0.000922588
7.12513e-05
1.7027e-06
4.93455e-08
7.65972e-10
0.0166091
0.0137736
0.0108648
0.00798976
0.00530535
0.00294815
0.00105085
9.65771e-05
2.3019e-06
6.31975e-08
9.74682e-10
0.013824
0.0109679
0.00813156
0.00546531
0.00310612
0.00118245
0.000128914
3.12905e-06
8.10701e-08
1.24131e-09
0.0110401
0.00825587
0.0056161
0.00325993
0.00131597
0.000169168
4.28156e-06
1.04144e-07
1.58222e-09
0.00834407
0.00575003
0.00340696
0.00144987
0.000217961
5.90284e-06
1.34032e-07
2.01836e-09
0.00584615
0.00353971
0.00158167
0.000275538
8.19933e-06
1.73026e-07
2.57686e-09
0.0036368
0.00170492
0.000341483
1.14572e-05
2.24457e-07
3.29342e-09
0.00179926
0.000413799
1.60467e-05
2.93243e-07
4.21588e-09
0.000481405
2.23917e-05
3.8651e-07
5.4096e-09
3.07379e-05
5.14087e-07
6.96323e-09
6.81037e-07
8.99672e-09
1.15648e-08
)
;

boundaryField
{
    wallTube
    {
        type            zeroGradient;
    }
    outlet
    {
        type            zeroGradient;
    }
    inletPilot
    {
        type            zeroGradient;
    }
    inletAir
    {
        type            zeroGradient;
    }
    wallOutside
    {
        type            zeroGradient;
    }
    inletCH4
    {
        type            zeroGradient;
    }
    frontAndBack_pos
    {
        type            wedge;
    }
    frontAndBack_neg
    {
        type            wedge;
    }
}


// ************************************************************************* //
