/*--------------------------------*- C++ -*----------------------------------*\
| =========                 |                                                 |
| \\      /  F ield         | OpenFOAM: The Open Source CFD Toolbox           |
|  \\    /   O peration     | Version:  2.3.0                                 |
|   \\  /    A nd           | Web:      www.OpenFOAM.org                      |
|    \\/     M anipulation  |                                                 |
\*---------------------------------------------------------------------------*/
FoamFile
{
    version     2.0;
    format      ascii;
    class       surfaceScalarField;
    location    "9700/topAir";
    object      phi;
}
// * * * * * * * * * * * * * * * * * * * * * * * * * * * * * * * * * * * * * //

dimensions      [1 0 -1 0 0 0 0];

internalField   nonuniform List<scalar> 
7860
(
0.01417733
1.225055e-05
0.01416696
1.036884e-05
0.0141584
8.566914e-06
0.01414962
8.776263e-06
0.01414057
9.058751e-06
0.01413141
9.156757e-06
0.01412218
9.230052e-06
0.01411288
9.304662e-06
0.01410351
9.36664e-06
0.0140941
9.415607e-06
0.01408464
9.455222e-06
0.01407515
9.487498e-06
0.01406564
9.513673e-06
0.0140561
9.534848e-06
0.01404655
9.551926e-06
0.01403699
9.565615e-06
0.01402741
9.576472e-06
0.01401782
9.584946e-06
0.01400823
9.591397e-06
0.01399864
9.59612e-06
0.01398904
9.599358e-06
0.01397943
9.601308e-06
0.01396983
9.602139e-06
0.01396023
9.601989e-06
0.01395063
9.600977e-06
0.01394103
9.599203e-06
0.01393143
9.596752e-06
0.01392184
9.5937e-06
0.01391225
9.590108e-06
0.01390266
9.586034e-06
0.01389308
9.581525e-06
0.0138835
9.576622e-06
0.01387393
9.571365e-06
0.01386437
9.565783e-06
0.01385481
9.559907e-06
0.01384525
9.553762e-06
0.0138357
9.547369e-06
0.01382616
9.540749e-06
0.01381663
9.533918e-06
0.0138071
9.526893e-06
0.01379758
9.519687e-06
0.01378807
9.512311e-06
0.01377857
9.504775e-06
0.01376907
9.49709e-06
0.01375958
9.489261e-06
0.0137501
9.481296e-06
0.01374062
9.4732e-06
0.01373116
9.464977e-06
0.0137217
9.45663e-06
0.01371225
9.448161e-06
0.01370281
9.439572e-06
0.01369338
9.430862e-06
0.01368396
9.422031e-06
0.01367455
9.413077e-06
0.01366514
9.403997e-06
0.01365575
9.394787e-06
0.01364636
9.385443e-06
0.01363699
9.375957e-06
0.01362762
9.366323e-06
0.01361827
9.356531e-06
0.01360892
9.346572e-06
0.01359958
9.336432e-06
0.01359026
9.326099e-06
0.01358094
9.315556e-06
0.01357164
9.304786e-06
0.01356234
9.293766e-06
0.01355306
9.282475e-06
0.01354379
9.270884e-06
0.01353453
9.258964e-06
0.01352528
9.246678e-06
0.01351605
9.233986e-06
0.01350683
9.220842e-06
0.01349762
9.207193e-06
0.01348843
9.192976e-06
0.01347925
9.17812e-06
0.01347009
9.162542e-06
0.01346094
9.146142e-06
0.01345181
9.128805e-06
0.0134427
9.110394e-06
0.01343361
9.090743e-06
0.01342454
9.069654e-06
0.01341549
9.046886e-06
0.01340647
9.022141e-06
0.01339748
8.995051e-06
0.01338851
8.96515e-06
0.01337958
8.931846e-06
0.01337069
8.894368e-06
0.01336183
8.851697e-06
0.01335303
8.802455e-06
0.01334429
8.744727e-06
0.01333561
8.67577e-06
0.01332702
8.591504e-06
0.01331853
8.485592e-06
0.01331019
8.34763e-06
0.01330203
8.159766e-06
0.01329414
7.888294e-06
0.01328667
7.471534e-06
0.01327991
6.761053e-06
0.01327437
5.538849e-06
2.792469e-06
0.01420097
1.714082e-06
0.0142047
6.639765e-06
0.01420602
7.250332e-06
0.01420734
7.459702e-06
0.01420851
7.893715e-06
0.01420945
8.21343e-06
0.01421025
8.434469e-06
0.01421094
8.612842e-06
0.01421155
8.75878e-06
0.01421209
8.87707e-06
0.01421257
8.974446e-06
0.014213
9.055881e-06
0.01421339
9.124679e-06
0.01421374
9.183313e-06
0.01421406
9.233701e-06
0.01421434
9.277315e-06
0.0142146
9.3153e-06
0.01421484
9.348563e-06
0.01421505
9.377825e-06
0.01421525
9.403672e-06
0.01421542
9.426583e-06
0.01421557
9.44695e-06
0.01421571
9.465102e-06
0.01421583
9.481312e-06
0.01421593
9.495812e-06
0.01421602
9.5088e-06
0.0142161
9.520442e-06
0.01421616
9.530883e-06
0.01421621
9.540248e-06
0.01421625
9.548645e-06
0.01421628
9.556169e-06
0.01421629
9.562901e-06
0.01421629
9.568913e-06
0.01421628
9.574269e-06
0.01421626
9.579024e-06
0.01421623
9.583227e-06
0.01421619
9.586922e-06
0.01421615
9.590146e-06
0.01421609
9.592933e-06
0.01421602
9.595312e-06
0.01421594
9.597309e-06
0.01421585
9.598948e-06
0.01421576
9.600246e-06
0.01421565
9.601222e-06
0.01421554
9.601889e-06
0.01421542
9.602259e-06
0.01421529
9.602342e-06
0.01421515
9.602145e-06
0.01421501
9.601674e-06
0.01421486
9.600932e-06
0.01421469
9.59992e-06
0.01421453
9.598638e-06
0.01421435
9.597084e-06
0.01421417
9.595252e-06
0.01421398
9.593137e-06
0.01421378
9.590729e-06
0.01421358
9.588018e-06
0.01421337
9.58499e-06
0.01421316
9.581629e-06
0.01421294
9.577917e-06
0.01421271
9.573831e-06
0.01421248
9.569346e-06
0.01421224
9.564434e-06
0.01421199
9.559061e-06
0.01421175
9.553189e-06
0.01421149
9.546777e-06
0.01421123
9.539775e-06
0.01421097
9.532127e-06
0.01421071
9.523771e-06
0.01421044
9.514634e-06
0.01421017
9.504633e-06
0.0142099
9.493674e-06
0.01420962
9.481647e-06
0.01420935
9.468428e-06
0.01420907
9.453869e-06
0.0142088
9.437801e-06
0.01420852
9.420025e-06
0.01420825
9.400305e-06
0.01420798
9.378366e-06
0.01420772
9.353873e-06
0.01420746
9.326428e-06
0.01420721
9.295547e-06
0.01420698
9.260636e-06
0.01420675
9.220959e-06
0.01420654
9.175594e-06
0.01420635
9.12337e-06
0.01420618
9.062778e-06
0.01420604
8.99184e-06
0.01420593
8.907915e-06
0.01420587
8.8074e-06
0.01420586
8.685272e-06
0.01420592
8.534344e-06
0.01420606
8.344063e-06
0.01420631
8.098457e-06
0.0142067
7.772794e-06
0.01420726
7.32723e-06
0.01420803
6.698319e-06
0.01420902
5.773505e-06
0.01421016
4.3947e-06
2.169821e-06
0.01419384
2.359471e-06
0.01419585
4.635352e-06
0.01419739
5.704845e-06
0.01419856
6.292199e-06
0.0141996
6.862777e-06
0.01420051
7.306778e-06
0.01420131
7.627263e-06
0.01420205
7.879374e-06
0.01420272
8.085119e-06
0.01420334
8.253599e-06
0.01420392
8.393238e-06
0.01420447
8.51064e-06
0.01420498
8.610376e-06
0.01420547
8.695821e-06
0.01420593
8.769581e-06
0.01420638
8.833682e-06
0.0142068
8.889712e-06
0.01420721
8.938936e-06
0.01420761
8.982374e-06
0.01420799
9.020857e-06
0.01420836
9.055065e-06
0.01420872
9.085565e-06
0.01420908
9.112829e-06
0.01420942
9.137254e-06
0.01420976
9.159176e-06
0.01421009
9.178883e-06
0.01421041
9.19662e-06
0.01421073
9.212599e-06
0.01421104
9.227002e-06
0.01421135
9.239989e-06
0.01421165
9.251697e-06
0.01421195
9.262248e-06
0.01421225
9.271749e-06
0.01421254
9.280291e-06
0.01421284
9.287959e-06
0.01421312
9.294822e-06
0.01421341
9.300947e-06
0.01421369
9.306387e-06
0.01421397
9.311194e-06
0.01421425
9.315411e-06
0.01421453
9.319075e-06
0.01421481
9.32222e-06
0.01421508
9.324875e-06
0.01421536
9.327064e-06
0.01421563
9.328809e-06
0.0142159
9.330126e-06
0.01421617
9.33103e-06
0.01421645
9.331531e-06
0.01421672
9.331639e-06
0.01421698
9.331356e-06
0.01421725
9.330686e-06
0.01421752
9.329628e-06
0.01421779
9.328177e-06
0.01421806
9.326327e-06
0.01421833
9.324067e-06
0.0142186
9.321386e-06
0.01421887
9.318267e-06
0.01421914
9.314689e-06
0.01421941
9.310629e-06
0.01421968
9.30606e-06
0.01421995
9.300948e-06
0.01422023
9.295258e-06
0.0142205
9.288946e-06
0.01422078
9.281964e-06
0.01422106
9.274256e-06
0.01422134
9.26576e-06
0.01422162
9.256405e-06
0.01422191
9.246109e-06
0.0142222
9.23478e-06
0.01422249
9.222312e-06
0.01422279
9.208586e-06
0.01422309
9.193463e-06
0.01422339
9.176785e-06
0.0142237
9.158371e-06
0.01422402
9.138009e-06
0.01422434
9.115454e-06
0.01422467
9.09042e-06
0.01422501
9.06257e-06
0.01422535
9.031508e-06
0.01422571
8.99676e-06
0.01422608
8.957761e-06
0.01422646
8.913826e-06
0.01422686
8.864123e-06
0.01422727
8.807626e-06
0.0142277
8.743061e-06
0.01422816
8.668825e-06
0.01422864
8.582877e-06
0.01422915
8.482579e-06
0.01422969
8.364475e-06
0.01423027
8.22396e-06
0.01423091
8.054794e-06
0.01423159
7.848375e-06
0.01423234
7.592643e-06
0.01423317
7.270414e-06
0.01423409
6.856984e-06
0.0142351
6.316519e-06
0.0142362
5.598323e-06
0.01423734
4.631432e-06
0.0142384
3.333012e-06
1.634026e-06
0.01419629
1.591057e-06
0.01419727
3.663061e-06
0.01419816
4.81663e-06
0.01419897
5.480325e-06
0.01419978
6.06403e-06
0.01420054
6.546414e-06
0.01420125
6.919249e-06
0.01420191
7.219481e-06
0.01420252
7.468372e-06
0.0142031
7.675758e-06
0.01420364
7.849899e-06
0.01420416
7.997644e-06
0.01420464
8.124056e-06
0.0142051
8.232976e-06
0.01420555
8.32743e-06
0.01420597
8.409815e-06
0.01420638
8.482044e-06
0.01420677
8.545661e-06
0.01420715
8.601921e-06
0.01420752
8.651855e-06
0.01420788
8.696317e-06
0.01420823
8.736017e-06
0.01420857
8.771552e-06
0.0142089
8.803427e-06
0.01420923
8.83207e-06
0.01420955
8.857848e-06
0.01420987
8.881076e-06
0.01421018
8.902024e-06
0.01421048
8.920929e-06
0.01421078
8.937995e-06
0.01421108
8.953401e-06
0.01421138
8.967303e-06
0.01421167
8.979839e-06
0.01421196
8.991128e-06
0.01421224
9.001279e-06
0.01421253
9.010384e-06
0.01421281
9.018526e-06
0.01421309
9.025778e-06
0.01421337
9.032205e-06
0.01421365
9.037863e-06
0.01421392
9.042801e-06
0.0142142
9.047062e-06
0.01421447
9.050685e-06
0.01421475
9.0537e-06
0.01421502
9.056136e-06
0.01421529
9.058014e-06
0.01421556
9.059353e-06
0.01421583
9.060167e-06
0.0142161
9.060465e-06
0.01421638
9.060255e-06
0.01421665
9.059539e-06
0.01421692
9.058315e-06
0.01421719
9.056578e-06
0.01421746
9.054318e-06
0.01421773
9.051524e-06
0.01421801
9.048177e-06
0.01421828
9.044257e-06
0.01421856
9.039736e-06
0.01421883
9.034585e-06
0.01421911
9.028766e-06
0.01421939
9.022237e-06
0.01421967
9.014951e-06
0.01421995
9.006851e-06
0.01422023
8.997874e-06
0.01422052
8.987949e-06
0.01422081
8.976993e-06
0.0142211
8.964914e-06
0.01422139
8.951606e-06
0.01422169
8.936951e-06
0.01422199
8.920811e-06
0.0142223
8.903031e-06
0.01422261
8.883434e-06
0.01422292
8.861817e-06
0.01422324
8.837946e-06
0.01422357
8.811551e-06
0.0142239
8.782318e-06
0.01422424
8.749885e-06
0.01422459
8.713825e-06
0.01422495
8.673635e-06
0.01422532
8.628724e-06
0.0142257
8.578382e-06
0.01422609
8.52176e-06
0.0142265
8.457832e-06
0.01422692
8.385343e-06
0.01422736
8.30275e-06
0.01422782
8.208138e-06
0.0142283
8.099099e-06
0.01422881
7.972582e-06
0.01422935
7.82467e-06
0.01422993
7.650289e-06
0.01423054
7.442788e-06
0.01423119
7.193375e-06
0.0142319
6.890354e-06
0.01423265
6.518117e-06
0.01423345
6.055951e-06
0.01423429
5.47681e-06
0.01423514
4.746763e-06
0.01423595
3.826967e-06
0.0142366
2.679021e-06
1.304203e-06
0.01419606
1.642586e-06
0.01419664
3.082377e-06
0.01419743
4.028901e-06
0.0141982
4.713072e-06
0.01419895
5.318785e-06
0.01419966
5.832634e-06
0.01420034
6.247189e-06
0.01420097
6.588153e-06
0.01420156
6.874184e-06
0.01420212
7.115342e-06
0.01420265
7.319839e-06
0.01420316
7.494644e-06
0.01420363
7.645136e-06
0.01420409
7.775496e-06
0.01420453
7.889053e-06
0.01420495
7.988485e-06
0.01420536
8.075955e-06
0.01420575
8.153221e-06
0.01420613
8.221728e-06
0.0142065
8.282671e-06
0.01420686
8.337044e-06
0.01420721
8.385684e-06
0.01420755
8.429292e-06
0.01420788
8.468469e-06
0.01420821
8.503723e-06
0.01420853
8.535492e-06
0.01420885
8.564155e-06
0.01420916
8.590036e-06
0.01420947
8.613421e-06
0.01420977
8.634556e-06
0.01421007
8.653658e-06
0.01421037
8.670917e-06
0.01421066
8.6865e-06
0.01421095
8.700554e-06
0.01421124
8.713209e-06
0.01421153
8.724578e-06
0.01421181
8.734764e-06
0.01421209
8.743855e-06
0.01421237
8.751931e-06
0.01421265
8.759059e-06
0.01421293
8.765302e-06
0.0142132
8.770712e-06
0.01421348
8.775334e-06
0.01421375
8.779209e-06
0.01421403
8.78237e-06
0.0142143
8.784843e-06
0.01421457
8.786652e-06
0.01421485
8.787814e-06
0.01421512
8.788342e-06
0.01421539
8.788242e-06
0.01421566
8.787518e-06
0.01421593
8.786169e-06
0.01421621
8.784187e-06
0.01421648
8.781562e-06
0.01421675
8.778279e-06
0.01421703
8.774315e-06
0.0142173
8.769644e-06
0.01421758
8.764236e-06
0.01421785
8.758051e-06
0.01421813
8.751045e-06
0.01421841
8.743167e-06
0.01421869
8.734357e-06
0.01421897
8.724549e-06
0.01421926
8.713665e-06
0.01421954
8.701617e-06
0.01421983
8.688307e-06
0.01422012
8.673622e-06
0.01422042
8.657434e-06
0.01422071
8.639599e-06
0.01422101
8.619951e-06
0.01422132
8.598306e-06
0.01422163
8.574448e-06
0.01422194
8.548134e-06
0.01422226
8.519085e-06
0.01422258
8.486979e-06
0.01422292
8.451444e-06
0.01422325
8.41205e-06
0.0142236
8.368293e-06
0.01422395
8.319587e-06
0.01422432
8.265238e-06
0.01422469
8.204427e-06
0.01422508
8.136177e-06
0.01422547
8.059317e-06
0.01422589
7.972432e-06
0.01422632
7.873801e-06
0.01422676
7.761315e-06
0.01422723
7.632371e-06
0.01422772
7.483729e-06
0.01422823
7.31133e-06
0.01422877
7.110055e-06
0.01422934
6.87342e-06
0.01422994
6.593192e-06
0.01423057
6.258934e-06
0.01423123
5.85753e-06
0.01423192
5.372801e-06
0.01423261
4.785564e-06
0.01423328
4.074542e-06
0.01423389
3.220503e-06
0.01423436
2.209831e-06
1.068193e-06
0.01419713
1.226915e-06
0.01419765
2.566629e-06
0.01419822
3.457673e-06
0.01419881
4.129654e-06
0.0141994
4.731243e-06
0.01419998
5.249708e-06
0.01420055
5.679663e-06
0.0142011
6.040515e-06
0.01420162
6.347584e-06
0.01420213
6.609937e-06
0.01420261
6.83504e-06
0.01420308
7.029342e-06
0.01420352
7.197993e-06
0.01420395
7.345102e-06
0.01420437
7.474008e-06
0.01420477
7.587447e-06
0.01420516
7.687664e-06
0.01420553
7.776514e-06
0.0142059
7.855538e-06
0.01420626
7.926028e-06
0.0142066
7.989067e-06
0.01420694
8.045575e-06
0.01420728
8.096331e-06
0.0142076
8.142001e-06
0.01420792
8.183159e-06
0.01420824
8.220297e-06
0.01420855
8.253843e-06
0.01420885
8.284168e-06
0.01420916
8.311595e-06
0.01420945
8.336409e-06
0.01420975
8.358856e-06
0.01421004
8.379156e-06
0.01421033
8.3975e-06
0.01421062
8.41406e-06
0.0142109
8.428984e-06
0.01421118
8.442405e-06
0.01421146
8.454441e-06
0.01421174
8.465195e-06
0.01421202
8.474759e-06
0.01421229
8.483213e-06
0.01421257
8.490627e-06
0.01421284
8.497064e-06
0.01421311
8.502577e-06
0.01421339
8.507211e-06
0.01421366
8.511006e-06
0.01421393
8.513993e-06
0.0142142
8.5162e-06
0.01421447
8.517645e-06
0.01421474
8.518343e-06
0.01421501
8.518303e-06
0.01421528
8.517529e-06
0.01421555
8.516018e-06
0.01421582
8.513762e-06
0.01421609
8.51075e-06
0.01421636
8.506961e-06
0.01421663
8.502371e-06
0.01421691
8.496949e-06
0.01421718
8.490659e-06
0.01421745
8.483454e-06
0.01421773
8.475284e-06
0.01421801
8.466087e-06
0.01421828
8.455796e-06
0.01421856
8.444331e-06
0.01421885
8.431602e-06
0.01421913
8.417508e-06
0.01421942
8.401933e-06
0.01421971
8.384747e-06
0.01422
8.365802e-06
0.01422029
8.344931e-06
0.01422059
8.321945e-06
0.01422089
8.296627e-06
0.0142212
8.268734e-06
0.01422151
8.237986e-06
0.01422182
8.204064e-06
0.01422214
8.166603e-06
0.01422247
8.125181e-06
0.0142228
8.079314e-06
0.01422314
8.028437e-06
0.01422349
7.971895e-06
0.01422385
7.90892e-06
0.01422421
7.838611e-06
0.01422459
7.759902e-06
0.01422498
7.671527e-06
0.01422538
7.571975e-06
0.01422579
7.45943e-06
0.01422622
7.331703e-06
0.01422667
7.186136e-06
0.01422713
7.019488e-06
0.01422761
6.827802e-06
0.01422812
6.606224e-06
0.01422864
6.34882e-06
0.01422919
6.048354e-06
0.01422975
5.696099e-06
0.01423033
5.281731e-06
0.0142309
4.793436e-06
0.01423147
4.218532e-06
0.014232
3.544749e-06
0.01423246
2.763943e-06
0.01423279
1.873697e-06
8.997271e-07
0.01419724
1.195448e-06
0.01419754
2.266606e-06
0.01419798
3.025231e-06
0.01419846
3.652489e-06
0.01419897
4.226778e-06
0.01419949
4.731776e-06
0.0142
5.162311e-06
0.01420051
5.531859e-06
0.01420101
5.851617e-06
0.01420149
6.12872e-06
0.01420195
6.369393e-06
0.0142024
6.579232e-06
0.01420284
6.762902e-06
0.01420326
6.924249e-06
0.01420367
7.066485e-06
0.01420406
7.192298e-06
0.01420445
7.303938e-06
0.01420482
7.403294e-06
0.01420518
7.491959e-06
0.01420554
7.571279e-06
0.01420588
7.642398e-06
0.01420622
7.706295e-06
0.01420655
7.763805e-06
0.01420688
7.815648e-06
0.0142072
7.862446e-06
0.01420752
7.904739e-06
0.01420783
7.942994e-06
0.01420813
7.977621e-06
0.01420844
8.008978e-06
0.01420873
8.037379e-06
0.01420903
8.0631e-06
0.01420932
8.086386e-06
0.01420961
8.107451e-06
0.0142099
8.126487e-06
0.01421018
8.143661e-06
0.01421047
8.159123e-06
0.01421075
8.173005e-06
0.01421103
8.185424e-06
0.01421131
8.196483e-06
0.01421158
8.206275e-06
0.01421186
8.214877e-06
0.01421213
8.222362e-06
0.01421241
8.228788e-06
0.01421268
8.234209e-06
0.01421295
8.238668e-06
0.01421322
8.242203e-06
0.0142135
8.244842e-06
0.01421377
8.246609e-06
0.01421404
8.247519e-06
0.01421431
8.247584e-06
0.01421458
8.246807e-06
0.01421485
8.245185e-06
0.01421512
8.24271e-06
0.01421539
8.239368e-06
0.01421566
8.235136e-06
0.01421594
8.229987e-06
0.01421621
8.223886e-06
0.01421648
8.21679e-06
0.01421676
8.208649e-06
0.01421703
8.199404e-06
0.01421731
8.188987e-06
0.01421759
8.177321e-06
0.01421787
8.164315e-06
0.01421815
8.149869e-06
0.01421843
8.133868e-06
0.01421872
8.116183e-06
0.01421901
8.096668e-06
0.0142193
8.075156e-06
0.01421959
8.051461e-06
0.01421989
8.025371e-06
0.01422019
7.996648e-06
0.01422049
7.965019e-06
0.0142208
7.930177e-06
0.01422111
7.89177e-06
0.01422143
7.849396e-06
0.01422175
7.802596e-06
0.01422208
7.750842e-06
0.01422242
7.693526e-06
0.01422276
7.629942e-06
0.01422311
7.559272e-06
0.01422347
7.480563e-06
0.01422383
7.392697e-06
0.01422421
7.294362e-06
0.0142246
7.184009e-06
0.014225
7.059803e-06
0.01422541
6.919565e-06
0.01422583
6.760698e-06
0.01422627
6.580107e-06
0.01422673
6.374098e-06
0.0142272
6.138276e-06
0.01422768
5.867441e-06
0.01422817
5.55551e-06
0.01422867
5.195486e-06
0.01422917
4.779573e-06
0.01422967
4.299499e-06
0.01423014
3.74729e-06
0.01423057
3.116481e-06
0.01423092
2.404974e-06
0.01423118
1.615583e-06
7.708931e-07
0.01419782
9.998797e-07
0.01419811
1.978125e-06
0.01419848
2.665071e-06
0.01419888
3.248032e-06
0.01419932
3.794438e-06
0.01419977
4.283802e-06
0.01420022
4.709357e-06
0.01420067
5.080808e-06
0.01420112
5.406513e-06
0.01420155
5.692068e-06
0.01420198
5.942644e-06
0.0142024
6.163067e-06
0.0142028
6.357486e-06
0.0142032
6.529421e-06
0.01420358
6.681877e-06
0.01420395
6.817418e-06
0.01420432
6.938227e-06
0.01420468
7.046162e-06
0.01420503
7.142812e-06
0.01420537
7.229536e-06
0.0142057
7.307501e-06
0.01420603
7.377713e-06
0.01420635
7.441038e-06
0.01420667
7.49823e-06
0.01420698
7.549942e-06
0.01420729
7.596745e-06
0.01420759
7.639137e-06
0.01420789
7.677555e-06
0.01420819
7.712384e-06
0.01420848
7.743962e-06
0.01420877
7.772587e-06
0.01420906
7.798524e-06
0.01420935
7.822008e-06
0.01420963
7.843245e-06
0.01420991
7.86242e-06
0.01421019
7.879696e-06
0.01421047
7.895218e-06
0.01421074
7.909114e-06
0.01421102
7.921499e-06
0.01421129
7.932472e-06
0.01421157
7.942121e-06
0.01421184
7.950524e-06
0.01421211
7.957748e-06
0.01421238
7.96385e-06
0.01421265
7.968879e-06
0.01421292
7.972875e-06
0.01421319
7.975871e-06
0.01421345
7.977892e-06
0.01421372
7.978957e-06
0.01421399
7.979077e-06
0.01421426
7.978255e-06
0.01421453
7.976489e-06
0.0142148
7.97377e-06
0.01421507
7.970081e-06
0.01421534
7.965397e-06
0.01421561
7.959689e-06
0.01421588
7.952918e-06
0.01421615
7.945035e-06
0.01421642
7.935986e-06
0.0142167
7.925705e-06
0.01421697
7.914118e-06
0.01421725
7.901137e-06
0.01421752
7.886666e-06
0.0142178
7.870592e-06
0.01421808
7.85279e-06
0.01421837
7.833118e-06
0.01421865
7.811416e-06
0.01421894
7.787502e-06
0.01421923
7.761174e-06
0.01421952
7.732201e-06
0.01421982
7.700325e-06
0.01422012
7.665251e-06
0.01422042
7.626649e-06
0.01422073
7.584141e-06
0.01422104
7.537299e-06
0.01422136
7.485635e-06
0.01422168
7.428591e-06
0.01422201
7.365528e-06
0.01422234
7.295711e-06
0.01422269
7.218293e-06
0.01422303
7.132295e-06
0.01422339
7.036583e-06
0.01422375
6.929837e-06
0.01422413
6.810521e-06
0.01422451
6.676841e-06
0.0142249
6.526699e-06
0.01422531
6.357644e-06
0.01422572
6.166816e-06
0.01422614
5.950888e-06
0.01422658
5.706014e-06
0.01422701
5.427799e-06
0.01422746
5.111301e-06
0.0142279
4.751116e-06
0.01422834
4.341579e-06
0.01422876
3.877164e-06
0.01422916
3.353196e-06
0.01422951
2.766817e-06
0.01422979
2.118966e-06
0.01422999
1.414278e-06
6.70855e-07
0.01419806
9.355212e-07
0.01419827
1.778228e-06
0.01419855
2.385526e-06
0.01419888
2.923489e-06
0.01419924
3.435578e-06
0.01419962
3.900529e-06
0.01420002
4.311799e-06
0.01420042
4.676449e-06
0.01420083
5.000485e-06
0.01420123
5.287989e-06
0.01420163
5.542995e-06
0.01420203
5.769435e-06
0.01420241
5.970813e-06
0.01420279
6.150192e-06
0.01420316
6.310258e-06
0.01420353
6.453355e-06
0.01420388
6.581521e-06
0.01420423
6.69652e-06
0.01420458
6.799885e-06
0.01420491
6.892945e-06
0.01420524
6.976856e-06
0.01420557
7.052621e-06
0.01420589
7.121117e-06
0.0142062
7.183111e-06
0.01420651
7.239273e-06
0.01420682
7.290192e-06
0.01420712
7.336384e-06
0.01420742
7.378308e-06
0.01420772
7.416365e-06
0.01420801
7.450912e-06
0.0142083
7.482266e-06
0.01420859
7.510707e-06
0.01420887
7.536484e-06
0.01420916
7.559818e-06
0.01420944
7.580906e-06
0.01420972
7.599924e-06
0.01421
7.617027e-06
0.01421027
7.632355e-06
0.01421055
7.646028e-06
0.01421082
7.658156e-06
0.01421109
7.668835e-06
0.01421137
7.678146e-06
0.01421164
7.686164e-06
0.01421191
7.69295e-06
0.01421218
7.698558e-06
0.01421245
7.703031e-06
0.01421272
7.706405e-06
0.01421299
7.708707e-06
0.01421326
7.709958e-06
0.01421353
7.710168e-06
0.01421379
7.709344e-06
0.01421406
7.707481e-06
0.01421433
7.70457e-06
0.0142146
7.700592e-06
0.01421487
7.695522e-06
0.01421514
7.689325e-06
0.01421541
7.681961e-06
0.01421568
7.673377e-06
0.01421596
7.663513e-06
0.01421623
7.652299e-06
0.0142165
7.639653e-06
0.01421678
7.625483e-06
0.01421706
7.609681e-06
0.01421734
7.59213e-06
0.01421762
7.572692e-06
0.0142179
7.551216e-06
0.01421818
7.52753e-06
0.01421847
7.501439e-06
0.01421876
7.472729e-06
0.01421905
7.441152e-06
0.01421934
7.406436e-06
0.01421964
7.36827e-06
0.01421994
7.326304e-06
0.01422024
7.280144e-06
0.01422055
7.229342e-06
0.01422086
7.173392e-06
0.01422118
7.111718e-06
0.0142215
7.043664e-06
0.01422183
6.968483e-06
0.01422216
6.88532e-06
0.0142225
6.793195e-06
0.01422285
6.690983e-06
0.0142232
6.577394e-06
0.01422356
6.450943e-06
0.01422392
6.30992e-06
0.0142243
6.152362e-06
0.01422468
5.976018e-06
0.01422507
5.778317e-06
0.01422546
5.556341e-06
0.01422586
5.306818e-06
0.01422626
5.026132e-06
0.01422667
4.710381e-06
0.01422706
4.355509e-06
0.01422744
3.957537e-06
0.01422781
3.512942e-06
0.01422814
3.01925e-06
0.01422843
2.475743e-06
0.01422867
1.884799e-06
0.01422883
1.251493e-06
5.903044e-07
0.01419844
8.258581e-07
0.01419862
1.593115e-06
0.01419887
2.14365e-06
0.01419916
2.638663e-06
0.01419948
3.117194e-06
0.01419982
3.55785e-06
0.01420018
3.953474e-06
0.01420055
4.309019e-06
0.01420092
4.628676e-06
0.01420129
4.915277e-06
0.01420166
5.171876e-06
0.01420203
5.40163e-06
0.01420239
5.607456e-06
0.01420275
5.791988e-06
0.0142031
5.957599e-06
0.01420345
6.106408e-06
0.01420379
6.240289e-06
0.01420413
6.360898e-06
0.01420446
6.469691e-06
0.01420478
6.567947e-06
0.0142051
6.656793e-06
0.01420542
6.737217e-06
0.01420573
6.810089e-06
0.01420603
6.876177e-06
0.01420634
6.936156e-06
0.01420664
6.990625e-06
0.01420693
7.040112e-06
0.01420722
7.085085e-06
0.01420751
7.125961e-06
0.0142078
7.163108e-06
0.01420809
7.196856e-06
0.01420837
7.227496e-06
0.01420865
7.25529e-06
0.01420893
7.280471e-06
0.01420921
7.303245e-06
0.01420948
7.323798e-06
0.01420976
7.342295e-06
0.01421003
7.358881e-06
0.0142103
7.373688e-06
0.01421058
7.386829e-06
0.01421085
7.398407e-06
0.01421112
7.408511e-06
0.01421138
7.417218e-06
0.01421165
7.424594e-06
0.01421192
7.430697e-06
0.01421219
7.435572e-06
0.01421246
7.439259e-06
0.01421272
7.441786e-06
0.01421299
7.443175e-06
0.01421326
7.443438e-06
0.01421352
7.442581e-06
0.01421379
7.440599e-06
0.01421406
7.437483e-06
0.01421432
7.433213e-06
0.01421459
7.427761e-06
0.01421486
7.42109e-06
0.01421513
7.413157e-06
0.0142154
7.403906e-06
0.01421567
7.393273e-06
0.01421594
7.381182e-06
0.01421621
7.367548e-06
0.01421648
7.352271e-06
0.01421676
7.335238e-06
0.01421703
7.316323e-06
0.01421731
7.295381e-06
0.01421759
7.272253e-06
0.01421787
7.246756e-06
0.01421815
7.218689e-06
0.01421844
7.187821e-06
0.01421873
7.1539e-06
0.01421902
7.116637e-06
0.01421931
7.075712e-06
0.0142196
7.030763e-06
0.0142199
6.981383e-06
0.0142202
6.927115e-06
0.01422051
6.867442e-06
0.01422082
6.801783e-06
0.01422113
6.729476e-06
0.01422145
6.649778e-06
0.01422178
6.56184e-06
0.01422211
6.464704e-06
0.01422244
6.357279e-06
0.01422278
6.238328e-06
0.01422312
6.106445e-06
0.01422347
5.960039e-06
0.01422383
5.797311e-06
0.01422419
5.616239e-06
0.01422455
5.414561e-06
0.01422492
5.189779e-06
0.01422528
4.939168e-06
0.01422565
4.659823e-06
0.01422601
4.34874e-06
0.01422637
4.00296e-06
0.0142267
3.619794e-06
0.01422702
3.197147e-06
0.0142273
2.733976e-06
0.01422755
2.230778e-06
0.01422774
1.690475e-06
0.01422788
1.117892e-06
5.244852e-07
0.01419868
7.639536e-07
0.01419883
1.448509e-06
0.01419903
1.945376e-06
0.01419927
2.402164e-06
0.01419954
2.84834e-06
0.01419984
3.263312e-06
0.01420015
3.640272e-06
0.01420048
3.982835e-06
0.01420081
4.293933e-06
0.01420115
4.575476e-06
0.01420149
4.829732e-06
0.01420184
5.059184e-06
0.01420218
5.266207e-06
0.01420252
5.453008e-06
0.01420285
5.621628e-06
0.01420318
5.773932e-06
0.01420351
5.9116e-06
0.01420384
6.036142e-06
0.01420416
6.148906e-06
0.01420447
6.251096e-06
0.01420479
6.343781e-06
0.0142051
6.42791e-06
0.0142054
6.50433e-06
0.0142057
6.57379e-06
0.014206
6.636959e-06
0.0142063
6.69443e-06
0.01420659
6.746732e-06
0.01420688
6.794337e-06
0.01420717
6.837666e-06
0.01420746
6.877093e-06
0.01420774
6.912955e-06
0.01420802
6.945551e-06
0.0142083
6.97515e-06
0.01420858
7.001992e-06
0.01420886
7.026291e-06
0.01420913
7.04824e-06
0.01420941
7.068009e-06
0.01420968
7.085752e-06
0.01420995
7.101604e-06
0.01421022
7.115685e-06
0.01421049
7.128103e-06
0.01421076
7.13895e-06
0.01421103
7.148307e-06
0.0142113
7.156245e-06
0.01421157
7.162822e-06
0.01421183
7.16809e-06
0.0142121
7.172087e-06
0.01421237
7.174844e-06
0.01421263
7.176384e-06
0.0142129
7.176721e-06
0.01421317
7.175859e-06
0.01421343
7.173794e-06
0.0142137
7.170517e-06
0.01421397
7.166004e-06
0.01421424
7.160229e-06
0.0142145
7.153153e-06
0.01421477
7.144727e-06
0.01421504
7.134895e-06
0.01421531
7.123588e-06
0.01421558
7.110728e-06
0.01421585
7.096224e-06
0.01421613
7.079972e-06
0.0142164
7.061853e-06
0.01421667
7.041736e-06
0.01421695
7.01947e-06
0.01421723
6.994888e-06
0.01421751
6.967802e-06
0.01421779
6.938001e-06
0.01421807
6.90525e-06
0.01421835
6.869286e-06
0.01421864
6.829816e-06
0.01421893
6.786509e-06
0.01421922
6.738999e-06
0.01421952
6.686873e-06
0.01421981
6.629671e-06
0.01422011
6.566875e-06
0.01422042
6.497906e-06
0.01422072
6.42211e-06
0.01422104
6.338757e-06
0.01422135
6.247023e-06
0.01422167
6.145985e-06
0.01422199
6.034603e-06
0.01422232
5.911712e-06
0.01422265
5.776007e-06
0.01422298
5.626033e-06
0.01422332
5.460172e-06
0.01422366
5.276639e-06
0.014224
5.073485e-06
0.01422434
4.848607e-06
0.01422468
4.599783e-06
0.01422502
4.324724e-06
0.01422534
4.02117e-06
0.01422566
3.687027e-06
0.01422596
3.320561e-06
0.01422623
2.920664e-06
0.01422648
2.487193e-06
0.01422669
2.021294e-06
0.01422686
1.525987e-06
0.01422697
1.005633e-06
4.69417e-07
0.01419896
6.917013e-07
0.01419909
1.31742e-06
0.01419927
1.771053e-06
0.01419948
2.192143e-06
0.01419972
2.607297e-06
0.01419999
2.997082e-06
0.01420028
3.354884e-06
0.01420058
3.683315e-06
0.01420089
3.984351e-06
0.0142012
4.259156e-06
0.01420152
4.509325e-06
0.01420185
4.736746e-06
0.01420217
4.943306e-06
0.01420249
5.130816e-06
0.01420281
5.300999e-06
0.01420313
5.45547e-06
0.01420344
5.595716e-06
0.01420376
5.723096e-06
0.01420407
5.838844e-06
0.01420437
5.944077e-06
0.01420468
6.039799e-06
0.01420498
6.126914e-06
0.01420528
6.206233e-06
0.01420557
6.278484e-06
0.01420586
6.344317e-06
0.01420615
6.404318e-06
0.01420644
6.45901e-06
0.01420673
6.508862e-06
0.01420701
6.554296e-06
0.01420729
6.595688e-06
0.01420757
6.633379e-06
0.01420785
6.667673e-06
0.01420812
6.698842e-06
0.0142084
6.727132e-06
0.01420867
6.752763e-06
0.01420894
6.775931e-06
0.01420922
6.796813e-06
0.01420949
6.815568e-06
0.01420975
6.832334e-06
0.01421002
6.847237e-06
0.01421029
6.860387e-06
0.01421056
6.871881e-06
0.01421082
6.881804e-06
0.01421109
6.890228e-06
0.01421136
6.897216e-06
0.01421162
6.902818e-06
0.01421189
6.907078e-06
0.01421215
6.910026e-06
0.01421242
6.911687e-06
0.01421268
6.912075e-06
0.01421294
6.911194e-06
0.01421321
6.909041e-06
0.01421347
6.905605e-06
0.01421374
6.900864e-06
0.014214
6.894787e-06
0.01421427
6.887335e-06
0.01421454
6.878458e-06
0.0142148
6.868096e-06
0.01421507
6.856179e-06
0.01421534
6.842625e-06
0.01421561
6.82734e-06
0.01421588
6.810215e-06
0.01421615
6.791129e-06
0.01421642
6.769945e-06
0.01421669
6.746508e-06
0.01421697
6.720647e-06
0.01421724
6.692168e-06
0.01421752
6.660856e-06
0.0142178
6.626472e-06
0.01421808
6.588747e-06
0.01421836
6.547385e-06
0.01421865
6.502053e-06
0.01421893
6.452382e-06
0.01421922
6.397962e-06
0.01421951
6.338333e-06
0.01421981
6.272984e-06
0.0142201
6.201347e-06
0.0142204
6.122785e-06
0.0142207
6.036592e-06
0.01422101
5.941978e-06
0.01422132
5.838068e-06
0.01422163
5.723885e-06
0.01422194
5.59835e-06
0.01422226
5.46027e-06
0.01422257
5.308333e-06
0.01422289
5.141106e-06
0.01422321
4.95704e-06
0.01422353
4.754479e-06
0.01422385
4.531685e-06
0.01422416
4.286873e-06
0.01422447
4.018277e-06
0.01422477
3.724238e-06
0.01422505
3.403323e-06
0.01422531
3.054498e-06
0.01422556
2.67732e-06
0.01422577
2.27219e-06
0.01422595
1.840561e-06
0.01422609
1.385321e-06
0.01422619
9.102908e-07
4.228576e-07
0.01419918
6.389212e-07
0.01419929
1.207413e-06
0.01419944
1.621823e-06
0.01419963
2.011304e-06
0.01419984
2.397946e-06
0.01420007
2.763572e-06
0.01420033
3.102037e-06
0.0142006
3.415288e-06
0.01420088
3.704638e-06
0.01420116
3.970727e-06
0.01420146
4.214651e-06
0.01420176
4.437838e-06
0.01420206
4.641769e-06
0.01420236
4.827918e-06
0.01420266
4.997726e-06
0.01420297
5.152575e-06
0.01420327
5.293761e-06
0.01420357
5.422493e-06
0.01420387
5.539884e-06
0.01420416
5.646954e-06
0.01420446
5.744633e-06
0.01420475
5.833767e-06
0.01420504
5.915122e-06
0.01420533
5.989392e-06
0.01420562
6.057202e-06
0.0142059
6.119118e-06
0.01420619
6.175652e-06
0.01420647
6.227262e-06
0.01420675
6.274365e-06
0.01420703
6.317335e-06
0.0142073
6.356508e-06
0.01420758
6.39219e-06
0.01420785
6.424655e-06
0.01420812
6.454148e-06
0.0142084
6.480893e-06
0.01420867
6.505089e-06
0.01420894
6.526914e-06
0.01420921
6.54653e-06
0.01420947
6.564079e-06
0.01420974
6.57969e-06
0.01421001
6.593474e-06
0.01421027
6.605531e-06
0.01421054
6.615947e-06
0.01421081
6.624799e-06
0.01421107
6.632149e-06
0.01421134
6.63805e-06
0.0142116
6.642546e-06
0.01421186
6.645669e-06
0.01421213
6.647444e-06
0.01421239
6.647885e-06
0.01421266
6.646998e-06
0.01421292
6.644779e-06
0.01421319
6.641215e-06
0.01421345
6.636285e-06
0.01421371
6.629956e-06
0.01421398
6.622188e-06
0.01421425
6.61293e-06
0.01421451
6.602121e-06
0.01421478
6.589686e-06
0.01421504
6.575543e-06
0.01421531
6.559594e-06
0.01421558
6.54173e-06
0.01421585
6.521824e-06
0.01421612
6.499738e-06
0.01421639
6.475315e-06
0.01421666
6.448378e-06
0.01421694
6.418732e-06
0.01421721
6.38616e-06
0.01421749
6.35042e-06
0.01421777
6.311243e-06
0.01421804
6.268332e-06
0.01421832
6.221355e-06
0.01421861
6.169947e-06
0.01421889
6.1137e-06
0.01421918
6.052166e-06
0.01421947
5.984846e-06
0.01421976
5.911186e-06
0.01422005
5.830577e-06
0.01422034
5.742343e-06
0.01422064
5.645738e-06
0.01422094
5.539941e-06
0.01422124
5.424048e-06
0.01422154
5.297072e-06
0.01422184
5.157934e-06
0.01422214
5.005469e-06
0.01422245
4.838426e-06
0.01422275
4.655478e-06
0.01422305
4.455237e-06
0.01422334
4.236286e-06
0.01422363
3.997217e-06
0.01422391
3.736693e-06
0.01422418
3.453529e-06
0.01422444
3.146793e-06
0.01422468
2.815946e-06
0.01422489
2.460986e-06
0.01422508
2.082626e-06
0.01422524
1.682427e-06
0.01422536
1.263051e-06
0.01422545
8.278162e-07
3.827591e-07
0.0141994
5.858038e-07
0.0141995
1.108085e-06
0.01419964
1.488886e-06
0.0141998
1.849165e-06
0.01419999
2.208922e-06
0.01420021
2.551288e-06
0.01420044
2.87054e-06
0.01420069
3.168166e-06
0.01420095
3.445015e-06
0.01420121
3.70134e-06
0.01420149
3.937843e-06
0.01420177
4.155563e-06
0.01420206
4.355635e-06
0.01420235
4.539229e-06
0.01420264
4.707527e-06
0.01420293
4.861689e-06
0.01420322
5.00283e-06
0.01420351
5.132008e-06
0.0142038
5.250212e-06
0.01420409
5.358365e-06
0.01420437
5.457316e-06
0.01420466
5.547848e-06
0.01420494
5.630677e-06
0.01420523
5.706457e-06
0.01420551
5.775785e-06
0.01420579
5.839203e-06
0.01420607
5.897203e-06
0.01420634
5.950234e-06
0.01420662
5.9987e-06
0.01420689
6.042969e-06
0.01420717
6.083375e-06
0.01420744
6.120219e-06
0.01420771
6.153774e-06
0.01420798
6.184286e-06
0.01420825
6.211978e-06
0.01420851
6.23705e-06
0.01420878
6.259683e-06
0.01420905
6.280038e-06
0.01420931
6.298261e-06
0.01420958
6.314481e-06
0.01420984
6.328812e-06
0.01421011
6.341355e-06
0.01421037
6.3522e-06
0.01421063
6.361421e-06
0.0142109
6.369085e-06
0.01421116
6.375246e-06
0.01421142
6.379947e-06
0.01421169
6.383222e-06
0.01421195
6.385097e-06
0.01421221
6.385586e-06
0.01421247
6.384694e-06
0.01421273
6.382418e-06
0.014213
6.378746e-06
0.01421326
6.373654e-06
0.01421352
6.36711e-06
0.01421378
6.359073e-06
0.01421405
6.349491e-06
0.01421431
6.3383e-06
0.01421458
6.325427e-06
0.01421484
6.310785e-06
0.01421511
6.294277e-06
0.01421537
6.275791e-06
0.01421564
6.2552e-06
0.01421591
6.232362e-06
0.01421617
6.20712e-06
0.01421644
6.179296e-06
0.01421671
6.148695e-06
0.01421698
6.115098e-06
0.01421726
6.078264e-06
0.01421753
6.037926e-06
0.0142178
5.993789e-06
0.01421808
5.945527e-06
0.01421836
5.89278e-06
0.01421864
5.835151e-06
0.01421892
5.772204e-06
0.0142192
5.703457e-06
0.01421948
5.62838e-06
0.01421976
5.546393e-06
0.01422005
5.456856e-06
0.01422034
5.359074e-06
0.01422062
5.252285e-06
0.01422091
5.135662e-06
0.0142212
5.00831e-06
0.01422149
4.869269e-06
0.01422178
4.717513e-06
0.01422206
4.551962e-06
0.01422235
4.371492e-06
0.01422263
4.174957e-06
0.0142229
3.961216e-06
0.01422317
3.729178e-06
0.01422343
3.47785e-06
0.01422368
3.206417e-06
0.01422391
2.914319e-06
0.01422412
2.601361e-06
0.01422432
2.267824e-06
0.01422449
1.914581e-06
0.01422462
1.543187e-06
0.01422473
1.15604e-06
0.0142248
7.55997e-07
3.480056e-07
0.01419959
5.418022e-07
0.01419968
1.021104e-06
0.0141998
1.37157e-06
0.01419995
1.7056e-06
0.01420012
2.040708e-06
0.01420031
2.361251e-06
0.01420052
2.66198e-06
0.01420074
2.944063e-06
0.01420098
3.208023e-06
0.01420123
3.453841e-06
0.01420148
3.681926e-06
0.01420175
3.893022e-06
0.01420201
4.087985e-06
0.01420228
4.267738e-06
0.01420256
4.433241e-06
0.01420283
4.585464e-06
0.01420311
4.72536e-06
0.01420339
4.853847e-06
0.01420367
4.9718e-06
0.01420395
5.080044e-06
0.01420422
5.17935e-06
0.0142045
5.270436e-06
0.01420478
5.353964e-06
0.01420505
5.430547e-06
0.01420533
5.500745e-06
0.0142056
5.565075e-06
0.01420587
5.624005e-06
0.01420615
5.677967e-06
0.01420642
5.727354e-06
0.01420669
5.772521e-06
0.01420696
5.813795e-06
0.01420723
5.851471e-06
0.01420749
5.885818e-06
0.01420776
5.917079e-06
0.01420803
5.945475e-06
0.01420829
5.971204e-06
0.01420856
5.994447e-06
0.01420882
6.015366e-06
0.01420909
6.034106e-06
0.01420935
6.050795e-06
0.01420961
6.06555e-06
0.01420988
6.078473e-06
0.01421014
6.089651e-06
0.0142104
6.099162e-06
0.01421066
6.107073e-06
0.01421092
6.113436e-06
0.01421119
6.118299e-06
0.01421145
6.121693e-06
0.01421171
6.123646e-06
0.01421197
6.12417e-06
0.01421223
6.123273e-06
0.01421249
6.12095e-06
0.01421275
6.117188e-06
0.01421302
6.111964e-06
0.01421328
6.105246e-06
0.01421354
6.096991e-06
0.0142138
6.087147e-06
0.01421406
6.07565e-06
0.01421433
6.062425e-06
0.01421459
6.047385e-06
0.01421485
6.030432e-06
0.01421512
6.011453e-06
0.01421538
5.99032e-06
0.01421565
5.966893e-06
0.01421592
5.941012e-06
0.01421618
5.912501e-06
0.01421645
5.881166e-06
0.01421672
5.846789e-06
0.01421699
5.809133e-06
0.01421726
5.767934e-06
0.01421753
5.722902e-06
0.0142178
5.673719e-06
0.01421807
5.620036e-06
0.01421835
5.561468e-06
0.01421862
5.497594e-06
0.0142189
5.427956e-06
0.01421917
5.352049e-06
0.01421945
5.269325e-06
0.01421973
5.17919e-06
0.01422001
5.080996e-06
0.01422028
4.974046e-06
0.01422056
4.857589e-06
0.01422084
4.730825e-06
0.01422112
4.592904e-06
0.01422139
4.442935e-06
0.01422166
4.279993e-06
0.01422193
4.103138e-06
0.01422219
3.911434e-06
0.01422245
3.703974e-06
0.0142227
3.479927e-06
0.01422294
3.238577e-06
0.01422317
2.979389e-06
0.01422338
2.702077e-06
0.01422357
2.406682e-06
0.01422375
2.093654e-06
0.0142239
1.763938e-06
0.01422402
1.419018e-06
0.01422412
1.061036e-06
0.01422418
6.924535e-07
3.173978e-07
0.01419978
4.999074e-07
0.01419986
9.421352e-07
0.01419997
1.265704e-06
0.0142001
1.575513e-06
0.01420025
1.887547e-06
0.01420043
2.187333e-06
0.01420062
2.470045e-06
0.01420083
2.73664e-06
0.01420105
2.987423e-06
0.01420128
3.222196e-06
0.01420152
3.441151e-06
0.01420177
3.644798e-06
0.01420202
3.83377e-06
0.01420228
4.008778e-06
0.01420254
4.170592e-06
0.01420281
4.32001e-06
0.01420308
4.457834e-06
0.01420335
4.584852e-06
0.01420362
4.701828e-06
0.01420389
4.809491e-06
0.01420416
4.908534e-06
0.01420443
4.999606e-06
0.0142047
5.083316e-06
0.01420497
5.160229e-06
0.01420524
5.230869e-06
0.01420551
5.29572e-06
0.01420577
5.355227e-06
0.01420604
5.409801e-06
0.01420631
5.459818e-06
0.01420658
5.505622e-06
0.01420684
5.547527e-06
0.01420711
5.585822e-06
0.01420737
5.620769e-06
0.01420764
5.652606e-06
0.0142079
5.68155e-06
0.01420816
5.707797e-06
0.01420843
5.731527e-06
0.01420869
5.752898e-06
0.01420895
5.772056e-06
0.01420921
5.789129e-06
0.01420947
5.804233e-06
0.01420974
5.817469e-06
0.01421
5.828926e-06
0.01421026
5.838681e-06
0.01421052
5.846801e-06
0.01421078
5.85334e-06
0.01421104
5.858344e-06
0.0142113
5.861847e-06
0.01421156
5.863873e-06
0.01421182
5.864438e-06
0.01421208
5.863548e-06
0.01421234
5.861199e-06
0.01421259
5.857378e-06
0.01421285
5.852062e-06
0.01421311
5.845217e-06
0.01421337
5.836803e-06
0.01421364
5.826764e-06
0.0142139
5.815039e-06
0.01421416
5.801551e-06
0.01421442
5.786215e-06
0.01421468
5.768931e-06
0.01421494
5.749586e-06
0.0142152
5.728055e-06
0.01421547
5.704196e-06
0.01421573
5.677853e-06
0.01421599
5.64885e-06
0.01421626
5.616996e-06
0.01421652
5.582077e-06
0.01421679
5.54386e-06
0.01421705
5.502088e-06
0.01421732
5.456479e-06
0.01421759
5.406723e-06
0.01421785
5.352485e-06
0.01421812
5.293395e-06
0.01421839
5.229053e-06
0.01421866
5.159022e-06
0.01421893
5.082829e-06
0.0142192
4.999962e-06
0.01421947
4.909869e-06
0.01421974
4.811956e-06
0.01422
4.705589e-06
0.01422027
4.590093e-06
0.01422054
4.464757e-06
0.0142208
4.328836e-06
0.01422106
4.181563e-06
0.01422132
4.022154e-06
0.01422157
3.849831e-06
0.01422182
3.663835e-06
0.01422206
3.463459e-06
0.01422229
3.248082e-06
0.01422252
3.017204e-06
0.01422272
2.770505e-06
0.01422292
2.507892e-06
0.0142231
2.229563e-06
0.01422325
1.936065e-06
0.01422339
1.628351e-06
0.0142235
1.307806e-06
0.01422358
9.763252e-07
0.01422364
6.360274e-07
2.903539e-07
0.01419994
4.629843e-07
0.01420001
8.711245e-07
0.01420011
1.170253e-06
0.01420023
1.457959e-06
0.01420037
1.748678e-06
0.01420053
2.029019e-06
0.01420071
2.294561e-06
0.0142009
2.546112e-06
0.0142011
2.783826e-06
0.01420132
3.007382e-06
0.01420154
3.216817e-06
0.01420178
3.412461e-06
0.01420201
3.594769e-06
0.01420226
3.764282e-06
0.01420251
3.921609e-06
0.01420276
4.067404e-06
0.01420301
4.202336e-06
0.01420327
4.327079e-06
0.01420353
4.442296e-06
0.01420379
4.548629e-06
0.01420405
4.646695e-06
0.01420432
4.73708e-06
0.01420458
4.820338e-06
0.01420484
4.896989e-06
0.0142051
4.967519e-06
0.01420537
5.032379e-06
0.01420563
5.091989e-06
0.01420589
5.146736e-06
0.01420616
5.196979e-06
0.01420642
5.243046e-06
0.01420668
5.285241e-06
0.01420694
5.32384e-06
0.0142072
5.359098e-06
0.01420747
5.391247e-06
0.01420773
5.420499e-06
0.01420799
5.447045e-06
0.01420825
5.471061e-06
0.01420851
5.492705e-06
0.01420877
5.512118e-06
0.01420903
5.529428e-06
0.01420929
5.544749e-06
0.01420955
5.558182e-06
0.0142098
5.569815e-06
0.01421006
5.579725e-06
0.01421032
5.587978e-06
0.01421058
5.594628e-06
0.01421084
5.599719e-06
0.0142111
5.603288e-06
0.01421136
5.605357e-06
0.01421161
5.605943e-06
0.01421187
5.605051e-06
0.01421213
5.602678e-06
0.01421239
5.598809e-06
0.01421265
5.593422e-06
0.01421291
5.586485e-06
0.01421317
5.577955e-06
0.01421342
5.567779e-06
0.01421368
5.555893e-06
0.01421394
5.542224e-06
0.0142142
5.526684e-06
0.01421446
5.509176e-06
0.01421472
5.489589e-06
0.01421498
5.467797e-06
0.01421524
5.443661e-06
0.0142155
5.417027e-06
0.01421577
5.387723e-06
0.01421603
5.355561e-06
0.01421629
5.320333e-06
0.01421655
5.281811e-06
0.01421681
5.239747e-06
0.01421708
5.193868e-06
0.01421734
5.143877e-06
0.0142176
5.089452e-06
0.01421786
5.030242e-06
0.01421813
4.965868e-06
0.01421839
4.895919e-06
0.01421865
4.819952e-06
0.01421892
4.737494e-06
0.01421918
4.648037e-06
0.01421944
4.551039e-06
0.0142197
4.445928e-06
0.01421996
4.332102e-06
0.01422021
4.208934e-06
0.01422046
4.075778e-06
0.01422071
3.931977e-06
0.01422096
3.776872e-06
0.0142212
3.609825e-06
0.01422143
3.430231e-06
0.01422166
3.237545e-06
0.01422188
3.031313e-06
0.01422208
2.811207e-06
0.01422228
2.577063e-06
0.01422245
2.328927e-06
0.01422262
2.067096e-06
0.01422276
1.792164e-06
0.01422288
1.505059e-06
0.01422298
1.207054e-06
0.01422306
8.998249e-07
0.01422311
5.852044e-07
2.661121e-07
0.0142001
4.28412e-07
0.01420016
8.060666e-07
0.01420025
1.083057e-06
0.01420036
1.350281e-06
0.01420049
1.621051e-06
0.01420064
1.88298e-06
0.0142008
2.132006e-06
0.01420098
2.368835e-06
0.01420117
2.593529e-06
0.01420137
2.805694e-06
0.01420159
3.005258e-06
0.01420181
3.192418e-06
0.01420203
3.367492e-06
0.01420227
3.530881e-06
0.0142025
3.683063e-06
0.01420275
3.824565e-06
0.01420299
3.955945e-06
0.01420324
4.07777e-06
0.01420349
4.190611e-06
0.01420375
4.295028e-06
0.014204
4.391567e-06
0.01420426
4.480751e-06
0.01420451
4.56308e-06
0.01420477
4.639028e-06
0.01420503
4.709041e-06
0.01420529
4.773538e-06
0.01420555
4.83291e-06
0.01420581
4.887519e-06
0.01420607
4.937704e-06
0.01420632
4.983777e-06
0.01420658
5.026027e-06
0.01420684
5.064719e-06
0.0142071
5.100098e-06
0.01420736
5.132387e-06
0.01420762
5.161792e-06
0.01420788
5.188499e-06
0.01420814
5.212678e-06
0.01420839
5.234485e-06
0.01420865
5.254057e-06
0.01420891
5.27152e-06
0.01420917
5.286986e-06
0.01420942
5.300554e-06
0.01420968
5.312312e-06
0.01420994
5.322334e-06
0.0142102
5.330687e-06
0.01421045
5.337424e-06
0.01421071
5.342589e-06
0.01421097
5.346216e-06
0.01421122
5.348331e-06
0.01421148
5.348948e-06
0.01421174
5.348073e-06
0.014212
5.345701e-06
0.01421225
5.341821e-06
0.01421251
5.336409e-06
0.01421277
5.329432e-06
0.01421302
5.32085e-06
0.01421328
5.310609e-06
0.01421354
5.298647e-06
0.0142138
5.28489e-06
0.01421405
5.269253e-06
0.01421431
5.251639e-06
0.01421457
5.23194e-06
0.01421483
5.210031e-06
0.01421508
5.185778e-06
0.01421534
5.159029e-06
0.0142156
5.129617e-06
0.01421586
5.097358e-06
0.01421612
5.062052e-06
0.01421637
5.023478e-06
0.01421663
4.981397e-06
0.01421689
4.935547e-06
0.01421715
4.885645e-06
0.01421741
4.831386e-06
0.01421766
4.772436e-06
0.01421792
4.70844e-06
0.01421818
4.639014e-06
0.01421844
4.563749e-06
0.01421869
4.482206e-06
0.01421894
4.393923e-06
0.0142192
4.298409e-06
0.01421945
4.195152e-06
0.0142197
4.083619e-06
0.01421994
3.963259e-06
0.01422018
3.833517e-06
0.01422042
3.693833e-06
0.01422066
3.54366e-06
0.01422088
3.382479e-06
0.0142211
3.209812e-06
0.01422132
3.025249e-06
0.01422152
2.828469e-06
0.01422171
2.619274e-06
0.01422189
2.397615e-06
0.01422205
2.163633e-06
0.0142222
1.917685e-06
0.01422234
1.660379e-06
0.01422245
1.392594e-06
0.01422254
1.11549e-06
0.01422261
8.30544e-07
0.01422266
5.393405e-07
2.443504e-07
0.01420024
3.969514e-07
0.0142003
7.465182e-07
0.01420038
1.003192e-06
0.01420049
1.251489e-06
0.01420061
1.503672e-06
0.01420074
1.74828e-06
0.01420089
1.981581e-06
0.01420106
2.204209e-06
0.01420123
2.416165e-06
0.01420142
2.617015e-06
0.01420162
2.806611e-06
0.01420183
2.985051e-06
0.01420204
3.152544e-06
0.01420226
3.30938e-06
0.01420249
3.45593e-06
0.01420272
3.592615e-06
0.01420296
3.719892e-06
0.0142032
3.838241e-06
0.01420344
3.948148e-06
0.01420368
4.050099e-06
0.01420393
4.144575e-06
0.01420418
4.232041e-06
0.01420443
4.312946e-06
0.01420468
4.38772e-06
0.01420493
4.45677e-06
0.01420519
4.520482e-06
0.01420544
4.579219e-06
0.01420569
4.633319e-06
0.01420595
4.683099e-06
0.0142062
4.728855e-06
0.01420646
4.770859e-06
0.01420671
4.809365e-06
0.01420697
4.844606e-06
0.01420722
4.876797e-06
0.01420748
4.906135e-06
0.01420773
4.9328e-06
0.01420799
4.956958e-06
0.01420825
4.978758e-06
0.0142085
4.998335e-06
0.01420876
5.015812e-06
0.01420901
5.031297e-06
0.01420927
5.044888e-06
0.01420952
5.056669e-06
0.01420978
5.066716e-06
0.01421003
5.075092e-06
0.01421029
5.081851e-06
0.01421055
5.087035e-06
0.0142108
5.090678e-06
0.01421106
5.092805e-06
0.01421131
5.09343e-06
0.01421157
5.092559e-06
0.01421182
5.090189e-06
0.01421208
5.086305e-06
0.01421233
5.080886e-06
0.01421259
5.0739e-06
0.01421285
5.065306e-06
0.0142131
5.055052e-06
0.01421336
5.043076e-06
0.01421361
5.029307e-06
0.01421387
5.01366e-06
0.01421412
4.996042e-06
0.01421438
4.976345e-06
0.01421463
4.95445e-06
0.01421489
4.930224e-06
0.01421514
4.90352e-06
0.0142154
4.874177e-06
0.01421566
4.842018e-06
0.01421591
4.806848e-06
0.01421617
4.768457e-06
0.01421642
4.726615e-06
0.01421667
4.681073e-06
0.01421693
4.631564e-06
0.01421718
4.577797e-06
0.01421744
4.519461e-06
0.01421769
4.456224e-06
0.01421794
4.387729e-06
0.01421819
4.313598e-06
0.01421844
4.233431e-06
0.01421868
4.146808e-06
0.01421893
4.053288e-06
0.01421917
3.952413e-06
0.01421941
3.843715e-06
0.01421965
3.726716e-06
0.01421988
3.600938e-06
0.01422011
3.46591e-06
0.01422033
3.321181e-06
0.01422055
3.166331e-06
0.01422076
3.00099e-06
0.01422096
2.824856e-06
0.01422115
2.637712e-06
0.01422133
2.439459e-06
0.0142215
2.230133e-06
0.01422165
2.009935e-06
0.01422179
1.779255e-06
0.01422191
1.538691e-06
0.01422201
1.289069e-06
0.0142221
1.031436e-06
0.01422216
7.670975e-07
0.0142222
4.974321e-07
2.245643e-07
0.01420037
3.675385e-07
0.01420043
6.914366e-07
0.01420051
9.294277e-07
0.0142006
1.160072e-06
0.01420071
1.394792e-06
0.01420084
1.622988e-06
0.01420098
1.84122e-06
0.01420113
2.050069e-06
0.0142013
2.249506e-06
0.01420148
2.43908e-06
0.01420167
2.618597e-06
0.01420186
2.788083e-06
0.01420207
2.947666e-06
0.01420228
3.097552e-06
0.0142025
3.238021e-06
0.01420272
3.369408e-06
0.01420295
3.492089e-06
0.01420318
3.60646e-06
0.01420341
3.712938e-06
0.01420365
3.811941e-06
0.01420389
3.903888e-06
0.01420413
3.989191e-06
0.01420438
4.068251e-06
0.01420462
4.141453e-06
0.01420487
4.209169e-06
0.01420512
4.271751e-06
0.01420537
4.329531e-06
0.01420562
4.382825e-06
0.01420587
4.431928e-06
0.01420612
4.477115e-06
0.01420637
4.518645e-06
0.01420663
4.556755e-06
0.01420688
4.591668e-06
0.01420713
4.623587e-06
0.01420739
4.652703e-06
0.01420764
4.679187e-06
0.01420789
4.703197e-06
0.01420815
4.724879e-06
0.0142084
4.744363e-06
0.01420866
4.761766e-06
0.01420891
4.777196e-06
0.01420916
4.790745e-06
0.01420942
4.802498e-06
0.01420967
4.812526e-06
0.01420993
4.820891e-06
0.01421018
4.827647e-06
0.01421043
4.832834e-06
0.01421069
4.836486e-06
0.01421094
4.838627e-06
0.0142112
4.839271e-06
0.01421145
4.838424e-06
0.0142117
4.836081e-06
0.01421196
4.83223e-06
0.01421221
4.82685e-06
0.01421247
4.819908e-06
0.01421272
4.811366e-06
0.01421297
4.801171e-06
0.01421323
4.789265e-06
0.01421348
4.775577e-06
0.01421374
4.760025e-06
0.01421399
4.742518e-06
0.01421424
4.722951e-06
0.0142145
4.70121e-06
0.01421475
4.677166e-06
0.014215
4.650676e-06
0.01421525
4.621586e-06
0.01421551
4.589726e-06
0.01421576
4.554909e-06
0.01421601
4.516936e-06
0.01421626
4.475587e-06
0.01421651
4.430627e-06
0.01421676
4.381803e-06
0.01421701
4.328843e-06
0.01421726
4.271458e-06
0.0142175
4.209337e-06
0.01421775
4.142152e-06
0.01421799
4.069558e-06
0.01421824
3.991189e-06
0.01421848
3.906666e-06
0.01421871
3.815595e-06
0.01421895
3.717571e-06
0.01421918
3.612184e-06
0.01421941
3.499019e-06
0.01421963
3.37767e-06
0.01421985
3.247743e-06
0.01422006
3.108868e-06
0.01422027
2.960711e-06
0.01422046
2.802988e-06
0.01422065
2.635484e-06
0.01422083
2.458066e-06
0.014221
2.270705e-06
0.01422116
2.073498e-06
0.0142213
1.866684e-06
0.01422143
1.650664e-06
0.01422154
1.426015e-06
0.01422164
1.193501e-06
0.01422172
9.540661e-07
0.01422177
7.088606e-07
0.01422181
4.590842e-07
2.065575e-07
0.0142005
3.402931e-07
0.01420055
6.403806e-07
0.01420062
8.610532e-07
0.01420071
1.075215e-06
0.01420081
1.293531e-06
0.01420093
1.506199e-06
0.01420106
1.710044e-06
0.01420121
1.90561e-06
0.01420136
2.092854e-06
0.01420153
2.271326e-06
0.01420171
2.440803e-06
0.01420189
2.601263e-06
0.01420209
2.752771e-06
0.01420229
2.895467e-06
0.0142025
3.029558e-06
0.01420271
3.15531e-06
0.01420293
3.273023e-06
0.01420315
3.383029e-06
0.01420338
3.485679e-06
0.01420361
3.581331e-06
0.01420384
3.670349e-06
0.01420408
3.753096e-06
0.01420432
3.829927e-06
0.01420456
3.901188e-06
0.0142048
3.967214e-06
0.01420504
4.028325e-06
0.01420529
4.084827e-06
0.01420553
4.137009e-06
0.01420578
4.185145e-06
0.01420603
4.229493e-06
0.01420628
4.270292e-06
0.01420653
4.307769e-06
0.01420677
4.342131e-06
0.01420702
4.373573e-06
0.01420727
4.402274e-06
0.01420753
4.4284e-06
0.01420778
4.4521e-06
0.01420803
4.473514e-06
0.01420828
4.492767e-06
0.01420853
4.509972e-06
0.01420878
4.525233e-06
0.01420903
4.538639e-06
0.01420929
4.550272e-06
0.01420954
4.560202e-06
0.01420979
4.568488e-06
0.01421004
4.575181e-06
0.0142103
4.580322e-06
0.01421055
4.583944e-06
0.0142108
4.586069e-06
0.01421105
4.586711e-06
0.01421131
4.585877e-06
0.01421156
4.583561e-06
0.01421181
4.579751e-06
0.01421206
4.574428e-06
0.01421232
4.567559e-06
0.01421257
4.559106e-06
0.01421282
4.54902e-06
0.01421307
4.537243e-06
0.01421332
4.523706e-06
0.01421358
4.508331e-06
0.01421383
4.49103e-06
0.01421408
4.471701e-06
0.01421433
4.450233e-06
0.01421458
4.426504e-06
0.01421483
4.400376e-06
0.01421508
4.371702e-06
0.01421533
4.340319e-06
0.01421558
4.30605e-06
0.01421583
4.268706e-06
0.01421607
4.228078e-06
0.01421632
4.183947e-06
0.01421657
4.136075e-06
0.01421681
4.084208e-06
0.01421705
4.028076e-06
0.0142173
3.967395e-06
0.01421754
3.901862e-06
0.01421777
3.831162e-06
0.01421801
3.754966e-06
0.01421824
3.672931e-06
0.01421848
3.584708e-06
0.0142187
3.48994e-06
0.01421893
3.388269e-06
0.01421915
3.279339e-06
0.01421936
3.162805e-06
0.01421957
3.03834e-06
0.01421977
2.905643e-06
0.01421997
2.764452e-06
0.01422016
2.614555e-06
0.01422034
2.455803e-06
0.01422051
2.288127e-06
0.01422067
2.111553e-06
0.01422081
1.926216e-06
0.01422095
1.732378e-06
0.01422107
1.530438e-06
0.01422117
1.320942e-06
0.01422126
1.104594e-06
0.01422133
8.822423e-07
0.01422139
6.549029e-07
0.01422142
4.236261e-07
1.899928e-07
0.01420061
3.147351e-07
0.01420066
5.927499e-07
0.01420073
7.973102e-07
0.01420081
9.959855e-07
0.0142009
1.198802e-06
0.01420102
1.396701e-06
0.01420114
1.586746e-06
0.01420128
1.769453e-06
0.01420142
1.944781e-06
0.01420158
2.112293e-06
0.01420175
2.271753e-06
0.01420193
2.423107e-06
0.01420212
2.566377e-06
0.01420231
2.701651e-06
0.01420251
2.829082e-06
0.01420272
2.948874e-06
0.01420293
3.06127e-06
0.01420314
3.166544e-06
0.01420336
3.26499e-06
0.01420359
3.356913e-06
0.01420382
3.44263e-06
0.01420405
3.522456e-06
0.01420428
3.596704e-06
0.01420451
3.665685e-06
0.01420475
3.729697e-06
0.01420499
3.789032e-06
0.01420523
3.843966e-06
0.01420547
3.894766e-06
0.01420572
3.941683e-06
0.01420596
3.984956e-06
0.01420621
4.024809e-06
0.01420645
4.061451e-06
0.0142067
4.095079e-06
0.01420695
4.125875e-06
0.0142072
4.154008e-06
0.01420744
4.179635e-06
0.01420769
4.202899e-06
0.01420794
4.223932e-06
0.01420819
4.242853e-06
0.01420844
4.259773e-06
0.01420869
4.274787e-06
0.01420894
4.287984e-06
0.01420919
4.29944e-06
0.01420944
4.309224e-06
0.0142097
4.317393e-06
0.01420995
4.323997e-06
0.0142102
4.329073e-06
0.01421045
4.332654e-06
0.0142107
4.334762e-06
0.01421095
4.33541e-06
0.0142112
4.334604e-06
0.01421145
4.332339e-06
0.01421171
4.328604e-06
0.01421196
4.323378e-06
0.01421221
4.316633e-06
0.01421246
4.308329e-06
0.01421271
4.298421e-06
0.01421296
4.28685e-06
0.01421321
4.273553e-06
0.01421346
4.258454e-06
0.01421371
4.241466e-06
0.01421396
4.222495e-06
0.01421421
4.201432e-06
0.01421445
4.178161e-06
0.0142147
4.152552e-06
0.01421495
4.124463e-06
0.0142152
4.09374e-06
0.01421544
4.060217e-06
0.01421569
4.023713e-06
0.01421593
3.984035e-06
0.01421617
3.940976e-06
0.01421642
3.894313e-06
0.01421666
3.843812e-06
0.01421689
3.789225e-06
0.01421713
3.730287e-06
0.01421737
3.666725e-06
0.0142176
3.598252e-06
0.01421783
3.524571e-06
0.01421806
3.445377e-06
0.01421828
3.36036e-06
0.0142185
3.269206e-06
0.01421872
3.171605e-06
0.01421893
3.067253e-06
0.01421914
2.955859e-06
0.01421934
2.837153e-06
0.01421953
2.710892e-06
0.01421972
2.576875e-06
0.0142199
2.434944e-06
0.01422007
2.285007e-06
0.01422023
2.127042e-06
0.01422038
1.961112e-06
0.01422052
1.78738e-06
0.01422065
1.606115e-06
0.01422076
1.417706e-06
0.01422086
1.222665e-06
0.01422094
1.021634e-06
0.01422101
8.153731e-07
0.01422106
6.04782e-07
0.01422109
3.907787e-07
1.747318e-07
0.01420072
2.908235e-07
0.01420076
5.482047e-07
0.01420082
7.376887e-07
0.0142009
9.21777e-07
0.01420099
1.109919e-06
0.0142011
1.293755e-06
0.01420121
1.470565e-06
0.01420134
1.640847e-06
0.01420148
1.80457e-06
0.01420163
1.961321e-06
0.01420179
2.110862e-06
0.01420196
2.253121e-06
0.01420214
2.388088e-06
0.01420233
2.515812e-06
0.01420252
2.636403e-06
0.01420272
2.750017e-06
0.01420292
2.856846e-06
0.01420313
2.957115e-06
0.01420335
3.051069e-06
0.01420356
3.138968e-06
0.01420378
3.221081e-06
0.01420401
3.297685e-06
0.01420424
3.369055e-06
0.01420447
3.435464e-06
0.0142047
3.49718e-06
0.01420493
3.554465e-06
0.01420517
3.60757e-06
0.01420541
3.656738e-06
0.01420565
3.702198e-06
0.01420589
3.744171e-06
0.01420613
3.782864e-06
0.01420637
3.818472e-06
0.01420662
3.851178e-06
0.01420686
3.881153e-06
0.01420711
3.908555e-06
0.01420735
3.933533e-06
0.0142076
3.956221e-06
0.01420784
3.976744e-06
0.01420809
3.995217e-06
0.01420834
4.011742e-06
0.01420859
4.026412e-06
0.01420884
4.039312e-06
0.01420909
4.050514e-06
0.01420934
4.060084e-06
0.01420958
4.068077e-06
0.01420983
4.07454e-06
0.01421008
4.07951e-06
0.01421033
4.083018e-06
0.01421058
4.085085e-06
0.01421083
4.085723e-06
0.01421108
4.084938e-06
0.01421133
4.082726e-06
0.01421158
4.079075e-06
0.01421183
4.073967e-06
0.01421208
4.067373e-06
0.01421233
4.059256e-06
0.01421258
4.049571e-06
0.01421283
4.038265e-06
0.01421307
4.025274e-06
0.01421332
4.010527e-06
0.01421357
3.993941e-06
0.01421382
3.975425e-06
0.01421406
3.954878e-06
0.01421431
3.932188e-06
0.01421455
3.907231e-06
0.0142148
3.879874e-06
0.01421504
3.849971e-06
0.01421529
3.817367e-06
0.01421553
3.781891e-06
0.01421577
3.743363e-06
0.01421601
3.701589e-06
0.01421624
3.656365e-06
0.01421648
3.607474e-06
0.01421672
3.554686e-06
0.01421695
3.497762e-06
0.01421718
3.436451e-06
0.01421741
3.370495e-06
0.01421763
3.299629e-06
0.01421785
3.223579e-06
0.01421807
3.142073e-06
0.01421829
3.054837e-06
0.0142185
2.961603e-06
0.0142187
2.862113e-06
0.0142189
2.756122e-06
0.01421909
2.643408e-06
0.01421928
2.52378e-06
0.01421946
2.397081e-06
0.01421963
2.263204e-06
0.0142198
2.122095e-06
0.01421995
1.973769e-06
0.01422009
1.818316e-06
0.01422022
1.655912e-06
0.01422034
1.486828e-06
0.01422045
1.311435e-06
0.01422054
1.13021e-06
0.01422062
9.43735e-07
0.01422068
7.526932e-07
0.01422073
5.578794e-07
0.01422076
3.601006e-07
1.605527e-07
0.01420081
2.683202e-07
0.01420086
5.063796e-07
0.01420092
6.817014e-07
0.01420099
8.519813e-07
0.01420107
1.026162e-06
0.01420117
1.196544e-06
0.01420128
1.360607e-06
0.01420141
1.518838e-06
0.01420154
1.671227e-06
0.01420168
1.817388e-06
0.01420184
1.957095e-06
0.014202
2.090263e-06
0.01420217
2.216864e-06
0.01420235
2.33692e-06
0.01420253
2.450504e-06
0.01420273
2.557733e-06
0.01420292
2.658761e-06
0.01420313
2.753768e-06
0.01420334
2.842958e-06
0.01420355
2.926551e-06
0.01420376
3.004776e-06
0.01420398
3.077872e-06
0.01420421
3.14608e-06
0.01420443
3.20964e-06
0.01420466
3.268792e-06
0.01420489
3.323768e-06
0.01420512
3.374796e-06
0.01420536
3.422095e-06
0.01420559
3.465876e-06
0.01420583
3.506339e-06
0.01420607
3.543675e-06
0.01420631
3.578065e-06
0.01420655
3.609679e-06
0.01420679
3.638674e-06
0.01420704
3.6652e-06
0.01420728
3.689395e-06
0.01420753
3.711386e-06
0.01420777
3.731289e-06
0.01420802
3.749214e-06
0.01420826
3.765257e-06
0.01420851
3.779506e-06
0.01420876
3.79204e-06
0.014209
3.802931e-06
0.01420925
3.812238e-06
0.0142095
3.820015e-06
0.01420975
3.826306e-06
0.01421
3.831148e-06
0.01421025
3.834569e-06
0.01421049
3.836588e-06
0.01421074
3.83722e-06
0.01421099
3.836467e-06
0.01421124
3.834327e-06
0.01421149
3.830789e-06
0.01421174
3.825834e-06
0.01421198
3.819436e-06
0.01421223
3.811558e-06
0.01421248
3.802159e-06
0.01421273
3.791187e-06
0.01421297
3.778582e-06
0.01421322
3.764276e-06
0.01421346
3.74819e-06
0.01421371
3.730239e-06
0.01421395
3.710326e-06
0.0142142
3.688345e-06
0.01421444
3.66418e-06
0.01421468
3.637707e-06
0.01421492
3.608788e-06
0.01421516
3.577276e-06
0.0142154
3.543014e-06
0.01421564
3.505834e-06
0.01421588
3.465558e-06
0.01421611
3.421994e-06
0.01421634
3.374945e-06
0.01421657
3.324201e-06
0.0142168
3.269544e-06
0.01421703
3.210746e-06
0.01421725
3.147577e-06
0.01421747
3.079798e-06
0.01421769
3.007169e-06
0.0142179
2.929449e-06
0.01421811
2.8464e-06
0.01421831
2.757793e-06
0.01421851
2.663407e-06
0.0142187
2.56304e-06
0.01421889
2.456511e-06
0.01421907
2.343668e-06
0.01421924
2.224395e-06
0.01421941
2.09862e-06
0.01421956
1.966323e-06
0.01421971
1.827544e-06
0.01421984
1.682389e-06
0.01421997
1.531043e-06
0.01422008
1.373769e-06
0.01422018
1.210918e-06
0.01422027
1.042929e-06
0.01422034
8.70331e-07
0.0142204
6.937341e-07
0.01422045
5.13842e-07
0.01422048
3.313636e-07
1.473425e-07
0.0142009
2.471964e-07
0.01420095
4.670641e-07
0.014201
6.290171e-07
0.01420107
7.861855e-07
0.01420115
9.470428e-07
0.01420124
1.104517e-06
0.01420135
1.25628e-06
0.01420146
1.402813e-06
0.01420159
1.544133e-06
0.01420173
1.67989e-06
0.01420188
1.809874e-06
0.01420203
1.933997e-06
0.0142022
2.052219e-06
0.01420237
2.164543e-06
0.01420255
2.271014e-06
0.01420273
2.371719e-06
0.01420293
2.466776e-06
0.01420312
2.556331e-06
0.01420332
2.64055e-06
0.01420353
2.719617e-06
0.01420374
2.793728e-06
0.01420396
2.863086e-06
0.01420417
2.927902e-06
0.0142044
2.988385e-06
0.01420462
3.044747e-06
0.01420485
3.097197e-06
0.01420507
3.145936e-06
0.01420531
3.191163e-06
0.01420554
3.233068e-06
0.01420577
3.271836e-06
0.01420601
3.307639e-06
0.01420625
3.340645e-06
0.01420648
3.371009e-06
0.01420672
3.398878e-06
0.01420696
3.424391e-06
0.01420721
3.447675e-06
0.01420745
3.46885e-06
0.01420769
3.488026e-06
0.01420794
3.505303e-06
0.01420818
3.520773e-06
0.01420842
3.534518e-06
0.01420867
3.546614e-06
0.01420892
3.557127e-06
0.01420916
3.566115e-06
0.01420941
3.573626e-06
0.01420965
3.579705e-06
0.0142099
3.584385e-06
0.01421015
3.587692e-06
0.0142104
3.589647e-06
0.01421064
3.590261e-06
0.01421089
3.589538e-06
0.01421114
3.587475e-06
0.01421138
3.584062e-06
0.01421163
3.579281e-06
0.01421188
3.573106e-06
0.01421212
3.565505e-06
0.01421237
3.556437e-06
0.01421261
3.545852e-06
0.01421286
3.533695e-06
0.0142131
3.519901e-06
0.01421335
3.504396e-06
0.01421359
3.487099e-06
0.01421383
3.46792e-06
0.01421407
3.446758e-06
0.01421431
3.423506e-06
0.01421455
3.398046e-06
0.01421479
3.370251e-06
0.01421503
3.339984e-06
0.01421526
3.307099e-06
0.0142155
3.271441e-06
0.01421573
3.232844e-06
0.01421596
3.191136e-06
0.01421619
3.146132e-06
0.01421642
3.097644e-06
0.01421664
3.045474e-06
0.01421686
2.989417e-06
0.01421708
2.929266e-06
0.0142173
2.864809e-06
0.01421751
2.795835e-06
0.01421771
2.722132e-06
0.01421792
2.643495e-06
0.01421812
2.559727e-06
0.01421831
2.470643e-06
0.01421849
2.376073e-06
0.01421868
2.275873e-06
0.01421885
2.169924e-06
0.01421902
2.058142e-06
0.01421917
1.940484e-06
0.01421932
1.816953e-06
0.01421946
1.687607e-06
0.01421959
1.552563e-06
0.01421971
1.412006e-06
0.01421982
1.266188e-06
0.01421991
1.115439e-06
0.01422
9.601602e-07
0.01422007
8.008293e-07
0.01422012
6.379915e-07
0.01422016
4.722697e-07
0.01422019
3.042881e-07
1.349606e-07
0.01420099
2.273338e-07
0.01420103
4.300443e-07
0.01420108
5.793273e-07
0.01420114
7.239817e-07
0.01420122
8.72054e-07
0.01420131
1.01708e-06
0.01420141
1.156916e-06
0.01420152
1.292048e-06
0.01420164
1.422526e-06
0.01420177
1.548041e-06
0.01420192
1.668402e-06
0.01420207
1.783525e-06
0.01420222
1.893364e-06
0.01420239
1.997907e-06
0.01420256
2.097177e-06
0.01420274
2.191236e-06
0.01420293
2.280174e-06
0.01420312
2.364105e-06
0.01420332
2.443164e-06
0.01420352
2.517504e-06
0.01420373
2.587289e-06
0.01420394
2.652693e-06
0.01420415
2.713898e-06
0.01420437
2.771086e-06
0.01420459
2.824443e-06
0.01420481
2.874154e-06
0.01420504
2.920399e-06
0.01420526
2.963356e-06
0.01420549
3.003196e-06
0.01420573
3.040087e-06
0.01420596
3.074186e-06
0.01420619
3.105645e-06
0.01420643
3.134607e-06
0.01420667
3.161209e-06
0.01420691
3.185576e-06
0.01420715
3.207829e-06
0.01420739
3.228077e-06
0.01420763
3.246422e-06
0.01420787
3.262958e-06
0.01420811
3.277771e-06
0.01420836
3.290939e-06
0.0142086
3.302531e-06
0.01420885
3.312609e-06
0.01420909
3.321228e-06
0.01420934
3.328434e-06
0.01420958
3.334268e-06
0.01420983
3.338762e-06
0.01421007
3.34194e-06
0.01421032
3.343821e-06
0.01421056
3.344416e-06
0.01421081
3.34373e-06
0.01421105
3.341758e-06
0.0142113
3.338492e-06
0.01421155
3.333915e-06
0.01421179
3.328002e-06
0.01421204
3.320722e-06
0.01421228
3.312038e-06
0.01421252
3.301902e-06
0.01421277
3.290263e-06
0.01421301
3.277059e-06
0.01421325
3.262221e-06
0.01421349
3.245674e-06
0.01421373
3.227332e-06
0.01421397
3.207103e-06
0.01421421
3.184886e-06
0.01421445
3.160571e-06
0.01421469
3.134041e-06
0.01421492
3.105169e-06
0.01421515
3.07382e-06
0.01421539
3.039852e-06
0.01421562
3.003114e-06
0.01421584
2.963446e-06
0.01421607
2.920682e-06
0.01421629
2.874651e-06
0.01421651
2.825174e-06
0.01421673
2.772069e-06
0.01421694
2.71515e-06
0.01421715
2.65423e-06
0.01421736
2.589123e-06
0.01421756
2.519645e-06
0.01421776
2.445618e-06
0.01421795
2.366876e-06
0.01421814
2.283261e-06
0.01421832
2.194635e-06
0.0142185
2.100882e-06
0.01421867
2.001911e-06
0.01421883
1.897663e-06
0.01421898
1.788117e-06
0.01421912
1.673295e-06
0.01421926
1.553264e-06
0.01421938
1.428149e-06
0.01421949
1.298128e-06
0.0142196
1.163442e-06
0.01421969
1.024395e-06
0.01421977
8.813539e-07
0.01421983
7.347486e-07
0.01421989
5.850652e-07
0.01421992
4.328551e-07
0.01421995
2.786675e-07
1.233048e-07
0.01420106
2.088323e-07
0.0142011
3.952853e-07
0.01420115
5.32489e-07
0.01420121
6.651555e-07
0.01420129
8.009076e-07
0.01420137
9.338727e-07
0.01420147
1.062098e-06
0.01420157
1.186083e-06
0.01420169
1.305915e-06
0.01420181
1.421333e-06
0.01420195
1.532166e-06
0.0142021
1.63834e-06
0.01420225
1.739805e-06
0.01420241
1.836539e-06
0.01420258
1.928549e-06
0.01420275
2.015875e-06
0.01420293
2.098582e-06
0.01420312
2.176758e-06
0.01420331
2.250511e-06
0.01420351
2.319965e-06
0.01420371
2.385258e-06
0.01420392
2.446535e-06
0.01420413
2.503953e-06
0.01420434
2.55767e-06
0.01420456
2.607846e-06
0.01420478
2.654645e-06
0.014205
2.698227e-06
0.01420522
2.73875e-06
0.01420545
2.776368e-06
0.01420568
2.81123e-06
0.01420591
2.843479e-06
0.01420614
2.873254e-06
0.01420638
2.900686e-06
0.01420661
2.925897e-06
0.01420685
2.949005e-06
0.01420709
2.970119e-06
0.01420732
2.989341e-06
0.01420756
3.006764e-06
0.0142078
3.022476e-06
0.01420805
3.036557e-06
0.01420829
3.049078e-06
0.01420853
3.060105e-06
0.01420877
3.069694e-06
0.01420902
3.077897e-06
0.01420926
3.084758e-06
0.0142095
3.090314e-06
0.01420975
3.094595e-06
0.01420999
3.097624e-06
0.01421024
3.099419e-06
0.01421048
3.099989e-06
0.01421072
3.09934e-06
0.01421097
3.097467e-06
0.01421121
3.094362e-06
0.01421146
3.090009e-06
0.0142117
3.084385e-06
0.01421194
3.077462e-06
0.01421219
3.069203e-06
0.01421243
3.059566e-06
0.01421267
3.048502e-06
0.01421291
3.035952e-06
0.01421315
3.021854e-06
0.01421339
3.006137e-06
0.01421363
2.988721e-06
0.01421387
2.969522e-06
0.0142141
2.948445e-06
0.01421434
2.925389e-06
0.01421457
2.900246e-06
0.0142148
2.872899e-06
0.01421504
2.843226e-06
0.01421526
2.811095e-06
0.01421549
2.776369e-06
0.01421572
2.738903e-06
0.01421594
2.698547e-06
0.01421616
2.655147e-06
0.01421637
2.608541e-06
0.01421659
2.558569e-06
0.0142168
2.505064e-06
0.014217
2.447862e-06
0.01421721
2.3868e-06
0.0142174
2.321719e-06
0.0142176
2.252466e-06
0.01421778
2.178898e-06
0.01421797
2.100886e-06
0.01421814
2.018316e-06
0.01421831
1.931095e-06
0.01421848
1.839155e-06
0.01421863
1.742458e-06
0.01421878
1.640998e-06
0.01421892
1.534809e-06
0.01421905
1.423968e-06
0.01421917
1.308597e-06
0.01421927
1.18887e-06
0.01421937
1.06501e-06
0.01421946
9.37298e-07
0.01421954
8.060659e-07
0.0142196
6.716996e-07
0.01421965
5.346317e-07
0.01421969
3.95349e-07
0.01421971
2.543349e-07
1.122908e-07
0.01420114
1.916479e-07
0.01420117
3.626955e-07
0.01420122
4.883282e-07
0.01420128
6.094226e-07
0.01420135
7.332084e-07
0.01420143
8.544071e-07
0.01420152
9.712649e-07
0.01420162
1.084306e-06
0.01420173
1.193662e-06
0.01420185
1.299114e-06
0.01420198
1.400518e-06
0.01420213
1.497805e-06
0.01420227
1.590925e-06
0.01420243
1.679845e-06
0.01420259
1.764559e-06
0.01420276
1.845089e-06
0.01420294
1.921477e-06
0.01420312
1.99379e-06
0.01420331
2.06211e-06
0.01420351
2.126537e-06
0.0142037
2.187185e-06
0.01420391
2.244175e-06
0.01420411
2.29764e-06
0.01420432
2.347716e-06
0.01420453
2.394543e-06
0.01420475
2.438262e-06
0.01420497
2.479015e-06
0.01420519
2.516942e-06
0.01420541
2.552179e-06
0.01420564
2.584861e-06
0.01420587
2.615117e-06
0.0142061
2.64307e-06
0.01420633
2.66884e-06
0.01420656
2.692538e-06
0.0142068
2.714272e-06
0.01420703
2.73414e-06
0.01420727
2.752237e-06
0.01420751
2.768647e-06
0.01420775
2.783452e-06
0.01420799
2.796725e-06
0.01420823
2.808532e-06
0.01420847
2.818932e-06
0.01420871
2.82798e-06
0.01420895
2.835723e-06
0.0142092
2.8422e-06
0.01420944
2.847447e-06
0.01420968
2.851491e-06
0.01420993
2.854354e-06
0.01421017
2.856052e-06
0.01421041
2.856594e-06
0.01421066
2.855985e-06
0.0142109
2.854221e-06
0.01421114
2.851294e-06
0.01421138
2.84719e-06
0.01421163
2.841886e-06
0.01421187
2.835357e-06
0.01421211
2.827569e-06
0.01421235
2.818483e-06
0.01421259
2.808052e-06
0.01421283
2.796224e-06
0.01421307
2.782939e-06
0.01421331
2.768133e-06
0.01421355
2.751732e-06
0.01421378
2.733659e-06
0.01421402
2.713825e-06
0.01421425
2.69214e-06
0.01421448
2.668503e-06
0.01421471
2.642808e-06
0.01421494
2.614944e-06
0.01421517
2.58479e-06
0.01421539
2.552223e-06
0.01421561
2.517112e-06
0.01421583
2.479321e-06
0.01421605
2.438713e-06
0.01421626
2.395145e-06
0.01421647
2.348471e-06
0.01421668
2.298547e-06
0.01421688
2.245229e-06
0.01421708
2.188373e-06
0.01421727
2.127842e-06
0.01421746
2.063506e-06
0.01421764
1.995245e-06
0.01421782
1.92295e-06
0.01421799
1.846529e-06
0.01421816
1.765908e-06
0.01421832
1.681039e-06
0.01421847
1.591898e-06
0.01421861
1.498491e-06
0.01421874
1.400862e-06
0.01421887
1.299088e-06
0.01421898
1.193291e-06
0.01421909
1.083634e-06
0.01421918
9.703243e-07
0.01421927
8.53618e-07
0.01421934
7.338146e-07
0.0142194
6.112589e-07
0.01421945
4.863347e-07
0.01421948
3.59472e-07
0.01421951
2.310955e-07
1.018222e-07
0.0142012
1.762437e-07
0.01420123
3.325682e-07
0.01420128
4.469712e-07
0.01420133
5.568208e-07
0.0142014
6.688959e-07
0.01420147
7.785171e-07
0.01420156
8.841568e-07
0.01420166
9.863773e-07
0.01420177
1.085359e-06
0.01420189
1.180929e-06
0.01420201
1.272964e-06
0.01420215
1.361404e-06
0.01420229
1.446197e-06
0.01420245
1.527299e-06
0.01420261
1.604692e-06
0.01420277
1.67838e-06
0.01420295
1.748385e-06
0.01420312
1.814753e-06
0.01420331
1.877546e-06
0.0142035
1.93684e-06
0.01420369
1.992727e-06
0.01420389
2.045308e-06
0.01420409
2.094692e-06
0.0142043
2.140996e-06
0.01420451
2.18434e-06
0.01420472
2.224847e-06
0.01420494
2.262639e-06
0.01420516
2.297841e-06
0.01420538
2.330572e-06
0.0142056
2.360953e-06
0.01420583
2.389098e-06
0.01420606
2.415118e-06
0.01420629
2.43912e-06
0.01420652
2.461205e-06
0.01420675
2.48147e-06
0.01420699
2.500004e-06
0.01420722
2.516894e-06
0.01420746
2.532216e-06
0.01420769
2.546044e-06
0.01420793
2.558446e-06
0.01420817
2.569481e-06
0.01420841
2.579205e-06
0.01420865
2.587667e-06
0.01420889
2.59491e-06
0.01420913
2.600971e-06
0.01420937
2.605882e-06
0.01420962
2.609668e-06
0.01420986
2.61235e-06
0.0142101
2.613942e-06
0.01421034
2.614453e-06
0.01421058
2.613886e-06
0.01421083
2.612239e-06
0.01421107
2.609505e-06
0.01421131
2.605668e-06
0.01421155
2.600711e-06
0.01421179
2.594609e-06
0.01421203
2.58733e-06
0.01421227
2.578838e-06
0.01421251
2.569092e-06
0.01421275
2.558042e-06
0.01421299
2.545634e-06
0.01421322
2.53181e-06
0.01421346
2.516501e-06
0.01421369
2.499636e-06
0.01421392
2.481137e-06
0.01421415
2.460919e-06
0.01421438
2.438892e-06
0.01421461
2.414959e-06
0.01421484
2.389019e-06
0.01421506
2.360964e-06
0.01421528
2.330683e-06
0.0142155
2.298058e-06
0.01421572
2.26297e-06
0.01421593
2.225293e-06
0.01421614
2.184902e-06
0.01421635
2.14167e-06
0.01421655
2.095468e-06
0.01421675
2.04617e-06
0.01421695
1.993654e-06
0.01421714
1.9378e-06
0.01421732
1.878499e-06
0.0142175
1.815648e-06
0.01421767
1.749158e-06
0.01421784
1.678954e-06
0.014218
1.604981e-06
0.01421816
1.527201e-06
0.0142183
1.445604e-06
0.01421844
1.360206e-06
0.01421857
1.271053e-06
0.01421869
1.178224e-06
0.0142188
1.081835e-06
0.0142189
9.82037e-07
0.014219
8.790226e-07
0.01421908
7.730216e-07
0.01421915
6.643031e-07
0.0142192
5.531734e-07
0.01421925
4.399718e-07
0.01421928
3.250758e-07
0.01421931
2.088574e-07
9.185265e-08
0.01420126
1.626187e-07
0.01420129
3.049276e-07
0.01420133
4.083407e-07
0.01420138
5.071025e-07
0.01420145
6.075833e-07
0.01420152
7.057257e-07
0.0142016
8.002477e-07
0.0142017
8.917568e-07
0.0142018
9.804762e-07
0.01420192
1.066268e-06
0.01420204
1.149026e-06
0.01420217
1.22869e-06
0.01420232
1.305201e-06
0.01420246
1.378507e-06
0.01420262
1.448575e-06
0.01420278
1.515392e-06
0.01420295
1.578965e-06
0.01420313
1.63932e-06
0.01420331
1.696499e-06
0.01420349
1.750561e-06
0.01420368
1.801577e-06
0.01420388
1.849629e-06
0.01420408
1.894808e-06
0.01420428
1.937211e-06
0.01420449
1.976941e-06
0.0142047
2.014102e-06
0.01420491
2.048803e-06
0.01420513
2.08115e-06
0.01420535
2.111249e-06
0.01420557
2.139206e-06
0.0142058
2.165121e-06
0.01420602
2.189095e-06
0.01420625
2.211222e-06
0.01420648
2.231592e-06
0.01420671
2.250291e-06
0.01420694
2.267402e-06
0.01420718
2.283001e-06
0.01420741
2.297157e-06
0.01420765
2.309938e-06
0.01420788
2.321403e-06
0.01420812
2.331609e-06
0.01420836
2.340604e-06
0.0142086
2.348434e-06
0.01420884
2.355137e-06
0.01420908
2.360747e-06
0.01420932
2.365294e-06
0.01420956
2.368801e-06
0.0142098
2.371285e-06
0.01421004
2.372761e-06
0.01421028
2.373236e-06
0.01421052
2.372714e-06
0.01421077
2.371192e-06
0.01421101
2.368663e-06
0.01421125
2.365114e-06
0.01421149
2.360528e-06
0.01421173
2.354883e-06
0.01421197
2.34815e-06
0.0142122
2.340296e-06
0.01421244
2.331283e-06
0.01421268
2.321066e-06
0.01421292
2.309597e-06
0.01421315
2.296821e-06
0.01421338
2.282678e-06
0.01421362
2.267102e-06
0.01421385
2.250023e-06
0.01421408
2.231364e-06
0.0142143
2.211044e-06
0.01421453
2.188976e-06
0.01421475
2.165069e-06
0.01421498
2.139227e-06
0.0142152
2.11135e-06
0.01421541
2.081335e-06
0.01421563
2.049073e-06
0.01421584
2.014456e-06
0.01421604
1.977371e-06
0.01421625
1.937709e-06
0.01421645
1.895356e-06
0.01421664
1.850204e-06
0.01421684
1.802147e-06
0.01421702
1.751083e-06
0.0142172
1.696918e-06
0.01421738
1.639567e-06
0.01421755
1.578958e-06
0.01421771
1.515029e-06
0.01421787
1.447739e-06
0.01421802
1.377061e-06
0.01421816
1.302994e-06
0.0142183
1.225559e-06
0.01421843
1.144804e-06
0.01421854
1.060806e-06
0.01421865
9.736743e-07
0.01421875
8.835481e-07
0.01421884
7.906012e-07
0.01421892
6.950404e-07
0.01421898
5.971051e-07
0.01421904
4.970663e-07
0.01421908
3.952224e-07
0.01421912
2.919044e-07
0.01421914
1.874372e-07
8.229096e-08
0.01420131
1.523258e-07
0.01420134
2.808559e-07
0.01420138
3.730339e-07
0.01420142
4.606484e-07
0.01420148
5.494383e-07
0.01420156
6.359748e-07
0.01420164
7.192852e-07
0.01420173
8.000385e-07
0.01420183
8.784939e-07
0.01420194
9.545346e-07
0.01420206
1.028057e-06
0.01420219
1.09899e-06
0.01420233
1.167263e-06
0.01420248
1.232804e-06
0.01420263
1.295565e-06
0.01420279
1.355513e-06
0.01420295
1.412639e-06
0.01420313
1.46695e-06
0.0142033
1.51847e-06
0.01420349
1.567241e-06
0.01420367
1.613316e-06
0.01420387
1.656759e-06
0.01420406
1.697646e-06
0.01420427
1.736056e-06
0.01420447
1.772076e-06
0.01420468
1.805795e-06
0.01420489
1.837305e-06
0.0142051
1.866698e-06
0.01420532
1.894068e-06
0.01420554
1.919505e-06
0.01420576
1.943099e-06
0.01420599
1.964936e-06
0.01420621
1.985102e-06
0.01420644
2.003676e-06
0.01420667
2.020734e-06
0.0142069
2.036349e-06
0.01420713
2.050589e-06
0.01420737
2.063518e-06
0.0142076
2.075194e-06
0.01420784
2.085671e-06
0.01420807
2.095e-06
0.01420831
2.103224e-06
0.01420855
2.110385e-06
0.01420879
2.116517e-06
0.01420903
2.12165e-06
0.01420927
2.125811e-06
0.01420951
2.129021e-06
0.01420975
2.131297e-06
0.01420999
2.13265e-06
0.01421023
2.133087e-06
0.01421047
2.132612e-06
0.01421071
2.131222e-06
0.01421094
2.128911e-06
0.01421118
2.125668e-06
0.01421142
2.121476e-06
0.01421166
2.116316e-06
0.0142119
2.110162e-06
0.01421214
2.102984e-06
0.01421237
2.094748e-06
0.01421261
2.085413e-06
0.01421284
2.074936e-06
0.01421308
2.063268e-06
0.01421331
2.050355e-06
0.01421354
2.036138e-06
0.01421377
2.020554e-06
0.014214
2.003534e-06
0.01421422
1.985006e-06
0.01421445
1.964893e-06
0.01421467
1.943113e-06
0.01421489
1.919583e-06
0.01421511
1.894213e-06
0.01421532
1.866911e-06
0.01421553
1.837583e-06
0.01421574
1.806134e-06
0.01421595
1.772466e-06
0.01421615
1.736482e-06
0.01421634
1.698086e-06
0.01421654
1.657183e-06
0.01421673
1.613683e-06
0.01421691
1.5675e-06
0.01421709
1.518554e-06
0.01421726
1.466775e-06
0.01421743
1.412103e-06
0.01421759
1.35449e-06
0.01421774
1.293903e-06
0.01421789
1.230328e-06
0.01421803
1.163766e-06
0.01421816
1.094244e-06
0.01421828
1.021808e-06
0.0142184
9.465318e-07
0.0142185
8.685155e-07
0.0142186
7.878864e-07
0.01421868
7.047998e-07
0.01421876
6.194397e-07
0.01421882
5.320173e-07
0.01421888
4.427703e-07
0.01421892
3.519593e-07
0.01421895
2.598715e-07
0.01421897
1.667886e-07
7.311397e-08
0.01420136
1.453383e-07
0.01420138
2.604665e-07
0.01420142
3.409668e-07
0.01420146
4.171178e-07
0.01420152
4.940205e-07
0.01420159
5.68834e-07
0.01420167
6.408878e-07
0.01420176
7.109177e-07
0.01420186
7.791745e-07
0.01420196
8.455433e-07
0.01420208
9.099027e-07
0.01420221
9.721688e-07
0.01420234
1.032246e-06
0.01420249
1.090048e-06
0.01420264
1.145505e-06
0.01420279
1.198571e-06
0.01420296
1.249217e-06
0.01420313
1.297437e-06
0.0142033
1.343238e-06
0.01420348
1.386647e-06
0.01420367
1.427701e-06
0.01420386
1.46645e-06
0.01420405
1.502952e-06
0.01420425
1.537273e-06
0.01420445
1.569484e-06
0.01420466
1.59966e-06
0.01420487
1.627879e-06
0.01420508
1.65422e-06
0.01420529
1.678763e-06
0.01420551
1.701585e-06
0.01420573
1.722765e-06
0.01420595
1.742379e-06
0.01420618
1.760499e-06
0.01420641
1.777195e-06
0.01420663
1.792535e-06
0.01420686
1.806583e-06
0.01420709
1.819398e-06
0.01420733
1.831037e-06
0.01420756
1.84155e-06
0.01420779
1.850987e-06
0.01420803
1.859392e-06
0.01420827
1.866803e-06
0.0142085
1.873257e-06
0.01420874
1.878784e-06
0.01420898
1.883412e-06
0.01420922
1.887165e-06
0.01420946
1.89006e-06
0.0142097
1.892113e-06
0.01420994
1.893334e-06
0.01421017
1.89373e-06
0.01421041
1.893302e-06
0.01421065
1.89205e-06
0.01421089
1.889968e-06
0.01421113
1.887045e-06
0.01421137
1.883268e-06
0.01421161
1.878617e-06
0.01421184
1.873072e-06
0.01421208
1.866604e-06
0.01421231
1.859184e-06
0.01421255
1.850776e-06
0.01421278
1.84134e-06
0.01421302
1.830834e-06
0.01421325
1.81921e-06
0.01421348
1.806415e-06
0.0142137
1.792394e-06
0.01421393
1.777087e-06
0.01421416
1.760429e-06
0.01421438
1.742352e-06
0.0142146
1.722786e-06
0.01421482
1.701656e-06
0.01421503
1.678885e-06
0.01421524
1.654392e-06
0.01421545
1.628095e-06
0.01421566
1.599912e-06
0.01421586
1.569759e-06
0.01421606
1.537551e-06
0.01421626
1.503206e-06
0.01421645
1.466644e-06
0.01421663
1.427787e-06
0.01421681
1.386564e-06
0.01421699
1.342908e-06
0.01421716
1.296761e-06
0.01421732
1.248075e-06
0.01421748
1.196811e-06
0.01421763
1.142946e-06
0.01421778
1.08647e-06
0.01421791
1.02739e-06
0.01421804
9.657333e-07
0.01421816
9.015447e-07
0.01421827
8.348923e-07
0.01421837
7.658665e-07
0.01421847
6.945812e-07
0.01421855
6.21174e-07
0.01421863
5.458066e-07
0.01421869
4.686636e-07
0.01421874
3.899515e-07
0.01421878
3.098961e-07
0.01421881
2.287457e-07
0.01421883
1.46743e-07
6.423742e-08
0.0142014
1.468454e-07
0.01420141
2.469274e-07
0.01420144
3.134157e-07
0.01420149
3.770245e-07
0.01420154
4.412838e-07
0.01420161
5.037433e-07
0.01420168
5.641701e-07
0.01420177
6.233324e-07
0.01420187
6.813974e-07
0.01420198
7.381759e-07
0.01420209
7.934972e-07
0.01420222
8.472284e-07
0.01420235
8.992367e-07
0.01420249
9.494064e-07
0.01420264
9.976457e-07
0.01420279
1.043889e-06
0.01420295
1.088094e-06
0.01420312
1.130238e-06
0.01420329
1.170317e-06
0.01420347
1.208343e-06
0.01420365
1.244341e-06
0.01420384
1.278348e-06
0.01420403
1.31041e-06
0.01420423
1.340579e-06
0.01420443
1.368913e-06
0.01420464
1.395475e-06
0.01420484
1.420329e-06
0.01420505
1.443543e-06
0.01420527
1.465183e-06
0.01420548
1.485317e-06
0.0142057
1.50401e-06
0.01420592
1.521329e-06
0.01420615
1.537335e-06
0.01420637
1.55209e-06
0.0142066
1.565651e-06
0.01420683
1.578073e-06
0.01420706
1.589409e-06
0.01420729
1.599707e-06
0.01420752
1.609012e-06
0.01420775
1.617366e-06
0.01420799
1.624808e-06
0.01420822
1.631372e-06
0.01420846
1.637089e-06
0.0142087
1.641986e-06
0.01420893
1.646088e-06
0.01420917
1.649414e-06
0.01420941
1.651981e-06
0.01420965
1.653801e-06
0.01420988
1.654885e-06
0.01421012
1.655237e-06
0.01421036
1.654861e-06
0.0142106
1.653753e-06
0.01421084
1.65191e-06
0.01421108
1.649322e-06
0.01421131
1.645978e-06
0.01421155
1.64186e-06
0.01421179
1.63695e-06
0.01421202
1.631224e-06
0.01421226
1.624655e-06
0.01421249
1.617212e-06
0.01421272
1.608862e-06
0.01421295
1.599566e-06
0.01421318
1.589282e-06
0.01421341
1.577965e-06
0.01421364
1.565567e-06
0.01421386
1.552036e-06
0.01421409
1.537315e-06
0.01421431
1.521345e-06
0.01421453
1.504067e-06
0.01421474
1.485414e-06
0.01421496
1.46532e-06
0.01421517
1.443716e-06
0.01421537
1.420533e-06
0.01421558
1.395699e-06
0.01421578
1.369142e-06
0.01421597
1.340791e-06
0.01421617
1.310577e-06
0.01421636
1.278431e-06
0.01421654
1.244289e-06
0.01421672
1.20809e-06
0.01421689
1.169781e-06
0.01421706
1.129313e-06
0.01421722
1.086648e-06
0.01421737
1.041756e-06
0.01421752
9.946201e-07
0.01421766
9.452346e-07
0.0142178
8.936096e-07
0.01421792
8.397707e-07
0.01421804
7.837606e-07
0.01421815
7.256405e-07
0.01421825
6.654906e-07
0.01421834
6.034111e-07
0.01421842
5.395219e-07
0.0142185
4.73963e-07
0.01421856
4.068934e-07
0.01421861
3.384904e-07
0.01421865
2.689467e-07
0.01421868
1.984737e-07
0.0142187
1.27277e-07
5.565015e-08
0.01420143
1.567488e-07
0.01420144
2.40265e-07
0.01420147
2.90145e-07
0.01420151
3.401129e-07
0.01420156
3.91312e-07
0.01420162
4.40983e-07
0.0142017
4.895377e-07
0.01420178
5.377388e-07
0.01420188
5.856025e-07
0.01420198
6.327983e-07
0.0142021
6.791133e-07
0.01420222
7.243386e-07
0.01420235
7.683084e-07
0.01420249
8.108633e-07
0.01420264
8.518952e-07
0.01420279
8.913141e-07
0.01420295
9.29065e-07
0.01420311
9.651098e-07
0.01420328
9.994336e-07
0.01420346
1.032036e-06
0.01420364
1.06293e-06
0.01420383
1.092142e-06
0.01420402
1.119704e-06
0.01420421
1.145658e-06
0.01420441
1.17005e-06
0.01420461
1.192929e-06
0.01420482
1.21435e-06
0.01420503
1.234368e-06
0.01420524
1.253037e-06
0.01420545
1.270414e-06
0.01420567
1.286555e-06
0.01420589
1.301515e-06
0.01420611
1.315346e-06
0.01420634
1.3281e-06
0.01420656
1.339825e-06
0.01420679
1.350569e-06
0.01420702
1.360376e-06
0.01420725
1.369287e-06
0.01420748
1.377341e-06
0.01420771
1.384573e-06
0.01420795
1.391017e-06
0.01420818
1.396701e-06
0.01420842
1.401652e-06
0.01420865
1.405895e-06
0.01420889
1.409448e-06
0.01420913
1.41233e-06
0.01420936
1.414555e-06
0.0142096
1.416133e-06
0.01420984
1.417072e-06
0.01421008
1.417378e-06
0.01421031
1.417053e-06
0.01421055
1.416094e-06
0.01421079
1.414498e-06
0.01421103
1.412257e-06
0.01421126
1.409361e-06
0.0142115
1.405795e-06
0.01421173
1.401543e-06
0.01421197
1.396584e-06
0.0142122
1.390897e-06
0.01421244
1.384454e-06
0.01421267
1.377227e-06
0.0142129
1.369182e-06
0.01421313
1.360284e-06
0.01421335
1.350494e-06
0.01421358
1.339771e-06
0.0142138
1.328071e-06
0.01421403
1.315346e-06
0.01421425
1.301546e-06
0.01421446
1.286618e-06
0.01421468
1.270509e-06
0.01421489
1.253162e-06
0.0142151
1.234519e-06
0.0142153
1.214521e-06
0.01421551
1.193107e-06
0.01421571
1.170219e-06
0.0142159
1.145795e-06
0.01421609
1.119779e-06
0.01421628
1.092114e-06
0.01421646
1.062747e-06
0.01421664
1.031628e-06
0.01421681
9.987137e-07
0.01421697
9.639648e-07
0.01421713
9.273509e-07
0.01421728
8.888492e-07
0.01421743
8.484475e-07
0.01421757
8.061436e-07
0.0142177
7.619487e-07
0.01421783
7.158861e-07
0.01421794
6.679949e-07
0.01421805
6.183283e-07
0.01421815
5.669563e-07
0.01421824
5.139645e-07
0.01421832
4.594559e-07
0.01421839
4.035492e-07
0.01421845
3.463791e-07
0.0142185
2.880952e-07
0.01421854
2.2886e-07
0.01421857
1.68851e-07
0.01421859
1.082409e-07
4.727682e-08
0.01420144
1.933061e-07
0.01420144
2.487285e-07
0.01420146
2.712782e-07
0.0142015
3.046044e-07
0.01420155
3.414106e-07
0.01420161
3.775004e-07
0.01420169
4.14034e-07
0.01420178
4.516119e-07
0.01420187
4.89679e-07
0.01420198
5.277237e-07
0.01420209
5.653978e-07
0.01420221
6.024402e-07
0.01420234
6.386139e-07
0.01420248
6.737478e-07
0.01420262
7.077064e-07
0.01420277
7.403976e-07
0.01420293
7.71753e-07
0.01420309
8.017313e-07
0.01420326
8.303089e-07
0.01420344
8.57479e-07
0.01420362
8.832472e-07
0.0142038
9.076295e-07
0.01420399
9.306506e-07
0.01420418
9.523412e-07
0.01420438
9.727377e-07
0.01420458
9.918796e-07
0.01420479
1.00981e-06
0.01420499
1.026572e-06
0.0142052
1.042212e-06
0.01420542
1.056776e-06
0.01420563
1.070308e-06
0.01420585
1.082854e-06
0.01420607
1.094457e-06
0.0142063
1.105159e-06
0.01420652
1.115001e-06
0.01420675
1.124022e-06
0.01420697
1.132258e-06
0.0142072
1.139743e-06
0.01420744
1.146509e-06
0.01420767
1.152586e-06
0.0142079
1.158002e-06
0.01420813
1.16278e-06
0.01420837
1.166943e-06
0.0142086
1.17051e-06
0.01420884
1.173498e-06
0.01420908
1.175922e-06
0.01420931
1.177793e-06
0.01420955
1.179122e-06
0.01420979
1.179913e-06
0.01421002
1.180171e-06
0.01421026
1.179898e-06
0.0142105
1.179094e-06
0.01421073
1.177752e-06
0.01421097
1.175869e-06
0.01421121
1.173435e-06
0.01421144
1.170438e-06
0.01421168
1.166864e-06
0.01421191
1.162698e-06
0.01421214
1.157919e-06
0.01421238
1.152505e-06
0.01421261
1.146433e-06
0.01421284
1.139675e-06
0.01421306
1.132201e-06
0.01421329
1.12398e-06
0.01421351
1.114977e-06
0.01421374
1.105156e-06
0.01421396
1.094476e-06
0.01421418
1.082897e-06
0.01421439
1.070376e-06
0.01421461
1.056867e-06
0.01421482
1.042324e-06
0.01421503
1.0267e-06
0.01421523
1.009946e-06
0.01421543
9.920122e-07
0.01421563
9.728505e-07
0.01421582
9.524124e-07
0.01421601
9.306503e-07
0.0142162
9.07519e-07
0.01421638
8.829752e-07
0.01421655
8.569798e-07
0.01421672
8.294971e-07
0.01421688
8.004973e-07
0.01421704
7.69956e-07
0.01421719
7.378566e-07
0.01421734
7.041898e-07
0.01421747
6.689566e-07
0.0142176
6.321667e-07
0.01421772
5.938421e-07
0.01421784
5.540154e-07
0.01421794
5.127327e-07
0.01421804
4.700522e-07
0.01421813
4.260462e-07
0.01421821
3.807996e-07
0.01421828
3.344111e-07
0.01421834
2.869918e-07
0.01421839
2.38665e-07
0.01421842
1.895641e-07
0.01421845
1.398344e-07
0.01421847
8.961678e-08
3.910916e-08
0.01420146
2.583959e-07
0.01420144
2.728791e-07
0.01420145
2.57963e-07
0.01420148
2.73357e-07
0.01420153
2.947888e-07
0.0142016
3.156458e-07
0.01420167
3.39385e-07
0.01420176
3.661072e-07
0.01420185
3.943138e-07
0.01420196
4.232323e-07
0.01420207
4.523585e-07
0.01420219
4.813262e-07
0.01420232
5.098129e-07
0.01420246
5.376208e-07
0.0142026
5.645876e-07
0.01420275
5.90614e-07
0.0142029
6.15621e-07
0.01420307
6.395639e-07
0.01420323
6.624128e-07
0.01420341
6.841559e-07
0.01420358
7.047926e-07
0.01420377
7.243316e-07
0.01420396
7.427905e-07
0.01420415
7.601907e-07
0.01420434
7.765605e-07
0.01420454
7.919291e-07
0.01420475
8.063307e-07
0.01420495
8.197983e-07
0.01420516
8.323689e-07
0.01420537
8.44077e-07
0.01420559
8.549595e-07
0.01420581
8.650509e-07
0.01420603
8.743864e-07
0.01420625
8.829988e-07
0.01420647
8.909209e-07
0.0142067
8.98183e-07
0.01420693
9.048144e-07
0.01420716
9.108423e-07
0.01420739
9.162922e-07
0.01420762
9.211879e-07
0.01420785
9.255508e-07
0.01420808
9.294008e-07
0.01420832
9.327553e-07
0.01420855
9.356303e-07
0.01420879
9.380388e-07
0.01420902
9.399929e-07
0.01420926
9.415015e-07
0.0142095
9.425724e-07
0.01420973
9.432105e-07
0.01420997
9.434196e-07
0.01421021
9.432002e-07
0.01421044
9.425522e-07
0.01421068
9.414719e-07
0.01421091
9.39955e-07
0.01421115
9.379936e-07
0.01421138
9.355796e-07
0.01421162
9.327006e-07
0.01421185
9.293444e-07
0.01421208
9.254946e-07
0.01421232
9.211347e-07
0.01421255
9.162443e-07
0.01421277
9.108026e-07
0.014213
9.047852e-07
0.01421323
8.981674e-07
0.01421345
8.909208e-07
0.01421367
8.83017e-07
0.01421389
8.744239e-07
0.01421411
8.651097e-07
0.01421433
8.55039e-07
0.01421454
8.441772e-07
0.01421475
8.324865e-07
0.01421496
8.199301e-07
0.01421516
8.064687e-07
0.01421536
7.920647e-07
0.01421556
7.766786e-07
0.01421575
7.602732e-07
0.01421594
7.428106e-07
0.01421612
7.242562e-07
0.0142163
7.045758e-07
0.01421647
6.837395e-07
0.01421664
6.617193e-07
0.0142168
6.38493e-07
0.01421696
6.140417e-07
0.01421711
5.883539e-07
0.01421725
5.614227e-07
0.01421738
5.332503e-07
0.01421751
5.038452e-07
0.01421763
4.732262e-07
0.01421775
4.414197e-07
0.01421785
4.084636e-07
0.01421795
3.744045e-07
0.01421803
3.393006e-07
0.01421811
3.032195e-07
0.01421818
2.662402e-07
0.01421824
2.284508e-07
0.01421828
1.899498e-07
0.01421832
1.508433e-07
0.01421835
1.112472e-07
0.01421837
7.127416e-08
3.108137e-08
0.0142014
4.19279e-07
0.01420135
3.208013e-07
0.01420138
2.329262e-07
0.01420142
2.329687e-07
0.01420147
2.417408e-07
0.01420154
2.484055e-07
0.01420162
2.613174e-07
0.01420171
2.788214e-07
0.0142018
2.982854e-07
0.01420191
3.187876e-07
0.01420202
3.398835e-07
0.01420214
3.610894e-07
0.01420227
3.821051e-07
0.0142024
4.027061e-07
0.01420255
4.227591e-07
0.01420269
4.421538e-07
0.01420285
4.608259e-07
0.01420301
4.787263e-07
0.01420318
4.958286e-07
0.01420335
5.121178e-07
0.01420352
5.275892e-07
0.01420371
5.422479e-07
0.01420389
5.561027e-07
0.01420408
5.691706e-07
0.01420428
5.814684e-07
0.01420448
5.9302e-07
0.01420468
6.038471e-07
0.01420488
6.139765e-07
0.01420509
6.234329e-07
0.01420531
6.322438e-07
0.01420552
6.404347e-07
0.01420574
6.480325e-07
0.01420596
6.550621e-07
0.01420618
6.615491e-07
0.0142064
6.675168e-07
0.01420663
6.729885e-07
0.01420685
6.779857e-07
0.01420708
6.825288e-07
0.01420731
6.86637e-07
0.01420754
6.903277e-07
0.01420777
6.936174e-07
0.01420801
6.965204e-07
0.01420824
6.990504e-07
0.01420847
7.012185e-07
0.01420871
7.030356e-07
0.01420894
7.045095e-07
0.01420918
7.05648e-07
0.01420942
7.064559e-07
0.01420965
7.06938e-07
0.01420989
7.070959e-07
0.01421012
7.069313e-07
0.01421036
7.064426e-07
0.0142106
7.056288e-07
0.01421083
7.044848e-07
0.01421107
7.030065e-07
0.0142113
7.011859e-07
0.01421153
6.990158e-07
0.01421177
6.964849e-07
0.014212
6.93583e-07
0.01421223
6.902957e-07
0.01421246
6.866097e-07
0.01421269
6.825075e-07
0.01421291
6.779727e-07
0.01421314
6.72985e-07
0.01421336
6.67525e-07
0.01421358
6.615696e-07
0.0142138
6.550968e-07
0.01421402
6.480808e-07
0.01421424
6.404973e-07
0.01421445
6.323185e-07
0.01421466
6.235183e-07
0.01421486
6.140673e-07
0.01421506
6.039383e-07
0.01421526
5.931015e-07
0.01421546
5.815296e-07
0.01421565
5.691931e-07
0.01421584
5.560661e-07
0.01421602
5.421212e-07
0.0142162
5.273351e-07
0.01421637
5.116842e-07
0.01421653
4.9515e-07
0.01421669
4.777146e-07
0.01421685
4.593663e-07
0.014217
4.400952e-07
0.01421714
4.198987e-07
0.01421727
3.987773e-07
0.0142174
3.767396e-07
0.01421752
3.537985e-07
0.01421763
3.29976e-07
0.01421773
3.052992e-07
0.01421783
2.798047e-07
0.01421792
2.53535e-07
0.01421799
2.265421e-07
0.01421806
1.988841e-07
0.01421812
1.706281e-07
0.01421817
1.418476e-07
0.0142182
1.126234e-07
0.01421823
8.304338e-08
0.01421825
5.319327e-08
2.318567e-08
0.01420131
7.226768e-07
0.01420122
4.164117e-07
0.01420124
2.099669e-07
0.01420128
1.949096e-07
0.01420134
1.858492e-07
0.01420141
1.754596e-07
0.0142015
1.783399e-07
0.01420159
1.878508e-07
0.01420169
1.994609e-07
0.01420179
2.123763e-07
0.01420191
2.260869e-07
0.01420203
2.40055e-07
0.01420216
2.539757e-07
0.01420229
2.676698e-07
0.01420243
2.810224e-07
0.01420258
2.939513e-07
0.01420274
3.064056e-07
0.0142029
3.183509e-07
0.01420306
3.297671e-07
0.01420323
3.406434e-07
0.01420341
3.509761e-07
0.01420359
3.607678e-07
0.01420378
3.700244e-07
0.01420397
3.787563e-07
0.01420416
3.869754e-07
0.01420436
3.946965e-07
0.01420456
4.019348e-07
0.01420477
4.087073e-07
0.01420497
4.150308e-07
0.01420519
4.209232e-07
0.0142054
4.264018e-07
0.01420562
4.314841e-07
0.01420584
4.36187e-07
0.01420606
4.405272e-07
0.01420628
4.445204e-07
0.0142065
4.48182e-07
0.01420673
4.515264e-07
0.01420696
4.545671e-07
0.01420719
4.573169e-07
0.01420742
4.597875e-07
0.01420765
4.619898e-07
0.01420788
4.639334e-07
0.01420812
4.656273e-07
0.01420835
4.670791e-07
0.01420858
4.682958e-07
0.01420882
4.692829e-07
0.01420905
4.700453e-07
0.01420929
4.705867e-07
0.01420953
4.709097e-07
0.01420976
4.710158e-07
0.01421
4.709059e-07
0.01421023
4.705792e-07
0.01421047
4.700346e-07
0.0142107
4.692692e-07
0.01421094
4.682799e-07
0.01421117
4.670617e-07
0.01421141
4.656094e-07
0.01421164
4.639159e-07
0.01421187
4.619739e-07
0.0142121
4.597745e-07
0.01421233
4.57308e-07
0.01421256
4.545635e-07
0.01421279
4.515296e-07
0.01421301
4.481932e-07
0.01421323
4.445409e-07
0.01421345
4.405579e-07
0.01421367
4.36229e-07
0.01421389
4.315376e-07
0.0142141
4.264671e-07
0.01421431
4.209996e-07
0.01421452
4.151171e-07
0.01421473
4.088009e-07
0.01421493
4.020323e-07
0.01421513
3.947922e-07
0.01421532
3.870621e-07
0.01421551
3.788229e-07
0.0142157
3.700572e-07
0.01421588
3.607474e-07
0.01421606
3.508777e-07
0.01421623
3.404332e-07
0.01421639
3.294013e-07
0.01421655
3.177709e-07
0.01421671
3.055341e-07
0.01421685
2.926849e-07
0.014217
2.792216e-07
0.01421713
2.651451e-07
0.01421726
2.504611e-07
0.01421737
2.351788e-07
0.01421748
2.193126e-07
0.01421759
2.028813e-07
0.01421768
1.859088e-07
0.01421777
1.684241e-07
0.01421784
1.504614e-07
0.01421791
1.320599e-07
0.01421797
1.132644e-07
0.01421801
9.412489e-08
0.01421805
7.469667e-08
0.01421808
5.504231e-08
0.0142181
3.522756e-08
1.53469e-08
0.01420103
1.303746e-06
0.01420104
4.041131e-07
0.01420113
1.224304e-07
0.01420118
1.491482e-07
0.01420125
1.233e-07
0.01420132
9.897777e-08
0.01420141
9.54602e-08
0.0142015
9.79478e-08
0.0142016
1.018165e-07
0.0142017
1.071602e-07
0.01420181
1.134241e-07
0.01420193
1.200528e-07
0.01420206
1.267768e-07
0.0142022
1.33474e-07
0.01420234
1.400486e-07
0.01420248
1.464445e-07
0.01420264
1.526231e-07
0.0142028
1.585619e-07
0.01420296
1.642465e-07
0.01420313
1.696681e-07
0.01420331
1.748241e-07
0.01420349
1.797128e-07
0.01420368
1.84338e-07
0.01420387
1.887022e-07
0.01420406
1.928126e-07
0.01420426
1.966744e-07
0.01420446
2.002965e-07
0.01420466
2.036857e-07
0.01420487
2.068515e-07
0.01420508
2.098015e-07
0.0142053
2.125453e-07
0.01420551
2.150906e-07
0.01420573
2.174466e-07
0.01420595
2.196209e-07
0.01420618
2.216218e-07
0.0142064
2.234567e-07
0.01420663
2.251328e-07
0.01420685
2.26657e-07
0.01420708
2.280354e-07
0.01420731
2.292741e-07
0.01420755
2.303782e-07
0.01420778
2.31353e-07
0.01420801
2.322023e-07
0.01420825
2.329307e-07
0.01420848
2.335409e-07
0.01420872
2.340365e-07
0.01420895
2.34419e-07
0.01420919
2.346912e-07
0.01420942
2.348534e-07
0.01420966
2.349074e-07
0.01420989
2.348527e-07
0.01421013
2.346897e-07
0.01421037
2.344171e-07
0.0142106
2.340343e-07
0.01421084
2.335387e-07
0.01421107
2.329289e-07
0.0142113
2.322012e-07
0.01421154
2.313533e-07
0.01421177
2.303803e-07
0.014212
2.292788e-07
0.01421223
2.28043e-07
0.01421246
2.266685e-07
0.01421268
2.251485e-07
0.01421291
2.234776e-07
0.01421313
2.216479e-07
0.01421335
2.196532e-07
0.01421357
2.174847e-07
0.01421379
2.151355e-07
0.014214
2.125959e-07
0.01421421
2.098583e-07
0.01421442
2.069125e-07
0.01421462
2.037503e-07
0.01421482
2.003614e-07
0.01421502
1.967374e-07
0.01421522
1.928678e-07
0.01421541
1.887444e-07
0.01421559
1.843574e-07
0.01421577
1.796992e-07
0.01421595
1.747609e-07
0.01421612
1.695362e-07
0.01421629
1.640178e-07
0.01421645
1.582013e-07
0.0142166
1.520817e-07
0.01421675
1.456574e-07
0.01421689
1.389263e-07
0.01421702
1.318902e-07
0.01421715
1.245508e-07
0.01421726
1.169139e-07
0.01421737
1.089858e-07
0.01421748
1.007769e-07
0.01421757
9.229837e-08
0.01421765
8.356546e-08
0.01421773
7.459471e-08
0.0142178
6.540661e-08
0.01421785
5.602392e-08
0.0142179
4.647365e-08
0.01421794
3.678727e-08
0.01421797
2.700831e-08
0.01421799
1.718829e-08
7.469296e-09
0.01420211
0.01420251
0.01420264
0.01420279
0.01420291
0.01420301
0.01420311
0.0142032
0.01420331
0.01420341
0.01420353
0.01420365
0.01420377
0.01420391
0.01420405
0.01420419
0.01420435
0.01420451
0.01420467
0.01420484
0.01420501
0.01420519
0.01420538
0.01420557
0.01420576
0.01420596
0.01420616
0.01420636
0.01420657
0.01420678
0.01420699
0.0142072
0.01420742
0.01420764
0.01420786
0.01420809
0.01420831
0.01420854
0.01420877
0.01420899
0.01420922
0.01420946
0.01420969
0.01420992
0.01421015
0.01421039
0.01421062
0.01421086
0.01421109
0.01421133
0.01421156
0.0142118
0.01421203
0.01421227
0.0142125
0.01421273
0.01421296
0.0142132
0.01421343
0.01421365
0.01421388
0.01421411
0.01421433
0.01421456
0.01421478
0.014215
0.01421522
0.01421543
0.01421564
0.01421585
0.01421606
0.01421626
0.01421647
0.01421666
0.01421685
0.01421704
0.01421723
0.01421741
0.01421758
0.01421775
0.01421792
0.01421807
0.01421823
0.01421837
0.01421851
0.01421864
0.01421877
0.01421888
0.01421899
0.01421909
0.01421919
0.01421927
0.01421934
0.01421941
0.01421947
0.01421951
0.01421955
0.01421958
0.01421959
)
;

boundaryField
{
    topAir_top
    {
        type            symmetryPlane;
        value           uniform 0;
    }
    leftLet
    {
        type            calculated;
        value           nonuniform List<scalar> 
40
(
-0.01418958
-0.01419043
-0.01419448
-0.01419552
-0.01419611
-0.01419671
-0.01419721
-0.01419763
-0.014198
-0.01419833
-0.01419862
-0.01419888
-0.01419913
-0.01419935
-0.01419955
-0.01419973
-0.0141999
-0.01420006
-0.01420021
-0.01420034
-0.01420047
-0.01420058
-0.01420069
-0.01420079
-0.01420088
-0.01420097
-0.01420104
-0.01420112
-0.01420118
-0.01420124
-0.0142013
-0.01420135
-0.0142014
-0.01420144
-0.01420148
-0.01420152
-0.01420156
-0.01420161
-0.01420161
-0.0142008
)
;
    }
    rightLet
    {
        type            calculated;
        value           nonuniform List<scalar> 
40
(
0.01327157
0.01421078
0.01423894
0.01423693
0.01423459
0.01423296
0.01423131
0.01423009
0.01422891
0.01422794
0.01422702
0.01422624
0.01422549
0.01422484
0.01422421
0.01422367
0.01422314
0.01422268
0.01422222
0.01422183
0.01422144
0.01422111
0.01422077
0.01422049
0.0142202
0.01421996
0.01421972
0.01421952
0.01421932
0.01421915
0.01421898
0.01421884
0.01421871
0.01421859
0.01421848
0.01421838
0.01421826
0.01421811
0.01421799
0.0142196
)
;
    }
    frontAndBack
    {
        type            empty;
        value           nonuniform 0();
    }
    topAir_to_wall
    {
        type            calculated;
        value           uniform 0;
    }
}


// ************************************************************************* //
