/*--------------------------------*- C++ -*----------------------------------*\
| =========                 |                                                 |
| \\      /  F ield         | OpenFOAM: The Open Source CFD Toolbox           |
|  \\    /   O peration     | Version:  2.3.0                                 |
|   \\  /    A nd           | Web:      www.OpenFOAM.org                      |
|    \\/     M anipulation  |                                                 |
\*---------------------------------------------------------------------------*/
FoamFile
{
    version     2.0;
    format      ascii;
    class       volScalarField;
    location    "9800/bottomAir";
    object      T;
}
// * * * * * * * * * * * * * * * * * * * * * * * * * * * * * * * * * * * * * //

dimensions      [0 0 0 1 0 0 0];

internalField   nonuniform List<scalar> 
4000
(
1199.604
1199.773
1199.828
1199.814
1199.809
1199.81
1199.811
1199.811
1199.811
1199.811
1199.811
1199.811
1199.811
1199.811
1199.811
1199.811
1199.811
1199.811
1199.811
1199.811
1199.811
1199.811
1199.811
1199.811
1199.811
1199.811
1199.811
1199.811
1199.811
1199.811
1199.811
1199.811
1199.811
1199.811
1199.811
1199.811
1199.811
1199.811
1199.811
1199.811
1199.811
1199.811
1199.811
1199.811
1199.811
1199.811
1199.811
1199.811
1199.811
1199.811
1199.811
1199.811
1199.811
1199.811
1199.811
1199.811
1199.811
1199.811
1199.811
1199.811
1199.811
1199.811
1199.811
1199.811
1199.811
1199.811
1199.811
1199.811
1199.811
1199.811
1199.811
1199.811
1199.811
1199.811
1199.811
1199.811
1199.811
1199.811
1199.811
1199.811
1199.811
1199.811
1199.811
1199.811
1199.811
1199.811
1199.811
1199.811
1199.811
1199.811
1199.811
1199.811
1199.811
1199.811
1199.811
1199.811
1199.811
1199.811
1199.811
1199.811
1199.605
1199.773
1199.828
1199.814
1199.809
1199.811
1199.811
1199.811
1199.811
1199.811
1199.811
1199.811
1199.811
1199.811
1199.811
1199.811
1199.811
1199.811
1199.811
1199.811
1199.811
1199.811
1199.811
1199.811
1199.811
1199.811
1199.811
1199.811
1199.811
1199.811
1199.811
1199.811
1199.811
1199.811
1199.811
1199.811
1199.811
1199.811
1199.811
1199.811
1199.811
1199.811
1199.811
1199.811
1199.811
1199.811
1199.811
1199.811
1199.811
1199.811
1199.811
1199.811
1199.811
1199.811
1199.811
1199.811
1199.811
1199.811
1199.811
1199.811
1199.811
1199.811
1199.811
1199.811
1199.811
1199.811
1199.811
1199.811
1199.811
1199.811
1199.811
1199.811
1199.811
1199.811
1199.811
1199.811
1199.811
1199.811
1199.811
1199.811
1199.811
1199.811
1199.811
1199.811
1199.811
1199.811
1199.811
1199.811
1199.811
1199.811
1199.811
1199.811
1199.811
1199.811
1199.811
1199.811
1199.811
1199.811
1199.811
1199.811
1199.605
1199.773
1199.828
1199.814
1199.809
1199.811
1199.811
1199.811
1199.811
1199.811
1199.811
1199.811
1199.811
1199.811
1199.811
1199.811
1199.811
1199.811
1199.811
1199.811
1199.811
1199.811
1199.811
1199.811
1199.811
1199.811
1199.811
1199.811
1199.811
1199.811
1199.811
1199.811
1199.811
1199.811
1199.811
1199.811
1199.811
1199.811
1199.811
1199.811
1199.811
1199.811
1199.811
1199.811
1199.811
1199.811
1199.811
1199.811
1199.811
1199.811
1199.811
1199.811
1199.811
1199.811
1199.811
1199.811
1199.811
1199.811
1199.811
1199.811
1199.811
1199.811
1199.811
1199.811
1199.811
1199.811
1199.811
1199.811
1199.811
1199.811
1199.811
1199.811
1199.811
1199.811
1199.811
1199.811
1199.811
1199.811
1199.811
1199.811
1199.811
1199.811
1199.811
1199.811
1199.811
1199.811
1199.811
1199.811
1199.811
1199.811
1199.811
1199.811
1199.811
1199.811
1199.811
1199.811
1199.811
1199.811
1199.811
1199.811
1199.605
1199.773
1199.828
1199.814
1199.809
1199.811
1199.811
1199.811
1199.811
1199.811
1199.811
1199.811
1199.811
1199.811
1199.811
1199.811
1199.811
1199.811
1199.811
1199.811
1199.811
1199.811
1199.811
1199.811
1199.811
1199.811
1199.811
1199.811
1199.811
1199.811
1199.811
1199.811
1199.811
1199.811
1199.811
1199.811
1199.811
1199.811
1199.811
1199.811
1199.811
1199.811
1199.811
1199.811
1199.811
1199.811
1199.811
1199.811
1199.811
1199.811
1199.811
1199.811
1199.811
1199.811
1199.811
1199.811
1199.811
1199.811
1199.811
1199.811
1199.811
1199.811
1199.811
1199.811
1199.811
1199.811
1199.811
1199.811
1199.811
1199.811
1199.811
1199.811
1199.811
1199.811
1199.811
1199.811
1199.811
1199.811
1199.811
1199.811
1199.811
1199.811
1199.811
1199.811
1199.811
1199.811
1199.811
1199.811
1199.811
1199.811
1199.811
1199.811
1199.811
1199.811
1199.811
1199.811
1199.811
1199.811
1199.811
1199.811
1199.605
1199.773
1199.828
1199.814
1199.809
1199.811
1199.811
1199.811
1199.811
1199.811
1199.811
1199.811
1199.811
1199.811
1199.811
1199.811
1199.811
1199.811
1199.811
1199.811
1199.811
1199.811
1199.811
1199.811
1199.811
1199.811
1199.811
1199.811
1199.811
1199.811
1199.811
1199.811
1199.811
1199.811
1199.811
1199.811
1199.811
1199.811
1199.811
1199.811
1199.811
1199.811
1199.811
1199.811
1199.811
1199.811
1199.811
1199.811
1199.811
1199.811
1199.811
1199.811
1199.811
1199.811
1199.811
1199.811
1199.811
1199.811
1199.811
1199.811
1199.811
1199.811
1199.811
1199.811
1199.811
1199.811
1199.811
1199.811
1199.811
1199.811
1199.811
1199.811
1199.811
1199.811
1199.811
1199.811
1199.811
1199.811
1199.811
1199.811
1199.811
1199.811
1199.811
1199.811
1199.811
1199.811
1199.811
1199.811
1199.811
1199.811
1199.811
1199.811
1199.811
1199.811
1199.811
1199.811
1199.811
1199.811
1199.811
1199.811
1199.605
1199.773
1199.828
1199.814
1199.809
1199.811
1199.811
1199.811
1199.811
1199.811
1199.811
1199.811
1199.811
1199.811
1199.811
1199.811
1199.811
1199.811
1199.811
1199.811
1199.811
1199.811
1199.811
1199.811
1199.811
1199.811
1199.811
1199.811
1199.811
1199.811
1199.811
1199.811
1199.811
1199.811
1199.811
1199.811
1199.811
1199.811
1199.811
1199.811
1199.811
1199.811
1199.811
1199.811
1199.811
1199.811
1199.811
1199.811
1199.811
1199.811
1199.811
1199.811
1199.811
1199.811
1199.811
1199.811
1199.811
1199.811
1199.811
1199.811
1199.811
1199.811
1199.811
1199.811
1199.811
1199.811
1199.811
1199.811
1199.811
1199.811
1199.811
1199.811
1199.811
1199.811
1199.811
1199.811
1199.811
1199.811
1199.811
1199.811
1199.811
1199.811
1199.811
1199.811
1199.811
1199.811
1199.811
1199.811
1199.811
1199.811
1199.811
1199.811
1199.811
1199.811
1199.811
1199.811
1199.811
1199.811
1199.811
1199.811
1199.605
1199.773
1199.828
1199.814
1199.809
1199.811
1199.811
1199.811
1199.811
1199.811
1199.811
1199.811
1199.811
1199.811
1199.811
1199.811
1199.811
1199.811
1199.811
1199.811
1199.811
1199.811
1199.811
1199.811
1199.811
1199.811
1199.811
1199.811
1199.811
1199.811
1199.811
1199.811
1199.811
1199.811
1199.811
1199.811
1199.811
1199.811
1199.811
1199.811
1199.811
1199.811
1199.811
1199.811
1199.811
1199.811
1199.811
1199.811
1199.811
1199.811
1199.811
1199.811
1199.811
1199.811
1199.811
1199.811
1199.811
1199.811
1199.811
1199.811
1199.811
1199.811
1199.811
1199.811
1199.811
1199.811
1199.811
1199.811
1199.811
1199.811
1199.811
1199.811
1199.811
1199.811
1199.811
1199.811
1199.811
1199.811
1199.811
1199.811
1199.811
1199.811
1199.811
1199.811
1199.811
1199.811
1199.811
1199.811
1199.811
1199.811
1199.811
1199.811
1199.811
1199.811
1199.811
1199.811
1199.811
1199.811
1199.811
1199.811
1199.605
1199.773
1199.828
1199.814
1199.809
1199.811
1199.811
1199.811
1199.811
1199.811
1199.811
1199.811
1199.811
1199.811
1199.811
1199.811
1199.811
1199.811
1199.811
1199.811
1199.811
1199.811
1199.811
1199.811
1199.811
1199.811
1199.811
1199.811
1199.811
1199.811
1199.811
1199.811
1199.811
1199.811
1199.811
1199.811
1199.811
1199.811
1199.811
1199.811
1199.811
1199.811
1199.811
1199.811
1199.811
1199.811
1199.811
1199.811
1199.811
1199.811
1199.811
1199.811
1199.811
1199.811
1199.811
1199.811
1199.811
1199.811
1199.811
1199.811
1199.811
1199.811
1199.811
1199.811
1199.811
1199.811
1199.811
1199.811
1199.811
1199.811
1199.811
1199.811
1199.811
1199.811
1199.811
1199.811
1199.811
1199.811
1199.811
1199.811
1199.811
1199.811
1199.811
1199.811
1199.811
1199.811
1199.811
1199.811
1199.811
1199.811
1199.811
1199.811
1199.811
1199.811
1199.811
1199.811
1199.811
1199.811
1199.811
1199.811
1199.605
1199.773
1199.828
1199.814
1199.809
1199.811
1199.811
1199.811
1199.811
1199.811
1199.811
1199.811
1199.811
1199.811
1199.811
1199.811
1199.811
1199.811
1199.811
1199.811
1199.811
1199.811
1199.811
1199.811
1199.811
1199.811
1199.811
1199.811
1199.811
1199.811
1199.811
1199.811
1199.811
1199.811
1199.811
1199.811
1199.811
1199.811
1199.811
1199.811
1199.811
1199.811
1199.811
1199.811
1199.811
1199.811
1199.811
1199.811
1199.811
1199.811
1199.811
1199.811
1199.811
1199.811
1199.811
1199.811
1199.811
1199.811
1199.811
1199.811
1199.811
1199.811
1199.811
1199.811
1199.811
1199.811
1199.811
1199.811
1199.811
1199.811
1199.811
1199.811
1199.811
1199.811
1199.811
1199.811
1199.811
1199.811
1199.811
1199.811
1199.811
1199.811
1199.811
1199.811
1199.811
1199.811
1199.811
1199.811
1199.811
1199.811
1199.811
1199.811
1199.811
1199.811
1199.811
1199.811
1199.811
1199.811
1199.811
1199.811
1199.605
1199.773
1199.828
1199.814
1199.809
1199.811
1199.811
1199.811
1199.811
1199.811
1199.811
1199.811
1199.811
1199.811
1199.811
1199.811
1199.811
1199.811
1199.811
1199.811
1199.811
1199.811
1199.811
1199.811
1199.811
1199.811
1199.811
1199.811
1199.811
1199.811
1199.811
1199.811
1199.811
1199.811
1199.811
1199.811
1199.811
1199.811
1199.811
1199.811
1199.811
1199.811
1199.811
1199.811
1199.811
1199.811
1199.811
1199.811
1199.811
1199.811
1199.811
1199.811
1199.811
1199.811
1199.811
1199.811
1199.811
1199.811
1199.811
1199.811
1199.811
1199.811
1199.811
1199.811
1199.811
1199.811
1199.811
1199.811
1199.811
1199.811
1199.811
1199.811
1199.811
1199.811
1199.811
1199.811
1199.811
1199.811
1199.811
1199.811
1199.811
1199.811
1199.811
1199.811
1199.811
1199.811
1199.811
1199.811
1199.811
1199.811
1199.811
1199.811
1199.811
1199.811
1199.811
1199.811
1199.811
1199.811
1199.811
1199.811
1199.605
1199.773
1199.828
1199.814
1199.809
1199.811
1199.811
1199.811
1199.811
1199.811
1199.811
1199.811
1199.811
1199.811
1199.811
1199.811
1199.811
1199.811
1199.811
1199.811
1199.811
1199.811
1199.811
1199.811
1199.811
1199.811
1199.811
1199.811
1199.811
1199.811
1199.811
1199.811
1199.811
1199.811
1199.811
1199.811
1199.811
1199.811
1199.811
1199.811
1199.811
1199.811
1199.811
1199.811
1199.811
1199.811
1199.811
1199.811
1199.811
1199.811
1199.811
1199.811
1199.811
1199.811
1199.811
1199.811
1199.811
1199.811
1199.811
1199.811
1199.811
1199.811
1199.811
1199.811
1199.811
1199.811
1199.811
1199.811
1199.811
1199.811
1199.811
1199.811
1199.811
1199.811
1199.811
1199.811
1199.811
1199.811
1199.811
1199.811
1199.811
1199.811
1199.811
1199.811
1199.811
1199.811
1199.811
1199.811
1199.811
1199.811
1199.811
1199.811
1199.811
1199.811
1199.811
1199.811
1199.811
1199.811
1199.811
1199.811
1199.605
1199.773
1199.828
1199.814
1199.809
1199.811
1199.811
1199.811
1199.811
1199.811
1199.811
1199.811
1199.811
1199.811
1199.811
1199.811
1199.811
1199.811
1199.811
1199.811
1199.811
1199.811
1199.811
1199.811
1199.811
1199.811
1199.811
1199.811
1199.811
1199.811
1199.811
1199.811
1199.811
1199.811
1199.811
1199.811
1199.811
1199.811
1199.811
1199.811
1199.811
1199.811
1199.811
1199.811
1199.811
1199.811
1199.811
1199.811
1199.811
1199.811
1199.811
1199.811
1199.811
1199.811
1199.811
1199.811
1199.811
1199.811
1199.811
1199.811
1199.811
1199.811
1199.811
1199.811
1199.811
1199.811
1199.811
1199.811
1199.811
1199.811
1199.811
1199.811
1199.811
1199.811
1199.811
1199.811
1199.811
1199.811
1199.811
1199.811
1199.811
1199.811
1199.811
1199.811
1199.811
1199.811
1199.811
1199.811
1199.811
1199.811
1199.811
1199.811
1199.811
1199.811
1199.811
1199.811
1199.811
1199.811
1199.811
1199.811
1199.605
1199.773
1199.828
1199.814
1199.809
1199.811
1199.811
1199.811
1199.811
1199.811
1199.811
1199.811
1199.811
1199.811
1199.811
1199.811
1199.811
1199.811
1199.811
1199.811
1199.811
1199.811
1199.811
1199.811
1199.811
1199.811
1199.811
1199.811
1199.811
1199.811
1199.811
1199.811
1199.811
1199.811
1199.811
1199.811
1199.811
1199.811
1199.811
1199.811
1199.811
1199.811
1199.811
1199.811
1199.811
1199.811
1199.811
1199.811
1199.811
1199.811
1199.811
1199.811
1199.811
1199.811
1199.811
1199.811
1199.811
1199.811
1199.811
1199.811
1199.811
1199.811
1199.811
1199.811
1199.811
1199.811
1199.811
1199.811
1199.811
1199.811
1199.811
1199.811
1199.811
1199.811
1199.811
1199.811
1199.811
1199.811
1199.811
1199.811
1199.811
1199.811
1199.811
1199.811
1199.811
1199.811
1199.811
1199.811
1199.811
1199.811
1199.811
1199.811
1199.811
1199.811
1199.811
1199.811
1199.811
1199.811
1199.811
1199.811
1199.605
1199.773
1199.828
1199.814
1199.809
1199.811
1199.811
1199.811
1199.811
1199.811
1199.811
1199.811
1199.811
1199.811
1199.811
1199.811
1199.811
1199.811
1199.811
1199.811
1199.811
1199.811
1199.811
1199.811
1199.811
1199.811
1199.811
1199.811
1199.811
1199.811
1199.811
1199.811
1199.811
1199.811
1199.811
1199.811
1199.811
1199.811
1199.811
1199.811
1199.811
1199.811
1199.811
1199.811
1199.811
1199.811
1199.811
1199.811
1199.811
1199.811
1199.811
1199.811
1199.811
1199.811
1199.811
1199.811
1199.811
1199.811
1199.811
1199.811
1199.811
1199.811
1199.811
1199.811
1199.811
1199.811
1199.811
1199.811
1199.811
1199.811
1199.811
1199.811
1199.811
1199.811
1199.811
1199.811
1199.811
1199.811
1199.811
1199.811
1199.811
1199.811
1199.811
1199.811
1199.811
1199.811
1199.811
1199.811
1199.811
1199.811
1199.811
1199.811
1199.811
1199.811
1199.811
1199.811
1199.811
1199.811
1199.811
1199.811
1199.605
1199.773
1199.828
1199.814
1199.809
1199.811
1199.811
1199.811
1199.811
1199.811
1199.811
1199.811
1199.811
1199.811
1199.811
1199.811
1199.811
1199.811
1199.811
1199.811
1199.811
1199.811
1199.811
1199.811
1199.811
1199.811
1199.811
1199.811
1199.811
1199.811
1199.811
1199.811
1199.811
1199.811
1199.811
1199.811
1199.811
1199.811
1199.811
1199.811
1199.811
1199.811
1199.811
1199.811
1199.811
1199.811
1199.811
1199.811
1199.811
1199.811
1199.811
1199.811
1199.811
1199.811
1199.811
1199.811
1199.811
1199.811
1199.811
1199.811
1199.811
1199.811
1199.811
1199.811
1199.811
1199.811
1199.811
1199.811
1199.811
1199.811
1199.811
1199.811
1199.811
1199.811
1199.811
1199.811
1199.811
1199.811
1199.811
1199.811
1199.811
1199.811
1199.811
1199.811
1199.811
1199.811
1199.811
1199.811
1199.811
1199.811
1199.811
1199.811
1199.811
1199.811
1199.811
1199.811
1199.811
1199.811
1199.811
1199.811
1199.605
1199.773
1199.828
1199.814
1199.809
1199.811
1199.811
1199.811
1199.811
1199.811
1199.811
1199.811
1199.811
1199.811
1199.811
1199.811
1199.811
1199.811
1199.811
1199.811
1199.811
1199.811
1199.811
1199.811
1199.811
1199.811
1199.811
1199.811
1199.811
1199.811
1199.811
1199.811
1199.811
1199.811
1199.811
1199.811
1199.811
1199.811
1199.811
1199.811
1199.811
1199.811
1199.811
1199.811
1199.811
1199.811
1199.811
1199.811
1199.811
1199.811
1199.811
1199.811
1199.811
1199.811
1199.811
1199.811
1199.811
1199.811
1199.811
1199.811
1199.811
1199.811
1199.811
1199.811
1199.811
1199.811
1199.811
1199.811
1199.811
1199.811
1199.811
1199.811
1199.811
1199.811
1199.811
1199.811
1199.811
1199.811
1199.811
1199.811
1199.811
1199.811
1199.811
1199.811
1199.811
1199.811
1199.811
1199.811
1199.811
1199.811
1199.811
1199.811
1199.811
1199.811
1199.811
1199.811
1199.811
1199.811
1199.811
1199.811
1199.605
1199.773
1199.828
1199.814
1199.809
1199.811
1199.811
1199.811
1199.811
1199.811
1199.811
1199.811
1199.811
1199.811
1199.811
1199.811
1199.811
1199.811
1199.811
1199.811
1199.811
1199.811
1199.811
1199.811
1199.811
1199.811
1199.811
1199.811
1199.811
1199.811
1199.811
1199.811
1199.811
1199.811
1199.811
1199.811
1199.811
1199.811
1199.811
1199.811
1199.811
1199.811
1199.811
1199.811
1199.811
1199.811
1199.811
1199.811
1199.811
1199.811
1199.811
1199.811
1199.811
1199.811
1199.811
1199.811
1199.811
1199.811
1199.811
1199.811
1199.811
1199.811
1199.811
1199.811
1199.811
1199.811
1199.811
1199.811
1199.811
1199.811
1199.811
1199.811
1199.811
1199.811
1199.811
1199.811
1199.811
1199.811
1199.811
1199.811
1199.811
1199.811
1199.811
1199.811
1199.811
1199.811
1199.811
1199.811
1199.811
1199.811
1199.811
1199.811
1199.811
1199.811
1199.811
1199.811
1199.811
1199.811
1199.811
1199.811
1199.605
1199.773
1199.828
1199.814
1199.809
1199.811
1199.811
1199.811
1199.811
1199.811
1199.811
1199.811
1199.811
1199.811
1199.811
1199.811
1199.811
1199.811
1199.811
1199.811
1199.811
1199.811
1199.811
1199.811
1199.811
1199.811
1199.811
1199.811
1199.811
1199.811
1199.811
1199.811
1199.811
1199.811
1199.811
1199.811
1199.811
1199.811
1199.811
1199.811
1199.811
1199.811
1199.811
1199.811
1199.811
1199.811
1199.811
1199.811
1199.811
1199.811
1199.811
1199.811
1199.811
1199.811
1199.811
1199.811
1199.811
1199.811
1199.811
1199.811
1199.811
1199.811
1199.811
1199.811
1199.811
1199.811
1199.811
1199.811
1199.811
1199.811
1199.811
1199.811
1199.811
1199.811
1199.811
1199.811
1199.811
1199.811
1199.811
1199.811
1199.811
1199.811
1199.811
1199.811
1199.811
1199.811
1199.811
1199.811
1199.811
1199.811
1199.811
1199.811
1199.811
1199.811
1199.811
1199.811
1199.811
1199.811
1199.811
1199.811
1199.605
1199.773
1199.828
1199.814
1199.809
1199.811
1199.811
1199.811
1199.811
1199.811
1199.811
1199.811
1199.811
1199.811
1199.811
1199.811
1199.811
1199.811
1199.811
1199.811
1199.811
1199.811
1199.811
1199.811
1199.811
1199.811
1199.811
1199.811
1199.811
1199.811
1199.811
1199.811
1199.811
1199.811
1199.811
1199.811
1199.811
1199.811
1199.811
1199.811
1199.811
1199.811
1199.811
1199.811
1199.811
1199.811
1199.811
1199.811
1199.811
1199.811
1199.811
1199.811
1199.811
1199.811
1199.811
1199.811
1199.811
1199.811
1199.811
1199.811
1199.811
1199.811
1199.811
1199.811
1199.811
1199.811
1199.811
1199.811
1199.811
1199.811
1199.811
1199.811
1199.811
1199.811
1199.811
1199.811
1199.811
1199.811
1199.811
1199.811
1199.811
1199.811
1199.811
1199.811
1199.811
1199.811
1199.811
1199.811
1199.811
1199.811
1199.811
1199.811
1199.811
1199.811
1199.811
1199.811
1199.811
1199.811
1199.811
1199.811
1199.605
1199.773
1199.828
1199.814
1199.809
1199.811
1199.811
1199.811
1199.811
1199.811
1199.811
1199.811
1199.811
1199.811
1199.811
1199.811
1199.811
1199.811
1199.811
1199.811
1199.811
1199.811
1199.811
1199.811
1199.811
1199.811
1199.811
1199.811
1199.811
1199.811
1199.811
1199.811
1199.811
1199.811
1199.811
1199.811
1199.811
1199.811
1199.811
1199.811
1199.811
1199.811
1199.811
1199.811
1199.811
1199.811
1199.811
1199.811
1199.811
1199.811
1199.811
1199.811
1199.811
1199.811
1199.811
1199.811
1199.811
1199.811
1199.811
1199.811
1199.811
1199.811
1199.811
1199.811
1199.811
1199.811
1199.811
1199.811
1199.811
1199.811
1199.811
1199.811
1199.811
1199.811
1199.811
1199.811
1199.811
1199.811
1199.811
1199.811
1199.811
1199.811
1199.811
1199.811
1199.811
1199.811
1199.811
1199.811
1199.811
1199.811
1199.811
1199.811
1199.811
1199.811
1199.811
1199.811
1199.811
1199.811
1199.811
1199.811
1199.605
1199.773
1199.828
1199.814
1199.809
1199.811
1199.811
1199.811
1199.811
1199.811
1199.811
1199.811
1199.811
1199.811
1199.811
1199.811
1199.811
1199.811
1199.811
1199.811
1199.811
1199.811
1199.811
1199.811
1199.811
1199.811
1199.811
1199.811
1199.811
1199.811
1199.811
1199.811
1199.811
1199.811
1199.811
1199.811
1199.811
1199.811
1199.811
1199.811
1199.811
1199.811
1199.811
1199.811
1199.811
1199.811
1199.811
1199.811
1199.811
1199.811
1199.811
1199.811
1199.811
1199.811
1199.811
1199.811
1199.811
1199.811
1199.811
1199.811
1199.811
1199.811
1199.811
1199.811
1199.811
1199.811
1199.811
1199.811
1199.811
1199.811
1199.811
1199.811
1199.811
1199.811
1199.811
1199.811
1199.811
1199.811
1199.811
1199.811
1199.811
1199.811
1199.811
1199.811
1199.811
1199.811
1199.811
1199.811
1199.811
1199.811
1199.811
1199.811
1199.811
1199.811
1199.811
1199.811
1199.811
1199.811
1199.811
1199.811
1199.605
1199.773
1199.828
1199.814
1199.809
1199.811
1199.811
1199.811
1199.811
1199.811
1199.811
1199.811
1199.811
1199.811
1199.811
1199.811
1199.811
1199.811
1199.811
1199.811
1199.811
1199.811
1199.811
1199.811
1199.811
1199.811
1199.811
1199.811
1199.811
1199.811
1199.811
1199.811
1199.811
1199.811
1199.811
1199.811
1199.811
1199.811
1199.811
1199.811
1199.811
1199.811
1199.811
1199.811
1199.811
1199.811
1199.811
1199.811
1199.811
1199.811
1199.811
1199.811
1199.811
1199.811
1199.811
1199.811
1199.811
1199.811
1199.811
1199.811
1199.811
1199.811
1199.811
1199.811
1199.811
1199.811
1199.811
1199.811
1199.811
1199.811
1199.811
1199.811
1199.811
1199.811
1199.811
1199.811
1199.811
1199.811
1199.811
1199.811
1199.811
1199.811
1199.811
1199.811
1199.811
1199.811
1199.811
1199.811
1199.811
1199.811
1199.811
1199.811
1199.811
1199.811
1199.811
1199.811
1199.811
1199.811
1199.811
1199.811
1199.605
1199.773
1199.828
1199.814
1199.809
1199.811
1199.811
1199.811
1199.811
1199.811
1199.811
1199.811
1199.811
1199.811
1199.811
1199.811
1199.811
1199.811
1199.811
1199.811
1199.811
1199.811
1199.811
1199.811
1199.811
1199.811
1199.811
1199.811
1199.811
1199.811
1199.811
1199.811
1199.811
1199.811
1199.811
1199.811
1199.811
1199.811
1199.811
1199.811
1199.811
1199.811
1199.811
1199.811
1199.811
1199.811
1199.811
1199.811
1199.811
1199.811
1199.811
1199.811
1199.811
1199.811
1199.811
1199.811
1199.811
1199.811
1199.811
1199.811
1199.811
1199.811
1199.811
1199.811
1199.811
1199.811
1199.811
1199.811
1199.811
1199.811
1199.811
1199.811
1199.811
1199.811
1199.811
1199.811
1199.811
1199.811
1199.811
1199.811
1199.811
1199.811
1199.811
1199.811
1199.811
1199.811
1199.811
1199.811
1199.811
1199.811
1199.811
1199.811
1199.811
1199.811
1199.811
1199.811
1199.811
1199.811
1199.811
1199.811
1199.605
1199.773
1199.828
1199.814
1199.809
1199.811
1199.811
1199.811
1199.811
1199.811
1199.811
1199.811
1199.811
1199.811
1199.811
1199.811
1199.811
1199.811
1199.811
1199.811
1199.811
1199.811
1199.811
1199.811
1199.811
1199.811
1199.811
1199.811
1199.811
1199.811
1199.811
1199.811
1199.811
1199.811
1199.811
1199.811
1199.811
1199.811
1199.811
1199.811
1199.811
1199.811
1199.811
1199.811
1199.811
1199.811
1199.811
1199.811
1199.811
1199.811
1199.811
1199.811
1199.811
1199.811
1199.811
1199.811
1199.811
1199.811
1199.811
1199.811
1199.811
1199.811
1199.811
1199.811
1199.811
1199.811
1199.811
1199.811
1199.811
1199.811
1199.811
1199.811
1199.811
1199.811
1199.811
1199.811
1199.811
1199.811
1199.811
1199.811
1199.811
1199.811
1199.811
1199.811
1199.811
1199.811
1199.811
1199.811
1199.811
1199.811
1199.811
1199.811
1199.811
1199.811
1199.811
1199.811
1199.811
1199.811
1199.811
1199.811
1199.605
1199.773
1199.828
1199.814
1199.809
1199.811
1199.811
1199.811
1199.811
1199.811
1199.811
1199.811
1199.811
1199.811
1199.811
1199.811
1199.811
1199.811
1199.811
1199.811
1199.811
1199.811
1199.811
1199.811
1199.811
1199.811
1199.811
1199.811
1199.811
1199.811
1199.811
1199.811
1199.811
1199.811
1199.811
1199.811
1199.811
1199.811
1199.811
1199.811
1199.811
1199.811
1199.811
1199.811
1199.811
1199.811
1199.811
1199.811
1199.811
1199.811
1199.811
1199.811
1199.811
1199.811
1199.811
1199.811
1199.811
1199.811
1199.811
1199.811
1199.811
1199.811
1199.811
1199.811
1199.811
1199.811
1199.811
1199.811
1199.811
1199.811
1199.811
1199.811
1199.811
1199.811
1199.811
1199.811
1199.811
1199.811
1199.811
1199.811
1199.811
1199.811
1199.811
1199.811
1199.811
1199.811
1199.811
1199.811
1199.811
1199.811
1199.811
1199.811
1199.811
1199.811
1199.811
1199.811
1199.811
1199.811
1199.811
1199.811
1199.605
1199.773
1199.828
1199.814
1199.809
1199.811
1199.811
1199.811
1199.811
1199.811
1199.811
1199.811
1199.811
1199.811
1199.811
1199.811
1199.811
1199.811
1199.811
1199.811
1199.811
1199.811
1199.811
1199.811
1199.811
1199.811
1199.811
1199.811
1199.811
1199.811
1199.811
1199.811
1199.811
1199.811
1199.811
1199.811
1199.811
1199.811
1199.811
1199.811
1199.811
1199.811
1199.811
1199.811
1199.811
1199.811
1199.811
1199.811
1199.811
1199.811
1199.811
1199.811
1199.811
1199.811
1199.811
1199.811
1199.811
1199.811
1199.811
1199.811
1199.811
1199.811
1199.811
1199.811
1199.811
1199.811
1199.811
1199.811
1199.811
1199.811
1199.811
1199.811
1199.811
1199.811
1199.811
1199.811
1199.811
1199.811
1199.811
1199.811
1199.811
1199.811
1199.811
1199.811
1199.811
1199.811
1199.811
1199.811
1199.811
1199.811
1199.811
1199.811
1199.811
1199.811
1199.811
1199.811
1199.811
1199.811
1199.811
1199.811
1199.605
1199.773
1199.828
1199.814
1199.809
1199.811
1199.811
1199.811
1199.811
1199.811
1199.811
1199.811
1199.811
1199.811
1199.811
1199.811
1199.811
1199.811
1199.811
1199.811
1199.811
1199.811
1199.811
1199.811
1199.811
1199.811
1199.811
1199.811
1199.811
1199.811
1199.811
1199.811
1199.811
1199.811
1199.811
1199.811
1199.811
1199.811
1199.811
1199.811
1199.811
1199.811
1199.811
1199.811
1199.811
1199.811
1199.811
1199.811
1199.811
1199.811
1199.811
1199.811
1199.811
1199.811
1199.811
1199.811
1199.811
1199.811
1199.811
1199.811
1199.811
1199.811
1199.811
1199.811
1199.811
1199.811
1199.811
1199.811
1199.811
1199.811
1199.811
1199.811
1199.811
1199.811
1199.811
1199.811
1199.811
1199.811
1199.811
1199.811
1199.811
1199.811
1199.811
1199.811
1199.811
1199.811
1199.811
1199.811
1199.811
1199.811
1199.811
1199.811
1199.811
1199.811
1199.811
1199.811
1199.811
1199.811
1199.811
1199.811
1199.605
1199.773
1199.828
1199.814
1199.809
1199.811
1199.811
1199.811
1199.811
1199.811
1199.811
1199.811
1199.811
1199.811
1199.811
1199.811
1199.811
1199.811
1199.811
1199.811
1199.811
1199.811
1199.811
1199.811
1199.811
1199.811
1199.811
1199.811
1199.811
1199.811
1199.811
1199.811
1199.811
1199.811
1199.811
1199.811
1199.811
1199.811
1199.811
1199.811
1199.811
1199.811
1199.811
1199.811
1199.811
1199.811
1199.811
1199.811
1199.811
1199.811
1199.811
1199.811
1199.811
1199.811
1199.811
1199.811
1199.811
1199.811
1199.811
1199.811
1199.811
1199.811
1199.811
1199.811
1199.811
1199.811
1199.811
1199.811
1199.811
1199.811
1199.811
1199.811
1199.811
1199.811
1199.811
1199.811
1199.811
1199.811
1199.811
1199.811
1199.811
1199.811
1199.811
1199.811
1199.811
1199.811
1199.811
1199.811
1199.811
1199.811
1199.811
1199.811
1199.811
1199.811
1199.811
1199.811
1199.811
1199.811
1199.811
1199.811
1199.605
1199.773
1199.828
1199.814
1199.809
1199.811
1199.811
1199.811
1199.811
1199.811
1199.811
1199.811
1199.811
1199.811
1199.811
1199.811
1199.811
1199.811
1199.811
1199.811
1199.811
1199.811
1199.811
1199.811
1199.811
1199.811
1199.811
1199.811
1199.811
1199.811
1199.811
1199.811
1199.811
1199.811
1199.811
1199.811
1199.811
1199.811
1199.811
1199.811
1199.811
1199.811
1199.811
1199.811
1199.811
1199.811
1199.811
1199.811
1199.811
1199.811
1199.811
1199.811
1199.811
1199.811
1199.811
1199.811
1199.811
1199.811
1199.811
1199.811
1199.811
1199.811
1199.811
1199.811
1199.811
1199.811
1199.811
1199.811
1199.811
1199.811
1199.811
1199.811
1199.811
1199.811
1199.811
1199.811
1199.811
1199.811
1199.811
1199.811
1199.811
1199.811
1199.811
1199.811
1199.811
1199.811
1199.811
1199.811
1199.811
1199.811
1199.811
1199.811
1199.811
1199.811
1199.811
1199.811
1199.811
1199.811
1199.811
1199.811
1199.605
1199.773
1199.828
1199.814
1199.809
1199.811
1199.811
1199.811
1199.811
1199.811
1199.811
1199.811
1199.811
1199.811
1199.811
1199.811
1199.811
1199.811
1199.811
1199.811
1199.811
1199.811
1199.811
1199.811
1199.811
1199.811
1199.811
1199.811
1199.811
1199.811
1199.811
1199.811
1199.811
1199.811
1199.811
1199.811
1199.811
1199.811
1199.811
1199.811
1199.811
1199.811
1199.811
1199.811
1199.811
1199.811
1199.811
1199.811
1199.811
1199.811
1199.811
1199.811
1199.811
1199.811
1199.811
1199.811
1199.811
1199.811
1199.811
1199.811
1199.811
1199.811
1199.811
1199.811
1199.811
1199.811
1199.811
1199.811
1199.811
1199.811
1199.811
1199.811
1199.811
1199.811
1199.811
1199.811
1199.811
1199.811
1199.811
1199.811
1199.811
1199.811
1199.811
1199.811
1199.811
1199.811
1199.811
1199.811
1199.811
1199.811
1199.811
1199.811
1199.811
1199.811
1199.811
1199.811
1199.811
1199.811
1199.811
1199.811
1199.605
1199.773
1199.828
1199.814
1199.809
1199.811
1199.811
1199.811
1199.811
1199.811
1199.811
1199.811
1199.811
1199.811
1199.811
1199.811
1199.811
1199.811
1199.811
1199.811
1199.811
1199.811
1199.811
1199.811
1199.811
1199.811
1199.811
1199.811
1199.811
1199.811
1199.811
1199.811
1199.811
1199.811
1199.811
1199.811
1199.811
1199.811
1199.811
1199.811
1199.811
1199.811
1199.811
1199.811
1199.811
1199.811
1199.811
1199.811
1199.811
1199.811
1199.811
1199.811
1199.811
1199.811
1199.811
1199.811
1199.811
1199.811
1199.811
1199.811
1199.811
1199.811
1199.811
1199.811
1199.811
1199.811
1199.811
1199.811
1199.811
1199.811
1199.811
1199.811
1199.811
1199.811
1199.811
1199.811
1199.811
1199.811
1199.811
1199.811
1199.811
1199.811
1199.811
1199.811
1199.811
1199.811
1199.811
1199.811
1199.811
1199.811
1199.811
1199.811
1199.811
1199.811
1199.811
1199.811
1199.811
1199.811
1199.811
1199.811
1199.605
1199.773
1199.828
1199.814
1199.809
1199.811
1199.811
1199.811
1199.811
1199.811
1199.811
1199.811
1199.811
1199.811
1199.811
1199.811
1199.811
1199.811
1199.811
1199.811
1199.811
1199.811
1199.811
1199.811
1199.811
1199.811
1199.811
1199.811
1199.811
1199.811
1199.811
1199.811
1199.811
1199.811
1199.811
1199.811
1199.811
1199.811
1199.811
1199.811
1199.811
1199.811
1199.811
1199.811
1199.811
1199.811
1199.811
1199.811
1199.811
1199.811
1199.811
1199.811
1199.811
1199.811
1199.811
1199.811
1199.811
1199.811
1199.811
1199.811
1199.811
1199.811
1199.811
1199.811
1199.811
1199.811
1199.811
1199.811
1199.811
1199.811
1199.811
1199.811
1199.811
1199.811
1199.811
1199.811
1199.811
1199.811
1199.811
1199.811
1199.811
1199.811
1199.811
1199.811
1199.811
1199.811
1199.811
1199.811
1199.811
1199.811
1199.811
1199.811
1199.811
1199.811
1199.811
1199.811
1199.811
1199.811
1199.811
1199.811
1199.605
1199.773
1199.828
1199.814
1199.809
1199.811
1199.811
1199.811
1199.811
1199.811
1199.811
1199.811
1199.811
1199.811
1199.811
1199.811
1199.811
1199.811
1199.811
1199.811
1199.811
1199.811
1199.811
1199.811
1199.811
1199.811
1199.811
1199.811
1199.811
1199.811
1199.811
1199.811
1199.811
1199.811
1199.811
1199.811
1199.811
1199.811
1199.811
1199.811
1199.811
1199.811
1199.811
1199.811
1199.811
1199.811
1199.811
1199.811
1199.811
1199.811
1199.811
1199.811
1199.811
1199.811
1199.811
1199.811
1199.811
1199.811
1199.811
1199.811
1199.811
1199.811
1199.811
1199.811
1199.811
1199.811
1199.811
1199.811
1199.811
1199.811
1199.811
1199.811
1199.811
1199.811
1199.811
1199.811
1199.811
1199.811
1199.811
1199.811
1199.811
1199.811
1199.811
1199.811
1199.811
1199.811
1199.811
1199.811
1199.811
1199.811
1199.811
1199.811
1199.811
1199.811
1199.811
1199.811
1199.811
1199.811
1199.811
1199.811
1199.605
1199.773
1199.828
1199.814
1199.809
1199.811
1199.811
1199.811
1199.811
1199.811
1199.811
1199.811
1199.811
1199.811
1199.811
1199.811
1199.811
1199.811
1199.811
1199.811
1199.811
1199.811
1199.811
1199.811
1199.811
1199.811
1199.811
1199.811
1199.811
1199.811
1199.811
1199.811
1199.811
1199.811
1199.811
1199.811
1199.811
1199.811
1199.811
1199.811
1199.811
1199.811
1199.811
1199.811
1199.811
1199.811
1199.811
1199.811
1199.811
1199.811
1199.811
1199.811
1199.811
1199.811
1199.811
1199.811
1199.811
1199.811
1199.811
1199.811
1199.811
1199.811
1199.811
1199.811
1199.811
1199.811
1199.811
1199.811
1199.811
1199.811
1199.811
1199.811
1199.811
1199.811
1199.811
1199.811
1199.811
1199.811
1199.811
1199.811
1199.811
1199.811
1199.811
1199.811
1199.811
1199.811
1199.811
1199.811
1199.811
1199.811
1199.811
1199.811
1199.811
1199.811
1199.811
1199.811
1199.811
1199.811
1199.811
1199.811
1199.605
1199.773
1199.828
1199.814
1199.809
1199.811
1199.811
1199.811
1199.811
1199.811
1199.811
1199.811
1199.811
1199.811
1199.811
1199.811
1199.811
1199.811
1199.811
1199.811
1199.811
1199.811
1199.811
1199.811
1199.811
1199.811
1199.811
1199.811
1199.811
1199.811
1199.811
1199.811
1199.811
1199.811
1199.811
1199.811
1199.811
1199.811
1199.811
1199.811
1199.811
1199.811
1199.811
1199.811
1199.811
1199.811
1199.811
1199.811
1199.811
1199.811
1199.811
1199.811
1199.811
1199.811
1199.811
1199.811
1199.811
1199.811
1199.811
1199.811
1199.811
1199.811
1199.811
1199.811
1199.811
1199.811
1199.811
1199.811
1199.811
1199.811
1199.811
1199.811
1199.811
1199.811
1199.811
1199.811
1199.811
1199.811
1199.811
1199.811
1199.811
1199.811
1199.811
1199.811
1199.811
1199.811
1199.811
1199.811
1199.811
1199.811
1199.811
1199.811
1199.811
1199.811
1199.811
1199.811
1199.811
1199.811
1199.811
1199.811
1199.605
1199.773
1199.828
1199.814
1199.809
1199.811
1199.811
1199.811
1199.811
1199.811
1199.811
1199.811
1199.811
1199.811
1199.811
1199.811
1199.811
1199.811
1199.811
1199.811
1199.811
1199.811
1199.811
1199.811
1199.811
1199.811
1199.811
1199.811
1199.811
1199.811
1199.811
1199.811
1199.811
1199.811
1199.811
1199.811
1199.811
1199.811
1199.811
1199.811
1199.811
1199.811
1199.811
1199.811
1199.811
1199.811
1199.811
1199.811
1199.811
1199.811
1199.811
1199.811
1199.811
1199.811
1199.811
1199.811
1199.811
1199.811
1199.811
1199.811
1199.811
1199.811
1199.811
1199.811
1199.811
1199.811
1199.811
1199.811
1199.811
1199.811
1199.811
1199.811
1199.811
1199.811
1199.811
1199.811
1199.811
1199.811
1199.811
1199.811
1199.811
1199.811
1199.811
1199.811
1199.811
1199.811
1199.811
1199.811
1199.811
1199.811
1199.811
1199.811
1199.811
1199.811
1199.811
1199.811
1199.811
1199.811
1199.811
1199.811
1199.605
1199.773
1199.828
1199.814
1199.809
1199.811
1199.811
1199.811
1199.811
1199.811
1199.811
1199.811
1199.811
1199.811
1199.811
1199.811
1199.811
1199.811
1199.811
1199.811
1199.811
1199.811
1199.811
1199.811
1199.811
1199.811
1199.811
1199.811
1199.811
1199.811
1199.811
1199.811
1199.811
1199.811
1199.811
1199.811
1199.811
1199.811
1199.811
1199.811
1199.811
1199.811
1199.811
1199.811
1199.811
1199.811
1199.811
1199.811
1199.811
1199.811
1199.811
1199.811
1199.811
1199.811
1199.811
1199.811
1199.811
1199.811
1199.811
1199.811
1199.811
1199.811
1199.811
1199.811
1199.811
1199.811
1199.811
1199.811
1199.811
1199.811
1199.811
1199.811
1199.811
1199.811
1199.811
1199.811
1199.811
1199.811
1199.811
1199.811
1199.811
1199.811
1199.811
1199.811
1199.811
1199.811
1199.811
1199.811
1199.811
1199.811
1199.811
1199.81
1199.81
1199.81
1199.81
1199.81
1199.81
1199.81
1199.81
1199.81
1199.605
1199.774
1199.828
1199.814
1199.809
1199.811
1199.811
1199.811
1199.811
1199.811
1199.811
1199.811
1199.811
1199.811
1199.811
1199.811
1199.811
1199.811
1199.811
1199.811
1199.811
1199.81
1199.81
1199.81
1199.81
1199.81
1199.81
1199.81
1199.81
1199.81
1199.81
1199.81
1199.81
1199.809
1199.809
1199.809
1199.809
1199.809
1199.809
1199.809
1199.808
1199.808
1199.808
1199.808
1199.808
1199.807
1199.807
1199.807
1199.807
1199.806
1199.806
1199.806
1199.805
1199.805
1199.805
1199.805
1199.804
1199.804
1199.803
1199.803
1199.803
1199.802
1199.802
1199.801
1199.801
1199.801
1199.8
1199.8
1199.799
1199.799
1199.798
1199.798
1199.797
1199.796
1199.796
1199.795
1199.795
1199.794
1199.793
1199.793
1199.792
1199.791
1199.791
1199.79
1199.789
1199.789
1199.788
1199.787
1199.786
1199.786
1199.785
1199.784
1199.783
1199.782
1199.781
1199.781
1199.78
1199.779
1199.778
1199.778
1199.604
1199.773
1199.827
1199.812
1199.805
1199.805
1199.803
1199.801
1199.799
1199.796
1199.793
1199.79
1199.786
1199.782
1199.778
1199.774
1199.769
1199.764
1199.759
1199.754
1199.748
1199.742
1199.736
1199.729
1199.723
1199.716
1199.708
1199.701
1199.693
1199.685
1199.677
1199.668
1199.659
1199.65
1199.641
1199.631
1199.621
1199.611
1199.6
1199.59
1199.579
1199.568
1199.556
1199.545
1199.533
1199.52
1199.508
1199.495
1199.482
1199.469
1199.456
1199.442
1199.428
1199.414
1199.399
1199.384
1199.37
1199.354
1199.339
1199.323
1199.307
1199.291
1199.275
1199.258
1199.241
1199.224
1199.206
1199.189
1199.171
1199.153
1199.135
1199.116
1199.097
1199.078
1199.059
1199.039
1199.02
1199
1198.979
1198.959
1198.938
1198.917
1198.896
1198.875
1198.854
1198.832
1198.81
1198.788
1198.766
1198.743
1198.72
1198.698
1198.675
1198.652
1198.629
1198.606
1198.583
1198.561
1198.541
1198.523
1199.253
1199.07
1198.773
1198.408
1198.052
1197.703
1197.353
1197.003
1196.653
1196.304
1195.955
1195.606
1195.258
1194.91
1194.562
1194.214
1193.867
1193.52
1193.173
1192.827
1192.48
1192.135
1191.789
1191.443
1191.098
1190.753
1190.409
1190.064
1189.72
1189.376
1189.033
1188.689
1188.346
1188.003
1187.661
1187.319
1186.976
1186.635
1186.293
1185.952
1185.61
1185.27
1184.929
1184.589
1184.248
1183.909
1183.569
1183.229
1182.89
1182.551
1182.213
1181.874
1181.536
1181.198
1180.86
1180.523
1180.186
1179.849
1179.512
1179.175
1178.839
1178.503
1178.167
1177.832
1177.496
1177.161
1176.826
1176.492
1176.157
1175.823
1175.489
1175.156
1174.822
1174.489
1174.156
1173.824
1173.492
1173.159
1172.828
1172.496
1172.165
1171.834
1171.503
1171.172
1170.842
1170.512
1170.182
1169.853
1169.523
1169.194
1168.866
1168.537
1168.209
1167.881
1167.554
1167.227
1166.9
1166.573
1166.247
1165.921
)
;

boundaryField
{
    bottomAir_bottom
    {
        type            symmetryPlane;
    }
    leftLet
    {
        type            fixedValue;
        value           uniform 1200;
    }
    rightLet
    {
        type            zeroGradient;
    }
    frontAndBack
    {
        type            empty;
    }
    bottomAir_to_wall
    {
        type            compressible::turbulentTemperatureCoupledBaffleMixed;
        refValue        nonuniform List<scalar> 
100
(
809.5911
809.58
809.5589
809.5292
809.4925
809.4497
809.4016
809.3486
809.2913
809.2301
809.1653
809.0971
809.0259
808.9518
808.8751
808.7959
808.7145
808.6308
808.5452
808.4577
808.3684
808.2774
808.1848
808.0908
807.9955
807.8988
807.8009
807.7018
807.6017
807.5006
807.3986
807.2957
807.192
807.0875
806.9823
806.8765
806.7702
806.6632
806.5558
806.448
806.3398
806.2312
806.1224
806.0133
805.904
805.7945
805.685
805.5753
805.4657
805.356
805.2464
805.1369
805.0276
804.9184
804.8095
804.7008
804.5925
804.4845
804.3769
804.2697
804.163
804.0568
803.9513
803.8463
803.742
803.6385
803.5357
803.4337
803.3326
803.2324
803.1332
803.0351
802.938
802.8422
802.7475
802.6542
802.5622
802.4717
802.3827
802.2953
802.2096
802.1258
802.0438
801.9639
801.8861
801.8106
801.7376
801.6671
801.5995
801.5348
801.4733
801.4153
801.3611
801.311
801.2655
801.225
801.1901
801.1617
801.1409
801.1292
)
;
        refGradient     uniform 0;
        valueFraction   nonuniform List<scalar> 
100
(
0.9915014
0.9915014
0.9915014
0.9915014
0.9915014
0.9915014
0.9915014
0.9915014
0.9915014
0.9915014
0.9915014
0.9915014
0.9915014
0.9915014
0.9915014
0.9915014
0.9915014
0.9915014
0.9915014
0.9915014
0.9915014
0.9915014
0.9915014
0.9915014
0.9915014
0.9915014
0.9915014
0.9915014
0.9915014
0.9915014
0.9915014
0.9915014
0.9915014
0.9915014
0.9915014
0.9915014
0.9915014
0.9915014
0.9915014
0.9915014
0.9915014
0.9915014
0.9915014
0.9915014
0.9915014
0.9915014
0.9915014
0.9915014
0.9915014
0.9915014
0.9915014
0.9915014
0.9915014
0.9915014
0.9915014
0.9915014
0.9915014
0.9915014
0.9915014
0.9915014
0.9915014
0.9915014
0.9915014
0.9915014
0.9915014
0.9915014
0.9915014
0.9915014
0.9915014
0.9915014
0.9915014
0.9915014
0.9915014
0.9915014
0.9915014
0.9915014
0.9915014
0.9915014
0.9915014
0.9915014
0.9915014
0.9915014
0.9915014
0.9915014
0.9915014
0.9915014
0.9915014
0.9915014
0.9915014
0.9915014
0.9915014
0.9915014
0.9915014
0.9915014
0.9915014
0.9915014
0.9915014
0.9915014
0.9915014
0.9915014
)
;
        value           nonuniform List<scalar> 
100
(
812.9027
812.8901
812.8667
812.8341
812.7947
812.7493
812.6986
812.6431
812.5834
812.5197
812.4525
812.3819
812.3083
812.2319
812.1529
812.0715
811.9877
811.9018
811.814
811.7243
811.6328
811.5396
811.4449
811.3488
811.2513
811.1525
811.0525
810.9514
810.8492
810.746
810.6419
810.537
810.4312
810.3247
810.2176
810.1098
810.0014
809.8925
809.7831
809.6732
809.563
809.4525
809.3417
809.2306
809.1194
809.008
808.8964
808.7849
808.6732
808.5616
808.4501
808.3387
808.2274
808.1163
808.0054
807.8948
807.7845
807.6745
807.565
807.4558
807.3472
807.2391
807.1316
807.0247
806.9184
806.8129
806.7081
806.6042
806.5011
806.3989
806.2977
806.1976
806.0985
806.0006
805.904
805.8086
805.7146
805.622
805.5309
805.4415
805.3537
805.2678
805.1837
805.1016
805.0217
804.9441
804.8688
804.7962
804.7263
804.6594
804.5956
804.5353
804.4788
804.4263
804.3784
804.3354
804.2981
804.2672
804.2438
804.2294
)
;
        Tnbr            T;
        thicknessLayers 0();
        kappaLayers     0();
        kappa           fluidThermo;
        kappaName       none;
    }
}


// ************************************************************************* //
