/*--------------------------------*- C++ -*----------------------------------*\
| =========                 |                                                 |
| \\      /  F ield         | OpenFOAM: The Open Source CFD Toolbox           |
|  \\    /   O peration     | Version:  2.3.0                                 |
|   \\  /    A nd           | Web:      www.OpenFOAM.org                      |
|    \\/     M anipulation  |                                                 |
\*---------------------------------------------------------------------------*/
FoamFile
{
    version     2.0;
    format      ascii;
    class       volScalarField;
    location    "9900/topAir";
    object      p_rgh;
}
// * * * * * * * * * * * * * * * * * * * * * * * * * * * * * * * * * * * * * //

dimensions      [1 -1 -2 0 0 0 0];

internalField   nonuniform List<scalar> 
4000
(
99704.66
99774.43
99834.98
99827.19
99820.94
99821.77
99822.37
99822.25
99822.15
99822.13
99822.11
99822.09
99822.06
99822.03
99822.01
99821.98
99821.95
99821.93
99821.9
99821.88
99821.86
99821.83
99821.81
99821.78
99821.76
99821.73
99821.71
99821.69
99821.66
99821.64
99821.61
99821.59
99821.57
99821.54
99821.52
99821.5
99821.47
99821.45
99821.43
99821.4
99821.38
99821.36
99821.33
99821.31
99821.29
99821.26
99821.24
99821.22
99821.19
99821.17
99821.15
99821.12
99821.1
99821.08
99821.05
99821.03
99821.01
99820.98
99820.96
99820.94
99820.91
99820.89
99820.87
99820.84
99820.82
99820.8
99820.77
99820.75
99820.73
99820.7
99820.68
99820.66
99820.63
99820.61
99820.58
99820.56
99820.54
99820.51
99820.49
99820.46
99820.44
99820.41
99820.39
99820.36
99820.34
99820.31
99820.29
99820.26
99820.23
99820.21
99820.18
99820.15
99820.12
99820.09
99820.06
99820.02
99819.99
99819.94
99819.89
99819.83
99704.41
99774.41
99835.01
99827.2
99820.94
99821.77
99822.37
99822.25
99822.15
99822.13
99822.11
99822.08
99822.06
99822.03
99822
99821.98
99821.95
99821.93
99821.9
99821.88
99821.85
99821.83
99821.81
99821.78
99821.76
99821.73
99821.71
99821.69
99821.66
99821.64
99821.61
99821.59
99821.57
99821.54
99821.52
99821.5
99821.47
99821.45
99821.43
99821.4
99821.38
99821.36
99821.33
99821.31
99821.29
99821.26
99821.24
99821.22
99821.19
99821.17
99821.15
99821.12
99821.1
99821.08
99821.05
99821.03
99821.01
99820.98
99820.96
99820.94
99820.91
99820.89
99820.87
99820.84
99820.82
99820.8
99820.77
99820.75
99820.73
99820.7
99820.68
99820.66
99820.63
99820.61
99820.58
99820.56
99820.54
99820.51
99820.49
99820.46
99820.44
99820.41
99820.39
99820.36
99820.34
99820.31
99820.29
99820.26
99820.23
99820.21
99820.18
99820.15
99820.12
99820.09
99820.06
99820.03
99819.99
99819.95
99819.91
99819.87
99704.46
99774.38
99835
99827.19
99820.94
99821.76
99822.37
99822.25
99822.15
99822.13
99822.11
99822.08
99822.06
99822.03
99822.01
99821.98
99821.95
99821.93
99821.9
99821.88
99821.85
99821.83
99821.81
99821.78
99821.76
99821.73
99821.71
99821.69
99821.66
99821.64
99821.61
99821.59
99821.57
99821.54
99821.52
99821.5
99821.47
99821.45
99821.43
99821.4
99821.38
99821.36
99821.33
99821.31
99821.29
99821.26
99821.24
99821.22
99821.19
99821.17
99821.15
99821.12
99821.1
99821.08
99821.05
99821.03
99821.01
99820.98
99820.96
99820.94
99820.91
99820.89
99820.87
99820.84
99820.82
99820.8
99820.77
99820.75
99820.73
99820.7
99820.68
99820.66
99820.63
99820.61
99820.58
99820.56
99820.54
99820.51
99820.49
99820.46
99820.44
99820.41
99820.39
99820.36
99820.34
99820.31
99820.29
99820.26
99820.23
99820.21
99820.18
99820.15
99820.12
99820.09
99820.06
99820.03
99820
99819.97
99819.93
99819.9
99704.41
99774.33
99834.98
99827.18
99820.93
99821.75
99822.36
99822.24
99822.15
99822.13
99822.11
99822.08
99822.05
99822.03
99822
99821.98
99821.95
99821.93
99821.9
99821.88
99821.85
99821.83
99821.81
99821.78
99821.76
99821.73
99821.71
99821.69
99821.66
99821.64
99821.61
99821.59
99821.57
99821.54
99821.52
99821.5
99821.47
99821.45
99821.43
99821.4
99821.38
99821.36
99821.33
99821.31
99821.29
99821.26
99821.24
99821.22
99821.19
99821.17
99821.15
99821.12
99821.1
99821.08
99821.05
99821.03
99821.01
99820.98
99820.96
99820.94
99820.91
99820.89
99820.87
99820.84
99820.82
99820.8
99820.77
99820.75
99820.73
99820.7
99820.68
99820.66
99820.63
99820.61
99820.58
99820.56
99820.54
99820.51
99820.49
99820.46
99820.44
99820.41
99820.39
99820.36
99820.34
99820.31
99820.29
99820.26
99820.24
99820.21
99820.18
99820.15
99820.13
99820.1
99820.07
99820.04
99820.01
99819.98
99819.95
99819.92
99704.4
99774.32
99834.97
99827.18
99820.92
99821.75
99822.36
99822.24
99822.15
99822.13
99822.11
99822.08
99822.05
99822.03
99822
99821.98
99821.95
99821.93
99821.9
99821.88
99821.85
99821.83
99821.81
99821.78
99821.76
99821.73
99821.71
99821.69
99821.66
99821.64
99821.61
99821.59
99821.57
99821.54
99821.52
99821.5
99821.47
99821.45
99821.43
99821.4
99821.38
99821.36
99821.33
99821.31
99821.29
99821.26
99821.24
99821.22
99821.19
99821.17
99821.15
99821.12
99821.1
99821.08
99821.05
99821.03
99821.01
99820.98
99820.96
99820.94
99820.91
99820.89
99820.87
99820.84
99820.82
99820.8
99820.77
99820.75
99820.73
99820.7
99820.68
99820.66
99820.63
99820.61
99820.58
99820.56
99820.54
99820.51
99820.49
99820.46
99820.44
99820.41
99820.39
99820.37
99820.34
99820.32
99820.29
99820.26
99820.24
99820.21
99820.19
99820.16
99820.13
99820.1
99820.07
99820.05
99820.02
99819.99
99819.96
99819.94
99704.37
99774.29
99834.96
99827.16
99820.91
99821.74
99822.35
99822.23
99822.14
99822.12
99822.1
99822.08
99822.05
99822.03
99822
99821.98
99821.95
99821.93
99821.9
99821.88
99821.85
99821.83
99821.8
99821.78
99821.76
99821.73
99821.71
99821.68
99821.66
99821.64
99821.61
99821.59
99821.57
99821.54
99821.52
99821.5
99821.47
99821.45
99821.43
99821.4
99821.38
99821.36
99821.33
99821.31
99821.29
99821.26
99821.24
99821.22
99821.19
99821.17
99821.15
99821.12
99821.1
99821.08
99821.05
99821.03
99821.01
99820.98
99820.96
99820.94
99820.91
99820.89
99820.87
99820.84
99820.82
99820.8
99820.77
99820.75
99820.73
99820.7
99820.68
99820.66
99820.63
99820.61
99820.58
99820.56
99820.54
99820.51
99820.49
99820.46
99820.44
99820.42
99820.39
99820.37
99820.34
99820.32
99820.29
99820.27
99820.24
99820.21
99820.19
99820.16
99820.13
99820.11
99820.08
99820.05
99820.03
99820
99819.97
99819.95
99704.36
99774.28
99834.95
99827.16
99820.91
99821.74
99822.35
99822.23
99822.14
99822.12
99822.1
99822.08
99822.05
99822.03
99822
99821.98
99821.95
99821.93
99821.9
99821.88
99821.85
99821.83
99821.8
99821.78
99821.76
99821.73
99821.71
99821.69
99821.66
99821.64
99821.61
99821.59
99821.57
99821.54
99821.52
99821.5
99821.47
99821.45
99821.43
99821.4
99821.38
99821.36
99821.33
99821.31
99821.29
99821.26
99821.24
99821.22
99821.19
99821.17
99821.15
99821.12
99821.1
99821.08
99821.05
99821.03
99821.01
99820.98
99820.96
99820.94
99820.91
99820.89
99820.87
99820.84
99820.82
99820.8
99820.77
99820.75
99820.73
99820.7
99820.68
99820.66
99820.63
99820.61
99820.59
99820.56
99820.54
99820.51
99820.49
99820.47
99820.44
99820.42
99820.39
99820.37
99820.34
99820.32
99820.29
99820.27
99820.24
99820.22
99820.19
99820.17
99820.14
99820.11
99820.09
99820.06
99820.04
99820.01
99819.99
99819.96
99704.34
99774.27
99834.94
99827.15
99820.9
99821.73
99822.34
99822.22
99822.13
99822.12
99822.1
99822.07
99822.05
99822.02
99822
99821.97
99821.95
99821.92
99821.9
99821.87
99821.85
99821.83
99821.8
99821.78
99821.75
99821.73
99821.71
99821.68
99821.66
99821.64
99821.61
99821.59
99821.57
99821.54
99821.52
99821.5
99821.47
99821.45
99821.43
99821.4
99821.38
99821.36
99821.33
99821.31
99821.29
99821.26
99821.24
99821.22
99821.19
99821.17
99821.15
99821.12
99821.1
99821.08
99821.05
99821.03
99821.01
99820.98
99820.96
99820.94
99820.91
99820.89
99820.87
99820.84
99820.82
99820.8
99820.77
99820.75
99820.73
99820.7
99820.68
99820.66
99820.63
99820.61
99820.59
99820.56
99820.54
99820.51
99820.49
99820.47
99820.44
99820.42
99820.39
99820.37
99820.34
99820.32
99820.29
99820.27
99820.25
99820.22
99820.19
99820.17
99820.14
99820.12
99820.09
99820.07
99820.04
99820.02
99819.99
99819.97
99704.33
99774.26
99834.93
99827.14
99820.89
99821.73
99822.34
99822.22
99822.13
99822.12
99822.1
99822.07
99822.05
99822.02
99822
99821.97
99821.95
99821.92
99821.9
99821.87
99821.85
99821.83
99821.8
99821.78
99821.76
99821.73
99821.71
99821.68
99821.66
99821.64
99821.61
99821.59
99821.57
99821.54
99821.52
99821.5
99821.47
99821.45
99821.43
99821.4
99821.38
99821.36
99821.33
99821.31
99821.29
99821.26
99821.24
99821.22
99821.19
99821.17
99821.15
99821.12
99821.1
99821.08
99821.05
99821.03
99821.01
99820.98
99820.96
99820.94
99820.91
99820.89
99820.87
99820.84
99820.82
99820.8
99820.77
99820.75
99820.73
99820.7
99820.68
99820.66
99820.63
99820.61
99820.59
99820.56
99820.54
99820.52
99820.49
99820.47
99820.44
99820.42
99820.39
99820.37
99820.35
99820.32
99820.3
99820.27
99820.25
99820.22
99820.2
99820.17
99820.15
99820.12
99820.1
99820.07
99820.05
99820.03
99820
99819.98
99704.32
99774.24
99834.92
99827.14
99820.88
99821.72
99822.33
99822.21
99822.12
99822.11
99822.09
99822.07
99822.04
99822.02
99821.99
99821.97
99821.94
99821.92
99821.9
99821.87
99821.85
99821.82
99821.8
99821.78
99821.75
99821.73
99821.71
99821.68
99821.66
99821.64
99821.61
99821.59
99821.57
99821.54
99821.52
99821.5
99821.47
99821.45
99821.43
99821.4
99821.38
99821.36
99821.33
99821.31
99821.29
99821.26
99821.24
99821.22
99821.19
99821.17
99821.15
99821.12
99821.1
99821.08
99821.05
99821.03
99821.01
99820.98
99820.96
99820.94
99820.91
99820.89
99820.87
99820.84
99820.82
99820.8
99820.77
99820.75
99820.73
99820.7
99820.68
99820.66
99820.63
99820.61
99820.59
99820.56
99820.54
99820.52
99820.49
99820.47
99820.44
99820.42
99820.4
99820.37
99820.35
99820.32
99820.3
99820.27
99820.25
99820.23
99820.2
99820.18
99820.15
99820.13
99820.1
99820.08
99820.06
99820.03
99820.01
99819.99
99704.31
99774.23
99834.92
99827.13
99820.88
99821.71
99822.33
99822.21
99822.12
99822.11
99822.09
99822.07
99822.04
99822.02
99821.99
99821.97
99821.94
99821.92
99821.9
99821.87
99821.85
99821.82
99821.8
99821.78
99821.75
99821.73
99821.71
99821.68
99821.66
99821.64
99821.61
99821.59
99821.57
99821.54
99821.52
99821.5
99821.47
99821.45
99821.43
99821.4
99821.38
99821.36
99821.33
99821.31
99821.29
99821.26
99821.24
99821.22
99821.19
99821.17
99821.15
99821.12
99821.1
99821.08
99821.05
99821.03
99821.01
99820.99
99820.96
99820.94
99820.92
99820.89
99820.87
99820.85
99820.82
99820.8
99820.78
99820.75
99820.73
99820.71
99820.68
99820.66
99820.63
99820.61
99820.59
99820.56
99820.54
99820.52
99820.49
99820.47
99820.45
99820.42
99820.4
99820.37
99820.35
99820.33
99820.3
99820.28
99820.25
99820.23
99820.21
99820.18
99820.16
99820.13
99820.11
99820.09
99820.06
99820.04
99820.02
99820
99704.3
99774.23
99834.91
99827.13
99820.87
99821.71
99822.32
99822.21
99822.12
99822.1
99822.09
99822.06
99822.04
99822.01
99821.99
99821.97
99821.94
99821.92
99821.89
99821.87
99821.85
99821.82
99821.8
99821.78
99821.75
99821.73
99821.71
99821.68
99821.66
99821.63
99821.61
99821.59
99821.56
99821.54
99821.52
99821.5
99821.47
99821.45
99821.43
99821.4
99821.38
99821.36
99821.33
99821.31
99821.29
99821.26
99821.24
99821.22
99821.19
99821.17
99821.15
99821.12
99821.1
99821.08
99821.05
99821.03
99821.01
99820.98
99820.96
99820.94
99820.92
99820.89
99820.87
99820.85
99820.82
99820.8
99820.78
99820.75
99820.73
99820.71
99820.68
99820.66
99820.64
99820.61
99820.59
99820.56
99820.54
99820.52
99820.49
99820.47
99820.45
99820.42
99820.4
99820.38
99820.35
99820.33
99820.3
99820.28
99820.26
99820.23
99820.21
99820.18
99820.16
99820.14
99820.11
99820.09
99820.07
99820.05
99820.02
99820
99704.29
99774.22
99834.9
99827.12
99820.87
99821.7
99822.32
99822.2
99822.11
99822.1
99822.08
99822.06
99822.03
99822.01
99821.99
99821.96
99821.94
99821.92
99821.89
99821.87
99821.85
99821.82
99821.8
99821.78
99821.75
99821.73
99821.71
99821.68
99821.66
99821.64
99821.61
99821.59
99821.57
99821.54
99821.52
99821.5
99821.47
99821.45
99821.43
99821.4
99821.38
99821.36
99821.33
99821.31
99821.29
99821.26
99821.24
99821.22
99821.19
99821.17
99821.15
99821.12
99821.1
99821.08
99821.05
99821.03
99821.01
99820.99
99820.96
99820.94
99820.92
99820.89
99820.87
99820.85
99820.82
99820.8
99820.78
99820.75
99820.73
99820.71
99820.68
99820.66
99820.64
99820.61
99820.59
99820.57
99820.54
99820.52
99820.5
99820.47
99820.45
99820.42
99820.4
99820.38
99820.35
99820.33
99820.31
99820.28
99820.26
99820.24
99820.21
99820.19
99820.17
99820.14
99820.12
99820.1
99820.07
99820.05
99820.03
99820.01
99704.29
99774.21
99834.9
99827.12
99820.86
99821.7
99822.32
99822.2
99822.11
99822.1
99822.08
99822.06
99822.03
99822.01
99821.99
99821.96
99821.94
99821.91
99821.89
99821.87
99821.84
99821.82
99821.8
99821.77
99821.75
99821.73
99821.7
99821.68
99821.66
99821.63
99821.61
99821.59
99821.56
99821.54
99821.52
99821.49
99821.47
99821.45
99821.42
99821.4
99821.38
99821.36
99821.33
99821.31
99821.29
99821.26
99821.24
99821.22
99821.19
99821.17
99821.15
99821.12
99821.1
99821.08
99821.05
99821.03
99821.01
99820.98
99820.96
99820.94
99820.92
99820.89
99820.87
99820.85
99820.82
99820.8
99820.78
99820.75
99820.73
99820.71
99820.68
99820.66
99820.64
99820.61
99820.59
99820.57
99820.54
99820.52
99820.5
99820.47
99820.45
99820.43
99820.4
99820.38
99820.36
99820.33
99820.31
99820.28
99820.26
99820.24
99820.21
99820.19
99820.17
99820.15
99820.12
99820.1
99820.08
99820.06
99820.04
99820.02
99704.28
99774.21
99834.89
99827.11
99820.86
99821.69
99822.31
99822.19
99822.11
99822.09
99822.08
99822.05
99822.03
99822.01
99821.98
99821.96
99821.94
99821.91
99821.89
99821.87
99821.84
99821.82
99821.8
99821.77
99821.75
99821.73
99821.7
99821.68
99821.66
99821.63
99821.61
99821.59
99821.56
99821.54
99821.52
99821.49
99821.47
99821.45
99821.43
99821.4
99821.38
99821.36
99821.33
99821.31
99821.29
99821.26
99821.24
99821.22
99821.19
99821.17
99821.15
99821.12
99821.1
99821.08
99821.05
99821.03
99821.01
99820.99
99820.96
99820.94
99820.92
99820.89
99820.87
99820.85
99820.82
99820.8
99820.78
99820.75
99820.73
99820.71
99820.68
99820.66
99820.64
99820.61
99820.59
99820.57
99820.54
99820.52
99820.5
99820.47
99820.45
99820.43
99820.4
99820.38
99820.36
99820.33
99820.31
99820.29
99820.26
99820.24
99820.22
99820.2
99820.17
99820.15
99820.13
99820.11
99820.08
99820.06
99820.04
99820.02
99704.27
99774.2
99834.89
99827.11
99820.85
99821.69
99822.31
99822.19
99822.1
99822.09
99822.07
99822.05
99822.03
99822
99821.98
99821.96
99821.93
99821.91
99821.89
99821.87
99821.84
99821.82
99821.8
99821.77
99821.75
99821.73
99821.7
99821.68
99821.66
99821.63
99821.61
99821.59
99821.56
99821.54
99821.52
99821.49
99821.47
99821.45
99821.42
99821.4
99821.38
99821.36
99821.33
99821.31
99821.29
99821.26
99821.24
99821.22
99821.19
99821.17
99821.15
99821.12
99821.1
99821.08
99821.05
99821.03
99821.01
99820.99
99820.96
99820.94
99820.92
99820.89
99820.87
99820.85
99820.82
99820.8
99820.78
99820.75
99820.73
99820.71
99820.68
99820.66
99820.64
99820.61
99820.59
99820.57
99820.54
99820.52
99820.5
99820.48
99820.45
99820.43
99820.41
99820.38
99820.36
99820.34
99820.31
99820.29
99820.27
99820.24
99820.22
99820.2
99820.18
99820.15
99820.13
99820.11
99820.09
99820.07
99820.05
99820.03
99704.27
99774.19
99834.89
99827.1
99820.85
99821.69
99822.3
99822.19
99822.1
99822.09
99822.07
99822.05
99822.02
99822
99821.98
99821.96
99821.93
99821.91
99821.89
99821.86
99821.84
99821.82
99821.79
99821.77
99821.75
99821.73
99821.7
99821.68
99821.66
99821.63
99821.61
99821.59
99821.56
99821.54
99821.52
99821.49
99821.47
99821.45
99821.42
99821.4
99821.38
99821.36
99821.33
99821.31
99821.29
99821.26
99821.24
99821.22
99821.19
99821.17
99821.15
99821.12
99821.1
99821.08
99821.06
99821.03
99821.01
99820.99
99820.96
99820.94
99820.92
99820.89
99820.87
99820.85
99820.82
99820.8
99820.78
99820.75
99820.73
99820.71
99820.69
99820.66
99820.64
99820.62
99820.59
99820.57
99820.55
99820.52
99820.5
99820.48
99820.45
99820.43
99820.41
99820.38
99820.36
99820.34
99820.32
99820.29
99820.27
99820.25
99820.22
99820.2
99820.18
99820.16
99820.14
99820.11
99820.09
99820.07
99820.05
99820.03
99704.26
99774.19
99834.88
99827.1
99820.85
99821.68
99822.3
99822.18
99822.1
99822.09
99822.07
99822.05
99822.02
99822
99821.98
99821.95
99821.93
99821.91
99821.89
99821.86
99821.84
99821.82
99821.79
99821.77
99821.75
99821.72
99821.7
99821.68
99821.66
99821.63
99821.61
99821.59
99821.56
99821.54
99821.52
99821.49
99821.47
99821.45
99821.42
99821.4
99821.38
99821.35
99821.33
99821.31
99821.29
99821.26
99821.24
99821.22
99821.19
99821.17
99821.15
99821.12
99821.1
99821.08
99821.05
99821.03
99821.01
99820.99
99820.96
99820.94
99820.92
99820.89
99820.87
99820.85
99820.82
99820.8
99820.78
99820.75
99820.73
99820.71
99820.69
99820.66
99820.64
99820.62
99820.59
99820.57
99820.55
99820.52
99820.5
99820.48
99820.45
99820.43
99820.41
99820.39
99820.36
99820.34
99820.32
99820.29
99820.27
99820.25
99820.23
99820.2
99820.18
99820.16
99820.14
99820.12
99820.1
99820.07
99820.05
99820.03
99704.25
99774.18
99834.88
99827.1
99820.84
99821.68
99822.3
99822.18
99822.09
99822.08
99822.07
99822.04
99822.02
99822
99821.98
99821.95
99821.93
99821.91
99821.88
99821.86
99821.84
99821.82
99821.79
99821.77
99821.75
99821.72
99821.7
99821.68
99821.65
99821.63
99821.61
99821.59
99821.56
99821.54
99821.52
99821.49
99821.47
99821.45
99821.42
99821.4
99821.38
99821.35
99821.33
99821.31
99821.29
99821.26
99821.24
99821.22
99821.19
99821.17
99821.15
99821.12
99821.1
99821.08
99821.06
99821.03
99821.01
99820.99
99820.96
99820.94
99820.92
99820.89
99820.87
99820.85
99820.82
99820.8
99820.78
99820.76
99820.73
99820.71
99820.69
99820.66
99820.64
99820.62
99820.59
99820.57
99820.55
99820.52
99820.5
99820.48
99820.46
99820.43
99820.41
99820.39
99820.36
99820.34
99820.32
99820.3
99820.27
99820.25
99820.23
99820.21
99820.19
99820.16
99820.14
99820.12
99820.1
99820.08
99820.06
99820.04
99704.25
99774.18
99834.88
99827.09
99820.84
99821.68
99822.29
99822.18
99822.09
99822.08
99822.06
99822.04
99822.02
99822
99821.97
99821.95
99821.93
99821.91
99821.88
99821.86
99821.84
99821.81
99821.79
99821.77
99821.75
99821.72
99821.7
99821.68
99821.65
99821.63
99821.61
99821.58
99821.56
99821.54
99821.52
99821.49
99821.47
99821.45
99821.42
99821.4
99821.38
99821.35
99821.33
99821.31
99821.29
99821.26
99821.24
99821.22
99821.19
99821.17
99821.15
99821.12
99821.1
99821.08
99821.06
99821.03
99821.01
99820.99
99820.96
99820.94
99820.92
99820.89
99820.87
99820.85
99820.82
99820.8
99820.78
99820.76
99820.73
99820.71
99820.69
99820.66
99820.64
99820.62
99820.59
99820.57
99820.55
99820.53
99820.5
99820.48
99820.46
99820.43
99820.41
99820.39
99820.37
99820.34
99820.32
99820.3
99820.28
99820.25
99820.23
99820.21
99820.19
99820.17
99820.14
99820.12
99820.1
99820.08
99820.06
99820.04
99704.24
99774.18
99834.87
99827.09
99820.84
99821.67
99822.29
99822.18
99822.09
99822.08
99822.06
99822.04
99822.02
99821.99
99821.97
99821.95
99821.93
99821.9
99821.88
99821.86
99821.84
99821.81
99821.79
99821.77
99821.74
99821.72
99821.7
99821.68
99821.65
99821.63
99821.61
99821.58
99821.56
99821.54
99821.52
99821.49
99821.47
99821.45
99821.42
99821.4
99821.38
99821.35
99821.33
99821.31
99821.29
99821.26
99821.24
99821.22
99821.19
99821.17
99821.15
99821.12
99821.1
99821.08
99821.06
99821.03
99821.01
99820.99
99820.96
99820.94
99820.92
99820.89
99820.87
99820.85
99820.83
99820.8
99820.78
99820.76
99820.73
99820.71
99820.69
99820.66
99820.64
99820.62
99820.6
99820.57
99820.55
99820.53
99820.5
99820.48
99820.46
99820.44
99820.41
99820.39
99820.37
99820.35
99820.32
99820.3
99820.28
99820.26
99820.23
99820.21
99820.19
99820.17
99820.15
99820.13
99820.11
99820.08
99820.06
99820.04
99704.24
99774.17
99834.87
99827.09
99820.84
99821.67
99822.29
99822.17
99822.09
99822.08
99822.06
99822.04
99822.01
99821.99
99821.97
99821.95
99821.93
99821.9
99821.88
99821.86
99821.84
99821.81
99821.79
99821.77
99821.74
99821.72
99821.7
99821.68
99821.65
99821.63
99821.61
99821.58
99821.56
99821.54
99821.52
99821.49
99821.47
99821.45
99821.42
99821.4
99821.38
99821.35
99821.33
99821.31
99821.29
99821.26
99821.24
99821.22
99821.19
99821.17
99821.15
99821.12
99821.1
99821.08
99821.06
99821.03
99821.01
99820.99
99820.96
99820.94
99820.92
99820.89
99820.87
99820.85
99820.83
99820.8
99820.78
99820.76
99820.73
99820.71
99820.69
99820.66
99820.64
99820.62
99820.6
99820.57
99820.55
99820.53
99820.5
99820.48
99820.46
99820.44
99820.41
99820.39
99820.37
99820.35
99820.32
99820.3
99820.28
99820.26
99820.24
99820.21
99820.19
99820.17
99820.15
99820.13
99820.11
99820.09
99820.07
99820.05
99704.24
99774.17
99834.87
99827.08
99820.83
99821.67
99822.29
99822.17
99822.08
99822.07
99822.06
99822.04
99822.01
99821.99
99821.97
99821.95
99821.92
99821.9
99821.88
99821.86
99821.83
99821.81
99821.79
99821.77
99821.74
99821.72
99821.7
99821.67
99821.65
99821.63
99821.61
99821.58
99821.56
99821.54
99821.51
99821.49
99821.47
99821.45
99821.42
99821.4
99821.38
99821.35
99821.33
99821.31
99821.29
99821.26
99821.24
99821.22
99821.19
99821.17
99821.15
99821.12
99821.1
99821.08
99821.06
99821.03
99821.01
99820.99
99820.96
99820.94
99820.92
99820.89
99820.87
99820.85
99820.83
99820.8
99820.78
99820.76
99820.73
99820.71
99820.69
99820.67
99820.64
99820.62
99820.6
99820.57
99820.55
99820.53
99820.51
99820.48
99820.46
99820.44
99820.42
99820.39
99820.37
99820.35
99820.33
99820.3
99820.28
99820.26
99820.24
99820.22
99820.2
99820.17
99820.15
99820.13
99820.11
99820.09
99820.07
99820.05
99704.23
99774.17
99834.86
99827.08
99820.83
99821.67
99822.29
99822.17
99822.08
99822.07
99822.06
99822.03
99822.01
99821.99
99821.97
99821.94
99821.92
99821.9
99821.88
99821.86
99821.83
99821.81
99821.79
99821.77
99821.74
99821.72
99821.7
99821.67
99821.65
99821.63
99821.61
99821.58
99821.56
99821.54
99821.51
99821.49
99821.47
99821.45
99821.42
99821.4
99821.38
99821.35
99821.33
99821.31
99821.29
99821.26
99821.24
99821.22
99821.19
99821.17
99821.15
99821.12
99821.1
99821.08
99821.06
99821.03
99821.01
99820.99
99820.96
99820.94
99820.92
99820.89
99820.87
99820.85
99820.83
99820.8
99820.78
99820.76
99820.73
99820.71
99820.69
99820.67
99820.64
99820.62
99820.6
99820.57
99820.55
99820.53
99820.51
99820.48
99820.46
99820.44
99820.42
99820.39
99820.37
99820.35
99820.33
99820.31
99820.28
99820.26
99820.24
99820.22
99820.2
99820.18
99820.15
99820.13
99820.11
99820.09
99820.07
99820.05
99704.23
99774.16
99834.86
99827.08
99820.83
99821.67
99822.28
99822.17
99822.08
99822.07
99822.05
99822.03
99822.01
99821.99
99821.97
99821.94
99821.92
99821.9
99821.88
99821.85
99821.83
99821.81
99821.79
99821.76
99821.74
99821.72
99821.7
99821.67
99821.65
99821.63
99821.61
99821.58
99821.56
99821.54
99821.51
99821.49
99821.47
99821.45
99821.42
99821.4
99821.38
99821.35
99821.33
99821.31
99821.29
99821.26
99821.24
99821.22
99821.19
99821.17
99821.15
99821.12
99821.1
99821.08
99821.06
99821.03
99821.01
99820.99
99820.96
99820.94
99820.92
99820.9
99820.87
99820.85
99820.83
99820.8
99820.78
99820.76
99820.74
99820.71
99820.69
99820.67
99820.64
99820.62
99820.6
99820.58
99820.55
99820.53
99820.51
99820.49
99820.46
99820.44
99820.42
99820.4
99820.37
99820.35
99820.33
99820.31
99820.29
99820.26
99820.24
99820.22
99820.2
99820.18
99820.16
99820.14
99820.12
99820.09
99820.07
99820.05
99704.23
99774.16
99834.86
99827.08
99820.83
99821.66
99822.28
99822.17
99822.08
99822.07
99822.05
99822.03
99822.01
99821.99
99821.96
99821.94
99821.92
99821.9
99821.88
99821.85
99821.83
99821.81
99821.79
99821.76
99821.74
99821.72
99821.7
99821.67
99821.65
99821.63
99821.61
99821.58
99821.56
99821.54
99821.51
99821.49
99821.47
99821.45
99821.42
99821.4
99821.38
99821.35
99821.33
99821.31
99821.28
99821.26
99821.24
99821.22
99821.19
99821.17
99821.15
99821.12
99821.1
99821.08
99821.06
99821.03
99821.01
99820.99
99820.96
99820.94
99820.92
99820.9
99820.87
99820.85
99820.83
99820.8
99820.78
99820.76
99820.74
99820.71
99820.69
99820.67
99820.64
99820.62
99820.6
99820.58
99820.55
99820.53
99820.51
99820.49
99820.46
99820.44
99820.42
99820.4
99820.37
99820.35
99820.33
99820.31
99820.29
99820.27
99820.24
99820.22
99820.2
99820.18
99820.16
99820.14
99820.12
99820.1
99820.08
99820.06
99704.22
99774.16
99834.86
99827.08
99820.82
99821.66
99822.28
99822.16
99822.08
99822.07
99822.05
99822.03
99822.01
99821.98
99821.96
99821.94
99821.92
99821.9
99821.87
99821.85
99821.83
99821.81
99821.79
99821.76
99821.74
99821.72
99821.7
99821.67
99821.65
99821.63
99821.6
99821.58
99821.56
99821.54
99821.51
99821.49
99821.47
99821.45
99821.42
99821.4
99821.38
99821.35
99821.33
99821.31
99821.28
99821.26
99821.24
99821.22
99821.19
99821.17
99821.15
99821.12
99821.1
99821.08
99821.06
99821.03
99821.01
99820.99
99820.96
99820.94
99820.92
99820.9
99820.87
99820.85
99820.83
99820.8
99820.78
99820.76
99820.74
99820.71
99820.69
99820.67
99820.64
99820.62
99820.6
99820.58
99820.55
99820.53
99820.51
99820.49
99820.46
99820.44
99820.42
99820.4
99820.38
99820.35
99820.33
99820.31
99820.29
99820.27
99820.25
99820.22
99820.2
99820.18
99820.16
99820.14
99820.12
99820.1
99820.08
99820.06
99704.22
99774.15
99834.86
99827.07
99820.82
99821.66
99822.28
99822.16
99822.08
99822.06
99822.05
99822.03
99822.01
99821.98
99821.96
99821.94
99821.92
99821.9
99821.87
99821.85
99821.83
99821.81
99821.78
99821.76
99821.74
99821.72
99821.69
99821.67
99821.65
99821.63
99821.6
99821.58
99821.56
99821.54
99821.51
99821.49
99821.47
99821.44
99821.42
99821.4
99821.38
99821.35
99821.33
99821.31
99821.28
99821.26
99821.24
99821.22
99821.19
99821.17
99821.15
99821.12
99821.1
99821.08
99821.06
99821.03
99821.01
99820.99
99820.96
99820.94
99820.92
99820.9
99820.87
99820.85
99820.83
99820.8
99820.78
99820.76
99820.74
99820.71
99820.69
99820.67
99820.65
99820.62
99820.6
99820.58
99820.56
99820.53
99820.51
99820.49
99820.47
99820.44
99820.42
99820.4
99820.38
99820.36
99820.33
99820.31
99820.29
99820.27
99820.25
99820.23
99820.2
99820.18
99820.16
99820.14
99820.12
99820.1
99820.08
99820.06
99704.22
99774.15
99834.86
99827.07
99820.82
99821.66
99822.28
99822.16
99822.07
99822.06
99822.05
99822.03
99822
99821.98
99821.96
99821.94
99821.92
99821.9
99821.87
99821.85
99821.83
99821.81
99821.78
99821.76
99821.74
99821.72
99821.69
99821.67
99821.65
99821.63
99821.6
99821.58
99821.56
99821.54
99821.51
99821.49
99821.47
99821.44
99821.42
99821.4
99821.38
99821.35
99821.33
99821.31
99821.28
99821.26
99821.24
99821.22
99821.19
99821.17
99821.15
99821.12
99821.1
99821.08
99821.06
99821.03
99821.01
99820.99
99820.96
99820.94
99820.92
99820.9
99820.87
99820.85
99820.83
99820.8
99820.78
99820.76
99820.74
99820.71
99820.69
99820.67
99820.65
99820.62
99820.6
99820.58
99820.56
99820.53
99820.51
99820.49
99820.47
99820.44
99820.42
99820.4
99820.38
99820.36
99820.33
99820.31
99820.29
99820.27
99820.25
99820.23
99820.21
99820.18
99820.16
99820.14
99820.12
99820.1
99820.08
99820.06
99704.22
99774.15
99834.85
99827.07
99820.82
99821.66
99822.28
99822.16
99822.07
99822.06
99822.05
99822.03
99822
99821.98
99821.96
99821.94
99821.92
99821.89
99821.87
99821.85
99821.83
99821.81
99821.78
99821.76
99821.74
99821.72
99821.69
99821.67
99821.65
99821.63
99821.6
99821.58
99821.56
99821.54
99821.51
99821.49
99821.47
99821.44
99821.42
99821.4
99821.38
99821.35
99821.33
99821.31
99821.28
99821.26
99821.24
99821.22
99821.19
99821.17
99821.15
99821.12
99821.1
99821.08
99821.06
99821.03
99821.01
99820.99
99820.96
99820.94
99820.92
99820.9
99820.87
99820.85
99820.83
99820.8
99820.78
99820.76
99820.74
99820.71
99820.69
99820.67
99820.65
99820.62
99820.6
99820.58
99820.56
99820.53
99820.51
99820.49
99820.47
99820.44
99820.42
99820.4
99820.38
99820.36
99820.34
99820.31
99820.29
99820.27
99820.25
99820.23
99820.21
99820.19
99820.17
99820.14
99820.12
99820.1
99820.08
99820.06
99704.21
99774.15
99834.85
99827.07
99820.82
99821.66
99822.27
99822.16
99822.07
99822.06
99822.05
99822.02
99822
99821.98
99821.96
99821.94
99821.92
99821.89
99821.87
99821.85
99821.83
99821.81
99821.78
99821.76
99821.74
99821.72
99821.69
99821.67
99821.65
99821.63
99821.6
99821.58
99821.56
99821.54
99821.51
99821.49
99821.47
99821.44
99821.42
99821.4
99821.38
99821.35
99821.33
99821.31
99821.28
99821.26
99821.24
99821.22
99821.19
99821.17
99821.15
99821.12
99821.1
99821.08
99821.06
99821.03
99821.01
99820.99
99820.96
99820.94
99820.92
99820.9
99820.87
99820.85
99820.83
99820.81
99820.78
99820.76
99820.74
99820.71
99820.69
99820.67
99820.65
99820.62
99820.6
99820.58
99820.56
99820.53
99820.51
99820.49
99820.47
99820.45
99820.42
99820.4
99820.38
99820.36
99820.34
99820.31
99820.29
99820.27
99820.25
99820.23
99820.21
99820.19
99820.17
99820.15
99820.13
99820.1
99820.08
99820.06
99704.21
99774.15
99834.85
99827.07
99820.82
99821.65
99822.27
99822.16
99822.07
99822.06
99822.05
99822.02
99822
99821.98
99821.96
99821.94
99821.91
99821.89
99821.87
99821.85
99821.83
99821.8
99821.78
99821.76
99821.74
99821.72
99821.69
99821.67
99821.65
99821.63
99821.6
99821.58
99821.56
99821.53
99821.51
99821.49
99821.47
99821.44
99821.42
99821.4
99821.38
99821.35
99821.33
99821.31
99821.28
99821.26
99821.24
99821.22
99821.19
99821.17
99821.15
99821.12
99821.1
99821.08
99821.06
99821.03
99821.01
99820.99
99820.96
99820.94
99820.92
99820.9
99820.87
99820.85
99820.83
99820.81
99820.78
99820.76
99820.74
99820.71
99820.69
99820.67
99820.65
99820.62
99820.6
99820.58
99820.56
99820.54
99820.51
99820.49
99820.47
99820.45
99820.42
99820.4
99820.38
99820.36
99820.34
99820.32
99820.29
99820.27
99820.25
99820.23
99820.21
99820.19
99820.17
99820.15
99820.13
99820.11
99820.09
99820.07
99704.21
99774.15
99834.85
99827.07
99820.82
99821.65
99822.27
99822.16
99822.07
99822.06
99822.05
99822.02
99822
99821.98
99821.96
99821.94
99821.91
99821.89
99821.87
99821.85
99821.83
99821.8
99821.78
99821.76
99821.74
99821.72
99821.69
99821.67
99821.65
99821.63
99821.6
99821.58
99821.56
99821.53
99821.51
99821.49
99821.47
99821.44
99821.42
99821.4
99821.38
99821.35
99821.33
99821.31
99821.28
99821.26
99821.24
99821.22
99821.19
99821.17
99821.15
99821.12
99821.1
99821.08
99821.06
99821.03
99821.01
99820.99
99820.96
99820.94
99820.92
99820.9
99820.87
99820.85
99820.83
99820.81
99820.78
99820.76
99820.74
99820.71
99820.69
99820.67
99820.65
99820.62
99820.6
99820.58
99820.56
99820.54
99820.51
99820.49
99820.47
99820.45
99820.42
99820.4
99820.38
99820.36
99820.34
99820.32
99820.29
99820.27
99820.25
99820.23
99820.21
99820.19
99820.17
99820.15
99820.13
99820.11
99820.09
99820.07
99704.21
99774.14
99834.85
99827.07
99820.82
99821.65
99822.27
99822.16
99822.07
99822.06
99822.04
99822.02
99822
99821.98
99821.96
99821.94
99821.91
99821.89
99821.87
99821.85
99821.83
99821.8
99821.78
99821.76
99821.74
99821.71
99821.69
99821.67
99821.65
99821.62
99821.6
99821.58
99821.56
99821.53
99821.51
99821.49
99821.47
99821.44
99821.42
99821.4
99821.38
99821.35
99821.33
99821.31
99821.28
99821.26
99821.24
99821.22
99821.19
99821.17
99821.15
99821.12
99821.1
99821.08
99821.06
99821.03
99821.01
99820.99
99820.96
99820.94
99820.92
99820.9
99820.87
99820.85
99820.83
99820.81
99820.78
99820.76
99820.74
99820.72
99820.69
99820.67
99820.65
99820.63
99820.6
99820.58
99820.56
99820.54
99820.51
99820.49
99820.47
99820.45
99820.43
99820.4
99820.38
99820.36
99820.34
99820.32
99820.3
99820.27
99820.25
99820.23
99820.21
99820.19
99820.17
99820.15
99820.13
99820.11
99820.09
99820.07
99704.21
99774.14
99834.85
99827.07
99820.82
99821.65
99822.27
99822.16
99822.07
99822.06
99822.04
99822.02
99822
99821.98
99821.96
99821.93
99821.91
99821.89
99821.87
99821.85
99821.83
99821.8
99821.78
99821.76
99821.74
99821.71
99821.69
99821.67
99821.65
99821.62
99821.6
99821.58
99821.56
99821.53
99821.51
99821.49
99821.47
99821.44
99821.42
99821.4
99821.38
99821.35
99821.33
99821.31
99821.28
99821.26
99821.24
99821.22
99821.19
99821.17
99821.15
99821.12
99821.1
99821.08
99821.06
99821.03
99821.01
99820.99
99820.96
99820.94
99820.92
99820.9
99820.87
99820.85
99820.83
99820.81
99820.78
99820.76
99820.74
99820.72
99820.69
99820.67
99820.65
99820.63
99820.6
99820.58
99820.56
99820.54
99820.51
99820.49
99820.47
99820.45
99820.43
99820.4
99820.38
99820.36
99820.34
99820.32
99820.3
99820.27
99820.25
99820.23
99820.21
99820.19
99820.17
99820.15
99820.13
99820.11
99820.09
99820.07
99704.2
99774.14
99834.85
99827.07
99820.81
99821.65
99822.27
99822.16
99822.07
99822.06
99822.04
99822.02
99822
99821.98
99821.96
99821.93
99821.91
99821.89
99821.87
99821.85
99821.83
99821.8
99821.78
99821.76
99821.74
99821.71
99821.69
99821.67
99821.65
99821.62
99821.6
99821.58
99821.56
99821.53
99821.51
99821.49
99821.47
99821.44
99821.42
99821.4
99821.38
99821.35
99821.33
99821.31
99821.28
99821.26
99821.24
99821.22
99821.19
99821.17
99821.15
99821.12
99821.1
99821.08
99821.06
99821.03
99821.01
99820.99
99820.97
99820.94
99820.92
99820.9
99820.87
99820.85
99820.83
99820.81
99820.78
99820.76
99820.74
99820.72
99820.69
99820.67
99820.65
99820.63
99820.6
99820.58
99820.56
99820.54
99820.51
99820.49
99820.47
99820.45
99820.43
99820.4
99820.38
99820.36
99820.34
99820.32
99820.3
99820.28
99820.25
99820.23
99820.21
99820.19
99820.17
99820.15
99820.13
99820.11
99820.09
99820.07
99704.2
99774.14
99834.85
99827.07
99820.81
99821.65
99822.27
99822.15
99822.07
99822.06
99822.04
99822.02
99822
99821.98
99821.96
99821.93
99821.91
99821.89
99821.87
99821.85
99821.82
99821.8
99821.78
99821.76
99821.74
99821.71
99821.69
99821.67
99821.65
99821.62
99821.6
99821.58
99821.56
99821.53
99821.51
99821.49
99821.47
99821.44
99821.42
99821.4
99821.38
99821.35
99821.33
99821.31
99821.28
99821.26
99821.24
99821.22
99821.19
99821.17
99821.15
99821.12
99821.1
99821.08
99821.06
99821.03
99821.01
99820.99
99820.97
99820.94
99820.92
99820.9
99820.87
99820.85
99820.83
99820.81
99820.78
99820.76
99820.74
99820.72
99820.69
99820.67
99820.65
99820.63
99820.6
99820.58
99820.56
99820.54
99820.51
99820.49
99820.47
99820.45
99820.43
99820.4
99820.38
99820.36
99820.34
99820.32
99820.3
99820.28
99820.25
99820.23
99820.21
99820.19
99820.17
99820.15
99820.13
99820.11
99820.09
99820.07
99704.2
99774.14
99834.85
99827.07
99820.81
99821.65
99822.27
99822.15
99822.07
99822.06
99822.04
99822.02
99822
99821.98
99821.96
99821.93
99821.91
99821.89
99821.87
99821.85
99821.82
99821.8
99821.78
99821.76
99821.74
99821.71
99821.69
99821.67
99821.65
99821.62
99821.6
99821.58
99821.56
99821.53
99821.51
99821.49
99821.47
99821.44
99821.42
99821.4
99821.38
99821.35
99821.33
99821.31
99821.28
99821.26
99821.24
99821.22
99821.19
99821.17
99821.15
99821.12
99821.1
99821.08
99821.06
99821.03
99821.01
99820.99
99820.97
99820.94
99820.92
99820.9
99820.87
99820.85
99820.83
99820.81
99820.78
99820.76
99820.74
99820.72
99820.69
99820.67
99820.65
99820.63
99820.6
99820.58
99820.56
99820.54
99820.51
99820.49
99820.47
99820.45
99820.43
99820.41
99820.38
99820.36
99820.34
99820.32
99820.3
99820.28
99820.25
99820.23
99820.21
99820.19
99820.17
99820.15
99820.13
99820.11
99820.09
99820.07
99704.19
99774.15
99834.85
99827.07
99820.81
99821.65
99822.27
99822.15
99822.07
99822.06
99822.04
99822.02
99822
99821.98
99821.96
99821.93
99821.91
99821.89
99821.87
99821.85
99821.82
99821.8
99821.78
99821.76
99821.74
99821.71
99821.69
99821.67
99821.65
99821.62
99821.6
99821.58
99821.56
99821.53
99821.51
99821.49
99821.47
99821.44
99821.42
99821.4
99821.38
99821.35
99821.33
99821.31
99821.28
99821.26
99821.24
99821.22
99821.19
99821.17
99821.15
99821.12
99821.1
99821.08
99821.06
99821.03
99821.01
99820.99
99820.97
99820.94
99820.92
99820.9
99820.87
99820.85
99820.83
99820.81
99820.78
99820.76
99820.74
99820.72
99820.69
99820.67
99820.65
99820.63
99820.6
99820.58
99820.56
99820.54
99820.51
99820.49
99820.47
99820.45
99820.43
99820.41
99820.38
99820.36
99820.34
99820.32
99820.3
99820.28
99820.26
99820.23
99820.21
99820.19
99820.17
99820.15
99820.13
99820.11
99820.09
99820.07
99704.17
99774.16
99834.86
99827.07
99820.81
99821.65
99822.27
99822.15
99822.07
99822.06
99822.04
99822.02
99822
99821.98
99821.96
99821.93
99821.91
99821.89
99821.87
99821.85
99821.82
99821.8
99821.78
99821.76
99821.74
99821.71
99821.69
99821.67
99821.65
99821.62
99821.6
99821.58
99821.56
99821.53
99821.51
99821.49
99821.47
99821.44
99821.42
99821.4
99821.38
99821.35
99821.33
99821.31
99821.28
99821.26
99821.24
99821.22
99821.19
99821.17
99821.15
99821.12
99821.1
99821.08
99821.06
99821.03
99821.01
99820.99
99820.97
99820.94
99820.92
99820.9
99820.87
99820.85
99820.83
99820.81
99820.78
99820.76
99820.74
99820.72
99820.69
99820.67
99820.65
99820.63
99820.6
99820.58
99820.56
99820.54
99820.51
99820.49
99820.47
99820.45
99820.43
99820.41
99820.38
99820.36
99820.34
99820.32
99820.3
99820.28
99820.26
99820.23
99820.21
99820.19
99820.17
99820.15
99820.13
99820.11
99820.09
99820.07
)
;

boundaryField
{
    topAir_top
    {
        type            symmetryPlane;
    }
    leftLet
    {
        type            fixedValue;
        value           uniform 100000;
    }
    rightLet
    {
        type            fixedFluxPressure;
        gradient        nonuniform List<scalar> 
40
(
-6.845081
-3.981222
-3.320906
-2.778743
-2.548332
-2.384435
-2.290414
-2.22264
-2.177196
-2.143002
-2.118132
-2.098503
-2.08361
-2.071311
-2.061763
-2.05357
-2.047112
-2.04141
-2.036848
-2.032756
-2.029419
-2.026418
-2.023907
-2.021675
-2.019746
-2.018072
-2.016573
-2.015314
-2.014146
-2.013203
-2.012299
-2.011603
-2.010921
-2.010424
-2.009935
-2.009607
-2.009289
-2.009132
-2.008947
-2.009267
)
;
        value           nonuniform List<scalar> 
40
(
99819.79
99819.85
99819.88
99819.91
99819.92
99819.94
99819.95
99819.96
99819.97
99819.98
99819.99
99819.99
99820
99820.01
99820.01
99820.01
99820.02
99820.02
99820.03
99820.03
99820.03
99820.04
99820.04
99820.04
99820.04
99820.05
99820.05
99820.05
99820.05
99820.05
99820.05
99820.06
99820.06
99820.06
99820.06
99820.06
99820.06
99820.06
99820.06
99820.06
)
;
    }
    frontAndBack
    {
        type            empty;
    }
    topAir_to_wall
    {
        type            fixedFluxPressure;
        gradient        uniform 0;
        value           nonuniform List<scalar> 
100
(
99704.66
99774.43
99834.98
99827.19
99820.94
99821.77
99822.37
99822.25
99822.15
99822.13
99822.11
99822.09
99822.06
99822.03
99822.01
99821.98
99821.95
99821.93
99821.9
99821.88
99821.86
99821.83
99821.81
99821.78
99821.76
99821.73
99821.71
99821.69
99821.66
99821.64
99821.61
99821.59
99821.57
99821.54
99821.52
99821.5
99821.47
99821.45
99821.43
99821.4
99821.38
99821.36
99821.33
99821.31
99821.29
99821.26
99821.24
99821.22
99821.19
99821.17
99821.15
99821.12
99821.1
99821.08
99821.05
99821.03
99821.01
99820.98
99820.96
99820.94
99820.91
99820.89
99820.87
99820.84
99820.82
99820.8
99820.77
99820.75
99820.73
99820.7
99820.68
99820.66
99820.63
99820.61
99820.58
99820.56
99820.54
99820.51
99820.49
99820.46
99820.44
99820.41
99820.39
99820.36
99820.34
99820.31
99820.29
99820.26
99820.23
99820.21
99820.18
99820.15
99820.12
99820.09
99820.06
99820.02
99819.99
99819.94
99819.89
99819.83
)
;
    }
}


// ************************************************************************* //
