/*--------------------------------*- C++ -*----------------------------------*\
| =========                 |                                                 |
| \\      /  F ield         | OpenFOAM: The Open Source CFD Toolbox           |
|  \\    /   O peration     | Version:  2.3.0                                 |
|   \\  /    A nd           | Web:      www.OpenFOAM.org                      |
|    \\/     M anipulation  |                                                 |
\*---------------------------------------------------------------------------*/
FoamFile
{
    version     2.0;
    format      ascii;
    class       volScalarField;
    location    "9900/topAir";
    object      T;
}
// * * * * * * * * * * * * * * * * * * * * * * * * * * * * * * * * * * * * * //

dimensions      [0 0 0 1 0 0 0];

internalField   nonuniform List<scalar> 
4000
(
299.9719
300.1813
300.3417
300.4729
300.6076
300.7454
300.8827
301.0197
301.1569
301.294
301.4312
301.5684
301.7056
301.8428
301.98
302.1172
302.2545
302.3918
302.5291
302.6664
302.8037
302.941
303.0784
303.2157
303.3531
303.4905
303.6279
303.7653
303.9027
304.0401
304.1775
304.315
304.4524
304.5899
304.7273
304.8648
305.0023
305.1398
305.2773
305.4148
305.5523
305.6898
305.8273
305.9649
306.1024
306.2399
306.3775
306.515
306.6526
306.7901
306.9277
307.0653
307.2029
307.3404
307.478
307.6156
307.7532
307.8908
308.0285
308.1661
308.3037
308.4413
308.579
308.7166
308.8543
308.9919
309.1296
309.2672
309.4049
309.5426
309.6803
309.818
309.9557
310.0934
310.2311
310.3689
310.5066
310.6444
310.7821
310.9199
311.0577
311.1955
311.3333
311.4711
311.6089
311.7467
311.8846
312.0224
312.1603
312.2982
312.4361
312.574
312.7119
312.8499
312.9878
313.1258
313.2637
313.4017
313.5396
313.6775
299.8349
299.9076
299.9313
299.9258
299.9241
299.9254
299.9264
299.9272
299.9282
299.9293
299.9306
299.932
299.9335
299.9351
299.9368
299.9386
299.9406
299.9427
299.9448
299.9471
299.9496
299.9521
299.9547
299.9575
299.9604
299.9634
299.9665
299.9697
299.973
299.9764
299.98
299.9836
299.9874
299.9913
299.9953
299.9994
300.0036
300.0079
300.0123
300.0169
300.0215
300.0263
300.0311
300.0361
300.0412
300.0464
300.0517
300.0571
300.0626
300.0682
300.0739
300.0797
300.0857
300.0917
300.0978
300.1041
300.1104
300.1169
300.1234
300.1301
300.1368
300.1437
300.1507
300.1577
300.1649
300.1721
300.1795
300.187
300.1945
300.2022
300.21
300.2178
300.2258
300.2338
300.242
300.2502
300.2585
300.2669
300.2755
300.2841
300.2928
300.3015
300.3104
300.3193
300.3284
300.3375
300.3466
300.3559
300.3652
300.3745
300.3839
300.3933
300.4028
300.4122
300.4215
300.4307
300.4396
300.4479
300.4553
300.4601
299.8348
299.9073
299.9307
299.9248
299.9225
299.9231
299.9233
299.9233
299.9232
299.9233
299.9233
299.9233
299.9233
299.9233
299.9233
299.9233
299.9233
299.9233
299.9233
299.9234
299.9234
299.9234
299.9234
299.9235
299.9235
299.9235
299.9236
299.9236
299.9236
299.9237
299.9237
299.9238
299.9238
299.9239
299.9239
299.924
299.9241
299.9241
299.9242
299.9243
299.9244
299.9245
299.9246
299.9247
299.9248
299.9249
299.925
299.9251
299.9252
299.9253
299.9254
299.9256
299.9257
299.9258
299.926
299.9261
299.9263
299.9265
299.9266
299.9268
299.927
299.9272
299.9273
299.9275
299.9277
299.9279
299.9282
299.9284
299.9286
299.9288
299.9291
299.9293
299.9296
299.9298
299.9301
299.9303
299.9306
299.9309
299.9312
299.9315
299.9318
299.9321
299.9324
299.9327
299.933
299.9333
299.9337
299.934
299.9343
299.9347
299.935
299.9354
299.9357
299.9361
299.9364
299.9367
299.9371
299.9373
299.9376
299.9378
299.8348
299.9072
299.9307
299.9248
299.9225
299.9231
299.9233
299.9233
299.9232
299.9232
299.9232
299.9232
299.9232
299.9232
299.9232
299.9232
299.9232
299.9232
299.9232
299.9232
299.9232
299.9232
299.9232
299.9232
299.9232
299.9232
299.9232
299.9232
299.9232
299.9232
299.9232
299.9232
299.9232
299.9232
299.9232
299.9232
299.9232
299.9232
299.9232
299.9232
299.9232
299.9232
299.9232
299.9232
299.9232
299.9232
299.9232
299.9232
299.9232
299.9232
299.9232
299.9232
299.9232
299.9233
299.9233
299.9233
299.9233
299.9233
299.9233
299.9233
299.9233
299.9233
299.9233
299.9233
299.9233
299.9233
299.9233
299.9233
299.9233
299.9233
299.9233
299.9233
299.9233
299.9233
299.9233
299.9233
299.9233
299.9233
299.9234
299.9234
299.9234
299.9234
299.9234
299.9234
299.9234
299.9234
299.9234
299.9234
299.9234
299.9234
299.9234
299.9234
299.9234
299.9234
299.9234
299.9234
299.9234
299.9234
299.9234
299.9234
299.8348
299.9072
299.9307
299.9248
299.9225
299.9231
299.9233
299.9233
299.9232
299.9232
299.9232
299.9232
299.9232
299.9232
299.9232
299.9232
299.9232
299.9232
299.9232
299.9232
299.9232
299.9232
299.9232
299.9232
299.9232
299.9232
299.9232
299.9232
299.9232
299.9232
299.9232
299.9232
299.9232
299.9232
299.9232
299.9232
299.9232
299.9232
299.9232
299.9232
299.9232
299.9232
299.9232
299.9232
299.9232
299.9232
299.9232
299.9232
299.9232
299.9232
299.9232
299.9232
299.9232
299.9232
299.9232
299.9232
299.9232
299.9232
299.9232
299.9232
299.9232
299.9232
299.9232
299.9232
299.9232
299.9232
299.9232
299.9232
299.9232
299.9232
299.9232
299.9232
299.9232
299.9232
299.9232
299.9232
299.9232
299.9232
299.9232
299.9232
299.9232
299.9232
299.9232
299.9232
299.9232
299.9232
299.9232
299.9232
299.9232
299.9232
299.9232
299.9232
299.9232
299.9232
299.9232
299.9232
299.9232
299.9232
299.9232
299.9232
299.8348
299.9072
299.9306
299.9248
299.9225
299.9231
299.9233
299.9233
299.9232
299.9232
299.9232
299.9232
299.9232
299.9232
299.9232
299.9232
299.9232
299.9232
299.9232
299.9232
299.9232
299.9232
299.9232
299.9232
299.9232
299.9232
299.9232
299.9232
299.9232
299.9232
299.9232
299.9232
299.9232
299.9232
299.9232
299.9232
299.9232
299.9232
299.9232
299.9232
299.9232
299.9232
299.9232
299.9232
299.9232
299.9232
299.9232
299.9232
299.9232
299.9232
299.9232
299.9232
299.9232
299.9232
299.9232
299.9232
299.9232
299.9232
299.9232
299.9232
299.9232
299.9232
299.9232
299.9232
299.9232
299.9232
299.9232
299.9232
299.9232
299.9232
299.9232
299.9232
299.9232
299.9232
299.9232
299.9232
299.9232
299.9232
299.9232
299.9232
299.9232
299.9232
299.9232
299.9232
299.9232
299.9232
299.9232
299.9232
299.9232
299.9232
299.9232
299.9232
299.9232
299.9232
299.9232
299.9232
299.9232
299.9232
299.9232
299.9232
299.8348
299.9072
299.9307
299.9248
299.9225
299.9231
299.9233
299.9233
299.9232
299.9233
299.9233
299.9233
299.9232
299.9232
299.9232
299.9232
299.9232
299.9232
299.9232
299.9232
299.9232
299.9232
299.9232
299.9232
299.9232
299.9232
299.9232
299.9232
299.9232
299.9232
299.9232
299.9232
299.9232
299.9232
299.9232
299.9232
299.9232
299.9232
299.9232
299.9232
299.9232
299.9232
299.9232
299.9232
299.9232
299.9232
299.9232
299.9232
299.9232
299.9232
299.9232
299.9232
299.9232
299.9232
299.9232
299.9232
299.9232
299.9232
299.9232
299.9232
299.9232
299.9232
299.9232
299.9232
299.9232
299.9232
299.9232
299.9232
299.9232
299.9232
299.9232
299.9232
299.9232
299.9232
299.9232
299.9232
299.9232
299.9232
299.9232
299.9232
299.9232
299.9232
299.9232
299.9232
299.9232
299.9232
299.9232
299.9232
299.9232
299.9232
299.9232
299.9232
299.9232
299.9232
299.9232
299.9232
299.9232
299.9232
299.9232
299.9232
299.8347
299.9072
299.9306
299.9248
299.9225
299.9231
299.9233
299.9233
299.9232
299.9233
299.9233
299.9233
299.9232
299.9232
299.9232
299.9232
299.9232
299.9232
299.9232
299.9232
299.9232
299.9232
299.9232
299.9232
299.9232
299.9232
299.9232
299.9232
299.9232
299.9232
299.9232
299.9232
299.9232
299.9232
299.9232
299.9232
299.9232
299.9232
299.9232
299.9232
299.9232
299.9232
299.9232
299.9232
299.9232
299.9232
299.9232
299.9232
299.9232
299.9232
299.9232
299.9232
299.9232
299.9232
299.9232
299.9232
299.9232
299.9232
299.9232
299.9232
299.9232
299.9232
299.9232
299.9232
299.9232
299.9232
299.9232
299.9232
299.9232
299.9232
299.9232
299.9232
299.9232
299.9232
299.9232
299.9232
299.9232
299.9232
299.9232
299.9232
299.9232
299.9232
299.9232
299.9232
299.9232
299.9232
299.9232
299.9232
299.9232
299.9232
299.9232
299.9232
299.9232
299.9232
299.9232
299.9232
299.9232
299.9232
299.9232
299.9232
299.8347
299.9072
299.9306
299.9248
299.9225
299.9231
299.9233
299.9233
299.9232
299.9233
299.9233
299.9233
299.9233
299.9233
299.9233
299.9233
299.9232
299.9232
299.9232
299.9232
299.9232
299.9232
299.9232
299.9232
299.9232
299.9232
299.9232
299.9232
299.9232
299.9232
299.9232
299.9232
299.9232
299.9232
299.9232
299.9232
299.9232
299.9232
299.9232
299.9232
299.9232
299.9232
299.9232
299.9232
299.9232
299.9232
299.9232
299.9232
299.9232
299.9232
299.9232
299.9232
299.9232
299.9233
299.9233
299.9233
299.9233
299.9233
299.9233
299.9233
299.9233
299.9233
299.9233
299.9233
299.9233
299.9233
299.9233
299.9233
299.9233
299.9233
299.9233
299.9233
299.9233
299.9233
299.9233
299.9233
299.9233
299.9233
299.9233
299.9233
299.9233
299.9232
299.9232
299.9232
299.9232
299.9232
299.9232
299.9232
299.9232
299.9232
299.9232
299.9232
299.9232
299.9232
299.9232
299.9232
299.9232
299.9232
299.9232
299.9232
299.8347
299.9072
299.9306
299.9248
299.9225
299.9231
299.9233
299.9233
299.9232
299.9233
299.9233
299.9233
299.9233
299.9233
299.9233
299.9233
299.9233
299.9233
299.9232
299.9232
299.9232
299.9232
299.9232
299.9232
299.9232
299.9232
299.9232
299.9232
299.9232
299.9232
299.9232
299.9232
299.9232
299.9232
299.9232
299.9232
299.9232
299.9232
299.9232
299.9232
299.9232
299.9232
299.9233
299.9233
299.9233
299.9233
299.9233
299.9233
299.9233
299.9233
299.9233
299.9233
299.9233
299.9233
299.9233
299.9233
299.9233
299.9233
299.9233
299.9233
299.9233
299.9233
299.9233
299.9233
299.9233
299.9233
299.9233
299.9233
299.9233
299.9233
299.9233
299.9233
299.9233
299.9233
299.9233
299.9233
299.9233
299.9233
299.9233
299.9233
299.9233
299.9233
299.9233
299.9233
299.9233
299.9233
299.9233
299.9233
299.9232
299.9232
299.9232
299.9232
299.9232
299.9232
299.9232
299.9232
299.9232
299.9232
299.9232
299.9232
299.8347
299.9072
299.9306
299.9248
299.9225
299.9231
299.9233
299.9233
299.9232
299.9233
299.9233
299.9233
299.9233
299.9233
299.9233
299.9233
299.9233
299.9233
299.9233
299.9233
299.9233
299.9233
299.9233
299.9233
299.9233
299.9233
299.9233
299.9233
299.9233
299.9233
299.9233
299.9233
299.9233
299.9233
299.9233
299.9233
299.9233
299.9233
299.9233
299.9233
299.9233
299.9233
299.9233
299.9233
299.9233
299.9233
299.9233
299.9233
299.9233
299.9233
299.9233
299.9233
299.9233
299.9233
299.9233
299.9233
299.9233
299.9233
299.9233
299.9233
299.9233
299.9233
299.9233
299.9233
299.9233
299.9233
299.9233
299.9233
299.9233
299.9233
299.9233
299.9233
299.9233
299.9233
299.9233
299.9233
299.9233
299.9233
299.9233
299.9233
299.9233
299.9233
299.9233
299.9233
299.9233
299.9233
299.9233
299.9233
299.9233
299.9233
299.9233
299.9233
299.9233
299.9233
299.9233
299.9233
299.9233
299.9233
299.9233
299.9233
299.8347
299.9072
299.9306
299.9248
299.9225
299.9231
299.9233
299.9233
299.9232
299.9233
299.9233
299.9233
299.9233
299.9233
299.9233
299.9233
299.9233
299.9233
299.9233
299.9233
299.9233
299.9233
299.9233
299.9233
299.9233
299.9233
299.9233
299.9233
299.9233
299.9233
299.9233
299.9233
299.9233
299.9233
299.9233
299.9233
299.9233
299.9233
299.9233
299.9233
299.9233
299.9233
299.9233
299.9233
299.9233
299.9233
299.9233
299.9233
299.9233
299.9233
299.9233
299.9233
299.9233
299.9233
299.9233
299.9233
299.9233
299.9233
299.9233
299.9233
299.9233
299.9233
299.9233
299.9233
299.9233
299.9233
299.9233
299.9233
299.9233
299.9233
299.9233
299.9233
299.9233
299.9233
299.9233
299.9233
299.9233
299.9233
299.9233
299.9233
299.9233
299.9233
299.9233
299.9233
299.9233
299.9233
299.9233
299.9233
299.9233
299.9233
299.9233
299.9233
299.9233
299.9233
299.9233
299.9233
299.9233
299.9233
299.9233
299.9233
299.8347
299.9072
299.9306
299.9248
299.9225
299.9231
299.9233
299.9233
299.9232
299.9233
299.9233
299.9233
299.9233
299.9233
299.9233
299.9233
299.9233
299.9233
299.9233
299.9233
299.9233
299.9233
299.9233
299.9233
299.9233
299.9233
299.9233
299.9233
299.9233
299.9233
299.9233
299.9233
299.9233
299.9233
299.9233
299.9233
299.9233
299.9233
299.9233
299.9233
299.9233
299.9233
299.9233
299.9233
299.9233
299.9233
299.9233
299.9233
299.9233
299.9233
299.9233
299.9233
299.9233
299.9233
299.9233
299.9233
299.9233
299.9233
299.9233
299.9233
299.9233
299.9233
299.9233
299.9233
299.9233
299.9233
299.9233
299.9233
299.9233
299.9233
299.9233
299.9233
299.9233
299.9233
299.9233
299.9233
299.9233
299.9233
299.9233
299.9233
299.9233
299.9233
299.9233
299.9233
299.9233
299.9233
299.9233
299.9233
299.9233
299.9233
299.9233
299.9233
299.9233
299.9233
299.9233
299.9233
299.9233
299.9233
299.9233
299.9233
299.8347
299.9072
299.9306
299.9248
299.9225
299.9231
299.9233
299.9233
299.9232
299.9233
299.9233
299.9233
299.9233
299.9233
299.9233
299.9233
299.9233
299.9233
299.9233
299.9233
299.9233
299.9233
299.9233
299.9233
299.9233
299.9233
299.9233
299.9233
299.9233
299.9233
299.9233
299.9233
299.9233
299.9233
299.9233
299.9233
299.9233
299.9233
299.9233
299.9233
299.9233
299.9233
299.9233
299.9233
299.9233
299.9233
299.9233
299.9233
299.9233
299.9233
299.9233
299.9233
299.9233
299.9233
299.9233
299.9233
299.9233
299.9233
299.9233
299.9233
299.9233
299.9233
299.9233
299.9233
299.9233
299.9233
299.9233
299.9233
299.9233
299.9233
299.9233
299.9233
299.9233
299.9233
299.9233
299.9233
299.9233
299.9233
299.9233
299.9233
299.9233
299.9233
299.9233
299.9233
299.9233
299.9233
299.9233
299.9233
299.9233
299.9233
299.9233
299.9233
299.9233
299.9233
299.9233
299.9233
299.9233
299.9233
299.9233
299.9233
299.8347
299.9072
299.9306
299.9248
299.9225
299.9231
299.9233
299.9233
299.9232
299.9233
299.9233
299.9233
299.9233
299.9233
299.9233
299.9233
299.9233
299.9233
299.9233
299.9233
299.9233
299.9233
299.9233
299.9233
299.9233
299.9233
299.9233
299.9233
299.9233
299.9233
299.9233
299.9233
299.9233
299.9233
299.9233
299.9233
299.9233
299.9233
299.9233
299.9233
299.9233
299.9233
299.9233
299.9233
299.9233
299.9233
299.9233
299.9233
299.9233
299.9233
299.9233
299.9233
299.9233
299.9233
299.9233
299.9233
299.9233
299.9233
299.9233
299.9233
299.9233
299.9233
299.9233
299.9233
299.9233
299.9233
299.9233
299.9233
299.9233
299.9233
299.9233
299.9233
299.9233
299.9233
299.9233
299.9233
299.9233
299.9233
299.9233
299.9233
299.9233
299.9233
299.9233
299.9233
299.9233
299.9233
299.9233
299.9233
299.9233
299.9233
299.9233
299.9233
299.9233
299.9233
299.9233
299.9233
299.9233
299.9233
299.9233
299.9233
299.8347
299.9072
299.9306
299.9248
299.9225
299.9231
299.9233
299.9233
299.9232
299.9233
299.9233
299.9233
299.9233
299.9233
299.9233
299.9233
299.9233
299.9233
299.9233
299.9233
299.9233
299.9233
299.9233
299.9233
299.9233
299.9233
299.9233
299.9233
299.9233
299.9233
299.9233
299.9233
299.9233
299.9233
299.9233
299.9233
299.9233
299.9233
299.9233
299.9233
299.9233
299.9233
299.9233
299.9233
299.9233
299.9233
299.9233
299.9233
299.9233
299.9233
299.9233
299.9233
299.9233
299.9233
299.9233
299.9233
299.9233
299.9233
299.9233
299.9233
299.9233
299.9233
299.9233
299.9233
299.9233
299.9233
299.9233
299.9233
299.9233
299.9233
299.9233
299.9233
299.9233
299.9233
299.9233
299.9233
299.9233
299.9233
299.9233
299.9233
299.9233
299.9233
299.9233
299.9233
299.9233
299.9233
299.9233
299.9233
299.9233
299.9233
299.9233
299.9233
299.9233
299.9233
299.9233
299.9233
299.9233
299.9233
299.9233
299.9233
299.8347
299.9072
299.9306
299.9248
299.9224
299.9231
299.9233
299.9233
299.9232
299.9233
299.9233
299.9233
299.9233
299.9233
299.9233
299.9233
299.9233
299.9233
299.9233
299.9233
299.9233
299.9233
299.9233
299.9233
299.9233
299.9233
299.9233
299.9233
299.9233
299.9233
299.9233
299.9233
299.9233
299.9233
299.9233
299.9233
299.9233
299.9233
299.9233
299.9233
299.9233
299.9233
299.9233
299.9233
299.9233
299.9233
299.9233
299.9233
299.9233
299.9233
299.9233
299.9233
299.9233
299.9233
299.9233
299.9233
299.9233
299.9233
299.9233
299.9233
299.9233
299.9233
299.9233
299.9233
299.9233
299.9233
299.9233
299.9233
299.9233
299.9233
299.9233
299.9233
299.9233
299.9233
299.9233
299.9233
299.9233
299.9233
299.9233
299.9233
299.9233
299.9233
299.9233
299.9233
299.9233
299.9233
299.9233
299.9233
299.9233
299.9233
299.9233
299.9233
299.9233
299.9233
299.9233
299.9233
299.9233
299.9233
299.9233
299.9233
299.8347
299.9072
299.9306
299.9248
299.9224
299.9231
299.9233
299.9233
299.9232
299.9233
299.9233
299.9233
299.9233
299.9233
299.9233
299.9233
299.9233
299.9233
299.9233
299.9233
299.9233
299.9233
299.9233
299.9233
299.9233
299.9233
299.9233
299.9233
299.9233
299.9233
299.9233
299.9233
299.9233
299.9233
299.9233
299.9233
299.9233
299.9233
299.9233
299.9233
299.9233
299.9233
299.9233
299.9233
299.9233
299.9233
299.9233
299.9233
299.9233
299.9233
299.9233
299.9233
299.9233
299.9233
299.9233
299.9233
299.9233
299.9233
299.9233
299.9233
299.9233
299.9233
299.9233
299.9233
299.9233
299.9233
299.9233
299.9233
299.9233
299.9233
299.9233
299.9233
299.9233
299.9233
299.9233
299.9233
299.9233
299.9233
299.9233
299.9233
299.9233
299.9233
299.9233
299.9233
299.9233
299.9233
299.9233
299.9233
299.9233
299.9233
299.9233
299.9233
299.9233
299.9233
299.9233
299.9233
299.9233
299.9233
299.9233
299.9233
299.8347
299.9072
299.9306
299.9248
299.9224
299.9231
299.9233
299.9233
299.9232
299.9233
299.9233
299.9233
299.9233
299.9233
299.9233
299.9233
299.9233
299.9233
299.9233
299.9233
299.9233
299.9233
299.9233
299.9233
299.9233
299.9233
299.9233
299.9233
299.9233
299.9233
299.9233
299.9233
299.9233
299.9233
299.9233
299.9233
299.9233
299.9233
299.9233
299.9233
299.9233
299.9233
299.9233
299.9233
299.9233
299.9233
299.9233
299.9233
299.9233
299.9233
299.9233
299.9233
299.9233
299.9233
299.9233
299.9233
299.9233
299.9233
299.9233
299.9233
299.9233
299.9233
299.9233
299.9233
299.9233
299.9233
299.9233
299.9233
299.9233
299.9233
299.9233
299.9233
299.9233
299.9233
299.9233
299.9233
299.9233
299.9233
299.9233
299.9233
299.9233
299.9233
299.9233
299.9233
299.9233
299.9233
299.9233
299.9233
299.9233
299.9233
299.9233
299.9233
299.9233
299.9233
299.9233
299.9233
299.9233
299.9233
299.9233
299.9233
299.8347
299.9072
299.9306
299.9248
299.9224
299.9231
299.9233
299.9233
299.9232
299.9233
299.9233
299.9233
299.9233
299.9233
299.9233
299.9233
299.9233
299.9233
299.9233
299.9233
299.9233
299.9233
299.9233
299.9233
299.9233
299.9233
299.9233
299.9233
299.9233
299.9233
299.9233
299.9233
299.9233
299.9233
299.9233
299.9233
299.9233
299.9233
299.9233
299.9233
299.9233
299.9233
299.9233
299.9233
299.9233
299.9233
299.9233
299.9233
299.9233
299.9233
299.9233
299.9233
299.9233
299.9233
299.9233
299.9233
299.9233
299.9233
299.9233
299.9233
299.9233
299.9233
299.9233
299.9233
299.9233
299.9233
299.9233
299.9233
299.9233
299.9233
299.9233
299.9233
299.9233
299.9233
299.9233
299.9233
299.9233
299.9233
299.9233
299.9233
299.9233
299.9233
299.9233
299.9233
299.9233
299.9233
299.9233
299.9233
299.9233
299.9233
299.9233
299.9233
299.9233
299.9233
299.9233
299.9233
299.9233
299.9233
299.9233
299.9233
299.8347
299.9072
299.9306
299.9248
299.9224
299.9231
299.9233
299.9233
299.9232
299.9233
299.9233
299.9233
299.9233
299.9233
299.9233
299.9233
299.9233
299.9233
299.9233
299.9233
299.9233
299.9233
299.9233
299.9233
299.9233
299.9233
299.9233
299.9233
299.9233
299.9233
299.9233
299.9233
299.9233
299.9233
299.9233
299.9233
299.9233
299.9233
299.9233
299.9233
299.9233
299.9233
299.9233
299.9233
299.9233
299.9233
299.9233
299.9233
299.9233
299.9233
299.9233
299.9233
299.9233
299.9233
299.9233
299.9233
299.9233
299.9233
299.9233
299.9233
299.9233
299.9233
299.9233
299.9233
299.9233
299.9233
299.9233
299.9233
299.9233
299.9233
299.9233
299.9233
299.9233
299.9233
299.9233
299.9233
299.9233
299.9233
299.9233
299.9233
299.9233
299.9233
299.9233
299.9233
299.9233
299.9233
299.9233
299.9233
299.9233
299.9233
299.9233
299.9233
299.9233
299.9233
299.9233
299.9233
299.9233
299.9233
299.9233
299.9233
299.8347
299.9072
299.9306
299.9248
299.9224
299.9231
299.9233
299.9233
299.9232
299.9233
299.9233
299.9233
299.9233
299.9233
299.9233
299.9233
299.9233
299.9233
299.9233
299.9233
299.9233
299.9233
299.9233
299.9233
299.9233
299.9233
299.9233
299.9233
299.9233
299.9233
299.9233
299.9233
299.9233
299.9233
299.9233
299.9233
299.9233
299.9233
299.9233
299.9233
299.9233
299.9233
299.9233
299.9233
299.9233
299.9233
299.9233
299.9233
299.9233
299.9233
299.9233
299.9233
299.9233
299.9233
299.9233
299.9233
299.9233
299.9233
299.9233
299.9233
299.9233
299.9233
299.9233
299.9233
299.9233
299.9233
299.9233
299.9233
299.9233
299.9233
299.9233
299.9233
299.9233
299.9233
299.9233
299.9233
299.9233
299.9233
299.9233
299.9233
299.9233
299.9233
299.9233
299.9233
299.9233
299.9233
299.9233
299.9233
299.9233
299.9233
299.9233
299.9233
299.9233
299.9233
299.9233
299.9233
299.9233
299.9233
299.9233
299.9233
299.8347
299.9072
299.9306
299.9248
299.9224
299.9231
299.9233
299.9233
299.9232
299.9232
299.9233
299.9233
299.9233
299.9233
299.9233
299.9233
299.9233
299.9233
299.9233
299.9233
299.9233
299.9233
299.9233
299.9233
299.9233
299.9233
299.9233
299.9233
299.9233
299.9233
299.9233
299.9233
299.9233
299.9233
299.9233
299.9233
299.9233
299.9233
299.9233
299.9233
299.9233
299.9233
299.9233
299.9233
299.9233
299.9233
299.9233
299.9233
299.9233
299.9233
299.9233
299.9233
299.9233
299.9233
299.9233
299.9233
299.9233
299.9233
299.9233
299.9233
299.9233
299.9233
299.9233
299.9233
299.9233
299.9233
299.9233
299.9233
299.9233
299.9233
299.9233
299.9233
299.9233
299.9233
299.9233
299.9233
299.9233
299.9233
299.9233
299.9233
299.9233
299.9233
299.9233
299.9233
299.9233
299.9233
299.9233
299.9233
299.9233
299.9233
299.9233
299.9233
299.9233
299.9233
299.9233
299.9233
299.9233
299.9233
299.9233
299.9233
299.8347
299.9072
299.9306
299.9248
299.9224
299.9231
299.9233
299.9233
299.9232
299.9232
299.9233
299.9233
299.9233
299.9233
299.9233
299.9233
299.9233
299.9233
299.9233
299.9233
299.9233
299.9233
299.9233
299.9233
299.9233
299.9233
299.9233
299.9233
299.9233
299.9233
299.9233
299.9233
299.9233
299.9233
299.9233
299.9233
299.9233
299.9233
299.9233
299.9233
299.9233
299.9233
299.9233
299.9233
299.9233
299.9233
299.9233
299.9233
299.9233
299.9233
299.9233
299.9233
299.9233
299.9233
299.9233
299.9233
299.9233
299.9233
299.9233
299.9233
299.9233
299.9233
299.9233
299.9233
299.9233
299.9233
299.9233
299.9233
299.9233
299.9233
299.9233
299.9233
299.9233
299.9233
299.9233
299.9233
299.9233
299.9233
299.9233
299.9233
299.9233
299.9233
299.9233
299.9233
299.9233
299.9233
299.9233
299.9233
299.9233
299.9233
299.9233
299.9233
299.9233
299.9233
299.9233
299.9233
299.9233
299.9233
299.9233
299.9233
299.8347
299.9072
299.9306
299.9248
299.9224
299.9231
299.9233
299.9233
299.9232
299.9232
299.9233
299.9233
299.9233
299.9233
299.9233
299.9233
299.9233
299.9233
299.9233
299.9233
299.9233
299.9233
299.9233
299.9233
299.9233
299.9233
299.9233
299.9233
299.9233
299.9233
299.9233
299.9233
299.9233
299.9233
299.9233
299.9233
299.9233
299.9233
299.9233
299.9233
299.9233
299.9233
299.9233
299.9233
299.9233
299.9233
299.9233
299.9233
299.9233
299.9233
299.9233
299.9233
299.9233
299.9233
299.9233
299.9233
299.9233
299.9233
299.9233
299.9233
299.9233
299.9233
299.9233
299.9233
299.9233
299.9233
299.9233
299.9233
299.9233
299.9233
299.9233
299.9233
299.9233
299.9233
299.9233
299.9233
299.9233
299.9233
299.9233
299.9233
299.9233
299.9233
299.9233
299.9233
299.9233
299.9233
299.9233
299.9233
299.9233
299.9233
299.9233
299.9233
299.9233
299.9233
299.9233
299.9233
299.9233
299.9233
299.9233
299.9233
299.8347
299.9072
299.9306
299.9248
299.9224
299.9231
299.9233
299.9233
299.9232
299.9232
299.9233
299.9233
299.9233
299.9233
299.9233
299.9233
299.9233
299.9233
299.9233
299.9233
299.9233
299.9233
299.9233
299.9233
299.9233
299.9233
299.9233
299.9233
299.9233
299.9233
299.9233
299.9233
299.9233
299.9233
299.9233
299.9233
299.9233
299.9233
299.9233
299.9233
299.9233
299.9233
299.9233
299.9233
299.9233
299.9233
299.9233
299.9233
299.9233
299.9233
299.9233
299.9233
299.9233
299.9233
299.9233
299.9233
299.9233
299.9233
299.9233
299.9233
299.9233
299.9233
299.9233
299.9233
299.9233
299.9233
299.9233
299.9233
299.9233
299.9233
299.9233
299.9233
299.9233
299.9233
299.9233
299.9233
299.9233
299.9233
299.9233
299.9233
299.9233
299.9233
299.9233
299.9233
299.9233
299.9233
299.9233
299.9233
299.9233
299.9233
299.9233
299.9233
299.9233
299.9233
299.9233
299.9233
299.9233
299.9233
299.9233
299.9233
299.8347
299.9072
299.9306
299.9248
299.9224
299.9231
299.9233
299.9233
299.9232
299.9232
299.9233
299.9233
299.9233
299.9233
299.9233
299.9233
299.9233
299.9233
299.9233
299.9233
299.9233
299.9233
299.9233
299.9233
299.9233
299.9233
299.9233
299.9233
299.9233
299.9233
299.9233
299.9233
299.9233
299.9233
299.9233
299.9233
299.9233
299.9233
299.9233
299.9233
299.9233
299.9233
299.9233
299.9233
299.9233
299.9233
299.9233
299.9233
299.9233
299.9233
299.9233
299.9233
299.9233
299.9233
299.9233
299.9233
299.9233
299.9233
299.9233
299.9233
299.9233
299.9233
299.9233
299.9233
299.9233
299.9233
299.9233
299.9233
299.9233
299.9233
299.9233
299.9233
299.9233
299.9233
299.9233
299.9233
299.9233
299.9233
299.9233
299.9233
299.9233
299.9233
299.9233
299.9233
299.9233
299.9233
299.9233
299.9233
299.9233
299.9233
299.9233
299.9233
299.9233
299.9233
299.9233
299.9233
299.9233
299.9233
299.9233
299.9233
299.8347
299.9072
299.9306
299.9248
299.9224
299.9231
299.9233
299.9233
299.9232
299.9232
299.9233
299.9233
299.9233
299.9233
299.9233
299.9233
299.9233
299.9233
299.9233
299.9233
299.9233
299.9233
299.9233
299.9233
299.9233
299.9233
299.9233
299.9233
299.9233
299.9233
299.9233
299.9233
299.9233
299.9233
299.9233
299.9233
299.9233
299.9233
299.9233
299.9233
299.9233
299.9233
299.9233
299.9233
299.9233
299.9233
299.9233
299.9233
299.9233
299.9233
299.9233
299.9233
299.9233
299.9233
299.9233
299.9233
299.9233
299.9233
299.9233
299.9233
299.9233
299.9233
299.9233
299.9233
299.9233
299.9233
299.9233
299.9233
299.9233
299.9233
299.9233
299.9233
299.9233
299.9233
299.9233
299.9233
299.9233
299.9233
299.9233
299.9233
299.9233
299.9233
299.9233
299.9233
299.9233
299.9233
299.9233
299.9233
299.9233
299.9233
299.9233
299.9233
299.9233
299.9233
299.9233
299.9233
299.9233
299.9233
299.9233
299.9233
299.8347
299.9072
299.9306
299.9248
299.9224
299.9231
299.9233
299.9233
299.9232
299.9232
299.9233
299.9233
299.9233
299.9233
299.9233
299.9233
299.9233
299.9233
299.9233
299.9233
299.9233
299.9233
299.9233
299.9233
299.9233
299.9233
299.9233
299.9233
299.9233
299.9233
299.9233
299.9233
299.9233
299.9233
299.9233
299.9233
299.9233
299.9233
299.9233
299.9233
299.9233
299.9233
299.9233
299.9233
299.9233
299.9233
299.9233
299.9233
299.9233
299.9233
299.9233
299.9233
299.9233
299.9233
299.9233
299.9233
299.9233
299.9233
299.9233
299.9233
299.9233
299.9233
299.9233
299.9233
299.9233
299.9233
299.9233
299.9233
299.9233
299.9233
299.9233
299.9233
299.9233
299.9233
299.9233
299.9233
299.9233
299.9233
299.9233
299.9233
299.9233
299.9233
299.9233
299.9233
299.9233
299.9233
299.9233
299.9233
299.9233
299.9233
299.9233
299.9233
299.9233
299.9233
299.9233
299.9233
299.9233
299.9233
299.9233
299.9233
299.8347
299.9072
299.9306
299.9248
299.9224
299.9231
299.9233
299.9233
299.9232
299.9232
299.9233
299.9233
299.9233
299.9233
299.9233
299.9233
299.9233
299.9233
299.9233
299.9233
299.9233
299.9233
299.9233
299.9233
299.9233
299.9233
299.9233
299.9233
299.9233
299.9233
299.9233
299.9233
299.9233
299.9233
299.9233
299.9233
299.9233
299.9233
299.9233
299.9233
299.9233
299.9233
299.9233
299.9233
299.9233
299.9233
299.9233
299.9233
299.9233
299.9233
299.9233
299.9233
299.9233
299.9233
299.9233
299.9233
299.9233
299.9233
299.9233
299.9233
299.9233
299.9233
299.9233
299.9233
299.9233
299.9233
299.9233
299.9233
299.9233
299.9233
299.9233
299.9233
299.9233
299.9233
299.9233
299.9233
299.9233
299.9233
299.9233
299.9233
299.9233
299.9233
299.9233
299.9233
299.9233
299.9233
299.9233
299.9233
299.9233
299.9233
299.9233
299.9233
299.9233
299.9233
299.9233
299.9233
299.9233
299.9233
299.9233
299.9233
299.8347
299.9072
299.9306
299.9248
299.9224
299.9231
299.9233
299.9233
299.9232
299.9232
299.9233
299.9233
299.9233
299.9233
299.9233
299.9233
299.9233
299.9233
299.9233
299.9233
299.9233
299.9233
299.9233
299.9233
299.9233
299.9233
299.9233
299.9233
299.9233
299.9233
299.9233
299.9233
299.9233
299.9233
299.9233
299.9233
299.9233
299.9233
299.9233
299.9233
299.9233
299.9233
299.9233
299.9233
299.9233
299.9233
299.9233
299.9233
299.9233
299.9233
299.9233
299.9233
299.9233
299.9233
299.9233
299.9233
299.9233
299.9233
299.9233
299.9233
299.9233
299.9233
299.9233
299.9233
299.9233
299.9233
299.9233
299.9233
299.9233
299.9233
299.9233
299.9233
299.9233
299.9233
299.9233
299.9233
299.9233
299.9233
299.9233
299.9233
299.9233
299.9233
299.9233
299.9233
299.9233
299.9233
299.9233
299.9233
299.9233
299.9233
299.9233
299.9233
299.9233
299.9233
299.9233
299.9233
299.9233
299.9233
299.9233
299.9233
299.8347
299.9072
299.9306
299.9247
299.9224
299.9231
299.9233
299.9233
299.9232
299.9232
299.9233
299.9233
299.9233
299.9233
299.9233
299.9233
299.9233
299.9233
299.9233
299.9233
299.9233
299.9233
299.9233
299.9233
299.9233
299.9233
299.9233
299.9233
299.9233
299.9233
299.9233
299.9233
299.9233
299.9233
299.9233
299.9233
299.9233
299.9233
299.9233
299.9233
299.9233
299.9233
299.9233
299.9233
299.9233
299.9233
299.9233
299.9233
299.9233
299.9233
299.9233
299.9233
299.9233
299.9233
299.9233
299.9233
299.9233
299.9233
299.9233
299.9233
299.9233
299.9233
299.9233
299.9233
299.9233
299.9233
299.9233
299.9233
299.9233
299.9233
299.9233
299.9233
299.9233
299.9233
299.9233
299.9233
299.9233
299.9233
299.9233
299.9233
299.9233
299.9233
299.9233
299.9233
299.9233
299.9233
299.9233
299.9233
299.9233
299.9233
299.9233
299.9233
299.9233
299.9233
299.9233
299.9233
299.9233
299.9233
299.9233
299.9233
299.8347
299.9072
299.9306
299.9247
299.9224
299.9231
299.9233
299.9233
299.9232
299.9232
299.9233
299.9233
299.9233
299.9233
299.9233
299.9233
299.9233
299.9233
299.9233
299.9233
299.9233
299.9233
299.9233
299.9233
299.9233
299.9233
299.9233
299.9233
299.9233
299.9233
299.9233
299.9233
299.9233
299.9233
299.9233
299.9233
299.9233
299.9233
299.9233
299.9233
299.9233
299.9233
299.9233
299.9233
299.9233
299.9233
299.9233
299.9233
299.9233
299.9233
299.9233
299.9233
299.9233
299.9233
299.9233
299.9233
299.9233
299.9233
299.9233
299.9233
299.9233
299.9233
299.9233
299.9233
299.9233
299.9233
299.9233
299.9233
299.9233
299.9233
299.9233
299.9233
299.9233
299.9233
299.9233
299.9233
299.9233
299.9233
299.9233
299.9233
299.9233
299.9233
299.9233
299.9233
299.9233
299.9233
299.9233
299.9233
299.9233
299.9233
299.9233
299.9233
299.9233
299.9233
299.9233
299.9233
299.9233
299.9233
299.9233
299.9233
299.8347
299.9072
299.9306
299.9247
299.9224
299.9231
299.9233
299.9233
299.9232
299.9232
299.9232
299.9233
299.9233
299.9233
299.9233
299.9233
299.9233
299.9233
299.9233
299.9233
299.9233
299.9233
299.9233
299.9233
299.9233
299.9233
299.9233
299.9233
299.9233
299.9233
299.9233
299.9233
299.9233
299.9233
299.9233
299.9233
299.9233
299.9233
299.9233
299.9233
299.9233
299.9233
299.9233
299.9233
299.9233
299.9233
299.9233
299.9233
299.9233
299.9233
299.9233
299.9233
299.9233
299.9233
299.9233
299.9233
299.9233
299.9233
299.9233
299.9233
299.9233
299.9233
299.9233
299.9233
299.9233
299.9233
299.9233
299.9233
299.9233
299.9233
299.9233
299.9233
299.9233
299.9233
299.9233
299.9233
299.9233
299.9233
299.9233
299.9233
299.9233
299.9233
299.9233
299.9233
299.9233
299.9233
299.9233
299.9233
299.9233
299.9233
299.9233
299.9233
299.9233
299.9233
299.9233
299.9233
299.9233
299.9233
299.9233
299.9234
299.8347
299.9072
299.9306
299.9247
299.9224
299.9231
299.9233
299.9233
299.9232
299.9232
299.9233
299.9233
299.9233
299.9233
299.9233
299.9233
299.9233
299.9233
299.9233
299.9233
299.9233
299.9233
299.9233
299.9233
299.9233
299.9233
299.9233
299.9233
299.9233
299.9233
299.9233
299.9233
299.9233
299.9233
299.9233
299.9233
299.9233
299.9233
299.9233
299.9233
299.9233
299.9233
299.9233
299.9233
299.9233
299.9233
299.9233
299.9233
299.9233
299.9233
299.9233
299.9233
299.9233
299.9233
299.9233
299.9233
299.9233
299.9233
299.9233
299.9233
299.9233
299.9233
299.9233
299.9233
299.9233
299.9233
299.9233
299.9233
299.9233
299.9233
299.9233
299.9233
299.9233
299.9233
299.9233
299.9233
299.9233
299.9233
299.9233
299.9233
299.9233
299.9233
299.9233
299.9233
299.9233
299.9233
299.9233
299.9233
299.9233
299.9233
299.9233
299.9233
299.9233
299.9233
299.9233
299.9233
299.9233
299.9233
299.9233
299.9234
299.8347
299.9072
299.9306
299.9247
299.9224
299.9231
299.9233
299.9233
299.9232
299.9232
299.9233
299.9233
299.9233
299.9233
299.9233
299.9233
299.9233
299.9233
299.9233
299.9233
299.9233
299.9233
299.9233
299.9233
299.9233
299.9233
299.9233
299.9233
299.9233
299.9233
299.9233
299.9233
299.9233
299.9233
299.9233
299.9233
299.9233
299.9233
299.9233
299.9233
299.9233
299.9233
299.9233
299.9233
299.9233
299.9233
299.9233
299.9233
299.9233
299.9233
299.9233
299.9233
299.9233
299.9233
299.9233
299.9233
299.9233
299.9233
299.9233
299.9233
299.9233
299.9233
299.9233
299.9233
299.9233
299.9233
299.9233
299.9233
299.9233
299.9233
299.9233
299.9233
299.9233
299.9233
299.9233
299.9233
299.9233
299.9233
299.9233
299.9233
299.9233
299.9233
299.9233
299.9233
299.9233
299.9233
299.9233
299.9233
299.9233
299.9233
299.9233
299.9233
299.9233
299.9233
299.9233
299.9233
299.9233
299.9233
299.9233
299.9234
299.8347
299.9072
299.9306
299.9248
299.9224
299.9231
299.9233
299.9233
299.9232
299.9232
299.9233
299.9233
299.9233
299.9233
299.9233
299.9233
299.9233
299.9233
299.9233
299.9233
299.9233
299.9233
299.9233
299.9233
299.9233
299.9233
299.9233
299.9233
299.9233
299.9233
299.9233
299.9233
299.9233
299.9233
299.9233
299.9233
299.9233
299.9233
299.9233
299.9233
299.9233
299.9233
299.9233
299.9233
299.9233
299.9233
299.9233
299.9233
299.9233
299.9233
299.9233
299.9233
299.9233
299.9233
299.9233
299.9233
299.9233
299.9233
299.9233
299.9233
299.9233
299.9233
299.9233
299.9233
299.9233
299.9233
299.9233
299.9233
299.9233
299.9233
299.9233
299.9233
299.9233
299.9233
299.9233
299.9233
299.9233
299.9233
299.9233
299.9233
299.9233
299.9233
299.9233
299.9233
299.9233
299.9233
299.9233
299.9233
299.9233
299.9233
299.9233
299.9233
299.9233
299.9233
299.9233
299.9233
299.9233
299.9233
299.9234
299.9234
299.8347
299.9072
299.9306
299.9248
299.9224
299.9231
299.9233
299.9233
299.9232
299.9232
299.9233
299.9233
299.9233
299.9233
299.9233
299.9233
299.9233
299.9233
299.9233
299.9233
299.9233
299.9233
299.9233
299.9233
299.9233
299.9233
299.9233
299.9233
299.9233
299.9233
299.9233
299.9233
299.9233
299.9233
299.9233
299.9233
299.9233
299.9233
299.9233
299.9233
299.9233
299.9233
299.9233
299.9233
299.9233
299.9233
299.9233
299.9233
299.9233
299.9233
299.9233
299.9233
299.9233
299.9233
299.9233
299.9233
299.9233
299.9233
299.9233
299.9233
299.9233
299.9233
299.9233
299.9233
299.9233
299.9233
299.9233
299.9233
299.9233
299.9233
299.9233
299.9233
299.9233
299.9233
299.9233
299.9233
299.9233
299.9233
299.9233
299.9233
299.9233
299.9233
299.9233
299.9233
299.9233
299.9233
299.9233
299.9233
299.9233
299.9233
299.9233
299.9233
299.9233
299.9233
299.9233
299.9233
299.9233
299.9233
299.9234
299.9234
299.8347
299.9072
299.9306
299.9248
299.9224
299.9231
299.9233
299.9233
299.9232
299.9232
299.9233
299.9233
299.9233
299.9233
299.9233
299.9233
299.9233
299.9233
299.9233
299.9233
299.9233
299.9233
299.9233
299.9233
299.9233
299.9233
299.9233
299.9233
299.9233
299.9233
299.9233
299.9233
299.9233
299.9233
299.9233
299.9233
299.9233
299.9233
299.9233
299.9233
299.9233
299.9233
299.9233
299.9233
299.9233
299.9233
299.9233
299.9233
299.9233
299.9233
299.9233
299.9233
299.9233
299.9233
299.9233
299.9233
299.9233
299.9233
299.9233
299.9233
299.9233
299.9233
299.9233
299.9233
299.9233
299.9233
299.9233
299.9233
299.9233
299.9233
299.9233
299.9233
299.9233
299.9233
299.9233
299.9233
299.9233
299.9233
299.9233
299.9233
299.9233
299.9233
299.9233
299.9233
299.9233
299.9233
299.9233
299.9233
299.9233
299.9233
299.9233
299.9233
299.9233
299.9233
299.9233
299.9233
299.9233
299.9234
299.9234
299.9234
299.8346
299.9072
299.9306
299.9247
299.9224
299.9231
299.9233
299.9232
299.9232
299.9232
299.9232
299.9232
299.9232
299.9232
299.9232
299.9232
299.9232
299.9232
299.9232
299.9232
299.9232
299.9233
299.9233
299.9233
299.9233
299.9233
299.9233
299.9233
299.9233
299.9233
299.9233
299.9233
299.9233
299.9233
299.9233
299.9233
299.9233
299.9233
299.9233
299.9233
299.9233
299.9233
299.9233
299.9233
299.9233
299.9233
299.9233
299.9233
299.9233
299.9233
299.9233
299.9233
299.9233
299.9233
299.9233
299.9233
299.9233
299.9233
299.9233
299.9233
299.9233
299.9233
299.9233
299.9233
299.9233
299.9233
299.9233
299.9233
299.9233
299.9233
299.9233
299.9233
299.9233
299.9233
299.9233
299.9233
299.9233
299.9233
299.9233
299.9233
299.9233
299.9233
299.9233
299.9233
299.9233
299.9233
299.9233
299.9233
299.9233
299.9233
299.9233
299.9233
299.9233
299.9233
299.9233
299.9233
299.9233
299.9233
299.9233
299.9233
)
;

boundaryField
{
    topAir_top
    {
        type            symmetryPlane;
    }
    leftLet
    {
        type            fixedValue;
        value           uniform 300;
    }
    rightLet
    {
        type            zeroGradient;
    }
    frontAndBack
    {
        type            empty;
    }
    topAir_to_wall
    {
        type            compressible::turbulentTemperatureCoupledBaffleMixed;
        refValue        nonuniform List<scalar> 
100
(
684.8952
684.8973
684.8996
684.9013
684.9021
684.9019
684.9003
684.8973
684.8928
684.8866
684.8788
684.8693
684.8581
684.8452
684.8307
684.8145
684.7967
684.7773
684.7563
684.7339
684.7101
684.6848
684.6583
684.6304
684.6013
684.5711
684.5397
684.5073
684.4739
684.4395
684.4042
684.3681
684.3312
684.2936
684.2553
684.2163
684.1767
684.1366
684.096
684.0549
684.0135
683.9717
683.9295
683.8871
683.8445
683.8016
683.7587
683.7156
683.6725
683.6294
683.5862
683.5432
683.5002
683.4575
683.4149
683.3725
683.3304
683.2886
683.2472
683.2061
683.1655
683.1254
683.0859
683.0468
683.0084
682.9707
682.9337
682.8974
682.8619
682.8273
682.7935
682.7607
682.7289
682.6981
682.6685
682.6399
682.6125
682.5864
682.5616
682.538
682.5159
682.4952
682.4759
682.4582
682.442
682.4273
682.4143
682.4028
682.393
682.3848
682.3782
682.3732
682.3697
682.3675
682.3668
682.3671
682.3684
682.3703
682.3725
682.3742
)
;
        refGradient     uniform 0;
        valueFraction   nonuniform List<scalar> 
100
(
0.9915014
0.9915014
0.9915014
0.9915014
0.9915014
0.9915014
0.9915014
0.9915014
0.9915014
0.9915014
0.9915014
0.9915014
0.9915014
0.9915014
0.9915014
0.9915014
0.9915014
0.9915014
0.9915014
0.9915014
0.9915014
0.9915014
0.9915014
0.9915014
0.9915014
0.9915014
0.9915014
0.9915014
0.9915014
0.9915014
0.9915014
0.9915014
0.9915014
0.9915014
0.9915014
0.9915014
0.9915014
0.9915014
0.9915014
0.9915014
0.9915014
0.9915014
0.9915014
0.9915014
0.9915014
0.9915014
0.9915014
0.9915014
0.9915014
0.9915014
0.9915014
0.9915014
0.9915014
0.9915014
0.9915014
0.9915014
0.9915014
0.9915014
0.9915014
0.9915014
0.9915014
0.9915014
0.9915014
0.9915014
0.9915014
0.9915014
0.9915014
0.9915014
0.9915014
0.9915014
0.9915014
0.9915014
0.9915014
0.9915014
0.9915014
0.9915014
0.9915014
0.9915014
0.9915014
0.9915014
0.9915014
0.9915014
0.9915014
0.9915014
0.9915014
0.9915014
0.9915014
0.9915014
0.9915014
0.9915014
0.9915014
0.9915014
0.9915014
0.9915014
0.9915014
0.9915014
0.9915014
0.9915014
0.9915014
0.9915014
)
;
        value           nonuniform List<scalar> 
100
(
681.6239
681.6277
681.6314
681.6342
681.6361
681.6371
681.6367
681.6349
681.6316
681.6266
681.6201
681.6118
681.6019
681.5903
681.577
681.5621
681.5456
681.5275
681.508
681.4869
681.4644
681.4405
681.4154
681.3889
681.3613
681.3324
681.3025
681.2715
681.2396
681.2067
681.1729
681.1382
681.1028
681.0666
681.0298
680.9923
680.9543
680.9157
680.8766
680.837
680.7971
680.7568
680.7162
680.6753
680.6342
680.5929
680.5515
680.5099
680.4684
680.4268
680.3852
680.3437
680.3023
680.261
680.2199
680.1791
680.1385
680.0982
680.0583
680.0188
679.9797
679.9412
679.9031
679.8656
679.8287
679.7924
679.7569
679.7221
679.6881
679.6549
679.6226
679.5913
679.5609
679.5315
679.5033
679.4761
679.4502
679.4254
679.402
679.3798
679.359
679.3397
679.3217
679.3053
679.2904
679.2771
679.2653
679.2551
679.2466
679.2396
679.2342
679.2304
679.2281
679.2272
679.2276
679.2291
679.2315
679.2346
679.2379
679.2408
)
;
        Tnbr            T;
        thicknessLayers 0();
        kappaLayers     0();
        kappa           fluidThermo;
        kappaName       none;
    }
}


// ************************************************************************* //
