/*--------------------------------*- C++ -*----------------------------------*\
| =========                 |                                                 |
| \\      /  F ield         | OpenFOAM: The Open Source CFD Toolbox           |
|  \\    /   O peration     | Version:  2.3.0                                 |
|   \\  /    A nd           | Web:      www.OpenFOAM.org                      |
|    \\/     M anipulation  |                                                 |
\*---------------------------------------------------------------------------*/
FoamFile
{
    version     2.0;
    format      ascii;
    class       volScalarField;
    location    "9700/bottomAir";
    object      rho;
}
// * * * * * * * * * * * * * * * * * * * * * * * * * * * * * * * * * * * * * //

dimensions      [1 -3 0 0 0 0 0];

internalField   nonuniform List<scalar> 
4000
(
0.2892497
0.2893283
0.2894178
0.2894078
0.2893985
0.2893996
0.2894005
0.2894004
0.2894003
0.2894002
0.2894002
0.2894002
0.2894002
0.2894001
0.2894001
0.2894001
0.2894001
0.2894
0.2894
0.2894
0.2893999
0.2893999
0.2893999
0.2893999
0.2893998
0.2893998
0.2893998
0.2893997
0.2893997
0.2893997
0.2893997
0.2893996
0.2893996
0.2893996
0.2893995
0.2893995
0.2893995
0.2893995
0.2893994
0.2893994
0.2893994
0.2893994
0.2893993
0.2893993
0.2893993
0.2893992
0.2893992
0.2893992
0.2893992
0.2893991
0.2893991
0.2893991
0.289399
0.289399
0.289399
0.289399
0.2893989
0.2893989
0.2893989
0.2893988
0.2893988
0.2893988
0.2893988
0.2893987
0.2893987
0.2893987
0.2893986
0.2893986
0.2893986
0.2893986
0.2893985
0.2893985
0.2893985
0.2893984
0.2893984
0.2893984
0.2893984
0.2893983
0.2893983
0.2893983
0.2893983
0.2893982
0.2893982
0.2893982
0.2893981
0.2893981
0.2893981
0.2893981
0.289398
0.289398
0.289398
0.2893979
0.2893979
0.2893979
0.2893979
0.2893978
0.2893978
0.2893978
0.2893978
0.2893977
0.2892498
0.2893283
0.2894177
0.2894078
0.2893985
0.2893996
0.2894005
0.2894004
0.2894002
0.2894002
0.2894002
0.2894002
0.2894001
0.2894001
0.2894001
0.2894001
0.2894
0.2894
0.2894
0.2893999
0.2893999
0.2893999
0.2893999
0.2893998
0.2893998
0.2893998
0.2893998
0.2893997
0.2893997
0.2893997
0.2893996
0.2893996
0.2893996
0.2893996
0.2893995
0.2893995
0.2893995
0.2893994
0.2893994
0.2893994
0.2893994
0.2893993
0.2893993
0.2893993
0.2893992
0.2893992
0.2893992
0.2893992
0.2893991
0.2893991
0.2893991
0.289399
0.289399
0.289399
0.289399
0.2893989
0.2893989
0.2893989
0.2893988
0.2893988
0.2893988
0.2893988
0.2893987
0.2893987
0.2893987
0.2893987
0.2893986
0.2893986
0.2893986
0.2893985
0.2893985
0.2893985
0.2893985
0.2893984
0.2893984
0.2893984
0.2893983
0.2893983
0.2893983
0.2893983
0.2893982
0.2893982
0.2893982
0.2893981
0.2893981
0.2893981
0.2893981
0.289398
0.289398
0.289398
0.289398
0.2893979
0.2893979
0.2893979
0.2893978
0.2893978
0.2893978
0.2893978
0.2893977
0.2893977
0.2892498
0.2893283
0.2894177
0.2894078
0.2893985
0.2893996
0.2894005
0.2894004
0.2894002
0.2894002
0.2894002
0.2894002
0.2894001
0.2894001
0.2894001
0.2894001
0.2894
0.2894
0.2894
0.2893999
0.2893999
0.2893999
0.2893999
0.2893998
0.2893998
0.2893998
0.2893998
0.2893997
0.2893997
0.2893997
0.2893996
0.2893996
0.2893996
0.2893996
0.2893995
0.2893995
0.2893995
0.2893994
0.2893994
0.2893994
0.2893994
0.2893993
0.2893993
0.2893993
0.2893992
0.2893992
0.2893992
0.2893992
0.2893991
0.2893991
0.2893991
0.289399
0.289399
0.289399
0.289399
0.2893989
0.2893989
0.2893989
0.2893988
0.2893988
0.2893988
0.2893988
0.2893987
0.2893987
0.2893987
0.2893987
0.2893986
0.2893986
0.2893986
0.2893985
0.2893985
0.2893985
0.2893985
0.2893984
0.2893984
0.2893984
0.2893983
0.2893983
0.2893983
0.2893983
0.2893982
0.2893982
0.2893982
0.2893981
0.2893981
0.2893981
0.2893981
0.289398
0.289398
0.289398
0.289398
0.2893979
0.2893979
0.2893979
0.2893978
0.2893978
0.2893978
0.2893978
0.2893977
0.2893977
0.2892498
0.2893283
0.2894177
0.2894078
0.2893985
0.2893996
0.2894005
0.2894004
0.2894002
0.2894002
0.2894002
0.2894002
0.2894001
0.2894001
0.2894001
0.2894001
0.2894
0.2894
0.2894
0.2893999
0.2893999
0.2893999
0.2893999
0.2893998
0.2893998
0.2893998
0.2893998
0.2893997
0.2893997
0.2893997
0.2893996
0.2893996
0.2893996
0.2893996
0.2893995
0.2893995
0.2893995
0.2893994
0.2893994
0.2893994
0.2893994
0.2893993
0.2893993
0.2893993
0.2893992
0.2893992
0.2893992
0.2893992
0.2893991
0.2893991
0.2893991
0.289399
0.289399
0.289399
0.289399
0.2893989
0.2893989
0.2893989
0.2893988
0.2893988
0.2893988
0.2893988
0.2893987
0.2893987
0.2893987
0.2893987
0.2893986
0.2893986
0.2893986
0.2893985
0.2893985
0.2893985
0.2893985
0.2893984
0.2893984
0.2893984
0.2893983
0.2893983
0.2893983
0.2893983
0.2893982
0.2893982
0.2893982
0.2893981
0.2893981
0.2893981
0.2893981
0.289398
0.289398
0.289398
0.289398
0.2893979
0.2893979
0.2893979
0.2893978
0.2893978
0.2893978
0.2893978
0.2893977
0.2893977
0.2892498
0.2893283
0.2894177
0.2894078
0.2893985
0.2893996
0.2894005
0.2894004
0.2894002
0.2894002
0.2894002
0.2894002
0.2894001
0.2894001
0.2894001
0.2894001
0.2894
0.2894
0.2894
0.2893999
0.2893999
0.2893999
0.2893999
0.2893998
0.2893998
0.2893998
0.2893998
0.2893997
0.2893997
0.2893997
0.2893996
0.2893996
0.2893996
0.2893996
0.2893995
0.2893995
0.2893995
0.2893994
0.2893994
0.2893994
0.2893994
0.2893993
0.2893993
0.2893993
0.2893992
0.2893992
0.2893992
0.2893992
0.2893991
0.2893991
0.2893991
0.289399
0.289399
0.289399
0.289399
0.2893989
0.2893989
0.2893989
0.2893989
0.2893988
0.2893988
0.2893988
0.2893987
0.2893987
0.2893987
0.2893987
0.2893986
0.2893986
0.2893986
0.2893985
0.2893985
0.2893985
0.2893985
0.2893984
0.2893984
0.2893984
0.2893983
0.2893983
0.2893983
0.2893983
0.2893982
0.2893982
0.2893982
0.2893981
0.2893981
0.2893981
0.2893981
0.289398
0.289398
0.289398
0.289398
0.2893979
0.2893979
0.2893979
0.2893978
0.2893978
0.2893978
0.2893978
0.2893977
0.2893977
0.2892498
0.2893283
0.2894177
0.2894078
0.2893985
0.2893996
0.2894005
0.2894004
0.2894002
0.2894002
0.2894002
0.2894002
0.2894001
0.2894001
0.2894001
0.2894001
0.2894
0.2894
0.2894
0.2894
0.2893999
0.2893999
0.2893999
0.2893998
0.2893998
0.2893998
0.2893998
0.2893997
0.2893997
0.2893997
0.2893996
0.2893996
0.2893996
0.2893996
0.2893995
0.2893995
0.2893995
0.2893994
0.2893994
0.2893994
0.2893994
0.2893993
0.2893993
0.2893993
0.2893992
0.2893992
0.2893992
0.2893992
0.2893991
0.2893991
0.2893991
0.289399
0.289399
0.289399
0.289399
0.2893989
0.2893989
0.2893989
0.2893989
0.2893988
0.2893988
0.2893988
0.2893987
0.2893987
0.2893987
0.2893987
0.2893986
0.2893986
0.2893986
0.2893985
0.2893985
0.2893985
0.2893985
0.2893984
0.2893984
0.2893984
0.2893983
0.2893983
0.2893983
0.2893983
0.2893982
0.2893982
0.2893982
0.2893981
0.2893981
0.2893981
0.2893981
0.289398
0.289398
0.289398
0.289398
0.2893979
0.2893979
0.2893979
0.2893978
0.2893978
0.2893978
0.2893978
0.2893977
0.2893977
0.2892498
0.2893283
0.2894177
0.2894078
0.2893985
0.2893996
0.2894005
0.2894004
0.2894002
0.2894002
0.2894002
0.2894002
0.2894001
0.2894001
0.2894001
0.2894001
0.2894
0.2894
0.2894
0.2894
0.2893999
0.2893999
0.2893999
0.2893998
0.2893998
0.2893998
0.2893998
0.2893997
0.2893997
0.2893997
0.2893996
0.2893996
0.2893996
0.2893996
0.2893995
0.2893995
0.2893995
0.2893994
0.2893994
0.2893994
0.2893994
0.2893993
0.2893993
0.2893993
0.2893992
0.2893992
0.2893992
0.2893992
0.2893991
0.2893991
0.2893991
0.289399
0.289399
0.289399
0.289399
0.2893989
0.2893989
0.2893989
0.2893989
0.2893988
0.2893988
0.2893988
0.2893987
0.2893987
0.2893987
0.2893987
0.2893986
0.2893986
0.2893986
0.2893985
0.2893985
0.2893985
0.2893985
0.2893984
0.2893984
0.2893984
0.2893983
0.2893983
0.2893983
0.2893983
0.2893982
0.2893982
0.2893982
0.2893981
0.2893981
0.2893981
0.2893981
0.289398
0.289398
0.289398
0.289398
0.2893979
0.2893979
0.2893979
0.2893978
0.2893978
0.2893978
0.2893978
0.2893977
0.2893977
0.2892498
0.2893283
0.2894177
0.2894078
0.2893985
0.2893996
0.2894005
0.2894004
0.2894002
0.2894002
0.2894002
0.2894002
0.2894001
0.2894001
0.2894001
0.2894001
0.2894
0.2894
0.2894
0.2894
0.2893999
0.2893999
0.2893999
0.2893998
0.2893998
0.2893998
0.2893998
0.2893997
0.2893997
0.2893997
0.2893996
0.2893996
0.2893996
0.2893996
0.2893995
0.2893995
0.2893995
0.2893994
0.2893994
0.2893994
0.2893994
0.2893993
0.2893993
0.2893993
0.2893992
0.2893992
0.2893992
0.2893992
0.2893991
0.2893991
0.2893991
0.2893991
0.289399
0.289399
0.289399
0.2893989
0.2893989
0.2893989
0.2893989
0.2893988
0.2893988
0.2893988
0.2893987
0.2893987
0.2893987
0.2893987
0.2893986
0.2893986
0.2893986
0.2893985
0.2893985
0.2893985
0.2893985
0.2893984
0.2893984
0.2893984
0.2893983
0.2893983
0.2893983
0.2893983
0.2893982
0.2893982
0.2893982
0.2893981
0.2893981
0.2893981
0.2893981
0.289398
0.289398
0.289398
0.289398
0.2893979
0.2893979
0.2893979
0.2893978
0.2893978
0.2893978
0.2893978
0.2893977
0.2893977
0.2892498
0.2893283
0.2894177
0.2894078
0.2893985
0.2893996
0.2894005
0.2894004
0.2894002
0.2894002
0.2894002
0.2894002
0.2894001
0.2894001
0.2894001
0.2894001
0.2894
0.2894
0.2894
0.2894
0.2893999
0.2893999
0.2893999
0.2893998
0.2893998
0.2893998
0.2893998
0.2893997
0.2893997
0.2893997
0.2893996
0.2893996
0.2893996
0.2893996
0.2893995
0.2893995
0.2893995
0.2893994
0.2893994
0.2893994
0.2893994
0.2893993
0.2893993
0.2893993
0.2893992
0.2893992
0.2893992
0.2893992
0.2893991
0.2893991
0.2893991
0.2893991
0.289399
0.289399
0.289399
0.2893989
0.2893989
0.2893989
0.2893989
0.2893988
0.2893988
0.2893988
0.2893987
0.2893987
0.2893987
0.2893987
0.2893986
0.2893986
0.2893986
0.2893985
0.2893985
0.2893985
0.2893985
0.2893984
0.2893984
0.2893984
0.2893983
0.2893983
0.2893983
0.2893983
0.2893982
0.2893982
0.2893982
0.2893981
0.2893981
0.2893981
0.2893981
0.289398
0.289398
0.289398
0.289398
0.2893979
0.2893979
0.2893979
0.2893978
0.2893978
0.2893978
0.2893978
0.2893977
0.2893977
0.2892498
0.2893283
0.2894177
0.2894078
0.2893985
0.2893996
0.2894005
0.2894004
0.2894002
0.2894002
0.2894002
0.2894002
0.2894001
0.2894001
0.2894001
0.2894001
0.2894
0.2894
0.2894
0.2894
0.2893999
0.2893999
0.2893999
0.2893998
0.2893998
0.2893998
0.2893998
0.2893997
0.2893997
0.2893997
0.2893996
0.2893996
0.2893996
0.2893996
0.2893995
0.2893995
0.2893995
0.2893994
0.2893994
0.2893994
0.2893994
0.2893993
0.2893993
0.2893993
0.2893992
0.2893992
0.2893992
0.2893992
0.2893991
0.2893991
0.2893991
0.2893991
0.289399
0.289399
0.289399
0.2893989
0.2893989
0.2893989
0.2893989
0.2893988
0.2893988
0.2893988
0.2893987
0.2893987
0.2893987
0.2893987
0.2893986
0.2893986
0.2893986
0.2893985
0.2893985
0.2893985
0.2893985
0.2893984
0.2893984
0.2893984
0.2893983
0.2893983
0.2893983
0.2893983
0.2893982
0.2893982
0.2893982
0.2893981
0.2893981
0.2893981
0.2893981
0.289398
0.289398
0.289398
0.289398
0.2893979
0.2893979
0.2893979
0.2893978
0.2893978
0.2893978
0.2893978
0.2893977
0.2893977
0.2892498
0.2893283
0.2894177
0.2894078
0.2893985
0.2893996
0.2894005
0.2894004
0.2894002
0.2894002
0.2894002
0.2894002
0.2894001
0.2894001
0.2894001
0.2894001
0.2894
0.2894
0.2894
0.2894
0.2893999
0.2893999
0.2893999
0.2893998
0.2893998
0.2893998
0.2893998
0.2893997
0.2893997
0.2893997
0.2893996
0.2893996
0.2893996
0.2893996
0.2893995
0.2893995
0.2893995
0.2893994
0.2893994
0.2893994
0.2893994
0.2893993
0.2893993
0.2893993
0.2893992
0.2893992
0.2893992
0.2893992
0.2893991
0.2893991
0.2893991
0.2893991
0.289399
0.289399
0.289399
0.2893989
0.2893989
0.2893989
0.2893989
0.2893988
0.2893988
0.2893988
0.2893987
0.2893987
0.2893987
0.2893987
0.2893986
0.2893986
0.2893986
0.2893985
0.2893985
0.2893985
0.2893985
0.2893984
0.2893984
0.2893984
0.2893983
0.2893983
0.2893983
0.2893983
0.2893982
0.2893982
0.2893982
0.2893981
0.2893981
0.2893981
0.2893981
0.289398
0.289398
0.289398
0.289398
0.2893979
0.2893979
0.2893979
0.2893978
0.2893978
0.2893978
0.2893978
0.2893977
0.2893977
0.2892498
0.2893283
0.2894177
0.2894078
0.2893985
0.2893996
0.2894005
0.2894004
0.2894002
0.2894002
0.2894002
0.2894002
0.2894001
0.2894001
0.2894001
0.2894001
0.2894
0.2894
0.2894
0.2894
0.2893999
0.2893999
0.2893999
0.2893998
0.2893998
0.2893998
0.2893998
0.2893997
0.2893997
0.2893997
0.2893996
0.2893996
0.2893996
0.2893996
0.2893995
0.2893995
0.2893995
0.2893994
0.2893994
0.2893994
0.2893994
0.2893993
0.2893993
0.2893993
0.2893992
0.2893992
0.2893992
0.2893992
0.2893991
0.2893991
0.2893991
0.2893991
0.289399
0.289399
0.289399
0.2893989
0.2893989
0.2893989
0.2893989
0.2893988
0.2893988
0.2893988
0.2893987
0.2893987
0.2893987
0.2893987
0.2893986
0.2893986
0.2893986
0.2893985
0.2893985
0.2893985
0.2893985
0.2893984
0.2893984
0.2893984
0.2893983
0.2893983
0.2893983
0.2893983
0.2893982
0.2893982
0.2893982
0.2893981
0.2893981
0.2893981
0.2893981
0.289398
0.289398
0.289398
0.289398
0.2893979
0.2893979
0.2893979
0.2893978
0.2893978
0.2893978
0.2893978
0.2893977
0.2893977
0.2892498
0.2893283
0.2894177
0.2894078
0.2893985
0.2893996
0.2894005
0.2894004
0.2894002
0.2894002
0.2894002
0.2894002
0.2894001
0.2894001
0.2894001
0.2894001
0.2894
0.2894
0.2894
0.2894
0.2893999
0.2893999
0.2893999
0.2893998
0.2893998
0.2893998
0.2893998
0.2893997
0.2893997
0.2893997
0.2893996
0.2893996
0.2893996
0.2893996
0.2893995
0.2893995
0.2893995
0.2893994
0.2893994
0.2893994
0.2893994
0.2893993
0.2893993
0.2893993
0.2893992
0.2893992
0.2893992
0.2893992
0.2893991
0.2893991
0.2893991
0.2893991
0.289399
0.289399
0.289399
0.2893989
0.2893989
0.2893989
0.2893989
0.2893988
0.2893988
0.2893988
0.2893987
0.2893987
0.2893987
0.2893987
0.2893986
0.2893986
0.2893986
0.2893985
0.2893985
0.2893985
0.2893985
0.2893984
0.2893984
0.2893984
0.2893983
0.2893983
0.2893983
0.2893983
0.2893982
0.2893982
0.2893982
0.2893981
0.2893981
0.2893981
0.2893981
0.289398
0.289398
0.289398
0.289398
0.2893979
0.2893979
0.2893979
0.2893978
0.2893978
0.2893978
0.2893978
0.2893977
0.2893977
0.2892498
0.2893283
0.2894177
0.2894078
0.2893985
0.2893996
0.2894005
0.2894004
0.2894002
0.2894002
0.2894002
0.2894002
0.2894001
0.2894001
0.2894001
0.2894001
0.2894
0.2894
0.2894
0.2894
0.2893999
0.2893999
0.2893999
0.2893998
0.2893998
0.2893998
0.2893998
0.2893997
0.2893997
0.2893997
0.2893996
0.2893996
0.2893996
0.2893996
0.2893995
0.2893995
0.2893995
0.2893994
0.2893994
0.2893994
0.2893994
0.2893993
0.2893993
0.2893993
0.2893993
0.2893992
0.2893992
0.2893992
0.2893991
0.2893991
0.2893991
0.2893991
0.289399
0.289399
0.289399
0.2893989
0.2893989
0.2893989
0.2893989
0.2893988
0.2893988
0.2893988
0.2893987
0.2893987
0.2893987
0.2893987
0.2893986
0.2893986
0.2893986
0.2893985
0.2893985
0.2893985
0.2893985
0.2893984
0.2893984
0.2893984
0.2893983
0.2893983
0.2893983
0.2893983
0.2893982
0.2893982
0.2893982
0.2893981
0.2893981
0.2893981
0.2893981
0.289398
0.289398
0.289398
0.289398
0.2893979
0.2893979
0.2893979
0.2893978
0.2893978
0.2893978
0.2893978
0.2893977
0.2893977
0.2892499
0.2893283
0.2894177
0.2894078
0.2893985
0.2893996
0.2894005
0.2894004
0.2894002
0.2894002
0.2894002
0.2894002
0.2894002
0.2894001
0.2894001
0.2894001
0.2894
0.2894
0.2894
0.2894
0.2893999
0.2893999
0.2893999
0.2893998
0.2893998
0.2893998
0.2893998
0.2893997
0.2893997
0.2893997
0.2893996
0.2893996
0.2893996
0.2893996
0.2893995
0.2893995
0.2893995
0.2893994
0.2893994
0.2893994
0.2893994
0.2893993
0.2893993
0.2893993
0.2893993
0.2893992
0.2893992
0.2893992
0.2893991
0.2893991
0.2893991
0.2893991
0.289399
0.289399
0.289399
0.2893989
0.2893989
0.2893989
0.2893989
0.2893988
0.2893988
0.2893988
0.2893987
0.2893987
0.2893987
0.2893987
0.2893986
0.2893986
0.2893986
0.2893985
0.2893985
0.2893985
0.2893985
0.2893984
0.2893984
0.2893984
0.2893983
0.2893983
0.2893983
0.2893983
0.2893982
0.2893982
0.2893982
0.2893981
0.2893981
0.2893981
0.2893981
0.289398
0.289398
0.289398
0.289398
0.2893979
0.2893979
0.2893979
0.2893978
0.2893978
0.2893978
0.2893978
0.2893977
0.2893977
0.2892499
0.2893283
0.2894177
0.2894078
0.2893985
0.2893996
0.2894005
0.2894004
0.2894002
0.2894002
0.2894002
0.2894002
0.2894002
0.2894001
0.2894001
0.2894001
0.2894
0.2894
0.2894
0.2894
0.2893999
0.2893999
0.2893999
0.2893998
0.2893998
0.2893998
0.2893998
0.2893997
0.2893997
0.2893997
0.2893996
0.2893996
0.2893996
0.2893996
0.2893995
0.2893995
0.2893995
0.2893994
0.2893994
0.2893994
0.2893994
0.2893993
0.2893993
0.2893993
0.2893993
0.2893992
0.2893992
0.2893992
0.2893991
0.2893991
0.2893991
0.2893991
0.289399
0.289399
0.289399
0.2893989
0.2893989
0.2893989
0.2893989
0.2893988
0.2893988
0.2893988
0.2893987
0.2893987
0.2893987
0.2893987
0.2893986
0.2893986
0.2893986
0.2893985
0.2893985
0.2893985
0.2893985
0.2893984
0.2893984
0.2893984
0.2893983
0.2893983
0.2893983
0.2893983
0.2893982
0.2893982
0.2893982
0.2893981
0.2893981
0.2893981
0.2893981
0.289398
0.289398
0.289398
0.289398
0.2893979
0.2893979
0.2893979
0.2893978
0.2893978
0.2893978
0.2893978
0.2893977
0.2893977
0.2892499
0.2893283
0.2894177
0.2894078
0.2893985
0.2893996
0.2894005
0.2894004
0.2894002
0.2894002
0.2894002
0.2894002
0.2894002
0.2894001
0.2894001
0.2894001
0.2894
0.2894
0.2894
0.2894
0.2893999
0.2893999
0.2893999
0.2893998
0.2893998
0.2893998
0.2893998
0.2893997
0.2893997
0.2893997
0.2893996
0.2893996
0.2893996
0.2893996
0.2893995
0.2893995
0.2893995
0.2893994
0.2893994
0.2893994
0.2893994
0.2893993
0.2893993
0.2893993
0.2893993
0.2893992
0.2893992
0.2893992
0.2893991
0.2893991
0.2893991
0.2893991
0.289399
0.289399
0.289399
0.2893989
0.2893989
0.2893989
0.2893989
0.2893988
0.2893988
0.2893988
0.2893987
0.2893987
0.2893987
0.2893987
0.2893986
0.2893986
0.2893986
0.2893985
0.2893985
0.2893985
0.2893985
0.2893984
0.2893984
0.2893984
0.2893983
0.2893983
0.2893983
0.2893983
0.2893982
0.2893982
0.2893982
0.2893981
0.2893981
0.2893981
0.2893981
0.289398
0.289398
0.289398
0.289398
0.2893979
0.2893979
0.2893979
0.2893978
0.2893978
0.2893978
0.2893978
0.2893977
0.2893977
0.2892499
0.2893283
0.2894177
0.2894078
0.2893985
0.2893996
0.2894005
0.2894004
0.2894002
0.2894002
0.2894002
0.2894002
0.2894002
0.2894001
0.2894001
0.2894001
0.2894
0.2894
0.2894
0.2894
0.2893999
0.2893999
0.2893999
0.2893998
0.2893998
0.2893998
0.2893998
0.2893997
0.2893997
0.2893997
0.2893996
0.2893996
0.2893996
0.2893996
0.2893995
0.2893995
0.2893995
0.2893995
0.2893994
0.2893994
0.2893994
0.2893993
0.2893993
0.2893993
0.2893993
0.2893992
0.2893992
0.2893992
0.2893991
0.2893991
0.2893991
0.2893991
0.289399
0.289399
0.289399
0.2893989
0.2893989
0.2893989
0.2893989
0.2893988
0.2893988
0.2893988
0.2893987
0.2893987
0.2893987
0.2893987
0.2893986
0.2893986
0.2893986
0.2893985
0.2893985
0.2893985
0.2893985
0.2893984
0.2893984
0.2893984
0.2893983
0.2893983
0.2893983
0.2893983
0.2893982
0.2893982
0.2893982
0.2893981
0.2893981
0.2893981
0.2893981
0.289398
0.289398
0.289398
0.289398
0.2893979
0.2893979
0.2893979
0.2893978
0.2893978
0.2893978
0.2893978
0.2893977
0.2893977
0.2892499
0.2893283
0.2894177
0.2894078
0.2893985
0.2893996
0.2894005
0.2894004
0.2894002
0.2894002
0.2894002
0.2894002
0.2894002
0.2894001
0.2894001
0.2894001
0.2894
0.2894
0.2894
0.2894
0.2893999
0.2893999
0.2893999
0.2893998
0.2893998
0.2893998
0.2893998
0.2893997
0.2893997
0.2893997
0.2893996
0.2893996
0.2893996
0.2893996
0.2893995
0.2893995
0.2893995
0.2893995
0.2893994
0.2893994
0.2893994
0.2893993
0.2893993
0.2893993
0.2893993
0.2893992
0.2893992
0.2893992
0.2893991
0.2893991
0.2893991
0.2893991
0.289399
0.289399
0.289399
0.2893989
0.2893989
0.2893989
0.2893989
0.2893988
0.2893988
0.2893988
0.2893987
0.2893987
0.2893987
0.2893987
0.2893986
0.2893986
0.2893986
0.2893985
0.2893985
0.2893985
0.2893985
0.2893984
0.2893984
0.2893984
0.2893983
0.2893983
0.2893983
0.2893983
0.2893982
0.2893982
0.2893982
0.2893981
0.2893981
0.2893981
0.2893981
0.289398
0.289398
0.289398
0.2893979
0.2893979
0.2893979
0.2893979
0.2893978
0.2893978
0.2893978
0.2893978
0.2893977
0.2893977
0.2892499
0.2893283
0.2894177
0.2894078
0.2893985
0.2893996
0.2894005
0.2894004
0.2894002
0.2894002
0.2894002
0.2894002
0.2894002
0.2894001
0.2894001
0.2894001
0.2894
0.2894
0.2894
0.2894
0.2893999
0.2893999
0.2893999
0.2893998
0.2893998
0.2893998
0.2893998
0.2893997
0.2893997
0.2893997
0.2893996
0.2893996
0.2893996
0.2893996
0.2893995
0.2893995
0.2893995
0.2893995
0.2893994
0.2893994
0.2893994
0.2893993
0.2893993
0.2893993
0.2893993
0.2893992
0.2893992
0.2893992
0.2893991
0.2893991
0.2893991
0.2893991
0.289399
0.289399
0.289399
0.2893989
0.2893989
0.2893989
0.2893989
0.2893988
0.2893988
0.2893988
0.2893987
0.2893987
0.2893987
0.2893987
0.2893986
0.2893986
0.2893986
0.2893985
0.2893985
0.2893985
0.2893985
0.2893984
0.2893984
0.2893984
0.2893983
0.2893983
0.2893983
0.2893983
0.2893982
0.2893982
0.2893982
0.2893981
0.2893981
0.2893981
0.2893981
0.289398
0.289398
0.289398
0.2893979
0.2893979
0.2893979
0.2893979
0.2893978
0.2893978
0.2893978
0.2893978
0.2893977
0.2893977
0.2892499
0.2893283
0.2894177
0.2894078
0.2893985
0.2893996
0.2894005
0.2894004
0.2894002
0.2894002
0.2894002
0.2894002
0.2894002
0.2894001
0.2894001
0.2894001
0.2894
0.2894
0.2894
0.2894
0.2893999
0.2893999
0.2893999
0.2893998
0.2893998
0.2893998
0.2893998
0.2893997
0.2893997
0.2893997
0.2893997
0.2893996
0.2893996
0.2893996
0.2893995
0.2893995
0.2893995
0.2893995
0.2893994
0.2893994
0.2893994
0.2893993
0.2893993
0.2893993
0.2893993
0.2893992
0.2893992
0.2893992
0.2893991
0.2893991
0.2893991
0.2893991
0.289399
0.289399
0.289399
0.2893989
0.2893989
0.2893989
0.2893989
0.2893988
0.2893988
0.2893988
0.2893987
0.2893987
0.2893987
0.2893987
0.2893986
0.2893986
0.2893986
0.2893985
0.2893985
0.2893985
0.2893985
0.2893984
0.2893984
0.2893984
0.2893983
0.2893983
0.2893983
0.2893983
0.2893982
0.2893982
0.2893982
0.2893981
0.2893981
0.2893981
0.2893981
0.289398
0.289398
0.289398
0.2893979
0.2893979
0.2893979
0.2893979
0.2893978
0.2893978
0.2893978
0.2893978
0.2893977
0.2893977
0.2892499
0.2893283
0.2894177
0.2894078
0.2893985
0.2893996
0.2894005
0.2894004
0.2894003
0.2894002
0.2894002
0.2894002
0.2894002
0.2894001
0.2894001
0.2894001
0.2894
0.2894
0.2894
0.2894
0.2893999
0.2893999
0.2893999
0.2893999
0.2893998
0.2893998
0.2893998
0.2893997
0.2893997
0.2893997
0.2893997
0.2893996
0.2893996
0.2893996
0.2893995
0.2893995
0.2893995
0.2893995
0.2893994
0.2893994
0.2893994
0.2893993
0.2893993
0.2893993
0.2893993
0.2893992
0.2893992
0.2893992
0.2893991
0.2893991
0.2893991
0.2893991
0.289399
0.289399
0.289399
0.2893989
0.2893989
0.2893989
0.2893989
0.2893988
0.2893988
0.2893988
0.2893987
0.2893987
0.2893987
0.2893987
0.2893986
0.2893986
0.2893986
0.2893985
0.2893985
0.2893985
0.2893985
0.2893984
0.2893984
0.2893984
0.2893983
0.2893983
0.2893983
0.2893983
0.2893982
0.2893982
0.2893982
0.2893981
0.2893981
0.2893981
0.2893981
0.289398
0.289398
0.289398
0.2893979
0.2893979
0.2893979
0.2893979
0.2893978
0.2893978
0.2893978
0.2893978
0.2893977
0.2893977
0.2892499
0.2893283
0.2894177
0.2894078
0.2893985
0.2893996
0.2894005
0.2894004
0.2894003
0.2894002
0.2894002
0.2894002
0.2894002
0.2894001
0.2894001
0.2894001
0.2894
0.2894
0.2894
0.2894
0.2893999
0.2893999
0.2893999
0.2893999
0.2893998
0.2893998
0.2893998
0.2893997
0.2893997
0.2893997
0.2893997
0.2893996
0.2893996
0.2893996
0.2893995
0.2893995
0.2893995
0.2893995
0.2893994
0.2893994
0.2893994
0.2893993
0.2893993
0.2893993
0.2893993
0.2893992
0.2893992
0.2893992
0.2893991
0.2893991
0.2893991
0.2893991
0.289399
0.289399
0.289399
0.2893989
0.2893989
0.2893989
0.2893989
0.2893988
0.2893988
0.2893988
0.2893987
0.2893987
0.2893987
0.2893987
0.2893986
0.2893986
0.2893986
0.2893985
0.2893985
0.2893985
0.2893985
0.2893984
0.2893984
0.2893984
0.2893983
0.2893983
0.2893983
0.2893983
0.2893982
0.2893982
0.2893982
0.2893981
0.2893981
0.2893981
0.2893981
0.289398
0.289398
0.289398
0.2893979
0.2893979
0.2893979
0.2893979
0.2893978
0.2893978
0.2893978
0.2893978
0.2893977
0.2893977
0.2892499
0.2893283
0.2894177
0.2894078
0.2893985
0.2893996
0.2894005
0.2894004
0.2894003
0.2894002
0.2894002
0.2894002
0.2894002
0.2894001
0.2894001
0.2894001
0.2894001
0.2894
0.2894
0.2894
0.2893999
0.2893999
0.2893999
0.2893999
0.2893998
0.2893998
0.2893998
0.2893997
0.2893997
0.2893997
0.2893997
0.2893996
0.2893996
0.2893996
0.2893995
0.2893995
0.2893995
0.2893995
0.2893994
0.2893994
0.2893994
0.2893993
0.2893993
0.2893993
0.2893993
0.2893992
0.2893992
0.2893992
0.2893991
0.2893991
0.2893991
0.2893991
0.289399
0.289399
0.289399
0.2893989
0.2893989
0.2893989
0.2893989
0.2893988
0.2893988
0.2893988
0.2893987
0.2893987
0.2893987
0.2893987
0.2893986
0.2893986
0.2893986
0.2893985
0.2893985
0.2893985
0.2893985
0.2893984
0.2893984
0.2893984
0.2893983
0.2893983
0.2893983
0.2893983
0.2893982
0.2893982
0.2893982
0.2893981
0.2893981
0.2893981
0.2893981
0.289398
0.289398
0.289398
0.2893979
0.2893979
0.2893979
0.2893979
0.2893978
0.2893978
0.2893978
0.2893977
0.2893977
0.2893977
0.2892499
0.2893283
0.2894177
0.2894078
0.2893985
0.2893996
0.2894005
0.2894004
0.2894003
0.2894002
0.2894002
0.2894002
0.2894002
0.2894001
0.2894001
0.2894001
0.2894001
0.2894
0.2894
0.2894
0.2893999
0.2893999
0.2893999
0.2893999
0.2893998
0.2893998
0.2893998
0.2893997
0.2893997
0.2893997
0.2893997
0.2893996
0.2893996
0.2893996
0.2893995
0.2893995
0.2893995
0.2893995
0.2893994
0.2893994
0.2893994
0.2893993
0.2893993
0.2893993
0.2893993
0.2893992
0.2893992
0.2893992
0.2893991
0.2893991
0.2893991
0.2893991
0.289399
0.289399
0.289399
0.2893989
0.2893989
0.2893989
0.2893989
0.2893988
0.2893988
0.2893988
0.2893987
0.2893987
0.2893987
0.2893987
0.2893986
0.2893986
0.2893986
0.2893985
0.2893985
0.2893985
0.2893985
0.2893984
0.2893984
0.2893984
0.2893983
0.2893983
0.2893983
0.2893983
0.2893982
0.2893982
0.2893982
0.2893981
0.2893981
0.2893981
0.2893981
0.289398
0.289398
0.289398
0.2893979
0.2893979
0.2893979
0.2893979
0.2893978
0.2893978
0.2893978
0.2893977
0.2893977
0.2893977
0.2892499
0.2893283
0.2894177
0.2894078
0.2893985
0.2893996
0.2894005
0.2894004
0.2894003
0.2894002
0.2894002
0.2894002
0.2894002
0.2894001
0.2894001
0.2894001
0.2894001
0.2894
0.2894
0.2894
0.2893999
0.2893999
0.2893999
0.2893999
0.2893998
0.2893998
0.2893998
0.2893997
0.2893997
0.2893997
0.2893997
0.2893996
0.2893996
0.2893996
0.2893995
0.2893995
0.2893995
0.2893995
0.2893994
0.2893994
0.2893994
0.2893993
0.2893993
0.2893993
0.2893993
0.2893992
0.2893992
0.2893992
0.2893991
0.2893991
0.2893991
0.2893991
0.289399
0.289399
0.289399
0.2893989
0.2893989
0.2893989
0.2893989
0.2893988
0.2893988
0.2893988
0.2893987
0.2893987
0.2893987
0.2893987
0.2893986
0.2893986
0.2893986
0.2893985
0.2893985
0.2893985
0.2893985
0.2893984
0.2893984
0.2893984
0.2893983
0.2893983
0.2893983
0.2893983
0.2893982
0.2893982
0.2893982
0.2893981
0.2893981
0.2893981
0.2893981
0.289398
0.289398
0.289398
0.2893979
0.2893979
0.2893979
0.2893979
0.2893978
0.2893978
0.2893978
0.2893977
0.2893977
0.2893977
0.2892499
0.2893283
0.2894177
0.2894078
0.2893986
0.2893996
0.2894005
0.2894004
0.2894003
0.2894002
0.2894002
0.2894002
0.2894002
0.2894001
0.2894001
0.2894001
0.2894001
0.2894
0.2894
0.2894
0.2893999
0.2893999
0.2893999
0.2893999
0.2893998
0.2893998
0.2893998
0.2893997
0.2893997
0.2893997
0.2893997
0.2893996
0.2893996
0.2893996
0.2893995
0.2893995
0.2893995
0.2893995
0.2893994
0.2893994
0.2893994
0.2893993
0.2893993
0.2893993
0.2893993
0.2893992
0.2893992
0.2893992
0.2893991
0.2893991
0.2893991
0.2893991
0.289399
0.289399
0.289399
0.2893989
0.2893989
0.2893989
0.2893989
0.2893988
0.2893988
0.2893988
0.2893987
0.2893987
0.2893987
0.2893987
0.2893986
0.2893986
0.2893986
0.2893985
0.2893985
0.2893985
0.2893985
0.2893984
0.2893984
0.2893984
0.2893983
0.2893983
0.2893983
0.2893983
0.2893982
0.2893982
0.2893982
0.2893981
0.2893981
0.2893981
0.2893981
0.289398
0.289398
0.289398
0.2893979
0.2893979
0.2893979
0.2893979
0.2893978
0.2893978
0.2893978
0.2893977
0.2893977
0.2893977
0.2892499
0.2893283
0.2894177
0.2894078
0.2893986
0.2893996
0.2894005
0.2894004
0.2894003
0.2894003
0.2894002
0.2894002
0.2894002
0.2894001
0.2894001
0.2894001
0.2894001
0.2894
0.2894
0.2894
0.2893999
0.2893999
0.2893999
0.2893999
0.2893998
0.2893998
0.2893998
0.2893997
0.2893997
0.2893997
0.2893997
0.2893996
0.2893996
0.2893996
0.2893995
0.2893995
0.2893995
0.2893995
0.2893994
0.2893994
0.2893994
0.2893993
0.2893993
0.2893993
0.2893993
0.2893992
0.2893992
0.2893992
0.2893991
0.2893991
0.2893991
0.2893991
0.289399
0.289399
0.289399
0.2893989
0.2893989
0.2893989
0.2893989
0.2893988
0.2893988
0.2893988
0.2893987
0.2893987
0.2893987
0.2893987
0.2893986
0.2893986
0.2893986
0.2893985
0.2893985
0.2893985
0.2893985
0.2893984
0.2893984
0.2893984
0.2893983
0.2893983
0.2893983
0.2893983
0.2893982
0.2893982
0.2893982
0.2893981
0.2893981
0.2893981
0.2893981
0.289398
0.289398
0.289398
0.2893979
0.2893979
0.2893979
0.2893979
0.2893978
0.2893978
0.2893978
0.2893977
0.2893977
0.2893977
0.2892499
0.2893283
0.2894177
0.2894078
0.2893986
0.2893996
0.2894005
0.2894004
0.2894003
0.2894003
0.2894002
0.2894002
0.2894002
0.2894001
0.2894001
0.2894001
0.2894001
0.2894
0.2894
0.2894
0.2893999
0.2893999
0.2893999
0.2893999
0.2893998
0.2893998
0.2893998
0.2893997
0.2893997
0.2893997
0.2893997
0.2893996
0.2893996
0.2893996
0.2893995
0.2893995
0.2893995
0.2893995
0.2893994
0.2893994
0.2893994
0.2893993
0.2893993
0.2893993
0.2893993
0.2893992
0.2893992
0.2893992
0.2893991
0.2893991
0.2893991
0.2893991
0.289399
0.289399
0.289399
0.2893989
0.2893989
0.2893989
0.2893989
0.2893988
0.2893988
0.2893988
0.2893987
0.2893987
0.2893987
0.2893987
0.2893986
0.2893986
0.2893986
0.2893985
0.2893985
0.2893985
0.2893985
0.2893984
0.2893984
0.2893984
0.2893983
0.2893983
0.2893983
0.2893983
0.2893982
0.2893982
0.2893982
0.2893981
0.2893981
0.2893981
0.2893981
0.289398
0.289398
0.289398
0.2893979
0.2893979
0.2893979
0.2893979
0.2893978
0.2893978
0.2893978
0.2893977
0.2893977
0.2893977
0.2892499
0.2893283
0.2894178
0.2894078
0.2893986
0.2893996
0.2894006
0.2894004
0.2894003
0.2894003
0.2894002
0.2894002
0.2894002
0.2894001
0.2894001
0.2894001
0.2894001
0.2894
0.2894
0.2894
0.2893999
0.2893999
0.2893999
0.2893999
0.2893998
0.2893998
0.2893998
0.2893997
0.2893997
0.2893997
0.2893997
0.2893996
0.2893996
0.2893996
0.2893995
0.2893995
0.2893995
0.2893995
0.2893994
0.2893994
0.2893994
0.2893993
0.2893993
0.2893993
0.2893993
0.2893992
0.2893992
0.2893992
0.2893991
0.2893991
0.2893991
0.2893991
0.289399
0.289399
0.289399
0.2893989
0.2893989
0.2893989
0.2893989
0.2893988
0.2893988
0.2893988
0.2893987
0.2893987
0.2893987
0.2893987
0.2893986
0.2893986
0.2893986
0.2893985
0.2893985
0.2893985
0.2893985
0.2893984
0.2893984
0.2893984
0.2893983
0.2893983
0.2893983
0.2893983
0.2893982
0.2893982
0.2893982
0.2893981
0.2893981
0.2893981
0.2893981
0.289398
0.289398
0.289398
0.2893979
0.2893979
0.2893979
0.2893978
0.2893978
0.2893978
0.2893978
0.2893977
0.2893977
0.2893977
0.2892499
0.2893283
0.2894178
0.2894078
0.2893986
0.2893996
0.2894006
0.2894004
0.2894003
0.2894003
0.2894002
0.2894002
0.2894002
0.2894002
0.2894001
0.2894001
0.2894001
0.2894
0.2894
0.2894
0.2893999
0.2893999
0.2893999
0.2893999
0.2893998
0.2893998
0.2893998
0.2893997
0.2893997
0.2893997
0.2893997
0.2893996
0.2893996
0.2893996
0.2893995
0.2893995
0.2893995
0.2893995
0.2893994
0.2893994
0.2893994
0.2893993
0.2893993
0.2893993
0.2893993
0.2893992
0.2893992
0.2893992
0.2893991
0.2893991
0.2893991
0.2893991
0.289399
0.289399
0.289399
0.2893989
0.2893989
0.2893989
0.2893989
0.2893988
0.2893988
0.2893988
0.2893987
0.2893987
0.2893987
0.2893987
0.2893986
0.2893986
0.2893986
0.2893985
0.2893985
0.2893985
0.2893985
0.2893984
0.2893984
0.2893984
0.2893983
0.2893983
0.2893983
0.2893983
0.2893982
0.2893982
0.2893982
0.2893981
0.2893981
0.2893981
0.2893981
0.289398
0.289398
0.289398
0.2893979
0.2893979
0.2893979
0.2893978
0.2893978
0.2893978
0.2893978
0.2893977
0.2893977
0.2893977
0.2892499
0.2893283
0.2894178
0.2894078
0.2893986
0.2893996
0.2894006
0.2894004
0.2894003
0.2894003
0.2894002
0.2894002
0.2894002
0.2894002
0.2894001
0.2894001
0.2894001
0.2894
0.2894
0.2894
0.2894
0.2893999
0.2893999
0.2893999
0.2893998
0.2893998
0.2893998
0.2893997
0.2893997
0.2893997
0.2893997
0.2893996
0.2893996
0.2893996
0.2893995
0.2893995
0.2893995
0.2893995
0.2893994
0.2893994
0.2893994
0.2893993
0.2893993
0.2893993
0.2893993
0.2893992
0.2893992
0.2893992
0.2893991
0.2893991
0.2893991
0.2893991
0.289399
0.289399
0.289399
0.2893989
0.2893989
0.2893989
0.2893989
0.2893988
0.2893988
0.2893988
0.2893987
0.2893987
0.2893987
0.2893987
0.2893986
0.2893986
0.2893986
0.2893985
0.2893985
0.2893985
0.2893985
0.2893984
0.2893984
0.2893984
0.2893983
0.2893983
0.2893983
0.2893983
0.2893982
0.2893982
0.2893982
0.2893981
0.2893981
0.2893981
0.2893981
0.289398
0.289398
0.289398
0.2893979
0.2893979
0.2893979
0.2893978
0.2893978
0.2893978
0.2893978
0.2893977
0.2893977
0.2893977
0.2892499
0.2893284
0.2894178
0.2894078
0.2893986
0.2893996
0.2894006
0.2894004
0.2894003
0.2894003
0.2894002
0.2894002
0.2894002
0.2894002
0.2894001
0.2894001
0.2894001
0.2894
0.2894
0.2894
0.2894
0.2893999
0.2893999
0.2893999
0.2893998
0.2893998
0.2893998
0.2893997
0.2893997
0.2893997
0.2893997
0.2893996
0.2893996
0.2893996
0.2893995
0.2893995
0.2893995
0.2893995
0.2893994
0.2893994
0.2893994
0.2893993
0.2893993
0.2893993
0.2893993
0.2893992
0.2893992
0.2893992
0.2893991
0.2893991
0.2893991
0.2893991
0.289399
0.289399
0.289399
0.2893989
0.2893989
0.2893989
0.2893989
0.2893988
0.2893988
0.2893988
0.2893987
0.2893987
0.2893987
0.2893987
0.2893986
0.2893986
0.2893986
0.2893985
0.2893985
0.2893985
0.2893985
0.2893984
0.2893984
0.2893984
0.2893983
0.2893983
0.2893983
0.2893983
0.2893982
0.2893982
0.2893982
0.2893981
0.2893981
0.2893981
0.2893981
0.289398
0.289398
0.289398
0.2893979
0.2893979
0.2893979
0.2893978
0.2893978
0.2893978
0.2893978
0.2893977
0.2893977
0.2893977
0.2892499
0.2893284
0.2894178
0.2894078
0.2893986
0.2893997
0.2894006
0.2894004
0.2894003
0.2894003
0.2894003
0.2894002
0.2894002
0.2894002
0.2894001
0.2894001
0.2894001
0.2894
0.2894
0.2894
0.2894
0.2893999
0.2893999
0.2893999
0.2893998
0.2893998
0.2893998
0.2893998
0.2893997
0.2893997
0.2893997
0.2893996
0.2893996
0.2893996
0.2893995
0.2893995
0.2893995
0.2893995
0.2893994
0.2893994
0.2893994
0.2893993
0.2893993
0.2893993
0.2893993
0.2893992
0.2893992
0.2893992
0.2893991
0.2893991
0.2893991
0.2893991
0.289399
0.289399
0.289399
0.2893989
0.2893989
0.2893989
0.2893989
0.2893988
0.2893988
0.2893988
0.2893987
0.2893987
0.2893987
0.2893987
0.2893986
0.2893986
0.2893986
0.2893985
0.2893985
0.2893985
0.2893985
0.2893984
0.2893984
0.2893984
0.2893983
0.2893983
0.2893983
0.2893983
0.2893982
0.2893982
0.2893982
0.2893981
0.2893981
0.2893981
0.2893981
0.289398
0.289398
0.289398
0.2893979
0.2893979
0.2893979
0.2893978
0.2893978
0.2893978
0.2893977
0.2893977
0.2893977
0.2893977
0.28925
0.2893284
0.2894178
0.2894078
0.2893986
0.2893997
0.2894006
0.2894004
0.2894003
0.2894003
0.2894003
0.2894002
0.2894002
0.2894002
0.2894001
0.2894001
0.2894001
0.2894
0.2894
0.2894
0.2894
0.2893999
0.2893999
0.2893999
0.2893998
0.2893998
0.2893998
0.2893998
0.2893997
0.2893997
0.2893997
0.2893996
0.2893996
0.2893996
0.2893996
0.2893995
0.2893995
0.2893995
0.2893994
0.2893994
0.2893994
0.2893994
0.2893993
0.2893993
0.2893993
0.2893992
0.2893992
0.2893992
0.2893992
0.2893991
0.2893991
0.2893991
0.289399
0.289399
0.289399
0.289399
0.2893989
0.2893989
0.2893989
0.2893988
0.2893988
0.2893988
0.2893988
0.2893987
0.2893987
0.2893987
0.2893986
0.2893986
0.2893986
0.2893985
0.2893985
0.2893985
0.2893985
0.2893984
0.2893984
0.2893984
0.2893983
0.2893983
0.2893983
0.2893983
0.2893982
0.2893982
0.2893982
0.2893981
0.2893981
0.2893981
0.2893981
0.289398
0.289398
0.289398
0.2893979
0.2893979
0.2893979
0.2893978
0.2893978
0.2893978
0.2893977
0.2893977
0.2893977
0.2893977
0.28925
0.2893284
0.2894178
0.2894078
0.2893986
0.2893997
0.2894006
0.2894004
0.2894003
0.2894003
0.2894003
0.2894002
0.2894002
0.2894002
0.2894001
0.2894001
0.2894001
0.2894
0.2894
0.2894
0.2894
0.2893999
0.2893999
0.2893999
0.2893998
0.2893998
0.2893998
0.2893998
0.2893997
0.2893997
0.2893997
0.2893996
0.2893996
0.2893996
0.2893996
0.2893995
0.2893995
0.2893995
0.2893994
0.2893994
0.2893994
0.2893994
0.2893993
0.2893993
0.2893993
0.2893992
0.2893992
0.2893992
0.2893992
0.2893991
0.2893991
0.2893991
0.289399
0.289399
0.289399
0.289399
0.2893989
0.2893989
0.2893989
0.2893988
0.2893988
0.2893988
0.2893988
0.2893987
0.2893987
0.2893987
0.2893986
0.2893986
0.2893986
0.2893986
0.2893985
0.2893985
0.2893985
0.2893984
0.2893984
0.2893984
0.2893983
0.2893983
0.2893983
0.2893983
0.2893982
0.2893982
0.2893982
0.2893981
0.2893981
0.2893981
0.2893981
0.289398
0.289398
0.289398
0.2893979
0.2893979
0.2893979
0.2893978
0.2893978
0.2893978
0.2893977
0.2893977
0.2893977
0.2893977
0.28925
0.2893284
0.2894178
0.2894078
0.2893986
0.2893997
0.2894006
0.2894004
0.2894003
0.2894003
0.2894003
0.2894002
0.2894002
0.2894002
0.2894001
0.2894001
0.2894001
0.2894
0.2894
0.2894
0.2894
0.2893999
0.2893999
0.2893999
0.2893998
0.2893998
0.2893998
0.2893998
0.2893997
0.2893997
0.2893997
0.2893996
0.2893996
0.2893996
0.2893996
0.2893995
0.2893995
0.2893995
0.2893994
0.2893994
0.2893994
0.2893994
0.2893993
0.2893993
0.2893993
0.2893992
0.2893992
0.2893992
0.2893992
0.2893991
0.2893991
0.2893991
0.2893991
0.289399
0.289399
0.289399
0.2893989
0.2893989
0.2893989
0.2893989
0.2893988
0.2893988
0.2893988
0.2893988
0.2893987
0.2893987
0.2893987
0.2893986
0.2893986
0.2893986
0.2893986
0.2893985
0.2893985
0.2893985
0.2893985
0.2893984
0.2893984
0.2893984
0.2893984
0.2893983
0.2893983
0.2893983
0.2893983
0.2893982
0.2893982
0.2893982
0.2893982
0.2893981
0.2893981
0.2893981
0.289398
0.289398
0.289398
0.289398
0.2893979
0.2893979
0.2893979
0.2893979
0.2893978
0.2893978
0.28925
0.2893284
0.2894178
0.2894079
0.2893986
0.2893997
0.2894006
0.2894004
0.2894003
0.2894003
0.2894003
0.2894003
0.2894002
0.2894002
0.2894002
0.2894002
0.2894001
0.2894001
0.2894001
0.2894001
0.2894001
0.2894
0.2894
0.2894
0.2894
0.2894
0.2894
0.2894
0.2894
0.2894
0.2894
0.2894
0.2894
0.2894
0.2894
0.2894
0.2894
0.2894
0.2894
0.2894
0.2894
0.2894
0.2894001
0.2894001
0.2894001
0.2894001
0.2894002
0.2894002
0.2894002
0.2894003
0.2894003
0.2894003
0.2894004
0.2894004
0.2894005
0.2894005
0.2894006
0.2894006
0.2894007
0.2894008
0.2894008
0.2894009
0.289401
0.289401
0.2894011
0.2894012
0.2894013
0.2894014
0.2894015
0.2894016
0.2894017
0.2894018
0.2894019
0.289402
0.2894021
0.2894022
0.2894023
0.2894024
0.2894026
0.2894027
0.2894028
0.289403
0.2894031
0.2894032
0.2894034
0.2894035
0.2894037
0.2894038
0.289404
0.2894042
0.2894043
0.2894045
0.2894047
0.2894048
0.289405
0.2894052
0.2894053
0.2894055
0.2894056
0.2894058
0.2892501
0.2893287
0.2894182
0.2894085
0.2893996
0.2894011
0.2894024
0.2894028
0.2894033
0.2894039
0.2894046
0.2894054
0.2894062
0.2894071
0.2894081
0.2894091
0.2894102
0.2894113
0.2894126
0.2894138
0.2894152
0.2894166
0.2894181
0.2894196
0.2894213
0.2894229
0.2894247
0.2894265
0.2894284
0.2894303
0.2894323
0.2894343
0.2894365
0.2894387
0.2894409
0.2894432
0.2894456
0.289448
0.2894505
0.2894531
0.2894557
0.2894584
0.2894612
0.289464
0.2894669
0.2894698
0.2894728
0.2894759
0.289479
0.2894822
0.2894854
0.2894887
0.2894921
0.2894955
0.289499
0.2895025
0.2895061
0.2895098
0.2895135
0.2895173
0.2895212
0.2895251
0.289529
0.2895331
0.2895371
0.2895413
0.2895455
0.2895497
0.289554
0.2895584
0.2895628
0.2895673
0.2895719
0.2895765
0.2895811
0.2895858
0.2895906
0.2895954
0.2896003
0.2896053
0.2896102
0.2896153
0.2896204
0.2896255
0.2896307
0.289636
0.2896413
0.2896466
0.289652
0.2896574
0.2896629
0.2896684
0.2896739
0.2896795
0.289685
0.2896906
0.289696
0.2897013
0.2897063
0.2897106
0.2893353
0.2894989
0.2896734
0.2897486
0.2898245
0.2899107
0.2899967
0.2900816
0.2901665
0.2902515
0.2903365
0.2904214
0.2905063
0.2905912
0.2906761
0.290761
0.2908458
0.2909306
0.2910154
0.2911002
0.291185
0.2912697
0.2913545
0.2914392
0.2915239
0.2916086
0.2916933
0.2917779
0.2918626
0.2919472
0.2920318
0.2921164
0.292201
0.2922856
0.2923702
0.2924547
0.2925393
0.2926238
0.2927083
0.2927928
0.2928773
0.2929618
0.2930463
0.2931307
0.2932152
0.2932996
0.293384
0.2934684
0.2935528
0.2936372
0.2937216
0.293806
0.2938903
0.2939747
0.294059
0.2941433
0.2942276
0.2943119
0.2943962
0.2944804
0.2945647
0.2946489
0.2947332
0.2948174
0.2949016
0.2949858
0.29507
0.2951541
0.2952383
0.2953224
0.2954065
0.2954906
0.2955747
0.2956588
0.2957429
0.2958269
0.2959109
0.295995
0.296079
0.2961629
0.2962469
0.2963308
0.2964148
0.2964987
0.2965826
0.2966664
0.2967503
0.2968341
0.2969179
0.2970017
0.2970854
0.2971691
0.2972528
0.2973365
0.2974202
0.2975038
0.2975873
0.2976709
0.2977544
0.2978377
)
;

boundaryField
{
    bottomAir_bottom
    {
        type            symmetryPlane;
    }
    leftLet
    {
        type            calculated;
        value           uniform 0.2896557;
    }
    rightLet
    {
        type            calculated;
        value           nonuniform List<scalar> 
40
(
0.2893977
0.2893977
0.2893977
0.2893977
0.2893977
0.2893977
0.2893977
0.2893977
0.2893977
0.2893977
0.2893977
0.2893977
0.2893977
0.2893977
0.2893977
0.2893977
0.2893977
0.2893977
0.2893977
0.2893977
0.2893977
0.2893977
0.2893977
0.2893977
0.2893977
0.2893977
0.2893977
0.2893977
0.2893977
0.2893977
0.2893977
0.2893977
0.2893977
0.2893976
0.2893976
0.2893976
0.2893978
0.2894057
0.2897106
0.2978377
)
;
    }
    frontAndBack
    {
        type            empty;
    }
    bottomAir_to_wall
    {
        type            calculated;
        value           nonuniform List<scalar> 
100
(
0.4268573
0.4270392
0.4272027
0.4272003
0.4272056
0.4272316
0.4272599
0.4272889
0.4273202
0.4273538
0.4273892
0.4274264
0.4274652
0.4275055
0.4275472
0.4275902
0.4276343
0.4276797
0.4277261
0.4277735
0.4278218
0.427871
0.427921
0.4279719
0.4280234
0.4280757
0.4281286
0.4281821
0.4282362
0.4282908
0.4283459
0.4284015
0.4284575
0.428514
0.4285708
0.428628
0.4286855
0.4287433
0.4288013
0.4288596
0.4289181
0.4289768
0.4290357
0.4290947
0.4291539
0.4292131
0.4292724
0.4293318
0.4293912
0.4294506
0.42951
0.4295693
0.4296286
0.4296878
0.4297469
0.4298059
0.4298647
0.4299234
0.4299818
0.4300401
0.4300981
0.4301558
0.4302133
0.4302704
0.4303272
0.4303836
0.4304396
0.4304952
0.4305503
0.430605
0.4306592
0.4307128
0.4307658
0.4308183
0.43087
0.4309212
0.4309715
0.4310212
0.43107
0.431118
0.431165
0.4312112
0.4312563
0.4313003
0.4313432
0.4313849
0.4314253
0.4314643
0.4315018
0.4315378
0.431572
0.4316044
0.4316348
0.431663
0.4316887
0.4317118
0.4317318
0.4317484
0.4317609
0.4317686
)
;
    }
}


// ************************************************************************* //
